-15.0 -0.7142857142857143 1.0 2 7.82113894551033 0.0 0.0 
-15.0 -0.0 1.0 3 9.9411829843641 0.0 0.0 
-15.0 0.0 1.0 4 10.745806434136501 0.0 0.0 
-15.0 0.7142857142857143 1.0 4 11.57093393266031 0.0 0.0 
-12.857142857142858 -1.4285714285714286 1.0 0 3.0848010992842436 0.0 0.0 
-12.857142857142858 -0.7142857142857143 1.0 1 7.195686719838765 0.0 0.0 
-12.857142857142858 -0.0 1.0 3 9.61561244093072 0.0 0.0 
-12.857142857142858 0.0 1.0 4 11.869351868737585 0.0 0.0 
-12.857142857142858 0.7142857142857143 1.0 5 11.82224956651276 0.0 0.0 
-12.857142857142858 1.4285714285714286 1.0 6 15.109260523148652 0.0 0.0 
-10.714285714285714 -1.4285714285714286 1.0 1 4.729421687865437 0.0 0.0 
-10.714285714285714 -0.7142857142857143 1.0 2 7.738197836143586 0.0 0.0 
-10.714285714285714 -0.0 1.0 4 9.871893741927707 0.0 0.0 
-10.714285714285714 0.0 1.0 4 10.570608257038614 0.0 0.0 
-10.714285714285714 0.7142857142857143 1.0 5 11.893643480889363 0.0 0.0 
-10.714285714285714 1.4285714285714286 1.0 7 15.96816470501038 0.0 0.0 
-8.571428571428571 -1.4285714285714286 1.0 0 3.2381747517437085 0.0 0.0 
-8.571428571428571 -0.7142857142857143 1.0 3 7.263797200872467 0.0 0.0 
-8.571428571428571 -0.0 1.0 4 9.38653907225006 0.0 0.0 
-8.571428571428571 0.0 1.0 5 10.108908238014113 0.0 0.0 
-8.571428571428571 0.7142857142857143 1.0 6 11.221525880752449 0.0 0.0 
-8.571428571428571 1.4285714285714286 1.0 8 15.124368819461864 0.0 0.0 
-6.428571428571429 -1.4285714285714286 1.0 1 3.3053088833024145 0.0 0.0 
-6.428571428571429 -0.7142857142857143 1.0 3 7.28853762560354 0.0 0.0 
-6.428571428571429 -0.0 1.0 5 7.941962787271642 0.0 0.0 
-6.428571428571429 0.0 1.0 6 8.536711803068343 0.0 0.0 
-6.428571428571429 0.7142857142857143 1.0 7 10.456320071103455 0.0 0.0 
-6.428571428571429 1.4285714285714286 1.0 8 14.869176540312504 0.0 0.0 
-4.285714285714286 -1.4285714285714286 1.0 2 5.838929373836937 0.0 0.0 
-4.285714285714286 -0.7142857142857143 1.0 5 8.387106836381026 0.0 0.0 
-4.285714285714286 -0.0 1.0 6 8.727616115012978 0.0 0.0 
-4.285714285714286 0.0 1.0 6 9.075484110905009 0.0 0.0 
-4.285714285714286 0.7142857142857143 1.0 7 12.153629549085846 0.0 0.0 
-4.285714285714286 1.4285714285714286 1.0 9 15.264166049772928 0.0 0.0 
-2.142857142857143 -1.4285714285714286 1.0 5 5.350458809399753 0.0 0.0 
-2.142857142857143 -0.7142857142857143 1.0 7 8.21802270916886 0.0 0.0 
-2.142857142857143 -0.0 1.0 5 6.2594940018739225 0.0 0.0 
-2.142857142857143 0.0 1.0 6 9.192622018211956 0.0 0.0 
-2.142857142857143 0.7142857142857143 1.0 8 12.145773617089501 0.0 0.0 
-2.142857142857143 1.4285714285714286 1.0 8 15.368655812127672 0.0 0.0 
-0.0 -1.4285714285714286 1.0 7 5.668609238685802 0.0 0.0 
-0.0 -0.7142857142857143 1.0 7 6.779537988962407 0.0 0.0 
-0.0 -0.0 1.0 4 3.7302688359403735 0.0 0.0 
-0.0 0.0 1.0 6 8.439806126022091 0.0 0.0 
-0.0 0.7142857142857143 1.0 9 11.648737235793188 0.0 0.0 
-0.0 1.4285714285714286 1.0 7 11.79058398091395 0.0 0.0 
0.0 -1.4285714285714286 1.0 8 7.562291261672718 0.0 0.0 
0.0 -0.7142857142857143 1.0 5 3.5314436452447495 0.0 0.0 
0.0 -0.0 1.0 3 3.0924330587345414 0.0 0.0 
0.0 0.0 1.0 7 9.689623105941983 0.0 0.0 
0.0 0.7142857142857143 1.0 8 11.586965793479177 0.0 0.0 
0.0 1.4285714285714286 1.0 3 6.104191501407895 0.0 0.0 
2.142857142857143 -1.4285714285714286 1.0 8 6.072271611556793 0.0 -0.06044840255711411 
2.142857142857143 -0.7142857142857143 1.0 3 -0.14859543492034 0.0 -0.06044840255711411 
2.142857142857143 -0.0 1.0 4 3.687592051603324 0.0 -0.06044840255711411 
2.142857142857143 0.0 1.0 9 11.040176283724612 0.0 -0.06044840255711411 
2.142857142857143 0.7142857142857143 1.0 4 7.125317628877507 0.0 -0.06044840255711411 
4.285714285714286 -0.7142857142857143 1.0 0 -2.018600870167728 0.0 0.36063101425031024 
4.285714285714286 -0.0 1.0 5 6.709423689254426 0.0 0.36063101425031024 
4.285714285714286 0.0 1.0 8 10.831934650804138 0.0 0.36063101425031024 
4.285714285714286 0.7142857142857143 1.0 3 5.083173260564733 0.0 0.36063101425031024 
6.428571428571429 0.7142857142857143 1.0 -1 1.5820716481609853 0.0 0.3823370972313501 
6.428571428571429 1.4285714285714286 1.0 -4 -5.4389046539706065 0.0 0.3823370972313501 
8.571428571428571 2.142857142857143 1.0 -7 -6.570330267853974 0.0 -1.0680747773005452 
8.571428571428571 2.857142857142857 1.0 -11 -14.185477460416713 0.0 -1.0680747773005452 
10.714285714285714 2.857142857142857 1.0 -16 -22.219641502889186 0.0 -4.593905418682482 
10.714285714285714 3.5714285714285716 1.0 -13 -17.20926041527556 0.0 -4.593905418682482 
12.857142857142858 2.857142857142857 1.0 -12 -18.74335253045882 0.0 -9.775435451888052 
