-15.0 -0.7142857142857143 1.0 0 0.04015525070473985 0.0 0.0 
-15.0 -0.0 1.0 0 -0.00614573752095543 0.0 0.0 
-15.0 0.0 1.0 0 -0.03539972931322441 0.0 0.0 
-15.0 0.7142857142857143 1.0 0 -0.08380598799639896 0.0 0.0 
-12.857142857142858 -1.4285714285714286 1.0 0 -0.014990864929684988 0.0 0.0 
-12.857142857142858 -0.7142857142857143 1.0 0 -0.1311121673422585 0.0 0.0 
-12.857142857142858 -0.0 1.0 0 -0.08898726885455627 0.0 0.0 
-12.857142857142858 0.0 1.0 0 -0.19535188757195815 0.0 0.0 
-12.857142857142858 0.7142857142857143 1.0 0 -0.1391875234386635 0.0 0.0 
-12.857142857142858 1.4285714285714286 1.0 0 -0.20781069328063453 0.0 0.0 
-10.714285714285714 -1.4285714285714286 1.0 0 -0.07596229054020603 0.0 0.0 
-10.714285714285714 -0.7142857142857143 1.0 0 -0.20382008570820026 0.0 0.0 
-10.714285714285714 -0.0 1.0 0 -0.1605973631312464 0.0 0.0 
-10.714285714285714 0.0 1.0 0 -0.29138568603788884 0.0 0.0 
-10.714285714285714 0.7142857142857143 1.0 0 -0.28405468607999207 0.0 0.0 
-10.714285714285714 1.4285714285714286 1.0 0 -0.3121861858259145 0.0 0.0 
-8.571428571428571 -1.4285714285714286 1.0 0 -0.17336599962292543 0.0 0.0 
-8.571428571428571 -0.7142857142857143 1.0 0 -0.31442601715865703 0.0 0.0 
-8.571428571428571 -0.0 1.0 0 -0.2716282481228026 0.0 0.0 
-8.571428571428571 0.0 1.0 0 -0.40045205999841726 0.0 0.0 
-8.571428571428571 0.7142857142857143 1.0 0 -0.4041985651832174 0.0 0.0 
-8.571428571428571 1.4285714285714286 1.0 0 -0.43654835769569816 0.0 0.0 
-6.428571428571429 -1.4285714285714286 1.0 0 -0.3212356105654947 0.0 0.0 
-6.428571428571429 -0.7142857142857143 1.0 0 -0.4699699674681962 0.0 0.0 
-6.428571428571429 -0.0 1.0 0 -0.42006503179793364 0.0 0.0 
-6.428571428571429 0.0 1.0 0 -0.5515787032775108 0.0 0.0 
-6.428571428571429 0.7142857142857143 1.0 0 -0.550066992795174 0.0 0.0 
-6.428571428571429 1.4285714285714286 1.0 0 -0.5825343959924785 0.0 0.0 
-4.285714285714286 -1.4285714285714286 1.0 0 -0.4845975339397234 0.0 0.0 
-4.285714285714286 -0.7142857142857143 1.0 0 -0.6484167945326438 0.0 0.0 
-4.285714285714286 -0.0 1.0 0 -0.5707906001556974 0.0 0.0 
-4.285714285714286 0.0 1.0 0 -0.7127436248062462 0.0 0.0 
-4.285714285714286 0.7142857142857143 1.0 0 -0.7004308414217136 0.0 0.0 
-4.285714285714286 1.4285714285714286 1.0 0 -0.7334188699080569 0.0 0.0 
-2.142857142857143 -1.4285714285714286 1.0 0 -0.6800524539202357 0.0 0.0 
-2.142857142857143 -0.7142857142857143 1.0 0 -0.8595506194747147 0.0 0.0 
-2.142857142857143 -0.0 1.0 0 -0.7505393391712661 0.0 0.0 
-2.142857142857143 0.0 1.0 0 -0.8964334930042356 0.0 0.0 
-2.142857142857143 0.7142857142857143 1.0 0 -0.8738465789875342 0.0 0.0 
-2.142857142857143 1.4285714285714286 1.0 0 -0.8919990505265827 0.0 0.0 
-0.0 -1.4285714285714286 1.0 0 -0.9066425869647948 0.0 0.0 
-0.0 -0.7142857142857143 1.0 0 -1.1053736863992274 0.0 0.0 
-0.0 -0.0 1.0 0 -0.97477873609548 0.0 0.0 
-0.0 0.0 1.0 0 -1.1104612236556135 0.0 0.0 
-0.0 0.7142857142857143 1.0 0 -1.078657653370119 0.0 0.0 
-0.0 1.4285714285714286 1.0 0 -1.0722445094149302 0.0 0.0 
0.0 -1.4285714285714286 1.0 0 -1.0855028450389805 0.0 0.0 
0.0 -0.7142857142857143 1.0 0 -1.374043811883267 0.0 0.0 
0.0 -0.0 1.0 0 -1.2284399347549735 0.0 0.0 
0.0 0.0 1.0 0 -1.361834919472686 0.0 0.0 
0.0 0.7142857142857143 1.0 0 -1.457365387763663 0.0 0.0 
0.0 1.4285714285714286 1.0 0 -1.2837596237528062 0.0 0.0 
2.142857142857143 -1.4285714285714286 1.0 0 -1.141040091606923 0.0 -0.06078598737721559 
2.142857142857143 -0.7142857142857143 1.0 0 -1.4559633865788115 0.0 -0.06078598737721559 
2.142857142857143 -0.0 1.0 0 -1.358691840289477 0.0 -0.06078598737721559 
2.142857142857143 0.0 1.0 0 -1.4841409518898891 0.0 -0.06078598737721559 
2.142857142857143 0.7142857142857143 1.0 0 -1.9338879998937566 0.0 -0.06078598737721559 
4.285714285714286 -0.7142857142857143 1.0 0 -1.6412432720861005 0.0 0.36588908228901007 
4.285714285714286 -0.0 1.0 0 -1.6368948175685352 0.0 0.36588908228901007 
4.285714285714286 0.0 1.0 0 -1.6125971655196776 0.0 0.36588908228901007 
4.285714285714286 0.7142857142857143 1.0 0 -1.8343377820395466 0.0 0.36588908228901007 
6.428571428571429 0.7142857142857143 1.0 -1 -2.7823161919838006 0.0 0.4039600972261762 
6.428571428571429 1.4285714285714286 1.0 -1 -2.381567553055543 0.0 0.4039600972261762 
8.571428571428571 2.142857142857143 1.0 -1 -3.0156043850580883 0.0 -1.0239531929596746 
8.571428571428571 2.857142857142857 1.0 -1 -2.735732966745333 0.0 -1.0239531929596746 
10.714285714285714 2.857142857142857 1.0 -2 -4.99020824419444 0.0 -4.535196448258982 
10.714285714285714 3.5714285714285716 1.0 0 -1.265060446847437 0.0 -4.535196448258982 
10.714285714285714 4.285714285714286 1.0 0 -3.0657413455896916 0.0 -4.535196448258982 
12.857142857142858 2.857142857142857 1.0 0 -1.976115813701172 0.0 -9.728684711511198 
12.857142857142858 3.5714285714285716 1.0 1 0.45544640069534714 0.0 -9.728684711511198 
