-15.0 -0.7142857142857143 1.0 0 -1.0951668778192278 0.0 0.0 
-15.0 -0.0 1.0 0 -0.8380869004226008 0.0 0.0 
-15.0 0.0 1.0 0 -0.8311207141692998 0.0 0.0 
-15.0 0.7142857142857143 1.0 0 -0.5783761740770172 0.0 0.0 
-12.857142857142858 -1.4285714285714286 1.0 0 -1.086318826974018 0.0 0.0 
-12.857142857142858 -0.7142857142857143 1.0 0 -0.9620583878530793 0.0 0.0 
-12.857142857142858 -0.0 1.0 0 -0.8383828278889733 0.0 0.0 
-12.857142857142858 0.0 1.0 0 -0.6861662373828776 0.0 0.0 
-12.857142857142858 0.7142857142857143 1.0 0 -0.6165905852737439 0.0 0.0 
-12.857142857142858 1.4285714285714286 1.0 0 -0.48275812707092114 0.0 0.0 
-10.714285714285714 -1.4285714285714286 1.0 -1 -1.1254743261487634 0.0 0.0 
-10.714285714285714 -0.7142857142857143 1.0 -1 -1.0022488321178202 0.0 0.0 
-10.714285714285714 -0.0 1.0 0 -0.8579375337614878 0.0 0.0 
-10.714285714285714 0.0 1.0 0 -0.6075025548714121 0.0 0.0 
-10.714285714285714 0.7142857142857143 1.0 0 -0.46277122718946495 0.0 0.0 
-10.714285714285714 1.4285714285714286 1.0 0 -0.3252291174905907 0.0 0.0 
-8.571428571428571 -1.4285714285714286 1.0 -1 -1.0901258717548465 0.0 0.0 
-8.571428571428571 -0.7142857142857143 1.0 -1 -0.8768018973311418 0.0 0.0 
-8.571428571428571 -0.0 1.0 0 -0.6944917847910563 0.0 0.0 
-8.571428571428571 0.0 1.0 0 -0.4266447011703678 0.0 0.0 
-8.571428571428571 0.7142857142857143 1.0 0 -0.2722598308999362 0.0 0.0 
-8.571428571428571 1.4285714285714286 1.0 0 -0.08386752289900445 0.0 0.0 
-6.428571428571429 -1.4285714285714286 1.0 -1 -1.0111199353615101 0.0 0.0 
-6.428571428571429 -0.7142857142857143 1.0 -1 -0.7109390501096191 0.0 0.0 
-6.428571428571429 -0.0 1.0 0 -0.4941822635445532 0.0 0.0 
-6.428571428571429 0.0 1.0 0 -0.17920756093241974 0.0 0.0 
-6.428571428571429 0.7142857142857143 1.0 0 -0.007848097253157715 0.0 0.0 
-6.428571428571429 1.4285714285714286 1.0 0 0.25553378527966775 0.0 0.0 
-4.285714285714286 -1.4285714285714286 1.0 -1 -0.9556018762323801 0.0 0.0 
-4.285714285714286 -0.7142857142857143 1.0 -1 -0.5272766067141669 0.0 0.0 
-4.285714285714286 -0.0 1.0 0 -0.31178090280477444 0.0 0.0 
-4.285714285714286 0.0 1.0 0 0.05422286484707106 0.0 0.0 
-4.285714285714286 0.7142857142857143 1.0 0 0.22484840705754205 0.0 0.0 
-4.285714285714286 1.4285714285714286 1.0 0 0.6102331482652803 0.0 0.0 
-2.142857142857143 -1.4285714285714286 1.0 -1 -0.8225945892902868 0.0 0.0 
-2.142857142857143 -0.7142857142857143 1.0 -1 -0.3013991413113195 0.0 0.0 
-2.142857142857143 -0.0 1.0 0 -0.07464204410358921 0.0 0.0 
-2.142857142857143 0.0 1.0 0 0.29071584034830855 0.0 0.0 
-2.142857142857143 0.7142857142857143 1.0 0 0.4839327877050365 0.0 0.0 
-2.142857142857143 1.4285714285714286 1.0 0 1.02258714011479 0.0 0.0 
-0.0 -1.4285714285714286 1.0 -1 -0.6095364659618516 0.0 0.0 
-0.0 -0.7142857142857143 1.0 -1 -0.012842001129127478 0.0 0.0 
-0.0 -0.0 1.0 0 0.19506295763250203 0.0 0.0 
-0.0 0.0 1.0 0 0.45745082987744945 0.0 0.0 
-0.0 0.7142857142857143 1.0 0 0.7650348614345395 0.0 0.0 
-0.0 1.4285714285714286 1.0 0 1.5599085868770777 0.0 0.0 
0.0 -1.4285714285714286 1.0 0 -0.7562093415413329 0.0 0.0 
0.0 -0.7142857142857143 1.0 0 0.21677224776104342 0.0 0.0 
0.0 -0.0 1.0 0 0.30904772613608944 0.0 0.0 
0.0 0.0 1.0 0 0.4707279238714026 0.0 0.0 
0.0 0.7142857142857143 1.0 0 0.4111133411613007 0.0 0.0 
0.0 1.4285714285714286 1.0 0 2.0123760414481797 0.0 0.0 
2.142857142857143 -1.4285714285714286 1.0 0 -0.5945763255307088 0.0 -0.06069028271269815 
2.142857142857143 -0.7142857142857143 1.0 0 0.4348695463463852 0.0 -0.06069028271269815 
2.142857142857143 -0.0 1.0 0 0.21377394041672 0.0 -0.06069028271269815 
2.142857142857143 0.0 1.0 0 0.13863273017510447 0.0 -0.06069028271269815 
2.142857142857143 0.7142857142857143 1.0 0 0.4714066402399354 0.0 -0.06069028271269815 
4.285714285714286 -0.7142857142857143 1.0 0 0.2608701771283196 0.0 0.36439126336417954 
4.285714285714286 -0.0 1.0 0 -0.4313731921762218 0.0 0.36439126336417954 
4.285714285714286 0.0 1.0 0 -0.14206299915900322 0.0 0.36439126336417954 
4.285714285714286 0.7142857142857143 1.0 1 2.0551893350988513 0.0 0.36439126336417954 
6.428571428571429 0.7142857142857143 1.0 1 2.1967464418227296 0.0 0.39778696661746954 
6.428571428571429 1.4285714285714286 1.0 0 0.6073949224415369 0.0 0.39778696661746954 
8.571428571428571 2.142857142857143 1.0 -1 -1.0091544992262822 0.0 -1.0365722258703374 
8.571428571428571 2.857142857142857 1.0 1 2.2295642566183966 0.0 -1.0365722258703374 
10.714285714285714 2.857142857142857 1.0 1 1.05798132569559 0.0 -4.552026701646317 
10.714285714285714 3.5714285714285716 1.0 2 2.450665580368063 0.0 -4.552026701646317 
12.857142857142858 2.857142857142857 1.0 2 0.7608399013606153 0.0 -9.742162337385452 
12.857142857142858 3.5714285714285716 1.0 0 1.2416529660671551 0.0 -9.742162337385452 
