-15.0 -0.7142857142857143 1.0 2 2.3697473290057305 0.0 0.0 
-15.0 -0.0 1.0 1 0.7929113550973907 0.0 0.0 
-15.0 0.0 1.0 1 -0.44051000785247085 0.0 0.0 
-15.0 0.7142857142857143 1.0 0 -1.4912902365959149 0.0 0.0 
-12.857142857142858 -1.4285714285714286 1.0 1 1.2307938587698568 0.0 0.0 
-12.857142857142858 -0.7142857142857143 1.0 1 0.027204497924684823 0.0 0.0 
-12.857142857142858 -0.0 1.0 0 -1.8840206280100547 0.0 0.0 
-12.857142857142858 0.0 1.0 0 -3.1220469348578015 0.0 0.0 
-12.857142857142858 0.7142857142857143 1.0 0 -2.9067809487340943 0.0 0.0 
-12.857142857142858 1.4285714285714286 1.0 0 -3.6725089495610037 0.0 0.0 
-10.714285714285714 -1.4285714285714286 1.0 1 0.13437816275993386 0.0 0.0 
-10.714285714285714 -0.7142857142857143 1.0 1 -1.5555101735219825 0.0 0.0 
-10.714285714285714 -0.0 1.0 0 -2.204655735406119 0.0 0.0 
-10.714285714285714 0.0 1.0 0 -4.6229303696905 0.0 0.0 
-10.714285714285714 0.7142857142857143 1.0 0 -4.5397852889200525 0.0 0.0 
-10.714285714285714 1.4285714285714286 1.0 -1 -6.953007618222764 0.0 0.0 
-8.571428571428571 -1.4285714285714286 1.0 1 1.5315099871482962 0.0 0.0 
-8.571428571428571 -0.7142857142857143 1.0 1 -1.8999707575661908 0.0 0.0 
-8.571428571428571 -0.0 1.0 0 -2.6756983631748077 0.0 0.0 
-8.571428571428571 0.0 1.0 0 -5.172384811623387 0.0 0.0 
-8.571428571428571 0.7142857142857143 1.0 0 -4.9399416143574015 0.0 0.0 
-8.571428571428571 1.4285714285714286 1.0 -1 -7.985636095881883 0.0 0.0 
-6.428571428571429 -1.4285714285714286 1.0 2 -0.25703229084972623 0.0 0.0 
-6.428571428571429 -0.7142857142857143 1.0 0 -2.923935855681317 0.0 0.0 
-6.428571428571429 -0.0 1.0 0 -4.30809342969305 0.0 0.0 
-6.428571428571429 0.0 1.0 0 -6.245653713018562 0.0 0.0 
-6.428571428571429 0.7142857142857143 1.0 -1 -6.788061629085062 0.0 0.0 
-6.428571428571429 1.4285714285714286 1.0 -3 -9.754132304602166 0.0 0.0 
-4.285714285714286 -1.4285714285714286 1.0 1 -0.7013739307908073 0.0 0.0 
-4.285714285714286 -0.7142857142857143 1.0 0 -4.067379026874189 0.0 0.0 
-4.285714285714286 -0.0 1.0 0 -5.636344596490419 0.0 0.0 
-4.285714285714286 0.0 1.0 -1 -6.57573729741434 0.0 0.0 
-4.285714285714286 0.7142857142857143 1.0 -2 -7.723623824958454 0.0 0.0 
-4.285714285714286 1.4285714285714286 1.0 -4 -11.388999372756558 0.0 0.0 
-2.142857142857143 -1.4285714285714286 1.0 1 -0.2588544282525982 0.0 0.0 
-2.142857142857143 -0.7142857142857143 1.0 -1 -4.2936683794728285 0.0 0.0 
-2.142857142857143 -0.0 1.0 -2 -5.257971905725826 0.0 0.0 
-2.142857142857143 0.0 1.0 -2 -5.753094012193354 0.0 0.0 
-2.142857142857143 0.7142857142857143 1.0 -3 -8.2213477546302 0.0 0.0 
-2.142857142857143 1.4285714285714286 1.0 -6 -11.740951393956273 0.0 0.0 
-0.0 -1.4285714285714286 1.0 0 -1.516836990182283 0.0 0.0 
-0.0 -0.7142857142857143 1.0 -3 -6.049360276288514 0.0 0.0 
-0.0 -0.0 1.0 -3 -5.165710447138597 0.0 0.0 
-0.0 0.0 1.0 -2 -5.77910432667755 0.0 0.0 
-0.0 0.7142857142857143 1.0 -4 -10.151726585911534 0.0 0.0 
-0.0 1.4285714285714286 1.0 -7 -13.550249551603358 0.0 0.0 
0.0 -1.4285714285714286 1.0 -1 -2.6229008276645587 0.0 0.0 
0.0 -0.7142857142857143 1.0 -4 -6.50154814692813 0.0 0.0 
0.0 -0.0 1.0 -2 -4.131662785612909 0.0 0.0 
0.0 0.0 1.0 -3 -7.128385970827886 0.0 0.0 
0.0 0.7142857142857143 1.0 -7 -12.433461010371305 0.0 0.0 
0.0 1.4285714285714286 1.0 -8 -13.529099483356767 0.0 0.0 
2.142857142857143 -1.4285714285714286 1.0 -3 -3.213574745037943 0.0 -0.060497077368375285 
2.142857142857143 -0.7142857142857143 1.0 -3 -4.523362066348737 0.0 -0.060497077368375285 
2.142857142857143 -0.0 1.0 -1 -0.9013058699292925 0.0 -0.060497077368375285 
2.142857142857143 0.0 1.0 -4 -7.733256044731563 0.0 -0.060497077368375285 
2.142857142857143 0.7142857142857143 1.0 -10 -12.078558037613565 0.0 -0.060497077368375285 
4.285714285714286 -0.7142857142857143 1.0 -3 -0.22230640460937234 0.0 0.3613848511489054 
4.285714285714286 -0.0 1.0 -3 -1.948349965099986 0.0 0.3613848511489054 
4.285714285714286 0.0 1.0 -8 -10.109943787148444 0.0 0.3613848511489054 
4.285714285714286 0.7142857142857143 1.0 -8 -10.838867420851248 0.0 0.3613848511489054 
6.428571428571429 0.7142857142857143 1.0 -6 -8.488907949576948 0.0 0.385428988374809 
6.428571428571429 1.4285714285714286 1.0 -4 -6.3880419860428805 0.0 0.385428988374809 
8.571428571428571 2.142857142857143 1.0 -6 -10.849569262149954 0.0 -1.0617794755997088 
8.571428571428571 2.857142857142857 1.0 -2 -4.012663914077644 0.0 -1.0617794755997088 
10.714285714285714 2.857142857142857 1.0 0 -3.001868831427447 0.0 -4.585552262759139 
10.714285714285714 3.5714285714285716 1.0 7 6.438064913001913 0.0 -4.585552262759139 
12.857142857142858 2.857142857142857 1.0 9 8.00656660700573 0.0 -9.7688290034366 
