-15.0 -0.7142857142857143 1.0 0 0.7052646448656118 0.0 0.0 
-15.0 -0.0 1.0 0 0.7773845287999486 0.0 0.0 
-15.0 0.0 1.0 0 0.7835048040079373 0.0 0.0 
-15.0 0.7142857142857143 1.0 0 0.8150764722895983 0.0 0.0 
-12.857142857142858 -1.4285714285714286 1.0 0 0.7219451173082077 0.0 0.0 
-12.857142857142858 -0.7142857142857143 1.0 0 0.7376365096160336 0.0 0.0 
-12.857142857142858 -0.0 1.0 0 0.8733695850759078 0.0 0.0 
-12.857142857142858 0.0 1.0 0 0.876857847573658 0.0 0.0 
-12.857142857142858 0.7142857142857143 1.0 0 0.9108255177706963 0.0 0.0 
-12.857142857142858 1.4285714285714286 1.0 0 0.8666666597173465 0.0 0.0 
-10.714285714285714 -1.4285714285714286 1.0 0 0.8576265369288849 0.0 0.0 
-10.714285714285714 -0.7142857142857143 1.0 0 0.8343853962470813 0.0 0.0 
-10.714285714285714 -0.0 1.0 0 0.9459644743335782 0.0 0.0 
-10.714285714285714 0.0 1.0 0 0.943340486843434 0.0 0.0 
-10.714285714285714 0.7142857142857143 1.0 0 0.9206299923104071 0.0 0.0 
-10.714285714285714 1.4285714285714286 1.0 0 0.9377622733770055 0.0 0.0 
-8.571428571428571 -1.4285714285714286 1.0 0 0.8944224046319494 0.0 0.0 
-8.571428571428571 -0.7142857142857143 1.0 0 0.8911136217322411 0.0 0.0 
-8.571428571428571 -0.0 1.0 0 0.9987600494274805 0.0 0.0 
-8.571428571428571 0.0 1.0 0 1.021343247236544 0.0 0.0 
-8.571428571428571 0.7142857142857143 1.0 0 0.9560123538435414 0.0 0.0 
-8.571428571428571 1.4285714285714286 1.0 0 0.9662271181298354 0.0 0.0 
-6.428571428571429 -1.4285714285714286 1.0 0 0.9879341753117155 0.0 0.0 
-6.428571428571429 -0.7142857142857143 1.0 0 0.9455598470257642 0.0 0.0 
-6.428571428571429 -0.0 1.0 0 1.054034008819701 0.0 0.0 
-6.428571428571429 0.0 1.0 0 1.0670961459421537 0.0 0.0 
-6.428571428571429 0.7142857142857143 1.0 0 1.004877763550951 0.0 0.0 
-6.428571428571429 1.4285714285714286 1.0 0 0.9853007842899302 0.0 0.0 
-4.285714285714286 -1.4285714285714286 1.0 0 1.0975435138362801 0.0 0.0 
-4.285714285714286 -0.7142857142857143 1.0 0 0.9903039364883132 0.0 0.0 
-4.285714285714286 -0.0 1.0 0 1.096219217871837 0.0 0.0 
-4.285714285714286 0.0 1.0 0 1.0971732591569814 0.0 0.0 
-4.285714285714286 0.7142857142857143 1.0 0 1.044707080975365 0.0 0.0 
-4.285714285714286 1.4285714285714286 1.0 0 0.9877225331688684 0.0 0.0 
-2.142857142857143 -1.4285714285714286 1.0 0 1.144163008725921 0.0 0.0 
-2.142857142857143 -0.7142857142857143 1.0 0 0.9616873793291496 0.0 0.0 
-2.142857142857143 -0.0 1.0 0 1.0484746120138464 0.0 0.0 
-2.142857142857143 0.0 1.0 0 1.0591429628173676 0.0 0.0 
-2.142857142857143 0.7142857142857143 1.0 0 1.0284641820957456 0.0 0.0 
-2.142857142857143 1.4285714285714286 1.0 0 0.932339804905068 0.0 0.0 
-0.0 -1.4285714285714286 1.0 0 1.1846207572153737 0.0 0.0 
-0.0 -0.7142857142857143 1.0 0 0.8937005318617653 0.0 0.0 
-0.0 -0.0 1.0 0 0.9362451695010794 0.0 0.0 
-0.0 0.0 1.0 0 0.9495432446252235 0.0 0.0 
-0.0 0.7142857142857143 1.0 0 1.0013049831383838 0.0 0.0 
-0.0 1.4285714285714286 1.0 0 0.8303831005157801 0.0 0.0 
0.0 -1.4285714285714286 1.0 1 1.291158375112056 0.0 0.0 
0.0 -0.7142857142857143 1.0 0 0.8010158623962491 0.0 0.0 
0.0 -0.0 1.0 0 0.71118351406853 0.0 0.0 
0.0 0.0 1.0 0 0.7946695474570243 0.0 0.0 
0.0 0.7142857142857143 1.0 1 0.7882511673154275 0.0 0.0 
0.0 1.4285714285714286 1.0 0 0.6027370803097862 0.0 0.0 
2.142857142857143 -1.4285714285714286 1.0 1 1.5102883697869363 0.0 -0.06073820997770453 
2.142857142857143 -0.7142857142857143 1.0 1 0.873831210798587 0.0 -0.06073820997770453 
2.142857142857143 -0.0 1.0 0 0.49825377365444934 0.0 -0.06073820997770453 
2.142857142857143 0.0 1.0 1 0.8603413690852433 0.0 -0.06073820997770453 
2.142857142857143 0.7142857142857143 1.0 1 0.4078102018088867 0.0 -0.06073820997770453 
4.285714285714286 -0.7142857142857143 1.0 1 0.7123025916430662 0.0 0.3651406233006901 
4.285714285714286 -0.0 1.0 0 -0.1829886340870771 0.0 0.3651406233006901 
4.285714285714286 0.0 1.0 1 0.8681658039425565 0.0 0.3651406233006901 
4.285714285714286 0.7142857142857143 1.0 1 0.5921720488846924 0.0 0.3651406233006901 
6.428571428571429 0.7142857142857143 1.0 0 -0.17547480108550295 0.0 0.4008740264802279 
6.428571428571429 1.4285714285714286 1.0 -1 -2.495109386316959 0.0 0.4008740264802279 
8.571428571428571 2.142857142857143 1.0 -1 -1.901429327421767 0.0 -1.0302639804519846 
8.571428571428571 2.857142857142857 1.0 0 -0.45480909874828557 0.0 -1.0302639804519846 
10.714285714285714 2.857142857142857 1.0 -2 -3.6779211236803357 0.0 -4.543617180414514 
10.714285714285714 3.5714285714285716 1.0 -1 -2.599499627614832 0.0 -4.543617180414514 
12.857142857142858 2.857142857142857 1.0 -1 -4.1100907336578265 0.0 -9.73543553505803 
12.857142857142858 3.5714285714285716 1.0 -1 -2.4675421872247902 0.0 -9.73543553505803 
