-15.0 -0.7142857142857143 1.0 0 -0.07280498978070732 0.0 0.0 
-15.0 -0.0 1.0 0 -0.0719015012065153 0.0 0.0 
-15.0 0.0 1.0 0 -0.07088102386287315 0.0 0.0 
-15.0 0.7142857142857143 1.0 0 -0.06978018327118812 0.0 0.0 
-12.857142857142858 -1.4285714285714286 1.0 0 -0.07973347222710153 0.0 0.0 
-12.857142857142858 -0.7142857142857143 1.0 0 -0.09047530880293285 0.0 0.0 
-12.857142857142858 -0.0 1.0 0 -0.08219956889104567 0.0 0.0 
-12.857142857142858 0.0 1.0 0 -0.08812083366804035 0.0 0.0 
-12.857142857142858 0.7142857142857143 1.0 0 -0.07779910110498799 0.0 0.0 
-12.857142857142858 1.4285714285714286 1.0 0 -0.08107032632580022 0.0 0.0 
-10.714285714285714 -1.4285714285714286 1.0 0 -0.09232988268930922 0.0 0.0 
-10.714285714285714 -0.7142857142857143 1.0 0 -0.10362496889387908 0.0 0.0 
-10.714285714285714 -0.0 1.0 0 -0.09508661211861266 0.0 0.0 
-10.714285714285714 0.0 1.0 0 -0.10195768244947362 0.0 0.0 
-10.714285714285714 0.7142857142857143 1.0 0 -0.09434961071365011 0.0 0.0 
-10.714285714285714 1.4285714285714286 1.0 0 -0.09374550943012472 0.0 0.0 
-8.571428571428571 -1.4285714285714286 1.0 0 -0.10736068500574882 0.0 0.0 
-8.571428571428571 -0.7142857142857143 1.0 0 -0.12069144317023765 0.0 0.0 
-8.571428571428571 -0.0 1.0 0 -0.11149759125989853 0.0 0.0 
-8.571428571428571 0.0 1.0 0 -0.11773244062606975 0.0 0.0 
-8.571428571428571 0.7142857142857143 1.0 0 -0.10910911825848127 0.0 0.0 
-8.571428571428571 1.4285714285714286 1.0 0 -0.10784973856250991 0.0 0.0 
-6.428571428571429 -1.4285714285714286 1.0 0 -0.12413472451840311 0.0 0.0 
-6.428571428571429 -0.7142857142857143 1.0 0 -0.14000257757219586 0.0 0.0 
-6.428571428571429 -0.0 1.0 0 -0.13073169678753987 0.0 0.0 
-6.428571428571429 0.0 1.0 0 -0.13717768994285198 0.0 0.0 
-6.428571428571429 0.7142857142857143 1.0 0 -0.12681772721933326 0.0 0.0 
-6.428571428571429 1.4285714285714286 1.0 0 -0.12425936650507295 0.0 0.0 
-4.285714285714286 -1.4285714285714286 1.0 0 -0.1428255576522811 0.0 0.0 
-4.285714285714286 -0.7142857142857143 1.0 0 -0.16238421907707107 0.0 0.0 
-4.285714285714286 -0.0 1.0 0 -0.1535513007534782 0.0 0.0 
-4.285714285714286 0.0 1.0 0 -0.1607890726717892 0.0 0.0 
-4.285714285714286 0.7142857142857143 1.0 0 -0.14821536200624238 0.0 0.0 
-4.285714285714286 1.4285714285714286 1.0 0 -0.14372723489264222 0.0 0.0 
-2.142857142857143 -1.4285714285714286 1.0 0 -0.16273193623851295 0.0 0.0 
-2.142857142857143 -0.7142857142857143 1.0 0 -0.187641757840608 0.0 0.0 
-2.142857142857143 -0.0 1.0 0 -0.180832810791488 0.0 0.0 
-2.142857142857143 0.0 1.0 0 -0.18974270106287267 0.0 0.0 
-2.142857142857143 0.7142857142857143 1.0 0 -0.17478036377294393 0.0 0.0 
-2.142857142857143 1.4285714285714286 1.0 0 -0.1675413489978651 0.0 0.0 
-0.0 -1.4285714285714286 1.0 0 -0.18195318925506804 0.0 0.0 
-0.0 -0.7142857142857143 1.0 0 -0.21443108195590752 0.0 0.0 
-0.0 -0.0 1.0 0 -0.21312220268372364 0.0 0.0 
-0.0 0.0 1.0 0 -0.2258469241917121 0.0 0.0 
-0.0 0.7142857142857143 1.0 0 -0.2093463804773538 0.0 0.0 
-0.0 1.4285714285714286 1.0 0 -0.19853216735314408 0.0 0.0 
0.0 -1.4285714285714286 1.0 0 -0.19754089597160573 0.0 0.0 
0.0 -0.7142857142857143 1.0 0 -0.23978969279203682 0.0 0.0 
0.0 -0.0 1.0 0 -0.2511897788485882 0.0 0.0 
0.0 0.0 1.0 0 -0.27219901941954694 0.0 0.0 
0.0 0.7142857142857143 1.0 0 -0.25342031684421196 0.0 0.0 
0.0 1.4285714285714286 1.0 0 -0.24135031181368316 0.0 0.0 
2.142857142857143 -1.4285714285714286 1.0 0 -0.16164989234097554 0.0 -0.06097559596813982 
2.142857142857143 -0.7142857142857143 1.0 0 -0.23099948969780015 0.0 -0.06097559596813982 
2.142857142857143 -0.0 1.0 0 -0.2935374199131566 0.0 -0.06097559596813982 
2.142857142857143 0.0 1.0 0 -0.3314707530823879 0.0 -0.06097559596813982 
2.142857142857143 0.7142857142857143 1.0 0 -0.3988385969561582 0.0 -0.06097559596813982 
4.285714285714286 -0.7142857142857143 1.0 0 -0.16096947178266185 0.0 0.3688738718588636 
4.285714285714286 -0.0 1.0 0 -0.24669517790858117 0.0 0.3688738718588636 
4.285714285714286 0.0 1.0 0 -0.1836840264222026 0.0 0.3688738718588636 
4.285714285714286 0.7142857142857143 1.0 0 -0.1920700977948943 0.0 0.3688738718588636 
6.428571428571429 0.7142857142857143 1.0 0 -0.5092686212362101 0.0 0.41629433678740835 
6.428571428571429 1.4285714285714286 1.0 0 -0.671606659802134 0.0 0.41629433678740835 
8.571428571428571 2.142857142857143 1.0 0 -1.9638696253437882 0.0 -0.9986849337689676 
8.571428571428571 2.857142857142857 1.0 0 -1.6925528377193824 0.0 -0.9986849337689676 
10.714285714285714 2.857142857142857 1.0 -1 -2.9873978412813367 0.0 -4.50140182635985 
10.714285714285714 3.5714285714285716 1.0 0 -0.30832470465745543 0.0 -4.50140182635985 
10.714285714285714 4.285714285714286 1.0 0 -1.7719004450142044 0.0 -4.50140182635985 
12.857142857142858 2.857142857142857 1.0 0 -1.5026297487730693 0.0 -9.701441539157663 
12.857142857142858 3.5714285714285716 1.0 0 -0.6520563871426199 0.0 -9.701441539157663 
