-15.0 -0.7142857142857143 1.0 -3 -5.066486523860888 0.0 0.0 
-15.0 -0.0 1.0 -2 -4.29976513536646 0.0 0.0 
-15.0 0.0 1.0 -1 -4.53164549041372 0.0 0.0 
-15.0 0.7142857142857143 1.0 -1 -3.4166464371026093 0.0 0.0 
-12.857142857142858 -1.4285714285714286 1.0 -2 -3.916043134059891 0.0 0.0 
-12.857142857142858 -0.7142857142857143 1.0 -2 -4.329302559420528 0.0 0.0 
-12.857142857142858 -0.0 1.0 -1 -4.01731930311907 0.0 0.0 
-12.857142857142858 0.0 1.0 -1 -3.440654263373025 0.0 0.0 
-12.857142857142858 0.7142857142857143 1.0 -1 -3.4857910661604894 0.0 0.0 
-12.857142857142858 1.4285714285714286 1.0 -1 -3.2470182722603447 0.0 0.0 
-10.714285714285714 -1.4285714285714286 1.0 -2 -4.209519354057658 0.0 0.0 
-10.714285714285714 -0.7142857142857143 1.0 -2 -4.42099406865815 0.0 0.0 
-10.714285714285714 -0.0 1.0 -2 -4.163852629153184 0.0 0.0 
-10.714285714285714 0.0 1.0 -1 -2.734123701267702 0.0 0.0 
-10.714285714285714 0.7142857142857143 1.0 -1 -2.5789281235984585 0.0 0.0 
-10.714285714285714 1.4285714285714286 1.0 -1 -2.1357767467576987 0.0 0.0 
-8.571428571428571 -1.4285714285714286 1.0 -3 -3.6383465801271733 0.0 0.0 
-8.571428571428571 -0.7142857142857143 1.0 -2 -4.058124034182762 0.0 0.0 
-8.571428571428571 -0.0 1.0 -2 -2.9663571493088603 0.0 0.0 
-8.571428571428571 0.0 1.0 -1 -2.2214052822988055 0.0 0.0 
-8.571428571428571 0.7142857142857143 1.0 -1 -1.662250784413584 0.0 0.0 
-8.571428571428571 1.4285714285714286 1.0 -1 -1.250816558630187 0.0 0.0 
-6.428571428571429 -1.4285714285714286 1.0 -3 -3.9820803846513577 0.0 0.0 
-6.428571428571429 -0.7142857142857143 1.0 -3 -3.679603533747061 0.0 0.0 
-6.428571428571429 -0.0 1.0 -2 -2.6645702137978535 0.0 0.0 
-6.428571428571429 0.0 1.0 -1 -1.7459717020528247 0.0 0.0 
-6.428571428571429 0.7142857142857143 1.0 -1 -1.4766403494265123 0.0 0.0 
-6.428571428571429 1.4285714285714286 1.0 -1 -0.5538534659596102 0.0 0.0 
-4.285714285714286 -1.4285714285714286 1.0 -3 -4.9247469938378226 0.0 0.0 
-4.285714285714286 -0.7142857142857143 1.0 -3 -3.7596875356597987 0.0 0.0 
-4.285714285714286 -0.0 1.0 -1 -2.9717614370268137 0.0 0.0 
-4.285714285714286 0.0 1.0 -1 -1.6916623389806045 0.0 0.0 
-4.285714285714286 0.7142857142857143 1.0 -1 -1.6693023546452403 0.0 0.0 
-4.285714285714286 1.4285714285714286 1.0 0 0.6213645120799693 0.0 0.0 
-2.142857142857143 -1.4285714285714286 1.0 -3 -4.948656182087622 0.0 0.0 
-2.142857142857143 -0.7142857142857143 1.0 -3 -3.13625596871176 0.0 0.0 
-2.142857142857143 -0.0 1.0 -1 -1.6388979124370318 0.0 0.0 
-2.142857142857143 0.0 1.0 -1 -0.9361386764061432 0.0 0.0 
-2.142857142857143 0.7142857142857143 1.0 -1 -0.7968668413819011 0.0 0.0 
-2.142857142857143 1.4285714285714286 1.0 0 2.418497257379803 0.0 0.0 
-0.0 -1.4285714285714286 1.0 -3 -4.991267899659171 0.0 0.0 
-0.0 -0.7142857142857143 1.0 -3 -1.8325395802466824 0.0 0.0 
-0.0 -0.0 1.0 -1 -0.5953361162334136 0.0 0.0 
-0.0 0.0 1.0 -1 -0.7957450983395891 0.0 0.0 
-0.0 0.7142857142857143 1.0 0 0.5788147548028602 0.0 0.0 
-0.0 1.4285714285714286 1.0 1 4.446478212335469 0.0 0.0 
0.0 -1.4285714285714286 1.0 -3 -4.4238772949312075 0.0 0.0 
0.0 -0.7142857142857143 1.0 -1 -0.9864169336644499 0.0 0.0 
0.0 -0.0 1.0 0 -0.9096502552426116 0.0 0.0 
0.0 0.0 1.0 -1 -1.7709835619469945 0.0 0.0 
0.0 0.7142857142857143 1.0 0 1.1256110110700992 0.0 0.0 
0.0 1.4285714285714286 1.0 2 5.731701654249132 0.0 0.0 
2.142857142857143 -1.4285714285714286 1.0 -2 -3.4945876693957123 0.0 -0.060545602909111894 
2.142857142857143 -0.7142857142857143 1.0 0 0.5883212775740176 0.0 -0.060545602909111894 
2.142857142857143 -0.0 1.0 -1 -1.5896542824823732 0.0 -0.060545602909111894 
2.142857142857143 0.0 1.0 -1 -0.8634633864406451 0.0 -0.060545602909111894 
2.142857142857143 0.7142857142857143 1.0 0 3.8918354019583434 0.0 -0.060545602909111894 
4.285714285714286 -0.7142857142857143 1.0 0 0.4508614891943469 0.0 0.36213779636630455 
4.285714285714286 -0.0 1.0 -2 -1.6277494182117787 0.0 0.36213779636630455 
4.285714285714286 0.0 1.0 0 0.8673760711931249 0.0 0.36213779636630455 
4.285714285714286 0.7142857142857143 1.0 5 7.538547275524417 0.0 0.36213779636630455 
6.428571428571429 0.7142857142857143 1.0 4 5.655861414002073 0.0 0.38851992851055306 
6.428571428571429 1.4285714285714286 1.0 1 2.9277301877030117 0.0 0.38851992851055306 
8.571428571428571 2.142857142857143 1.0 2 2.0273473069467594 0.0 -1.0554815540635676 
8.571428571428571 2.857142857142857 1.0 5 8.783080007578114 0.0 -1.0554815540635676 
10.714285714285714 2.857142857142857 1.0 4 7.161912080409811 0.0 -4.577187792441424 
10.714285714285714 3.5714285714285716 1.0 2 1.9721500284406268 0.0 -4.577187792441424 
12.857142857142858 2.857142857142857 1.0 0 0.9572858600784064 0.0 -9.762198451370676 
