-15.0 -0.7142857142857143 1.0 0 -1.131562537103369 0.0 0.0 
-15.0 -0.0 1.0 0 -1.5933127330455397 0.0 0.0 
-15.0 0.0 1.0 0 -1.784062365611253 0.0 0.0 
-15.0 0.7142857142857143 1.0 0 -2.0919057273173394 0.0 0.0 
-12.857142857142858 -1.4285714285714286 1.0 0 -1.1953223013511156 0.0 0.0 
-12.857142857142858 -0.7142857142857143 1.0 0 -1.8927372746571853 0.0 0.0 
-12.857142857142858 -0.0 1.0 0 -2.0901030642037477 0.0 0.0 
-12.857142857142858 0.0 1.0 0 -2.554951782797916 0.0 0.0 
-12.857142857142858 0.7142857142857143 1.0 0 -2.467826145218958 0.0 0.0 
-12.857142857142858 1.4285714285714286 1.0 0 -2.7278749106310727 0.0 0.0 
-10.714285714285714 -1.4285714285714286 1.0 0 -1.1747461601590155 0.0 0.0 
-10.714285714285714 -0.7142857142857143 1.0 0 -1.675700735485584 0.0 0.0 
-10.714285714285714 -0.0 1.0 0 -2.22529849241507 0.0 0.0 
-10.714285714285714 0.0 1.0 0 -2.815891209887205 0.0 0.0 
-10.714285714285714 0.7142857142857143 1.0 0 -2.8799261502349847 0.0 0.0 
-10.714285714285714 1.4285714285714286 1.0 0 -3.1653488118559023 0.0 0.0 
-8.571428571428571 -1.4285714285714286 1.0 0 -1.0790362493645598 0.0 0.0 
-8.571428571428571 -0.7142857142857143 1.0 0 -1.9163153941309417 0.0 0.0 
-8.571428571428571 -0.0 1.0 0 -2.518534347592603 0.0 0.0 
-8.571428571428571 0.0 1.0 0 -3.100256308283802 0.0 0.0 
-8.571428571428571 0.7142857142857143 1.0 0 -3.156827080130281 0.0 0.0 
-8.571428571428571 1.4285714285714286 1.0 -1 -3.4627295361102144 0.0 0.0 
-6.428571428571429 -1.4285714285714286 1.0 0 -1.462450922925119 0.0 0.0 
-6.428571428571429 -0.7142857142857143 1.0 0 -2.2771639679602895 0.0 0.0 
-6.428571428571429 -0.0 1.0 0 -2.833186680941972 0.0 0.0 
-6.428571428571429 0.0 1.0 0 -3.335214071019605 0.0 0.0 
-6.428571428571429 0.7142857142857143 1.0 -1 -3.429955158387897 0.0 0.0 
-6.428571428571429 1.4285714285714286 1.0 -1 -3.7721836165884555 0.0 0.0 
-4.285714285714286 -1.4285714285714286 1.0 0 -1.8187562141609122 0.0 0.0 
-4.285714285714286 -0.7142857142857143 1.0 -1 -2.589709537082219 0.0 0.0 
-4.285714285714286 -0.0 1.0 0 -3.106466116206508 0.0 0.0 
-4.285714285714286 0.0 1.0 -1 -3.4759791537511737 0.0 0.0 
-4.285714285714286 0.7142857142857143 1.0 -1 -3.6418411264339943 0.0 0.0 
-4.285714285714286 1.4285714285714286 1.0 -1 -4.033869272052301 0.0 0.0 
-2.142857142857143 -1.4285714285714286 1.0 0 -1.822738037526554 0.0 0.0 
-2.142857142857143 -0.7142857142857143 1.0 -1 -2.7648178833211765 0.0 0.0 
-2.142857142857143 -0.0 1.0 -1 -3.16803039172944 0.0 0.0 
-2.142857142857143 0.0 1.0 -1 -3.370954083979422 0.0 0.0 
-2.142857142857143 0.7142857142857143 1.0 -1 -3.6180839448090367 0.0 0.0 
-2.142857142857143 1.4285714285714286 1.0 -2 -4.153395625894623 0.0 0.0 
-0.0 -1.4285714285714286 1.0 0 -2.0521214363795304 0.0 0.0 
-0.0 -0.7142857142857143 1.0 -1 -3.0671892017808933 0.0 0.0 
-0.0 -0.0 1.0 -1 -3.2290984433722536 0.0 0.0 
-0.0 0.0 1.0 -1 -3.1992005160123864 0.0 0.0 
-0.0 0.7142857142857143 1.0 -1 -3.875846409415783 0.0 0.0 
-0.0 1.4285714285714286 1.0 -2 -4.267248201251857 0.0 0.0 
0.0 -1.4285714285714286 1.0 0 -2.4640321934266805 0.0 0.0 
0.0 -0.7142857142857143 1.0 -1 -3.6335457735830845 0.0 0.0 
0.0 -0.0 1.0 -1 -3.6029618499261975 0.0 0.0 
0.0 0.0 1.0 -1 -3.161547209051549 0.0 0.0 
0.0 0.7142857142857143 1.0 -2 -4.568801027026193 0.0 0.0 
0.0 1.4285714285714286 1.0 -2 -3.8026995889344875 0.0 0.0 
2.142857142857143 -1.4285714285714286 1.0 -1 -3.2981968356781284 0.0 -0.06064220570045222 
2.142857142857143 -0.7142857142857143 1.0 -2 -4.083062326100761 0.0 -0.06064220570045222 
2.142857142857143 -0.0 1.0 -1 -3.4305008908918833 0.0 -0.06064220570045222 
2.142857142857143 0.0 1.0 -1 -3.384327719504207 0.0 -0.06064220570045222 
2.142857142857143 0.7142857142857143 1.0 -3 -5.355567790592414 0.0 -0.06064220570045222 
4.285714285714286 -0.7142857142857143 1.0 -2 -4.4768273660157485 0.0 0.3636410043284498 
4.285714285714286 -0.0 1.0 -2 -3.718146337586659 0.0 0.3636410043284498 
4.285714285714286 0.0 1.0 -2 -5.166471834074879 0.0 0.3636410043284498 
4.285714285714286 0.7142857142857143 1.0 -3 -6.3737504030829655 0.0 0.3636410043284498 
6.428571428571429 0.7142857142857143 1.0 -4 -5.932752389674425 0.0 0.39469892525491346 
6.428571428571429 1.4285714285714286 1.0 -2 -3.450598782461778 0.0 0.39469892525491346 
8.571428571428571 2.142857142857143 1.0 -3 -5.5679462602432395 0.0 -1.0428779136497666 
8.571428571428571 2.857142857142857 1.0 -2 -2.546545388245253 0.0 -1.0428779136497666 
10.714285714285714 2.857142857142857 1.0 -3 -5.7631963519401435 0.0 -4.560424991204742 
10.714285714285714 3.5714285714285716 1.0 1 -1.1734702645391064 0.0 -4.560424991204742 
12.857142857142858 2.857142857142857 1.0 2 -1.545725253591225 0.0 -9.748865101895744 
12.857142857142858 3.5714285714285716 1.0 3 4.4061434223820255 0.0 -9.748865101895744 
