-15.0 -0.7142857142857143 1.0 0 -1.401688833971724e-06 0.0 0.0 
-15.0 -0.0 1.0 0 5.1007402318908034e-05 0.0 0.0 
-15.0 0.0 1.0 0 -3.0031553908075193e-06 0.0 0.0 
-15.0 0.7142857142857143 1.0 0 3.292589351037402e-05 0.0 0.0 
-12.857142857142858 -1.4285714285714286 1.0 0 3.4454582473612324e-05 0.0 0.0 
-12.857142857142858 -0.7142857142857143 1.0 0 -2.3454383964122547e-06 0.0 0.0 
-12.857142857142858 -0.0 1.0 0 2.150468958764508e-05 0.0 0.0 
-12.857142857142858 0.0 1.0 0 -4.200785307492241e-06 0.0 0.0 
-12.857142857142858 0.7142857142857143 1.0 0 1.4895608381164493e-05 0.0 0.0 
-12.857142857142858 1.4285714285714286 1.0 0 -2.289536914988548e-06 0.0 0.0 
-10.714285714285714 -1.4285714285714286 1.0 0 8.845166409098369e-06 0.0 0.0 
-10.714285714285714 -0.7142857142857143 1.0 0 -1.345984429148443e-07 0.0 0.0 
-10.714285714285714 -0.0 1.0 0 8.20164307593827e-06 0.0 0.0 
-10.714285714285714 0.0 1.0 0 2.1771718780658246e-06 0.0 0.0 
-10.714285714285714 0.7142857142857143 1.0 0 8.976493301888799e-06 0.0 0.0 
-10.714285714285714 1.4285714285714286 1.0 0 4.457772680334087e-06 0.0 0.0 
-8.571428571428571 -1.4285714285714286 1.0 0 -2.498476948204769e-07 0.0 0.0 
-8.571428571428571 -0.7142857142857143 1.0 0 1.070924490359866e-06 0.0 0.0 
-8.571428571428571 -0.0 1.0 0 1.9847790680110283e-06 0.0 0.0 
-8.571428571428571 0.0 1.0 0 2.63693670324468e-06 0.0 0.0 
-8.571428571428571 0.7142857142857143 1.0 0 3.3889131373734183e-06 0.0 0.0 
-8.571428571428571 1.4285714285714286 1.0 0 3.543853277263256e-06 0.0 0.0 
-6.428571428571429 -1.4285714285714286 1.0 0 -9.62407051182504e-07 0.0 0.0 
-6.428571428571429 -0.7142857142857143 1.0 0 3.831379171409841e-07 0.0 0.0 
-6.428571428571429 -0.0 1.0 0 -1.5879112430296977e-07 0.0 0.0 
-6.428571428571429 0.0 1.0 0 5.949668133183582e-07 0.0 0.0 
-6.428571428571429 0.7142857142857143 1.0 0 1.9036380496436808e-07 0.0 0.0 
-6.428571428571429 1.4285714285714286 1.0 0 6.262822376887317e-07 0.0 0.0 
-4.285714285714286 -1.4285714285714286 1.0 0 2.2189501008712141e-07 0.0 0.0 
-4.285714285714286 -0.7142857142857143 1.0 0 -5.253264007632164e-08 0.0 0.0 
-4.285714285714286 -0.0 1.0 0 -5.662299676937146e-08 0.0 0.0 
-4.285714285714286 0.0 1.0 0 -3.0326761118865886e-07 0.0 0.0 
-4.285714285714286 0.7142857142857143 1.0 0 -3.406452178615619e-07 0.0 0.0 
-4.285714285714286 1.4285714285714286 1.0 0 -5.496404299326513e-07 0.0 0.0 
-2.142857142857143 -1.4285714285714286 1.0 0 5.633026484551291e-07 0.0 0.0 
-2.142857142857143 -0.7142857142857143 1.0 0 -1.4635759520682004e-08 0.0 0.0 
-2.142857142857143 -0.0 1.0 0 2.1640712050607323e-07 0.0 0.0 
-2.142857142857143 0.0 1.0 0 -1.899089292435476e-07 0.0 0.0 
-2.142857142857143 0.7142857142857143 1.0 0 -2.3228349884319854e-08 0.0 0.0 
-2.142857142857143 1.4285714285714286 1.0 0 -3.01129358213909e-07 0.0 0.0 
-0.0 -1.4285714285714286 1.0 0 1.4750508272744984e-07 0.0 0.0 
-0.0 -0.7142857142857143 1.0 0 3.7568821514069215e-09 0.0 0.0 
-0.0 -0.0 1.0 0 9.758060727271193e-08 0.0 0.0 
-0.0 0.0 1.0 0 1.4749492168159446e-08 0.0 0.0 
-0.0 0.7142857142857143 1.0 0 1.0734673914539818e-07 0.0 0.0 
-0.0 1.4285714285714286 1.0 0 6.801250437053183e-08 0.0 0.0 
0.0 -1.4285714285714286 1.0 0 -1.2916545579140365e-07 0.0 0.0 
0.0 -0.7142857142857143 1.0 0 -1.327220993577572e-08 0.0 0.0 
0.0 -0.0 1.0 0 -3.356015323309274e-08 0.0 0.0 
0.0 0.0 1.0 0 5.682975734963292e-08 0.0 0.0 
0.0 0.7142857142857143 1.0 0 5.3288093179805904e-08 0.0 0.0 
0.0 1.4285714285714286 1.0 0 1.1870711071090385e-07 0.0 0.0 
2.142857142857143 -1.4285714285714286 1.0 0 -0.012204510526120425 0.0 -0.06106949802318636 
2.142857142857143 -0.7142857142857143 1.0 0 -0.007944928522387576 0.0 -0.06106949802318636 
2.142857142857143 -0.0 1.0 0 -0.016602523113690995 0.0 -0.06106949802318636 
2.142857142857143 0.0 1.0 0 -0.013956038700957343 0.0 -0.06106949802318636 
2.142857142857143 0.7142857142857143 1.0 0 -0.02043057057494503 0.0 -0.06106949802318636 
4.285714285714286 -0.7142857142857143 1.0 0 0.07804222092788538 0.0 0.3703608130452185 
4.285714285714286 -0.0 1.0 0 0.05493786238939351 0.0 0.3703608130452185 
4.285714285714286 0.0 1.0 0 0.10728878014529865 0.0 0.3703608130452185 
4.285714285714286 0.7142857142857143 1.0 0 0.08472456965119034 0.0 0.3703608130452185 
6.428571428571429 0.7142857142857143 1.0 0 0.08977702955336464 0.0 0.4224553240059694 
6.428571428571429 1.4285714285714286 1.0 0 0.058109712811001496 0.0 0.4224553240059694 
8.571428571428571 2.142857142857143 1.0 0 -0.1920793392568145 0.0 -0.9860359568764405 
8.571428571428571 2.857142857142857 1.0 0 -0.12870969554073494 0.0 -0.9860359568764405 
10.714285714285714 2.857142857142857 1.0 0 -0.9103174457943572 0.0 -4.484437791387331 
10.714285714285714 3.5714285714285716 1.0 0 -0.5912657454229411 0.0 -4.484437791387331 
10.714285714285714 4.285714285714286 1.0 0 -1.211856962703395 0.0 -4.484437791387331 
12.857142857142858 2.857142857142857 1.0 0 -1.3832309531301326 0.0 -9.687676261557488 
12.857142857142858 3.5714285714285716 1.0 0 -0.7873299247306147 0.0 -9.687676261557488 
