-15.0 -0.7142857142857143 1.0 0 -0.024684371395917087 0.0 0.0 
-15.0 -0.0 1.0 0 -0.02238530279798531 0.0 0.0 
-15.0 0.0 1.0 0 -0.014949105684359584 0.0 0.0 
-15.0 0.7142857142857143 1.0 0 -0.0121982391032526 0.0 0.0 
-12.857142857142858 -1.4285714285714286 1.0 0 -0.03782899452077955 0.0 0.0 
-12.857142857142858 -0.7142857142857143 1.0 0 -0.05287183651526387 0.0 0.0 
-12.857142857142858 -0.0 1.0 0 -0.02902614309619896 0.0 0.0 
-12.857142857142858 0.0 1.0 0 -0.03538178534313009 0.0 0.0 
-12.857142857142858 0.7142857142857143 1.0 0 -0.010938921170525355 0.0 0.0 
-12.857142857142858 1.4285714285714286 1.0 0 -0.012370795244130928 0.0 0.0 
-10.714285714285714 -1.4285714285714286 1.0 0 -0.045566128376689594 0.0 0.0 
-10.714285714285714 -0.7142857142857143 1.0 0 -0.06137349244982847 0.0 0.0 
-10.714285714285714 -0.0 1.0 0 -0.039181951203896656 0.0 0.0 
-10.714285714285714 0.0 1.0 0 -0.046380298411594155 0.0 0.0 
-10.714285714285714 0.7142857142857143 1.0 0 -0.03295324791793168 0.0 0.0 
-10.714285714285714 1.4285714285714286 1.0 0 -0.01960342482676905 0.0 0.0 
-8.571428571428571 -1.4285714285714286 1.0 0 -0.0615451276248201 0.0 0.0 
-8.571428571428571 -0.7142857142857143 1.0 0 -0.07917171632832579 0.0 0.0 
-8.571428571428571 -0.0 1.0 0 -0.05600232252644723 0.0 0.0 
-8.571428571428571 0.0 1.0 0 -0.05986716969370636 0.0 0.0 
-8.571428571428571 0.7142857142857143 1.0 0 -0.04769361099418347 0.0 0.0 
-8.571428571428571 1.4285714285714286 1.0 0 -0.031109433471349715 0.0 0.0 
-6.428571428571429 -1.4285714285714286 1.0 0 -0.07727876972752108 0.0 0.0 
-6.428571428571429 -0.7142857142857143 1.0 0 -0.10082502923909342 0.0 0.0 
-6.428571428571429 -0.0 1.0 0 -0.07784996039904621 0.0 0.0 
-6.428571428571429 0.0 1.0 0 -0.08238616680833492 0.0 0.0 
-6.428571428571429 0.7142857142857143 1.0 0 -0.06696233366253222 0.0 0.0 
-6.428571428571429 1.4285714285714286 1.0 0 -0.04485449190065036 0.0 0.0 
-4.285714285714286 -1.4285714285714286 1.0 0 -0.09597400481548501 0.0 0.0 
-4.285714285714286 -0.7142857142857143 1.0 0 -0.1272424292807284 0.0 0.0 
-4.285714285714286 -0.0 1.0 0 -0.10474752368788512 0.0 0.0 
-4.285714285714286 0.0 1.0 0 -0.11213242494449667 0.0 0.0 
-4.285714285714286 0.7142857142857143 1.0 0 -0.09328558181454029 0.0 0.0 
-4.285714285714286 1.4285714285714286 1.0 0 -0.062404305654910064 0.0 0.0 
-2.142857142857143 -1.4285714285714286 1.0 0 -0.1175351635923837 0.0 0.0 
-2.142857142857143 -0.7142857142857143 1.0 0 -0.15923813584716157 0.0 0.0 
-2.142857142857143 -0.0 1.0 0 -0.14023991980034678 0.0 0.0 
-2.142857142857143 0.0 1.0 0 -0.153883855540053 0.0 0.0 
-2.142857142857143 0.7142857142857143 1.0 0 -0.13290881263423482 0.0 0.0 
-2.142857142857143 1.4285714285714286 1.0 0 -0.08730658001644853 0.0 0.0 
-0.0 -1.4285714285714286 1.0 0 -0.13949693037709432 0.0 0.0 
-0.0 -0.7142857142857143 1.0 0 -0.19483673024662493 0.0 0.0 
-0.0 -0.0 1.0 0 -0.18383612048051937 0.0 0.0 
-0.0 0.0 1.0 0 -0.21243406181382138 0.0 0.0 
-0.0 0.7142857142857143 1.0 0 -0.19600972291274948 0.0 0.0 
-0.0 1.4285714285714286 1.0 0 -0.12419209508835538 0.0 0.0 
0.0 -1.4285714285714286 1.0 0 -0.16885415820055333 0.0 0.0 
0.0 -0.7142857142857143 1.0 0 -0.2351090210708765 0.0 0.0 
0.0 -0.0 1.0 0 -0.235758225477383 0.0 0.0 
0.0 0.0 1.0 0 -0.29496290660415003 0.0 0.0 
0.0 0.7142857142857143 1.0 0 -0.294803811069753 0.0 0.0 
0.0 1.4285714285714286 1.0 0 -0.17475231964714924 0.0 0.0 
2.142857142857143 -1.4285714285714286 1.0 0 -0.11274237380918448 0.0 -0.060928419205767706 
2.142857142857143 -0.7142857142857143 1.0 0 -0.1878297604430249 0.0 -0.060928419205767706 
2.142857142857143 -0.0 1.0 0 -0.25858253591994446 0.0 -0.060928419205767706 
2.142857142857143 0.0 1.0 0 -0.3396561968388366 0.0 -0.060928419205767706 
2.142857142857143 0.7142857142857143 1.0 0 -0.4906343359715479 0.0 -0.060928419205767706 
4.285714285714286 -0.7142857142857143 1.0 0 -0.11344850032761586 0.0 0.3681290351084885 
4.285714285714286 -0.0 1.0 0 -0.22233407520859685 0.0 0.3681290351084885 
4.285714285714286 0.0 1.0 0 -0.1807388322939496 0.0 0.3681290351084885 
4.285714285714286 0.7142857142857143 1.0 0 -0.30037056424896635 0.0 0.3681290351084885 
6.428571428571429 0.7142857142857143 1.0 0 -0.8570862808090346 0.0 0.41321229862974374 
6.428571428571429 1.4285714285714286 1.0 0 -1.0320677856468699 0.0 0.41321229862974374 
8.571428571428571 2.142857142857143 1.0 0 -2.041000473051239 0.0 -1.0050057337825478 
8.571428571428571 2.857142857142857 1.0 0 -1.5482256063962097 0.0 -1.0050057337825478 
10.714285714285714 2.857142857142857 1.0 -1 -3.629208632000986 0.0 -4.509867194161238 
10.714285714285714 3.5714285714285716 1.0 0 -1.4567551268569874 0.0 -4.509867194161238 
10.714285714285714 4.285714285714286 1.0 0 -2.92782926912228 0.0 -4.509867194161238 
12.857142857142858 2.857142857142857 1.0 0 -2.163931197142726 0.0 -9.708288280420199 
12.857142857142858 3.5714285714285716 1.0 0 -1.061806983254043 0.0 -9.708288280420199 
