-15.0 -0.7142857142857143 1.0 0 -9.103596210599205e-07 0.0 0.0 
-15.0 -0.0 1.0 0 2.5578413859875503e-05 0.0 0.0 
-15.0 0.0 1.0 0 -1.6236228644612966e-06 0.0 0.0 
-15.0 0.7142857142857143 1.0 0 1.6561174147641792e-05 0.0 0.0 
-12.857142857142858 -1.4285714285714286 1.0 0 1.7252761936791055e-05 0.0 0.0 
-12.857142857142858 -0.7142857142857143 1.0 0 -1.2750159068426618e-06 0.0 0.0 
-12.857142857142858 -0.0 1.0 0 1.0773087014116549e-05 0.0 0.0 
-12.857142857142858 0.0 1.0 0 -2.1852606226007765e-06 0.0 0.0 
-12.857142857142858 0.7142857142857143 1.0 0 7.455572043686329e-06 0.0 0.0 
-12.857142857142858 1.4285714285714286 1.0 0 -1.2220231064215184e-06 0.0 0.0 
-10.714285714285714 -1.4285714285714286 1.0 0 4.438207324105789e-06 0.0 0.0 
-10.714285714285714 -0.7142857142857143 1.0 0 -1.0043495481912435e-07 0.0 0.0 
-10.714285714285714 -0.0 1.0 0 4.0999069129249015e-06 0.0 0.0 
-10.714285714285714 0.0 1.0 0 1.050613388542603e-06 0.0 0.0 
-10.714285714285714 0.7142857142857143 1.0 0 4.474613894635257e-06 0.0 0.0 
-10.714285714285714 1.4285714285714286 1.0 0 2.1881397064204685e-06 0.0 0.0 
-8.571428571428571 -1.4285714285714286 1.0 0 -1.1648414440359187e-07 0.0 0.0 
-8.571428571428571 -0.7142857142857143 1.0 0 5.348092759329003e-07 0.0 0.0 
-8.571428571428571 -0.0 1.0 0 9.942093291312029e-07 0.0 0.0 
-8.571428571428571 0.0 1.0 0 1.3155769201022082e-06 0.0 0.0 
-8.571428571428571 0.7142857142857143 1.0 0 1.6933463940186825e-06 0.0 0.0 
-8.571428571428571 1.4285714285714286 1.0 0 1.7683275747979674e-06 0.0 0.0 
-6.428571428571429 -1.4285714285714286 1.0 0 -4.782182296129539e-07 0.0 0.0 
-6.428571428571429 -0.7142857142857143 1.0 0 1.9606387707137148e-07 0.0 0.0 
-6.428571428571429 -0.0 1.0 0 -7.506153864226883e-08 0.0 0.0 
-6.428571428571429 0.0 1.0 0 3.0376155685076153e-07 0.0 0.0 
-6.428571428571429 0.7142857142857143 1.0 0 1.0152034743648837e-07 0.0 0.0 
-6.428571428571429 1.4285714285714286 1.0 0 3.214816873726683e-07 0.0 0.0 
-4.285714285714286 -1.4285714285714286 1.0 0 1.1021893411440121e-07 0.0 0.0 
-4.285714285714286 -0.7142857142857143 1.0 0 -2.615783686321329e-08 0.0 0.0 
-4.285714285714286 -0.0 1.0 0 -2.638112147011397e-08 0.0 0.0 
-4.285714285714286 0.0 1.0 0 -1.4922814393064824e-07 0.0 0.0 
-4.285714285714286 0.7142857142857143 1.0 0 -1.6629712931593287e-07 0.0 0.0 
-4.285714285714286 1.4285714285714286 1.0 0 -2.705371303615093e-07 0.0 0.0 
-2.142857142857143 -1.4285714285714286 1.0 0 2.8106935098792114e-07 0.0 0.0 
-2.142857142857143 -0.7142857142857143 1.0 0 -8.593526910112158e-09 0.0 0.0 
-2.142857142857143 -0.0 1.0 0 1.084280866929843e-07 0.0 0.0 
-2.142857142857143 0.0 1.0 0 -9.55900713807945e-08 0.0 0.0 
-2.142857142857143 0.7142857142857143 1.0 0 -1.1170761749680103e-08 0.0 0.0 
-2.142857142857143 1.4285714285714286 1.0 0 -1.5109983495190458e-07 0.0 0.0 
-0.0 -1.4285714285714286 1.0 0 7.461199013777337e-08 0.0 0.0 
-0.0 -0.7142857142857143 1.0 0 1.849586802454411e-09 0.0 0.0 
-0.0 -0.0 1.0 0 4.896493364138359e-08 0.0 0.0 
-0.0 0.0 1.0 0 6.732497225139438e-09 0.0 0.0 
-0.0 0.7142857142857143 1.0 0 5.30373281488721e-08 0.0 0.0 
-0.0 1.4285714285714286 1.0 0 3.2651665232419616e-08 0.0 0.0 
0.0 -1.4285714285714286 1.0 0 -6.372470417409776e-08 0.0 0.0 
0.0 -0.7142857142857143 1.0 0 -6.138145956958311e-09 0.0 0.0 
0.0 -0.0 1.0 0 -1.657571471112627e-08 0.0 0.0 
0.0 0.0 1.0 0 2.840639318420818e-08 0.0 0.0 
0.0 0.7142857142857143 1.0 0 2.6402404746291272e-08 0.0 0.0 
0.0 1.4285714285714286 1.0 0 5.904067420844554e-08 0.0 0.0 
2.142857142857143 -1.4285714285714286 1.0 0 -0.6102215850780468 0.0 -0.06109287939625534 
2.142857142857143 -0.7142857142857143 1.0 0 -0.3966516427863904 0.0 -0.06109287939625534 
2.142857142857143 -0.0 1.0 0 -0.8299457694820924 0.0 -0.06109287939625534 
2.142857142857143 0.0 1.0 0 -0.6967072509027048 0.0 -0.06109287939625534 
2.142857142857143 0.7142857142857143 1.0 0 -1.0209864880071753 0.0 -0.06109287939625534 
4.285714285714286 -0.7142857142857143 1.0 0 3.902659171936212 0.0 0.37073197777182404 
4.285714285714286 -0.0 1.0 0 2.743564010220966 0.0 0.37073197777182404 
4.285714285714286 0.0 1.0 0 5.363395181396242 0.0 0.37073197777182404 
4.285714285714286 0.7142857142857143 1.0 0 4.229571402932703 0.0 0.37073197777182404 
6.428571428571429 0.7142857142857143 1.0 0 4.490282127468711 0.0 0.42399492170629144 
6.428571428571429 1.4285714285714286 1.0 0 2.8991381617437404 0.0 0.42399492170629144 
8.571428571428571 2.142857142857143 1.0 0 -9.606793878670995 0.0 -0.9828721871844877 
8.571428571428571 2.857142857142857 1.0 0 -6.426515140164119 0.0 -0.9828721871844877 
10.714285714285714 2.857142857142857 1.0 -1 -45.52141887645085 0.0 -4.480189860533402 
10.714285714285714 3.5714285714285716 1.0 -1 -29.51702217948197 0.0 -4.480189860533402 
10.714285714285714 4.285714285714286 1.0 0 -60.58038192184829 0.0 -4.480189860533402 
12.857142857142858 2.857142857142857 1.0 21 -69.1812425592197 0.0 -9.684219997227629 
12.857142857142858 3.5714285714285716 1.0 9 -39.288737662853094 0.0 -9.684219997227629 
