-15.0 -0.7142857142857143 1.0 8 1.4640200334190787 0.0 0.0 
-15.0 -0.0 1.0 4 -4.635225630628536 0.0 0.0 
-15.0 0.0 1.0 0 1.8893634751330102 0.0 0.0 
-15.0 0.7142857142857143 1.0 13 32.05986044376016 0.0 0.0 
-12.857142857142858 -1.4285714285714286 1.0 -11 -46.23938088224752 0.0 0.0 
-12.857142857142858 -0.7142857142857143 1.0 -4 -24.296739316031324 0.0 0.0 
-12.857142857142858 -0.0 1.0 -7 -37.65572228967884 0.0 0.0 
-12.857142857142858 0.0 1.0 -7 -26.862824295138502 0.0 0.0 
-12.857142857142858 0.7142857142857143 1.0 14 15.418949350636883 0.0 0.0 
-12.857142857142858 1.4285714285714286 1.0 17 20.194984005507926 0.0 0.0 
-10.714285714285714 -1.4285714285714286 1.0 -15 -46.1023081067797 0.0 0.0 
-10.714285714285714 -0.7142857142857143 1.0 -3 -29.93485952011577 0.0 0.0 
-10.714285714285714 -0.0 1.0 -4 -35.8448347456337 0.0 0.0 
-10.714285714285714 0.0 1.0 -2 -29.936213484303153 0.0 0.0 
-10.714285714285714 0.7142857142857143 1.0 19 13.35632401822258 0.0 0.0 
-10.714285714285714 1.4285714285714286 1.0 18 9.66204420058645 0.0 0.0 
-8.571428571428571 -1.4285714285714286 1.0 -1 -25.510855504183684 0.0 0.0 
-8.571428571428571 -0.7142857142857143 1.0 1 -26.0928870570759 0.0 0.0 
-8.571428571428571 -0.0 1.0 -4 -29.47386127203441 0.0 0.0 
-8.571428571428571 0.0 1.0 0 -22.26650437759969 0.0 0.0 
-8.571428571428571 0.7142857142857143 1.0 18 20.31810680474303 0.0 0.0 
-8.571428571428571 1.4285714285714286 1.0 7 -6.0180577488234945 0.0 0.0 
-6.428571428571429 -1.4285714285714286 1.0 -6 -30.759446645526378 0.0 0.0 
-6.428571428571429 -0.7142857142857143 1.0 -11 -38.13166935291595 0.0 0.0 
-6.428571428571429 -0.0 1.0 -16 -42.70940654969331 0.0 0.0 
-6.428571428571429 0.0 1.0 -5 -21.537353602513388 0.0 0.0 
-6.428571428571429 0.7142857142857143 1.0 16 19.342270356485365 0.0 0.0 
-6.428571428571429 1.4285714285714286 1.0 0 -17.02146676474604 0.0 0.0 
-4.285714285714286 -1.4285714285714286 1.0 -20 -70.79869869103575 0.0 0.0 
-4.285714285714286 -0.7142857142857143 1.0 -21 -65.67798918245288 0.0 0.0 
-4.285714285714286 -0.0 1.0 -12 -52.136262670851764 0.0 0.0 
-4.285714285714286 0.0 1.0 5 -13.42649909652323 0.0 0.0 
-4.285714285714286 0.7142857142857143 1.0 19 9.771220939600283 0.0 0.0 
-4.285714285714286 1.4285714285714286 1.0 -10 -44.74690072135628 0.0 0.0 
-2.142857142857143 -1.4285714285714286 1.0 -30 -32.16296834355404 0.0 0.0 
-2.142857142857143 -0.7142857142857143 1.0 -27 -28.92864053777754 0.0 0.0 
-2.142857142857143 -0.0 1.0 -8 9.225532326664947 0.0 0.0 
-2.142857142857143 0.0 1.0 7 29.642608552912712 0.0 0.0 
-2.142857142857143 0.7142857142857143 1.0 9 39.908445210758096 0.0 0.0 
-2.142857142857143 1.4285714285714286 1.0 -21 -23.068046761133356 0.0 0.0 
-0.0 -1.4285714285714286 1.0 -46 -45.74700460640825 0.0 0.0 
-0.0 -0.7142857142857143 1.0 -20 -3.2717874161594054 0.0 0.0 
-0.0 -0.0 1.0 12 38.04577980202112 0.0 0.0 
-0.0 0.0 1.0 22 55.156445555798776 0.0 0.0 
-0.0 0.7142857142857143 1.0 15 43.584526377232336 0.0 0.0 
-0.0 1.4285714285714286 1.0 -7 0.9457800977609345 0.0 0.0 
0.0 -1.4285714285714286 1.0 -31 -13.705539805585381 0.0 0.0 
0.0 -0.7142857142857143 1.0 17 59.76471754055961 0.0 0.0 
0.0 -0.0 1.0 39 84.21604597792407 0.0 0.0 
0.0 0.0 1.0 30 81.36903985825256 0.0 0.0 
0.0 0.7142857142857143 1.0 18 64.96582321941311 0.0 0.0 
0.0 1.4285714285714286 1.0 8 41.1464475366703 0.0 0.0 
2.142857142857143 -1.4285714285714286 1.0 -10 81.31041993455959 0.0 -0.06020279365932296 
2.142857142857143 -0.7142857142857143 1.0 41 149.43974201008302 0.0 -0.06020279365932296 
2.142857142857143 -0.0 1.0 39 142.3937791601991 0.0 -0.06020279365932296 
2.142857142857143 0.0 1.0 19 117.80767790328856 0.0 -0.06020279365932296 
2.142857142857143 0.7142857142857143 1.0 13 101.83368100217999 0.0 -0.06020279365932296 
4.285714285714286 -0.7142857142857143 1.0 61 187.71738798860432 0.0 0.3568485197167582 
4.285714285714286 -0.0 1.0 40 156.20755803836326 0.0 0.3568485197167582 
4.285714285714286 0.0 1.0 30 121.25784378341552 0.0 0.3568485197167582 
4.285714285714286 0.7142857142857143 1.0 44 126.47017763032392 0.0 0.3568485197167582 
6.428571428571429 0.7142857142857143 1.0 78 155.04979158348104 0.0 0.3668636434921053 
6.428571428571429 1.4285714285714286 1.0 41 73.5251468734623 0.0 0.3668636434921053 
8.571428571428571 2.142857142857143 1.0 27 59.43464779190853 0.0 -1.0995114448474055 
8.571428571428571 2.857142857142857 1.0 98 154.78588252633088 0.0 -1.0995114448474055 
10.714285714285714 2.857142857142857 1.0 133 209.04149352739068 0.0 -4.635500761993194 
10.714285714285714 3.5714285714285716 1.0 74 130.15874529025666 0.0 -4.635500761993194 
12.857142857142858 2.857142857142857 1.0 102 190.95822505381233 0.0 -9.808105571485566 
