-15.0 -0.7142857142857143 1.0 8 9.808283889817522 0.0 0.0 
-15.0 -0.0 1.0 6 6.23506008025773 0.0 0.0 
-15.0 0.0 1.0 4 7.346237381488066 0.0 0.0 
-15.0 0.7142857142857143 1.0 5 7.64024938757726 0.0 0.0 
-12.857142857142858 -1.4285714285714286 1.0 6 2.977515304699555 0.0 0.0 
-12.857142857142858 -0.7142857142857143 1.0 5 2.9294856029921768 0.0 0.0 
-12.857142857142858 -0.0 1.0 3 -1.0137073175582216 0.0 0.0 
-12.857142857142858 0.0 1.0 2 -3.177415716217478 0.0 0.0 
-12.857142857142858 0.7142857142857143 1.0 5 3.316178139585796 0.0 0.0 
-12.857142857142858 1.4285714285714286 1.0 4 -0.6196062083625051 0.0 0.0 
-10.714285714285714 -1.4285714285714286 1.0 4 -0.4586688036932429 0.0 0.0 
-10.714285714285714 -0.7142857142857143 1.0 5 -1.434978877950968 0.0 0.0 
-10.714285714285714 -0.0 1.0 4 -3.463929229044039 0.0 0.0 
-10.714285714285714 0.0 1.0 3 -6.647362358393563 0.0 0.0 
-10.714285714285714 0.7142857142857143 1.0 5 -2.3584331045029767 0.0 0.0 
-10.714285714285714 1.4285714285714286 1.0 3 -7.201233824321648 0.0 0.0 
-8.571428571428571 -1.4285714285714286 1.0 8 7.37121007071039 0.0 0.0 
-8.571428571428571 -0.7142857142857143 1.0 7 0.3386029113750979 0.0 0.0 
-8.571428571428571 -0.0 1.0 4 -1.1863638620229882 0.0 0.0 
-8.571428571428571 0.0 1.0 4 -5.353962017154494 0.0 0.0 
-8.571428571428571 0.7142857142857143 1.0 4 -0.1781938472041169 0.0 0.0 
-8.571428571428571 1.4285714285714286 1.0 0 -10.638556180832465 0.0 0.0 
-6.428571428571429 -1.4285714285714286 1.0 8 5.435764647430457 0.0 0.0 
-6.428571428571429 -0.7142857142857143 1.0 5 -1.7884586038390182 0.0 0.0 
-6.428571428571429 -0.0 1.0 2 -4.87061770684968 0.0 0.0 
-6.428571428571429 0.0 1.0 2 -6.491892591665486 0.0 0.0 
-6.428571428571429 0.7142857142857143 1.0 2 -3.873579661686387 0.0 0.0 
-6.428571428571429 1.4285714285714286 1.0 -3 -15.891154838113676 0.0 0.0 
-4.285714285714286 -1.4285714285714286 1.0 6 -0.07124727033321321 0.0 0.0 
-4.285714285714286 -0.7142857142857143 1.0 2 -8.536217726352263 0.0 0.0 
-4.285714285714286 -0.0 1.0 0 -9.633359009821966 0.0 0.0 
-4.285714285714286 0.0 1.0 1 -7.8134247770687715 0.0 0.0 
-4.285714285714286 0.7142857142857143 1.0 0 -7.892324681701791 0.0 0.0 
-4.285714285714286 1.4285714285714286 1.0 -9 -24.594053069337093 0.0 0.0 
-2.142857142857143 -1.4285714285714286 1.0 2 4.554384474532306 0.0 0.0 
-2.142857142857143 -0.7142857142857143 1.0 -2 -6.8249191729626055 0.0 0.0 
-2.142857142857143 -0.0 1.0 -2 -1.8321232277925574 0.0 0.0 
-2.142857142857143 0.0 1.0 0 -2.240142500326078 0.0 0.0 
-2.142857142857143 0.7142857142857143 1.0 -4 -5.440981167695735 0.0 0.0 
-2.142857142857143 1.4285714285714286 1.0 -13 -25.81127090166472 0.0 0.0 
-0.0 -1.4285714285714286 1.0 -1 -0.8165907716427583 0.0 0.0 
-0.0 -0.7142857142857143 1.0 -5 -5.864947887130684 0.0 0.0 
-0.0 -0.0 1.0 0 3.6554855286213397 0.0 0.0 
-0.0 0.0 1.0 0 0.7482130812901584 0.0 0.0 
-0.0 0.7142857142857143 1.0 -7 -9.955049741201663 0.0 0.0 
-0.0 1.4285714285714286 1.0 -16 -26.588860273706565 0.0 0.0 
0.0 -1.4285714285714286 1.0 -4 -1.1037846721328912 0.0 0.0 
0.0 -0.7142857142857143 1.0 -2 3.7000272123222557 0.0 0.0 
0.0 -0.0 1.0 4 11.602326225205688 0.0 0.0 
0.0 0.0 1.0 -2 1.185676128630269 0.0 0.0 
0.0 0.7142857142857143 1.0 -12 -12.358891766111082 0.0 0.0 
0.0 1.4285714285714286 1.0 -16 -20.05902754148027 0.0 0.0 
2.142857142857143 -1.4285714285714286 1.0 -8 8.718974199204593 0.0 -0.0603506056037871 
2.142857142857143 -0.7142857142857143 1.0 2 21.9522550379561 0.0 -0.0603506056037871 
2.142857142857143 -0.0 1.0 4 21.855977702254442 0.0 -0.0603506056037871 
2.142857142857143 0.0 1.0 -8 2.8836743527930215 0.0 -0.0603506056037871 
2.142857142857143 0.7142857142857143 1.0 -16 -7.415931878216348 0.0 -0.0603506056037871 
4.285714285714286 -0.7142857142857143 1.0 9 33.09051642294723 0.0 0.35912067285179783 
4.285714285714286 -0.0 1.0 0 18.038739054084854 0.0 0.35912067285179783 
4.285714285714286 0.0 1.0 -13 -0.5738640858871094 0.0 0.35912067285179783 
4.285714285714286 0.7142857142857143 1.0 -10 -3.715927862209135 0.0 0.35912067285179783 
6.428571428571429 0.7142857142857143 1.0 -1 5.514806085752303 0.0 0.3761504924393536 
6.428571428571429 1.4285714285714286 1.0 -3 0.10148110015770584 0.0 0.3761504924393536 
8.571428571428571 2.142857142857143 1.0 -8 -13.22780916103773 0.0 -1.08065745907067 
8.571428571428571 2.857142857142857 1.0 10 18.951320071282606 0.0 -1.08065745907067 
10.714285714285714 2.857142857142857 1.0 25 38.83970128260694 0.0 -4.610577704931691 
10.714285714285714 3.5714285714285716 1.0 28 31.038235221384756 0.0 -4.610577704931691 
12.857142857142858 2.857142857142857 1.0 39 50.75256822348033 0.0 -9.788575972804022 
