-15.0 -0.7142857142857143 1.0 6 21.772804893825466 0.0 0.0 
-15.0 -0.0 1.0 6 15.620889656746197 0.0 0.0 
-15.0 0.0 1.0 5 26.195224737877634 0.0 0.0 
-15.0 0.7142857142857143 1.0 5 20.91124443872019 0.0 0.0 
-12.857142857142858 -1.4285714285714286 1.0 -2 19.165744593966615 0.0 0.0 
-12.857142857142858 -0.7142857142857143 1.0 6 7.323929347671743 0.0 0.0 
-12.857142857142858 -0.0 1.0 8 16.509787873699157 0.0 0.0 
-12.857142857142858 0.0 1.0 10 11.46795306151946 0.0 0.0 
-12.857142857142858 0.7142857142857143 1.0 16 26.785222362232055 0.0 0.0 
-12.857142857142858 1.4285714285714286 1.0 7 27.996600333242966 0.0 0.0 
-10.714285714285714 -1.4285714285714286 1.0 5 13.27662746258574 0.0 0.0 
-10.714285714285714 -0.7142857142857143 1.0 8 7.545404698347776 0.0 0.0 
-10.714285714285714 -0.0 1.0 8 17.35067652037534 0.0 0.0 
-10.714285714285714 0.0 1.0 10 12.539419137665151 0.0 0.0 
-10.714285714285714 0.7142857142857143 1.0 11 21.019473034222194 0.0 0.0 
-10.714285714285714 1.4285714285714286 1.0 17 27.61937252486721 0.0 0.0 
-8.571428571428571 -1.4285714285714286 1.0 6 15.723695308048946 0.0 0.0 
-8.571428571428571 -0.7142857142857143 1.0 8 10.388222989725753 0.0 0.0 
-8.571428571428571 -0.0 1.0 9 19.985608551468598 0.0 0.0 
-8.571428571428571 0.0 1.0 11 16.816204245656387 0.0 0.0 
-8.571428571428571 0.7142857142857143 1.0 12 23.262511105294895 0.0 0.0 
-8.571428571428571 1.4285714285714286 1.0 18 33.197008415071224 0.0 0.0 
-6.428571428571429 -1.4285714285714286 1.0 5 17.64204778673635 0.0 0.0 
-6.428571428571429 -0.7142857142857143 1.0 8 12.647358325529197 0.0 0.0 
-6.428571428571429 -0.0 1.0 9 23.682626138095134 0.0 0.0 
-6.428571428571429 0.0 1.0 12 22.416986964978655 0.0 0.0 
-6.428571428571429 0.7142857142857143 1.0 13 28.392751129302958 0.0 0.0 
-6.428571428571429 1.4285714285714286 1.0 21 40.361902534208085 0.0 0.0 
-4.285714285714286 -1.4285714285714286 1.0 5 20.03297686529469 0.0 0.0 
-4.285714285714286 -0.7142857142857143 1.0 8 15.191230796263884 0.0 0.0 
-4.285714285714286 -0.0 1.0 9 27.36607150447254 0.0 0.0 
-4.285714285714286 0.0 1.0 13 27.468300566499543 0.0 0.0 
-4.285714285714286 0.7142857142857143 1.0 15 35.021311905576425 0.0 0.0 
-4.285714285714286 1.4285714285714286 1.0 24 49.507628575751056 0.0 0.0 
-2.142857142857143 -1.4285714285714286 1.0 3 22.089050586842383 0.0 0.0 
-2.142857142857143 -0.7142857142857143 1.0 7 17.46636397623512 0.0 0.0 
-2.142857142857143 -0.0 1.0 9 31.400637478893962 0.0 0.0 
-2.142857142857143 0.0 1.0 22 28.928552527784028 0.0 0.0 
-2.142857142857143 0.7142857142857143 1.0 24 37.77627824276847 0.0 0.0 
-2.142857142857143 1.4285714285714286 1.0 35 55.83906358230834 0.0 0.0 
-0.0 -1.4285714285714286 1.0 1 22.04164883527722 0.0 0.0 
-0.0 -0.7142857142857143 1.0 5 17.336599842594083 0.0 0.0 
-0.0 -0.0 1.0 14 25.784092448696164 0.0 0.0 
-0.0 0.0 1.0 20 30.49679351015864 0.0 0.0 
-0.0 0.7142857142857143 1.0 33 41.46313999855278 0.0 0.0 
-0.0 1.4285714285714286 1.0 47 67.91093972926002 0.0 0.0 
0.0 -1.4285714285714286 1.0 -1 18.201933575144153 0.0 0.0 
0.0 -0.7142857142857143 1.0 3 16.271309681098103 0.0 0.0 
0.0 -0.0 1.0 10 24.986641157188707 0.0 0.0 
0.0 0.0 1.0 18 35.0981222906631 0.0 0.0 
0.0 0.7142857142857143 1.0 35 54.17286286482547 0.0 0.0 
0.0 1.4285714285714286 1.0 64 92.039082701669 0.0 0.0 
2.142857142857143 -1.4285714285714286 1.0 -17 -39.724017359770045 0.0 -0.06104607897938267 
2.142857142857143 -0.7142857142857143 1.0 -2 21.27619073212919 0.0 -0.06104607897938267 
2.142857142857143 -0.0 1.0 0 -112.55883077021812 0.0 -0.06104607897938267 
2.142857142857143 0.0 1.0 9 30.942089365348917 0.0 -0.06104607897938267 
2.142857142857143 0.7142857142857143 1.0 61 -129.43535733226543 0.0 -0.06104607897938267 
4.285714285714286 -0.7142857142857143 1.0 97 366.9328465802854 0.0 0.36998941986145545 
4.285714285714286 -0.0 1.0 74 3.095092464297789 0.0 0.36998941986145545 
4.285714285714286 0.0 1.0 58 919.7561199356539 0.0 0.36998941986145545 
4.285714285714286 0.7142857142857143 1.0 50 144.7436866993761 0.0 0.36998941986145545 
6.428571428571429 0.7142857142857143 1.0 294 642.1278854669453 0.0 0.4209154657139784 
6.428571428571429 1.4285714285714286 1.0 256 88.86258434979854 0.0 0.4209154657139784 
8.571428571428571 2.142857142857143 1.0 484 -277.8987153538923 0.0 -0.9891991183318745 
8.571428571428571 2.857142857142857 1.0 188 -1.4372514914975056 0.0 -0.9891991183318745 
10.714285714285714 2.857142857142857 1.0 -260 -3654.6393632119607 0.0 -4.488682956014717 
10.714285714285714 3.5714285714285716 1.0 -519 -291.84774891455066 0.0 -4.488682956014717 
10.714285714285714 4.285714285714286 1.0 -292 -8920.245147498006 0.0 -4.488682956014717 
12.857142857142858 2.857142857142857 1.0 3863 -5626.044251444534 0.0 -9.69112655004189 
12.857142857142858 3.5714285714285716 1.0 3230 6318.054792597499 0.0 -9.69112655004189 
