-15.0 -0.7142857142857143 1.0 0 -0.2978979239631442 0.0 0.0 
-15.0 -0.0 1.0 0 -0.2783683688646681 0.0 0.0 
-15.0 0.0 1.0 0 -0.2817331584847176 0.0 0.0 
-15.0 0.7142857142857143 1.0 0 -0.25930084750322235 0.0 0.0 
-12.857142857142858 -1.4285714285714286 1.0 0 -0.3347626675216939 0.0 0.0 
-12.857142857142858 -0.7142857142857143 1.0 0 -0.3700562914219422 0.0 0.0 
-12.857142857142858 -0.0 1.0 0 -0.32854205784676127 0.0 0.0 
-12.857142857142858 0.0 1.0 0 -0.3487461959385455 0.0 0.0 
-12.857142857142858 0.7142857142857143 1.0 0 -0.29574424157725665 0.0 0.0 
-12.857142857142858 1.4285714285714286 1.0 0 -0.3145171266874996 0.0 0.0 
-10.714285714285714 -1.4285714285714286 1.0 0 -0.3920959188262772 0.0 0.0 
-10.714285714285714 -0.7142857142857143 1.0 0 -0.43160089024413706 0.0 0.0 
-10.714285714285714 -0.0 1.0 0 -0.38402324809586497 0.0 0.0 
-10.714285714285714 0.0 1.0 0 -0.3950044113442396 0.0 0.0 
-10.714285714285714 0.7142857142857143 1.0 0 -0.34479820991494214 0.0 0.0 
-10.714285714285714 1.4285714285714286 1.0 0 -0.34490371830632993 0.0 0.0 
-8.571428571428571 -1.4285714285714286 1.0 0 -0.44855686110667814 0.0 0.0 
-8.571428571428571 -0.7142857142857143 1.0 0 -0.4806262577243895 0.0 0.0 
-8.571428571428571 -0.0 1.0 0 -0.42285992160286745 0.0 0.0 
-8.571428571428571 0.0 1.0 0 -0.4228414533976316 0.0 0.0 
-8.571428571428571 0.7142857142857143 1.0 0 -0.3608117442401859 0.0 0.0 
-8.571428571428571 1.4285714285714286 1.0 0 -0.3575168953785854 0.0 0.0 
-6.428571428571429 -1.4285714285714286 1.0 0 -0.5151326914631628 0.0 0.0 
-6.428571428571429 -0.7142857142857143 1.0 0 -0.5376742456714938 0.0 0.0 
-6.428571428571429 -0.0 1.0 0 -0.4734289872322456 0.0 0.0 
-6.428571428571429 0.0 1.0 0 -0.4581123755352965 0.0 0.0 
-6.428571428571429 0.7142857142857143 1.0 0 -0.3785343391354722 0.0 0.0 
-6.428571428571429 1.4285714285714286 1.0 0 -0.363774595553133 0.0 0.0 
-4.285714285714286 -1.4285714285714286 1.0 0 -0.5900778359863769 0.0 0.0 
-4.285714285714286 -0.7142857142857143 1.0 0 -0.6022689514059738 0.0 0.0 
-4.285714285714286 -0.0 1.0 0 -0.5330224401465637 0.0 0.0 
-4.285714285714286 0.0 1.0 0 -0.5015418683626911 0.0 0.0 
-4.285714285714286 0.7142857142857143 1.0 0 -0.3956647639210228 0.0 0.0 
-4.285714285714286 1.4285714285714286 1.0 0 -0.36054788423587303 0.0 0.0 
-2.142857142857143 -1.4285714285714286 1.0 0 -0.6552151136200174 0.0 0.0 
-2.142857142857143 -0.7142857142857143 1.0 0 -0.6616222921578513 0.0 0.0 
-2.142857142857143 -0.0 1.0 0 -0.5916016945973317 0.0 0.0 
-2.142857142857143 0.0 1.0 0 -0.5476093849721712 0.0 0.0 
-2.142857142857143 0.7142857142857143 1.0 0 -0.40451982653267177 0.0 0.0 
-2.142857142857143 1.4285714285714286 1.0 0 -0.3382364861894759 0.0 0.0 
-0.0 -1.4285714285714286 1.0 0 -0.6952607202002681 0.0 0.0 
-0.0 -0.7142857142857143 1.0 0 -0.7038758359218253 0.0 0.0 
-0.0 -0.0 1.0 0 -0.6531822115626291 0.0 0.0 
-0.0 0.0 1.0 0 -0.6017518825258759 0.0 0.0 
-0.0 0.7142857142857143 1.0 0 -0.42105772979359274 0.0 0.0 
-0.0 1.4285714285714286 1.0 0 -0.29995228552696507 0.0 0.0 
0.0 -1.4285714285714286 1.0 0 -0.7020268052223358 0.0 0.0 
0.0 -0.7142857142857143 1.0 0 -0.7425335547426991 0.0 0.0 
0.0 -0.0 1.0 0 -0.7293705832266011 0.0 0.0 
0.0 0.0 1.0 0 -0.7097632299668679 0.0 0.0 
0.0 0.7142857142857143 1.0 0 -0.5477009918550689 0.0 0.0 
0.0 1.4285714285714286 1.0 0 -0.23592086737610296 0.0 0.0 
2.142857142857143 -1.4285714285714286 1.0 0 -0.5926339466994243 0.0 -0.060833614793345356 
2.142857142857143 -0.7142857142857143 1.0 0 -0.5793434513845223 0.0 -0.060833614793345356 
2.142857142857143 -0.0 1.0 0 -0.6993432026414571 0.0 -0.060833614793345356 
2.142857142857143 0.0 1.0 0 -0.7053462396442982 0.0 -0.060833614793345356 
2.142857142857143 0.7142857142857143 1.0 0 -0.6604416970281856 0.0 -0.060833614793345356 
4.285714285714286 -0.7142857142857143 1.0 0 -0.45039860829918443 0.0 0.36663663848239153 
4.285714285714286 -0.0 1.0 0 -0.6590891999996781 0.0 0.36663663848239153 
4.285714285714286 0.0 1.0 0 -0.5817163434554508 0.0 0.36663663848239153 
4.285714285714286 0.7142857142857143 1.0 0 -0.12524004871077843 0.0 0.36663663848239153 
6.428571428571429 0.7142857142857143 1.0 0 -0.4839678844587793 0.0 0.4070451712407405 
6.428571428571429 1.4285714285714286 1.0 0 -0.5604046055127346 0.0 0.4070451712407405 
8.571428571428571 2.142857142857143 1.0 -1 -2.8311321824873596 0.0 -1.01763987896465 
8.571428571428571 2.857142857142857 1.0 0 -0.471669347315834 0.0 -1.01763987896465 
10.714285714285714 2.857142857142857 1.0 0 -1.77739912890648 0.0 -4.526764525957047 
10.714285714285714 3.5714285714285716 1.0 1 1.284944797742389 0.0 -4.526764525957047 
10.714285714285714 4.285714285714286 1.0 1 -1.0020612839928855 0.0 -4.526764525957047 
12.857142857142858 2.857142857142857 1.0 1 0.8117335681131643 0.0 -9.721909883401944 
12.857142857142858 3.5714285714285716 1.0 1 1.5633829322188713 0.0 -9.721909883401944 
