-15.0 -0.7142857142857143 1.0 0 -0.06610100950848816 0.0 0.0 
-15.0 -0.0 1.0 0 -0.044893118046756816 0.0 0.0 
-15.0 0.0 1.0 0 -0.0428887500041994 0.0 0.0 
-15.0 0.7142857142857143 1.0 0 -0.023901530334071032 0.0 0.0 
-12.857142857142858 -1.4285714285714286 1.0 0 -0.0769737674468704 0.0 0.0 
-12.857142857142858 -0.7142857142857143 1.0 0 -0.08353209568836772 0.0 0.0 
-12.857142857142858 -0.0 1.0 0 -0.041744236140702766 0.0 0.0 
-12.857142857142858 0.0 1.0 0 -0.040511433797505395 0.0 0.0 
-12.857142857142858 0.7142857142857143 1.0 0 -0.015602458393480404 0.0 0.0 
-12.857142857142858 1.4285714285714286 1.0 0 -0.022038619322111715 0.0 0.0 
-10.714285714285714 -1.4285714285714286 1.0 0 -0.07516071256584811 0.0 0.0 
-10.714285714285714 -0.7142857142857143 1.0 0 -0.0860419959933851 0.0 0.0 
-10.714285714285714 -0.0 1.0 0 -0.04854477876579579 0.0 0.0 
-10.714285714285714 0.0 1.0 0 -0.04124719625603801 0.0 0.0 
-10.714285714285714 0.7142857142857143 1.0 0 -0.025894368850287973 0.0 0.0 
-10.714285714285714 1.4285714285714286 1.0 0 -0.018759285287075385 0.0 0.0 
-8.571428571428571 -1.4285714285714286 1.0 0 -0.08739010112173867 0.0 0.0 
-8.571428571428571 -0.7142857142857143 1.0 0 -0.09154842022627765 0.0 0.0 
-8.571428571428571 -0.0 1.0 0 -0.048674669069306564 0.0 0.0 
-8.571428571428571 0.0 1.0 0 -0.03245773615821229 0.0 0.0 
-8.571428571428571 0.7142857142857143 1.0 0 -0.019875235946223587 0.0 0.0 
-8.571428571428571 1.4285714285714286 1.0 0 -0.012099004128245067 0.0 0.0 
-6.428571428571429 -1.4285714285714286 1.0 0 -0.08981388797056936 0.0 0.0 
-6.428571428571429 -0.7142857142857143 1.0 0 -0.09551139599820485 0.0 0.0 
-6.428571428571429 -0.0 1.0 0 -0.04744610735073332 0.0 0.0 
-6.428571428571429 0.0 1.0 0 -0.024584979474064718 0.0 0.0 
-6.428571428571429 0.7142857142857143 1.0 0 -0.00835866344858632 0.0 0.0 
-6.428571428571429 1.4285714285714286 1.0 0 -0.0010112937172204088 0.0 0.0 
-4.285714285714286 -1.4285714285714286 1.0 0 -0.09077964151552086 0.0 0.0 
-4.285714285714286 -0.7142857142857143 1.0 0 -0.10081582782453118 0.0 0.0 
-4.285714285714286 -0.0 1.0 0 -0.048994829300427915 0.0 0.0 
-4.285714285714286 0.0 1.0 0 -0.019038307077844072 0.0 0.0 
-4.285714285714286 0.7142857142857143 1.0 0 -0.00026394152942827136 0.0 0.0 
-4.285714285714286 1.4285714285714286 1.0 0 0.0076702279947220954 0.0 0.0 
-2.142857142857143 -1.4285714285714286 1.0 0 -0.08905876074144174 0.0 0.0 
-2.142857142857143 -0.7142857142857143 1.0 0 -0.11241510980567113 0.0 0.0 
-2.142857142857143 -0.0 1.0 0 -0.059575799660315135 0.0 0.0 
-2.142857142857143 0.0 1.0 0 -0.019897828343408794 0.0 0.0 
-2.142857142857143 0.7142857142857143 1.0 0 0.0016397724212856481 0.0 0.0 
-2.142857142857143 1.4285714285714286 1.0 0 0.011128435655679898 0.0 0.0 
-0.0 -1.4285714285714286 1.0 0 -0.07123716148019128 0.0 0.0 
-0.0 -0.7142857142857143 1.0 0 -0.1244610455591087 0.0 0.0 
-0.0 -0.0 1.0 0 -0.07906928314355077 0.0 0.0 
-0.0 0.0 1.0 0 -0.029178131149568156 0.0 0.0 
-0.0 0.7142857142857143 1.0 0 -0.010504818198035462 0.0 0.0 
-0.0 1.4285714285714286 1.0 0 0.005808001740134272 0.0 0.0 
0.0 -1.4285714285714286 1.0 0 -0.04419652928349238 0.0 0.0 
0.0 -0.7142857142857143 1.0 0 -0.14445027233620722 0.0 0.0 
0.0 -0.0 1.0 0 -0.11878162759070028 0.0 0.0 
0.0 0.0 1.0 0 -0.07824901539552703 0.0 0.0 
0.0 0.7142857142857143 1.0 0 -0.07753918706090737 0.0 0.0 
0.0 1.4285714285714286 1.0 0 0.0013664039320274235 0.0 0.0 
2.142857142857143 -1.4285714285714286 1.0 0 0.0957920356809954 0.0 -0.060881092108577915 
2.142857142857143 -0.7142857142857143 1.0 0 -0.02062938490161635 0.0 -0.060881092108577915 
2.142857142857143 -0.0 1.0 0 -0.10300064490609769 0.0 -0.060881092108577915 
2.142857142857143 0.0 1.0 0 -0.03272205830457975 0.0 -0.060881092108577915 
2.142857142857143 0.7142857142857143 1.0 0 -0.16635613466161753 0.0 -0.060881092108577915 
4.285714285714286 -0.7142857142857143 1.0 0 0.12802396746185288 0.0 0.36738329003631387 
4.285714285714286 -0.0 1.0 0 -0.0754995106500138 0.0 0.36738329003631387 
4.285714285714286 0.0 1.0 0 0.2071709346125592 0.0 0.36738329003631387 
4.285714285714286 0.7142857142857143 1.0 0 0.22698528700865786 0.0 0.36738329003631387 
6.428571428571429 0.7142857142857143 1.0 0 -0.2528268178416029 0.0 0.41012924091180797 
6.428571428571429 1.4285714285714286 1.0 0 -0.9236977546634414 0.0 0.41012924091180797 
8.571428571428571 2.142857142857143 1.0 0 -2.219612075559117 0.0 -1.0113240540443837 
8.571428571428571 2.857142857142857 1.0 0 -0.04928155971250897 0.0 -1.0113240540443837 
10.714285714285714 2.857142857142857 1.0 0 -2.1736775206789702 0.0 -4.518321434313633 
10.714285714285714 3.5714285714285716 1.0 0 -0.8020350543354722 0.0 -4.518321434313633 
10.714285714285714 4.285714285714286 1.0 0 -2.9013574781788067 0.0 -4.518321434313633 
12.857142857142858 2.857142857142857 1.0 0 -1.2976415237977854 0.0 -9.715111067446475 
12.857142857142858 3.5714285714285716 1.0 0 -0.8438956117281876 0.0 -9.715111067446475 
