-15.0 -0.7142857142857143 1.0 0 -0.030164611383103467 0.0 0.0 
-15.0 -0.0 1.0 0 -0.029157088622973892 0.0 0.0 
-15.0 0.0 1.0 0 -0.028938874212393047 0.0 0.0 
-15.0 0.7142857142857143 1.0 0 -0.027068496271781203 0.0 0.0 
-12.857142857142858 -1.4285714285714286 1.0 0 -0.03291248143925589 0.0 0.0 
-12.857142857142858 -0.7142857142857143 1.0 0 -0.03416191412552868 0.0 0.0 
-12.857142857142858 -0.0 1.0 0 -0.03324806839095056 0.0 0.0 
-12.857142857142858 0.0 1.0 0 -0.0331494219303457 0.0 0.0 
-12.857142857142858 0.7142857142857143 1.0 0 -0.03114143532562825 0.0 0.0 
-12.857142857142858 1.4285714285714286 1.0 0 -0.02933102650061329 0.0 0.0 
-10.714285714285714 -1.4285714285714286 1.0 0 -0.03686996362762052 0.0 0.0 
-10.714285714285714 -0.7142857142857143 1.0 0 -0.03860629276267769 0.0 0.0 
-10.714285714285714 -0.0 1.0 0 -0.03787772042290433 0.0 0.0 
-10.714285714285714 0.0 1.0 0 -0.038097621899186765 0.0 0.0 
-10.714285714285714 0.7142857142857143 1.0 0 -0.03596636865813791 0.0 0.0 
-10.714285714285714 1.4285714285714286 1.0 0 -0.033895285467412585 0.0 0.0 
-8.571428571428571 -1.4285714285714286 1.0 0 -0.041174304060614265 0.0 0.0 
-8.571428571428571 -0.7142857142857143 1.0 0 -0.043552222786260884 0.0 0.0 
-8.571428571428571 -0.0 1.0 0 -0.04321047986871575 0.0 0.0 
-8.571428571428571 0.0 1.0 0 -0.0439651364787129 0.0 0.0 
-8.571428571428571 0.7142857142857143 1.0 0 -0.04185115565119818 0.0 0.0 
-8.571428571428571 1.4285714285714286 1.0 0 -0.03949829362721835 0.0 0.0 
-6.428571428571429 -1.4285714285714286 1.0 0 -0.045735067813157775 0.0 0.0 
-6.428571428571429 -0.7142857142857143 1.0 0 -0.048948455567199844 0.0 0.0 
-6.428571428571429 -0.0 1.0 0 -0.04937399246639024 0.0 0.0 
-6.428571428571429 0.0 1.0 0 -0.051079086547328116 0.0 0.0 
-6.428571428571429 0.7142857142857143 1.0 0 -0.04933724422257517 0.0 0.0 
-6.428571428571429 1.4285714285714286 1.0 0 -0.04675112286073761 0.0 0.0 
-4.285714285714286 -1.4285714285714286 1.0 0 -0.05029519782324327 0.0 0.0 
-4.285714285714286 -0.7142857142857143 1.0 0 -0.054645806256045454 0.0 0.0 
-4.285714285714286 -0.0 1.0 0 -0.05644813967009677 0.0 0.0 
-4.285714285714286 0.0 1.0 0 -0.05989162531079593 0.0 0.0 
-4.285714285714286 0.7142857142857143 1.0 0 -0.059241903881032065 0.0 0.0 
-4.285714285714286 1.4285714285714286 1.0 0 -0.056666804423964975 0.0 0.0 
-2.142857142857143 -1.4285714285714286 1.0 0 -0.05429216961024983 0.0 0.0 
-2.142857142857143 -0.7142857142857143 1.0 0 -0.06017525038636196 0.0 0.0 
-2.142857142857143 -0.0 1.0 0 -0.06430826305332722 0.0 0.0 
-2.142857142857143 0.0 1.0 0 -0.0708906000258492 0.0 0.0 
-2.142857142857143 0.7142857142857143 1.0 0 -0.072816777603592 0.0 0.0 
-2.142857142857143 1.4285714285714286 1.0 0 -0.07095432670417971 0.0 0.0 
-0.0 -1.4285714285714286 1.0 0 -0.05650863551916174 0.0 0.0 
-0.0 -0.7142857142857143 1.0 0 -0.06444633146237458 0.0 0.0 
-0.0 -0.0 1.0 0 -0.07243223774552053 0.0 0.0 
-0.0 0.0 1.0 0 -0.08443198010143929 0.0 0.0 
-0.0 0.7142857142857143 1.0 0 -0.09212649455694678 0.0 0.0 
-0.0 1.4285714285714286 1.0 0 -0.092753689556701 0.0 0.0 
0.0 -1.4285714285714286 1.0 0 -0.05391419590565948 0.0 0.0 
0.0 -0.7142857142857143 1.0 0 -0.06532947546050746 0.0 0.0 
0.0 -0.0 1.0 0 -0.07964406504944947 0.0 0.0 
0.0 0.0 1.0 0 -0.09994807085732763 0.0 0.0 
0.0 0.7142857142857143 1.0 0 -0.12074370055642089 0.0 0.0 
0.0 1.4285714285714286 1.0 0 -0.12823392584538548 0.0 0.0 
2.142857142857143 -1.4285714285714286 1.0 0 -0.047606570598146894 0.0 -0.0610226222792903 
2.142857142857143 -0.7142857142857143 1.0 0 -0.06956237605789167 0.0 -0.0610226222792903 
2.142857142857143 -0.0 1.0 0 -0.10413559181093998 0.0 -0.0610226222792903 
2.142857142857143 0.0 1.0 0 -0.13248770874499305 0.0 -0.0610226222792903 
2.142857142857143 0.7142857142857143 1.0 0 -0.21245789497248668 0.0 -0.0610226222792903 
4.285714285714286 -0.7142857142857143 1.0 0 0.027429795364207685 0.0 0.3696177984496286 
4.285714285714286 -0.0 1.0 0 -0.0009282667358819635 0.0 0.3696177984496286 
4.285714285714286 0.0 1.0 0 0.04118861477283886 0.0 0.3696177984496286 
4.285714285714286 0.7142857142857143 1.0 0 -0.03606933015485089 0.0 0.3696177984496286 
6.428571428571429 0.7142857142857143 1.0 0 -0.1617749388563316 0.0 0.41937534778018 
6.428571428571429 1.4285714285714286 1.0 0 -0.3561655418204833 0.0 0.41937534778018 
8.571428571428571 2.142857142857143 1.0 0 -1.1295401458011423 0.0 -0.9923616695995905 
8.571428571428571 2.857142857142857 1.0 0 -0.6077595002149088 0.0 -0.9923616695995905 
10.714285714285714 2.857142857142857 1.0 0 -1.4300264743422895 0.0 -4.492925351796929 
10.714285714285714 3.5714285714285716 1.0 0 0.1794167991206268 0.0 -4.492925351796929 
10.714285714285714 4.285714285714286 1.0 0 -1.462981769450011 0.0 -4.492925351796929 
12.857142857142858 2.857142857142857 1.0 0 -1.0622621805134624 0.0 -9.69457086055252 
12.857142857142858 3.5714285714285716 1.0 0 -1.074498438505767 0.0 -9.69457086055252 
