-15.0 -0.7142857142857143 1.0 -2 8.028192995670901 0.0 0.0 
-15.0 -0.0 1.0 0 12.553062210603033 0.0 0.0 
-15.0 0.0 1.0 0 9.955534557788294 0.0 0.0 
-15.0 0.7142857142857143 1.0 0 9.80571851477852 0.0 0.0 
-12.857142857142858 -1.4285714285714286 1.0 -7 1.2880469706814637 0.0 0.0 
-12.857142857142858 -0.7142857142857143 1.0 -3 9.003340224652689 0.0 0.0 
-12.857142857142858 -0.0 1.0 2 18.198357928888836 0.0 0.0 
-12.857142857142858 0.0 1.0 2 19.02538759303813 0.0 0.0 
-12.857142857142858 0.7142857142857143 1.0 2 17.404856620001897 0.0 0.0 
-12.857142857142858 1.4285714285714286 1.0 10 36.13458163002761 0.0 0.0 
-10.714285714285714 -1.4285714285714286 1.0 -3 2.738399820276154 0.0 0.0 
-10.714285714285714 -0.7142857142857143 1.0 0 11.651796506958668 0.0 0.0 
-10.714285714285714 -0.0 1.0 4 17.2933077137394 0.0 0.0 
-10.714285714285714 0.0 1.0 3 18.392376645413727 0.0 0.0 
-10.714285714285714 0.7142857142857143 1.0 3 19.700630418128615 0.0 0.0 
-10.714285714285714 1.4285714285714286 1.0 13 42.014290576143516 0.0 0.0 
-8.571428571428571 -1.4285714285714286 1.0 -5 -5.431474600162916 0.0 0.0 
-8.571428571428571 -0.7142857142857143 1.0 0 7.396665823479548 0.0 0.0 
-8.571428571428571 -0.0 1.0 3 9.931076908689391 0.0 0.0 
-8.571428571428571 0.0 1.0 2 10.269670978302454 0.0 0.0 
-8.571428571428571 0.7142857142857143 1.0 4 10.48883851692339 0.0 0.0 
-8.571428571428571 1.4285714285714286 1.0 18 38.37797535520682 0.0 0.0 
-6.428571428571429 -1.4285714285714286 1.0 -4 -15.194689003981528 0.0 0.0 
-6.428571428571429 -0.7142857142857143 1.0 2 -1.7073973469290795 0.0 0.0 
-6.428571428571429 -0.0 1.0 4 -3.36988498844663 0.0 0.0 
-6.428571428571429 0.0 1.0 4 -1.9282841908824078 0.0 0.0 
-6.428571428571429 0.7142857142857143 1.0 8 3.5138014233889727 0.0 0.0 
-6.428571428571429 1.4285714285714286 1.0 22 31.72269460140707 0.0 0.0 
-4.285714285714286 -1.4285714285714286 1.0 0 -2.6076722428598584 0.0 0.0 
-4.285714285714286 -0.7142857142857143 1.0 6 1.735932896668948 0.0 0.0 
-4.285714285714286 -0.0 1.0 4 0.7528675550811501 0.0 0.0 
-4.285714285714286 0.0 1.0 3 -2.7327431663851205 0.0 0.0 
-4.285714285714286 0.7142857142857143 1.0 10 10.838259667891126 0.0 0.0 
-4.285714285714286 1.4285714285714286 1.0 22 34.75962254742215 0.0 0.0 
-2.142857142857143 -1.4285714285714286 1.0 5 -8.499596260088373 0.0 0.0 
-2.142857142857143 -0.7142857142857143 1.0 7 -10.042637659789477 0.0 0.0 
-2.142857142857143 -0.0 1.0 1 -14.75031873292983 0.0 0.0 
-2.142857142857143 0.0 1.0 5 -8.56146128880875 0.0 0.0 
-2.142857142857143 0.7142857142857143 1.0 15 11.023193245276271 0.0 0.0 
-2.142857142857143 1.4285714285714286 1.0 24 30.88376981176637 0.0 0.0 
-0.0 -1.4285714285714286 1.0 9 -19.051088312488794 0.0 0.0 
-0.0 -0.7142857142857143 1.0 1 -26.268029486813592 0.0 0.0 
-0.0 -0.0 1.0 -3 -27.931447800006136 0.0 0.0 
-0.0 0.0 1.0 5 -11.716839734085255 0.0 0.0 
-0.0 0.7142857142857143 1.0 14 5.607566215431248 0.0 0.0 
-0.0 1.4285714285714286 1.0 14 13.464231422551261 0.0 0.0 
0.0 -1.4285714285714286 1.0 0 -26.767180424958358 0.0 0.0 
0.0 -0.7142857142857143 1.0 -13 -41.92132863508782 0.0 0.0 
0.0 -0.0 1.0 -9 -29.110176830622926 0.0 0.0 
0.0 0.0 1.0 5 -8.174325339484026 0.0 0.0 
0.0 0.7142857142857143 1.0 7 2.1939081524149735 0.0 0.0 
0.0 1.4285714285714286 1.0 1 -1.0124696050845579 0.0 0.0 
2.142857142857143 -1.4285714285714286 1.0 -15 -51.42212178741749 0.0 -0.060301483703025516 
2.142857142857143 -0.7142857142857143 1.0 -24 -56.07863486215395 0.0 -0.060301483703025516 
2.142857142857143 -0.0 1.0 -6 -29.550616120825694 0.0 -0.060301483703025516 
2.142857142857143 0.0 1.0 6 -10.399484108480031 0.0 -0.060301483703025516 
2.142857142857143 0.7142857142857143 1.0 0 -12.522680830403072 0.0 -0.060301483703025516 
4.285714285714286 -0.7142857142857143 1.0 -22 -56.98885761784999 0.0 0.3583641720784978 
4.285714285714286 -0.0 1.0 2 -18.596910759682356 0.0 0.3583641720784978 
4.285714285714286 0.0 1.0 4 -11.061826166688913 0.0 0.3583641720784978 
4.285714285714286 0.7142857142857143 1.0 -2 -8.945696213633502 0.0 0.3583641720784978 
6.428571428571429 0.7142857142857143 1.0 -11 -12.756755622072408 0.0 0.37305579405564754 
6.428571428571429 1.4285714285714286 1.0 -10 -10.588594305468682 0.0 0.37305579405564754 
8.571428571428571 2.142857142857143 1.0 -20 -27.671219241085037 0.0 -1.0869448080934418 
8.571428571428571 2.857142857142857 1.0 -41 -55.18898316775153 0.0 -1.0869448080934418 
10.714285714285714 2.857142857142857 1.0 -43 -55.71301856224193 0.0 -4.618896794120348 
10.714285714285714 3.5714285714285716 1.0 -9 -13.42649166265663 0.0 -4.618896794120348 
12.857142857142858 2.857142857142857 1.0 -10 -14.783962352059234 0.0 -9.79511001284561 
