-15.0 -0.7142857142857143 1.0 -8 -25.441416207746443 0.0 0.0 
-15.0 -0.0 1.0 -9 -26.837583945612522 0.0 0.0 
-15.0 0.0 1.0 -3 -23.197479532482262 0.0 0.0 
-15.0 0.7142857142857143 1.0 -6 -34.11584568187146 0.0 0.0 
-12.857142857142858 -1.4285714285714286 1.0 8 5.536499661133327 0.0 0.0 
-12.857142857142858 -0.7142857142857143 1.0 2 -12.337666132592194 0.0 0.0 
-12.857142857142858 -0.0 1.0 -1 -17.72504639861097 0.0 0.0 
-12.857142857142858 0.0 1.0 0 -17.726087009023868 0.0 0.0 
-12.857142857142858 0.7142857142857143 1.0 -8 -35.14309545390577 0.0 0.0 
-12.857142857142858 1.4285714285714286 1.0 -24 -63.194096981430555 0.0 0.0 
-10.714285714285714 -1.4285714285714286 1.0 4 3.0067701442355066 0.0 0.0 
-10.714285714285714 -0.7142857142857143 1.0 -4 -14.776028489138689 0.0 0.0 
-10.714285714285714 -0.0 1.0 -6 -15.945586875430013 0.0 0.0 
-10.714285714285714 0.0 1.0 -3 -12.715954854279964 0.0 0.0 
-10.714285714285714 0.7142857142857143 1.0 -12 -30.99606089910711 0.0 0.0 
-10.714285714285714 1.4285714285714286 1.0 -28 -58.91438087922001 0.0 0.0 
-8.571428571428571 -1.4285714285714286 1.0 -2 3.2453118930343914 0.0 0.0 
-8.571428571428571 -0.7142857142857143 1.0 -7 -8.301970767715769 0.0 0.0 
-8.571428571428571 -0.0 1.0 -6 -5.720614720314646 0.0 0.0 
-8.571428571428571 0.0 1.0 -1 -0.1883629397632154 0.0 0.0 
-8.571428571428571 0.7142857142857143 1.0 -10 -20.052938791964316 0.0 0.0 
-8.571428571428571 1.4285714285714286 1.0 -24 -43.77037896319352 0.0 0.0 
-6.428571428571429 -1.4285714285714286 1.0 -1 24.32078791741919 0.0 0.0 
-6.428571428571429 -0.7142857142857143 1.0 -3 15.919009829325997 0.0 0.0 
-6.428571428571429 -0.0 1.0 0 26.96910680190339 0.0 0.0 
-6.428571428571429 0.0 1.0 0 22.695928944731175 0.0 0.0 
-6.428571428571429 0.7142857142857143 1.0 -13 -3.580578751513876 0.0 0.0 
-6.428571428571429 1.4285714285714286 1.0 -24 -24.2581617387728 0.0 0.0 
-4.285714285714286 -1.4285714285714286 1.0 -4 28.272027347415154 0.0 0.0 
-4.285714285714286 -0.7142857142857143 1.0 -1 29.446508849369707 0.0 0.0 
-4.285714285714286 -0.0 1.0 3 32.33922320829511 0.0 0.0 
-4.285714285714286 0.0 1.0 0 24.200961091830447 0.0 0.0 
-4.285714285714286 0.7142857142857143 1.0 -11 -6.156377413508217 0.0 0.0 
-4.285714285714286 1.4285714285714286 1.0 -14 -6.903028456733978 0.0 0.0 
-2.142857142857143 -1.4285714285714286 1.0 0 18.2524504441407 0.0 0.0 
-2.142857142857143 -0.7142857142857143 1.0 13 33.39305507109637 0.0 0.0 
-2.142857142857143 -0.0 1.0 11 24.32092539054672 0.0 0.0 
-2.142857142857143 0.0 1.0 1 10.239505438979558 0.0 0.0 
-2.142857142857143 0.7142857142857143 1.0 -11 -20.83316001692965 0.0 0.0 
-2.142857142857143 1.4285714285714286 1.0 -6 -7.742665582404648 0.0 0.0 
-0.0 -1.4285714285714286 1.0 12 50.359303204994035 0.0 0.0 
-0.0 -0.7142857142857143 1.0 20 50.399637564844284 0.0 0.0 
-0.0 -0.0 1.0 7 27.237368939629867 0.0 0.0 
-0.0 0.0 1.0 -6 1.8509358454269265 0.0 0.0 
-0.0 0.7142857142857143 1.0 -8 -10.798068706161676 0.0 0.0 
-0.0 1.4285714285714286 1.0 3 7.642758876970687 0.0 0.0 
0.0 -1.4285714285714286 1.0 29 54.93960030333666 0.0 0.0 
0.0 -0.7142857142857143 1.0 28 41.40168252848316 0.0 0.0 
0.0 -0.0 1.0 4 3.8406095543450807 0.0 0.0 
0.0 0.0 1.0 0 -11.991872200272848 0.0 0.0 
0.0 0.7142857142857143 1.0 5 -10.757058247773685 0.0 0.0 
0.0 1.4285714285714286 1.0 17 6.7542314510419335 0.0 0.0 
2.142857142857143 -1.4285714285714286 1.0 51 49.60994329666602 0.0 -0.0602522130143473 
2.142857142857143 -0.7142857142857143 1.0 26 13.4945933185817 0.0 -0.0602522130143473 
2.142857142857143 -0.0 1.0 3 -25.26455592821975 0.0 -0.0602522130143473 
2.142857142857143 0.0 1.0 9 -22.056863713033238 0.0 -0.0602522130143473 
2.142857142857143 0.7142857142857143 1.0 15 -14.341551540891885 0.0 -0.0602522130143473 
4.285714285714286 -0.7142857142857143 1.0 7 -20.602400662713748 0.0 0.35760678707722726 
4.285714285714286 -0.0 1.0 -7 -55.47679998859798 0.0 0.35760678707722726 
4.285714285714286 0.0 1.0 2 -36.55633110089885 0.0 0.35760678707722726 
4.285714285714286 0.7142857142857143 1.0 1 -44.226996824306724 0.0 0.35760678707722726 
6.428571428571429 0.7142857142857143 1.0 -6 -66.87154709734655 0.0 0.36996017519385443 
6.428571428571429 1.4285714285714286 1.0 -4 -57.05118186911023 0.0 0.36996017519385443 
8.571428571428571 2.142857142857143 1.0 18 -0.11945074726266824 0.0 -1.0932294751879519 
8.571428571428571 2.857142857142857 1.0 -3 -37.677670170478855 0.0 -1.0932294751879519 
10.714285714285714 2.857142857142857 1.0 -33 -81.36475788921616 0.0 -4.627204486640319 
10.714285714285714 3.5714285714285716 1.0 -73 -128.00664840984967 0.0 -4.627204486640319 
12.857142857142858 2.857142857142857 1.0 -85 -165.8490489888943 0.0 -9.801619884426945 
