-15.0 -0.7142857142857143 1.0 -8 -14.360394429784616 0.0 0.0 
-15.0 -0.0 1.0 -8 -14.044312981962515 0.0 0.0 
-15.0 0.0 1.0 -6 -15.167633709195858 0.0 0.0 
-15.0 0.7142857142857143 1.0 -5 -14.917139634606148 0.0 0.0 
-12.857142857142858 -1.4285714285714286 1.0 -3 -7.292687998894456 0.0 0.0 
-12.857142857142858 -0.7142857142857143 1.0 -5 -10.678872782658358 0.0 0.0 
-12.857142857142858 -0.0 1.0 -5 -11.402407830606819 0.0 0.0 
-12.857142857142858 0.0 1.0 -4 -11.964150890421188 0.0 0.0 
-12.857142857142858 0.7142857142857143 1.0 -5 -15.396116617728666 0.0 0.0 
-12.857142857142858 1.4285714285714286 1.0 -7 -18.94952043701752 0.0 0.0 
-10.714285714285714 -1.4285714285714286 1.0 -4 -8.56326952046561 0.0 0.0 
-10.714285714285714 -0.7142857142857143 1.0 -7 -12.526895683300413 0.0 0.0 
-10.714285714285714 -0.0 1.0 -6 -12.655154203022484 0.0 0.0 
-10.714285714285714 0.0 1.0 -6 -11.203231226682174 0.0 0.0 
-10.714285714285714 0.7142857142857143 1.0 -6 -13.752356470104123 0.0 0.0 
-10.714285714285714 1.4285714285714286 1.0 -9 -17.61988898803257 0.0 0.0 
-8.571428571428571 -1.4285714285714286 1.0 -7 -8.166056378965846 0.0 0.0 
-8.571428571428571 -0.7142857142857143 1.0 -8 -10.838546519584785 0.0 0.0 
-8.571428571428571 -0.0 1.0 -7 -9.805853407390604 0.0 0.0 
-8.571428571428571 0.0 1.0 -6 -9.421017519794205 0.0 0.0 
-8.571428571428571 0.7142857142857143 1.0 -7 -11.729895373069649 0.0 0.0 
-8.571428571428571 1.4285714285714286 1.0 -8 -13.259885320563313 0.0 0.0 
-6.428571428571429 -1.4285714285714286 1.0 -9 -5.836608052231613 0.0 0.0 
-6.428571428571429 -0.7142857142857143 1.0 -9 -7.163826276617963 0.0 0.0 
-6.428571428571429 -0.0 1.0 -7 -4.922140500641712 0.0 0.0 
-6.428571428571429 0.0 1.0 -6 -4.389343607431744 0.0 0.0 
-6.428571428571429 0.7142857142857143 1.0 -7 -7.60356727192449 0.0 0.0 
-6.428571428571429 1.4285714285714286 1.0 -8 -7.733022756329319 0.0 0.0 
-4.285714285714286 -1.4285714285714286 1.0 -10 -8.094096230556811 0.0 0.0 
-4.285714285714286 -0.7142857142857143 1.0 -8 -6.559385281727007 0.0 0.0 
-4.285714285714286 -0.0 1.0 -5 -4.653066715007155 0.0 0.0 
-4.285714285714286 0.0 1.0 -5 -4.769001579640985 0.0 0.0 
-4.285714285714286 0.7142857142857143 1.0 -7 -8.062747411504127 0.0 0.0 
-4.285714285714286 1.4285714285714286 1.0 -5 -4.4273276840962765 0.0 0.0 
-2.142857142857143 -1.4285714285714286 1.0 -10 -11.578973759920725 0.0 0.0 
-2.142857142857143 -0.7142857142857143 1.0 -6 -5.155536906448281 0.0 0.0 
-2.142857142857143 -0.0 1.0 -4 -4.346125292217589 0.0 0.0 
-2.142857142857143 0.0 1.0 -6 -5.842938530223851 0.0 0.0 
-2.142857142857143 0.7142857142857143 1.0 -7 -9.402527555356668 0.0 0.0 
-2.142857142857143 1.4285714285714286 1.0 -3 -1.6430235708760765 0.0 0.0 
-0.0 -1.4285714285714286 1.0 -9 -7.301070236374384 0.0 0.0 
-0.0 -0.7142857142857143 1.0 -4 0.17684926216166375 0.0 0.0 
-0.0 -0.0 1.0 -4 -2.4859440341790453 0.0 0.0 
-0.0 0.0 1.0 -7 -6.367032949214996 0.0 0.0 
-0.0 0.7142857142857143 1.0 -4 -5.223214807067718 0.0 0.0 
-0.0 1.4285714285714286 1.0 1 5.765261485066548 0.0 0.0 
0.0 -1.4285714285714286 1.0 -5 -5.5258800713600635 0.0 0.0 
0.0 -0.7142857142857143 1.0 0 2.217501115012671 0.0 0.0 
0.0 -0.0 1.0 -3 -6.364921591260126 0.0 0.0 
0.0 0.0 1.0 -6 -8.390854272161727 0.0 0.0 
0.0 0.7142857142857143 1.0 0 -2.111967885379652 0.0 0.0 
0.0 1.4285714285714286 1.0 6 11.676869208633292 0.0 0.0 
2.142857142857143 -1.4285714285714286 1.0 0 -0.8787604672860043 0.0 -0.060399578595428625 
2.142857142857143 -0.7142857142857143 1.0 2 1.3786509944242453 0.0 -0.060399578595428625 
2.142857142857143 -0.0 1.0 -5 -10.613981937772632 0.0 -0.060399578595428625 
2.142857142857143 0.0 1.0 -2 -4.657311372308595 0.0 -0.060399578595428625 
2.142857142857143 0.7142857142857143 1.0 4 6.205397751114419 0.0 -0.060399578595428625 
4.285714285714286 -0.7142857142857143 1.0 0 -6.6649197138562695 0.0 0.35987628753053663 
4.285714285714286 -0.0 1.0 -8 -13.965380382784561 0.0 0.35987628753053663 
4.285714285714286 0.0 1.0 1 -1.4275378146493152 0.0 0.35987628753053663 
4.285714285714286 0.7142857142857143 1.0 9 8.722248751025894 0.0 0.35987628753053663 
6.428571428571429 0.7142857142857143 1.0 6 -0.47076730586531745 0.0 0.37924426270911116 
6.428571428571429 1.4285714285714286 1.0 4 -0.35071174610313527 0.0 0.37924426270911116 
8.571428571428571 2.142857142857143 1.0 9 9.199019823287806 0.0 -1.0743674436330397 
8.571428571428571 2.857142857142857 1.0 14 16.810138538115137 0.0 -1.0743674436330397 
10.714285714285714 2.857142857142857 1.0 8 9.487244333455774 0.0 -4.60224723960087 
10.714285714285714 3.5714285714285716 1.0 -11 -18.865388858862765 0.0 -4.60224723960087 
12.857142857142858 2.857142857142857 1.0 -11 -20.00695259096045 0.0 -9.78201778042427 
