-27.857142857142858 -9.285714285714286 0.0 2 4.325869169045719 0.0 0.0 
-27.857142857142858 -8.571428571428571 0.0 1 4.33425144527795 0.0 0.0 
-27.857142857142858 -7.857142857142858 0.0 2 2.703730528171489 0.0 0.0 
-27.857142857142858 -7.142857142857143 0.0 0 -0.21622786825948026 0.0 0.0 
-27.857142857142858 -6.428571428571429 0.0 0 -3.7077986972140993 0.0 0.0 
-27.857142857142858 -5.714285714285714 0.0 -1 -6.842902842306688 0.0 0.0 
-27.857142857142858 -5.0 0.0 -3 -8.957399055529002 0.0 0.0 
-27.857142857142858 -4.285714285714286 0.0 -3 -10.437606104571714 0.0 0.0 
-27.857142857142858 -3.5714285714285716 0.0 -4 -11.180897772134955 0.0 0.0 
-27.857142857142858 -2.857142857142857 0.0 -4 -11.62646694553953 0.0 0.0 
-27.857142857142858 -2.142857142857143 0.0 -5 -11.52561933920963 0.0 0.0 
-27.857142857142858 -1.4285714285714286 0.0 -5 -11.05474342351294 0.0 0.0 
-27.857142857142858 -0.7142857142857143 0.0 -5 -9.786099296203027 0.0 0.0 
-27.857142857142858 -0.0 0.0 -4 -7.2229786272841485 0.0 0.0 
-27.857142857142858 0.0 0.0 -3 -5.141910327310979 0.0 0.0 
-27.857142857142858 0.7142857142857143 0.0 -3 -2.6229345358370546 0.0 0.0 
-27.857142857142858 1.4285714285714286 0.0 -2 -0.1593594241302121 0.0 0.0 
-27.857142857142858 2.142857142857143 0.0 -1 1.9273978585402691 0.0 0.0 
-27.857142857142858 2.857142857142857 0.0 -1 3.416070907759301 0.0 0.0 
-27.857142857142858 3.5714285714285716 0.0 -1 5.606290690666166 0.0 0.0 
-27.857142857142858 4.285714285714286 0.0 0 6.264201922572781 0.0 0.0 
-27.857142857142858 5.0 0.0 0 6.47002367921416 0.0 0.0 
-27.857142857142858 5.714285714285714 0.0 0 7.220541581074389 0.0 0.0 
-27.857142857142858 6.428571428571429 0.0 1 6.955590883254153 0.0 0.0 
-27.857142857142858 7.142857142857143 0.0 0 4.581333976844067 0.0 0.0 
-27.857142857142858 7.857142857142858 0.0 0 3.973484192045875 0.0 0.0 
-27.857142857142858 8.571428571428571 0.0 0 4.433502893860191 0.0 0.0 
-27.857142857142858 9.285714285714286 0.0 1 4.882414869345882 0.0 0.0 
-25.714285714285715 -9.285714285714286 0.0 2 4.3756135009773836 0.0 0.0 
-25.714285714285715 -8.571428571428571 0.0 2 2.217952656757247 0.0 0.0 
-25.714285714285715 -7.857142857142858 0.0 0 -0.8005623423008323 0.0 0.0 
-25.714285714285715 -7.142857142857143 0.0 0 -5.807685092689344 0.0 0.0 
-25.714285714285715 -6.428571428571429 0.0 -3 -8.869553567949628 0.0 0.0 
-25.714285714285715 -5.714285714285714 0.0 -4 -11.702394791020065 0.0 0.0 
-25.714285714285715 -5.0 0.0 -5 -11.85064551465842 0.0 0.0 
-25.714285714285715 -4.285714285714286 0.0 -6 -12.143034534982906 0.0 0.0 
-25.714285714285715 -3.5714285714285716 0.0 -6 -11.626727435501705 0.0 0.0 
-25.714285714285715 -2.857142857142857 0.0 -5 -10.456657370410321 0.0 0.0 
-25.714285714285715 -2.142857142857143 0.0 -4 -8.030346803618125 0.0 0.0 
-25.714285714285715 -1.4285714285714286 0.0 -3 -6.674037007016554 0.0 0.0 
-25.714285714285715 -0.7142857142857143 0.0 -3 -3.979879460834791 0.0 0.0 
-25.714285714285715 -0.0 0.0 -2 -0.6538833191009967 0.0 0.0 
-25.714285714285715 0.0 0.0 -1 2.513971366163978 0.0 0.0 
-25.714285714285715 0.7142857142857143 0.0 -1 5.021344949925582 0.0 0.0 
-25.714285714285715 1.4285714285714286 0.0 0 7.4672064354272045 0.0 0.0 
-25.714285714285715 2.142857142857143 0.0 0 9.224832142000084 0.0 0.0 
-25.714285714285715 2.857142857142857 0.0 0 10.591666452875016 0.0 0.0 
-25.714285714285715 3.5714285714285716 0.0 1 11.991544988161355 0.0 0.0 
-25.714285714285715 4.285714285714286 0.0 2 11.993811499786874 0.0 0.0 
-25.714285714285715 5.0 0.0 1 10.206801350300944 0.0 0.0 
-25.714285714285715 5.714285714285714 0.0 1 10.196071616168224 0.0 0.0 
-25.714285714285715 6.428571428571429 0.0 3 10.256177539393626 0.0 0.0 
-25.714285714285715 7.142857142857143 0.0 1 7.41591080593673 0.0 0.0 
-25.714285714285715 7.857142857142858 0.0 0 5.531636931555537 0.0 0.0 
-25.714285714285715 8.571428571428571 0.0 1 6.645146567185471 0.0 0.0 
-25.714285714285715 9.285714285714286 0.0 2 10.449956950165888 0.0 0.0 
-23.57142857142857 -9.285714285714286 0.0 2 4.354481420039316 0.0 0.0 
-23.57142857142857 -8.571428571428571 0.0 2 -0.34421667576039816 0.0 0.0 
-23.57142857142857 -7.857142857142858 0.0 0 -4.868062646658954 0.0 0.0 
-23.57142857142857 -7.142857142857143 0.0 -2 -8.663776106056286 0.0 0.0 
-23.57142857142857 -6.428571428571429 0.0 -4 -11.613739287662003 0.0 0.0 
-23.57142857142857 -5.714285714285714 0.0 -6 -12.051353561356894 0.0 0.0 
-23.57142857142857 -5.0 0.0 -6 -11.817049641449376 0.0 0.0 
-23.57142857142857 -4.285714285714286 0.0 -5 -10.501445450111582 0.0 0.0 
-23.57142857142857 -3.5714285714285716 0.0 -5 -8.917097149991566 0.0 0.0 
-23.57142857142857 -2.857142857142857 0.0 -4 -6.762751725730368 0.0 0.0 
-23.57142857142857 -2.142857142857143 0.0 -3 -5.0392521725273625 0.0 0.0 
-23.57142857142857 -1.4285714285714286 0.0 -3 -3.1551165752036487 0.0 0.0 
-23.57142857142857 -0.7142857142857143 0.0 -2 -0.6082319627532602 0.0 0.0 
-23.57142857142857 -0.0 0.0 -2 3.217727357585942 0.0 0.0 
-23.57142857142857 0.0 0.0 0 5.15439273598572 0.0 0.0 
-23.57142857142857 0.7142857142857143 0.0 0 7.427427707260225 0.0 0.0 
-23.57142857142857 1.4285714285714286 0.0 1 8.917663479339218 0.0 0.0 
-23.57142857142857 2.142857142857143 0.0 2 10.159127460966674 0.0 0.0 
-23.57142857142857 2.857142857142857 0.0 2 10.00981908898575 0.0 0.0 
-23.57142857142857 3.5714285714285716 0.0 3 10.728834905778848 0.0 0.0 
-23.57142857142857 4.285714285714286 0.0 4 9.706073416560297 0.0 0.0 
-23.57142857142857 5.0 0.0 4 7.630715237778046 0.0 0.0 
-23.57142857142857 5.714285714285714 0.0 4 7.530254055499494 0.0 0.0 
-23.57142857142857 6.428571428571429 0.0 4 8.337603718544187 0.0 0.0 
-23.57142857142857 7.142857142857143 0.0 1 5.399832713354994 0.0 0.0 
-23.57142857142857 7.857142857142858 0.0 1 2.1223950045964965 0.0 0.0 
-23.57142857142857 8.571428571428571 0.0 0 2.173416631862157 0.0 0.0 
-23.57142857142857 9.285714285714286 0.0 2 6.668109242980426 0.0 0.0 
-21.428571428571427 -9.285714285714286 0.0 3 2.873670213704534 0.0 0.0 
-21.428571428571427 -8.571428571428571 0.0 1 -1.194536531584525 0.0 0.0 
-21.428571428571427 -7.857142857142858 0.0 -2 -6.676275041358866 0.0 0.0 
-21.428571428571427 -7.142857142857143 0.0 -5 -7.405112708748055 0.0 0.0 
-21.428571428571427 -6.428571428571429 0.0 -7 -9.881726121239474 0.0 0.0 
-21.428571428571427 -5.714285714285714 0.0 -7 -7.417468578751675 0.0 0.0 
-21.428571428571427 -5.0 0.0 -6 -7.627511340699871 0.0 0.0 
-21.428571428571427 -4.285714285714286 0.0 -5 -5.462352394375572 0.0 0.0 
-21.428571428571427 -3.5714285714285716 0.0 -4 -5.479010626868689 0.0 0.0 
-21.428571428571427 -2.857142857142857 0.0 -3 -2.94169111347494 0.0 0.0 
-21.428571428571427 -2.142857142857143 0.0 -3 -1.8484912149827846 0.0 0.0 
-21.428571428571427 -1.4285714285714286 0.0 -2 0.03592570590900124 0.0 0.0 
-21.428571428571427 -0.7142857142857143 0.0 -1 1.748929901328193 0.0 0.0 
-21.428571428571427 -0.0 0.0 0 5.03121501061681 0.0 0.0 
-21.428571428571427 0.0 0.0 1 5.791067852869366 0.0 0.0 
-21.428571428571427 0.7142857142857143 0.0 2 7.262369836934132 0.0 0.0 
-21.428571428571427 1.4285714285714286 0.0 3 7.974723164124913 0.0 0.0 
-21.428571428571427 2.142857142857143 0.0 4 9.143835758265375 0.0 0.0 
-21.428571428571427 2.857142857142857 0.0 5 8.022338653503835 0.0 0.0 
-21.428571428571427 3.5714285714285716 0.0 5 9.170109898333772 0.0 0.0 
-21.428571428571427 4.285714285714286 0.0 5 8.664657611153636 0.0 0.0 
-21.428571428571427 5.0 0.0 4 6.581891225121571 0.0 0.0 
-21.428571428571427 5.714285714285714 0.0 3 5.859280066871382 0.0 0.0 
-21.428571428571427 6.428571428571429 0.0 3 6.711511728405734 0.0 0.0 
-21.428571428571427 7.142857142857143 0.0 2 3.672154968594052 0.0 0.0 
-21.428571428571427 7.857142857142858 0.0 1 -0.9302990568249587 0.0 0.0 
-21.428571428571427 8.571428571428571 0.0 0 -0.24909335960373707 0.0 0.0 
-21.428571428571427 9.285714285714286 0.0 0 0.48192850792836905 0.0 0.0 
-19.285714285714285 -9.285714285714286 0.0 1 2.6394846662025464 0.0 0.0 
-19.285714285714285 -8.571428571428571 0.0 -3 -0.7959933794235321 0.0 0.0 
-19.285714285714285 -7.857142857142858 0.0 -6 -4.7997681801900995 0.0 0.0 
-19.285714285714285 -7.142857142857143 0.0 -8 -4.961004614929931 0.0 0.0 
-19.285714285714285 -6.428571428571429 0.0 -8 -5.765999447131627 0.0 0.0 
-19.285714285714285 -5.714285714285714 0.0 -7 -4.864380123535609 0.0 0.0 
-19.285714285714285 -5.0 0.0 -5 -3.486876842479644 0.0 0.0 
-19.285714285714285 -4.285714285714286 0.0 -4 -1.8600607114210526 0.0 0.0 
-19.285714285714285 -3.5714285714285716 0.0 -3 -0.9964574909419639 0.0 0.0 
-19.285714285714285 -2.857142857142857 0.0 -2 0.12520417946277007 0.0 0.0 
-19.285714285714285 -2.142857142857143 0.0 -1 1.091305427440111 0.0 0.0 
-19.285714285714285 -1.4285714285714286 0.0 -1 3.299387201657212 0.0 0.0 
-19.285714285714285 -0.7142857142857143 0.0 0 5.123479458655093 0.0 0.0 
-19.285714285714285 -0.0 0.0 1 6.603541963214281 0.0 0.0 
-19.285714285714285 0.0 0.0 3 7.456929663575748 0.0 0.0 
-19.285714285714285 0.7142857142857143 0.0 4 7.595824519419186 0.0 0.0 
-19.285714285714285 1.4285714285714286 0.0 5 8.707750536514416 0.0 0.0 
-19.285714285714285 2.142857142857143 0.0 6 9.588957322724543 0.0 0.0 
-19.285714285714285 2.857142857142857 0.0 6 8.951027220668443 0.0 0.0 
-19.285714285714285 3.5714285714285716 0.0 5 9.855465248380483 0.0 0.0 
-19.285714285714285 4.285714285714286 0.0 6 9.518150128664995 0.0 0.0 
-19.285714285714285 5.0 0.0 3 6.691312656904627 0.0 0.0 
-19.285714285714285 5.714285714285714 0.0 2 5.783260000947348 0.0 0.0 
-19.285714285714285 6.428571428571429 0.0 3 7.058702244775062 0.0 0.0 
-19.285714285714285 7.142857142857143 0.0 2 4.994251755945264 0.0 0.0 
-19.285714285714285 7.857142857142858 0.0 0 -0.49844849322305973 0.0 0.0 
-19.285714285714285 8.571428571428571 0.0 0 0.9734361091838621 0.0 0.0 
-19.285714285714285 9.285714285714286 0.0 0 0.473360831377283 0.0 0.0 
-17.142857142857142 -9.285714285714286 0.0 -4 1.2127955303006477 0.0 0.0 
-17.142857142857142 -8.571428571428571 0.0 -8 -4.036177555714069 0.0 0.0 
-17.142857142857142 -7.857142857142858 0.0 -10 -4.001645248337541 0.0 0.0 
-17.142857142857142 -7.142857142857143 0.0 -8 -4.2822744059552615 0.0 0.0 
-17.142857142857142 -6.428571428571429 0.0 -7 -1.1213592735357896 0.0 0.0 
-17.142857142857142 -5.714285714285714 0.0 -4 -0.5737286450182015 0.0 0.0 
-17.142857142857142 -5.0 0.0 -3 2.204516543580194 0.0 0.0 
-17.142857142857142 -4.285714285714286 0.0 -1 0.5849103948855205 0.0 0.0 
-17.142857142857142 -3.5714285714285716 0.0 -1 0.6778156471940164 0.0 0.0 
-17.142857142857142 -2.857142857142857 0.0 0 1.5243002652760493 0.0 0.0 
-17.142857142857142 -2.142857142857143 0.0 0 4.524306990255035 0.0 0.0 
-17.142857142857142 -1.4285714285714286 0.0 1 5.323873107652544 0.0 0.0 
-17.142857142857142 -0.7142857142857143 0.0 2 7.171419636251312 0.0 0.0 
-17.142857142857142 -0.0 0.0 4 8.563327267182308 0.0 0.0 
-17.142857142857142 0.0 0.0 4 9.963994385969391 0.0 0.0 
-17.142857142857142 0.7142857142857143 0.0 4 9.662293514907383 0.0 0.0 
-17.142857142857142 1.4285714285714286 0.0 5 10.552345411795052 0.0 0.0 
-17.142857142857142 2.142857142857143 0.0 6 11.31537279451319 0.0 0.0 
-17.142857142857142 2.857142857142857 0.0 5 11.033478040516194 0.0 0.0 
-17.142857142857142 3.5714285714285716 0.0 5 11.502334065854784 0.0 0.0 
-17.142857142857142 4.285714285714286 0.0 5 11.479640489057962 0.0 0.0 
-17.142857142857142 5.0 0.0 2 8.577735915683395 0.0 0.0 
-17.142857142857142 5.714285714285714 0.0 1 7.713657168441473 0.0 0.0 
-17.142857142857142 6.428571428571429 0.0 3 9.398116092689847 0.0 0.0 
-17.142857142857142 7.142857142857143 0.0 2 7.946590333524976 0.0 0.0 
-17.142857142857142 7.857142857142858 0.0 0 0.6856407360668604 0.0 0.0 
-17.142857142857142 8.571428571428571 0.0 0 4.164148825355502 0.0 0.0 
-17.142857142857142 9.285714285714286 0.0 1 4.401933068624761 0.0 0.0 
-15.0 -9.285714285714286 0.0 -8 -2.367826492581109 0.0 0.0 
-15.0 -8.571428571428571 0.0 -10 -5.091726149463119 0.0 0.0 
-15.0 -7.857142857142858 0.0 -8 -1.629743344334596 0.0 0.0 
-15.0 -7.142857142857143 0.0 -6 -1.7925368394569254 0.0 0.0 
-15.0 -6.428571428571429 0.0 -4 0.7205703067205338 0.0 0.0 
-15.0 -5.714285714285714 0.0 -2 0.7986705484405707 0.0 0.0 
-15.0 -5.0 0.0 -1 1.973778650300332 0.0 0.0 
-15.0 -4.285714285714286 0.0 0 0.8010036376493277 0.0 0.0 
-15.0 -3.5714285714285716 0.0 0 1.0854925140293545 0.0 0.0 
-15.0 -2.857142857142857 0.0 0 2.6175702490969566 0.0 0.0 
-15.0 -2.142857142857143 0.0 0 5.924720586052333 0.0 0.0 
-15.0 -1.4285714285714286 0.0 2 5.772859193690334 0.0 0.0 
-15.0 1.4285714285714286 0.0 5 12.50192787610113 0.0 0.0 
-15.0 2.142857142857143 0.0 6 14.081013287627663 0.0 0.0 
-15.0 2.857142857142857 0.0 5 13.606389057728352 0.0 0.0 
-15.0 3.5714285714285716 0.0 5 14.557553736863229 0.0 0.0 
-15.0 4.285714285714286 0.0 4 14.421579276105986 0.0 0.0 
-15.0 5.0 0.0 1 11.091943447336849 0.0 0.0 
-15.0 5.714285714285714 0.0 1 9.745826324019951 0.0 0.0 
-15.0 6.428571428571429 0.0 3 11.705692223480101 0.0 0.0 
-15.0 7.142857142857143 0.0 2 10.373435173811481 0.0 0.0 
-15.0 7.857142857142858 0.0 -1 1.684607772708914 0.0 0.0 
-15.0 8.571428571428571 0.0 -1 5.3864656219822225 0.0 0.0 
-15.0 9.285714285714286 0.0 3 10.172271847342355 0.0 0.0 
-12.857142857142858 -9.285714285714286 0.0 -11 -5.183775888276838 0.0 0.0 
-12.857142857142858 -8.571428571428571 0.0 -8 -7.05872688912482 0.0 0.0 
-12.857142857142858 -7.857142857142858 0.0 -5 -2.069477004705959 0.0 0.0 
-12.857142857142858 -7.142857142857143 0.0 -3 -1.3257029182206743 0.0 0.0 
-12.857142857142858 -6.428571428571429 0.0 0 0.9497295885687818 0.0 0.0 
-12.857142857142858 -5.714285714285714 0.0 1 0.9726669567936543 0.0 0.0 
-12.857142857142858 -5.0 0.0 0 2.18771976706947 0.0 0.0 
-12.857142857142858 -4.285714285714286 0.0 0 -0.2367650913370909 0.0 0.0 
-12.857142857142858 -3.5714285714285716 0.0 -1 -0.5913096528156734 0.0 0.0 
-12.857142857142858 -2.857142857142857 0.0 -1 0.023672183285114556 0.0 0.0 
-12.857142857142858 -2.142857142857143 0.0 -1 2.6530303612355564 0.0 0.0 
-12.857142857142858 2.142857142857143 0.0 7 15.190587887191946 0.0 0.0 
-12.857142857142858 2.857142857142857 0.0 5 15.553395307817226 0.0 0.0 
-12.857142857142858 3.5714285714285716 0.0 5 13.85561694327406 0.0 0.0 
-12.857142857142858 4.285714285714286 0.0 4 15.349714774521319 0.0 0.0 
-12.857142857142858 5.0 0.0 1 9.729942840491972 0.0 0.0 
-12.857142857142858 5.714285714285714 0.0 1 9.590740011046574 0.0 0.0 
-12.857142857142858 6.428571428571429 0.0 2 12.702927552472868 0.0 0.0 
-12.857142857142858 7.142857142857143 0.0 1 10.369309675708843 0.0 0.0 
-12.857142857142858 7.857142857142858 0.0 -2 1.4615001076401821 0.0 0.0 
-12.857142857142858 8.571428571428571 0.0 -2 3.974225317600666 0.0 0.0 
-12.857142857142858 9.285714285714286 0.0 4 12.19906186116788 0.0 0.0 
-10.714285714285714 -9.285714285714286 0.0 -6 -6.613712911445324 0.0 0.0 
-10.714285714285714 -8.571428571428571 0.0 -3 -5.210435608207921 0.0 0.0 
-10.714285714285714 -7.857142857142858 0.0 -2 -2.1866844457175567 0.0 0.0 
-10.714285714285714 -7.142857142857143 0.0 0 -1.5213522971292033 0.0 0.0 
-10.714285714285714 -6.428571428571429 0.0 0 -0.4095041094339198 0.0 0.0 
-10.714285714285714 -5.714285714285714 0.0 -1 -1.6842474032667099 0.0 0.0 
-10.714285714285714 -5.0 0.0 -1 -2.338446961135058 0.0 0.0 
-10.714285714285714 -4.285714285714286 0.0 -2 -5.280949592696182 0.0 0.0 
-10.714285714285714 -3.5714285714285716 0.0 -2 -3.8077949611050395 0.0 0.0 
-10.714285714285714 -2.857142857142857 0.0 -2 -0.35600212278375487 0.0 0.0 
-10.714285714285714 -2.142857142857143 0.0 0 2.757178631260095 0.0 0.0 
-10.714285714285714 2.142857142857143 0.0 6 15.213498640586748 0.0 0.0 
-10.714285714285714 2.857142857142857 0.0 4 13.405063924301405 0.0 0.0 
-10.714285714285714 3.5714285714285716 0.0 3 11.947112496998034 0.0 0.0 
-10.714285714285714 4.285714285714286 0.0 3 13.219573012524235 0.0 0.0 
-10.714285714285714 5.0 0.0 2 7.641858668495996 0.0 0.0 
-10.714285714285714 5.714285714285714 0.0 1 7.481110140331005 0.0 0.0 
-10.714285714285714 6.428571428571429 0.0 2 12.093454850959192 0.0 0.0 
-10.714285714285714 7.142857142857143 0.0 2 6.507018772785426 0.0 0.0 
-10.714285714285714 7.857142857142858 0.0 -3 -1.7282933200927602 0.0 0.0 
-10.714285714285714 8.571428571428571 0.0 -3 -0.06267158189226052 0.0 0.0 
-10.714285714285714 9.285714285714286 0.0 3 8.620254880117535 0.0 0.0 
-8.571428571428571 -9.285714285714286 0.0 -5 -7.965910004902998 0.0 0.0 
-8.571428571428571 -8.571428571428571 0.0 -4 -9.523193689789661 0.0 0.0 
-8.571428571428571 -7.857142857142858 0.0 -2 -5.244763127180641 0.0 0.0 
-8.571428571428571 -7.142857142857143 0.0 0 -5.151070586744458 0.0 0.0 
-8.571428571428571 -6.428571428571429 0.0 0 -3.570280531359996 0.0 0.0 
-8.571428571428571 -5.714285714285714 0.0 0 -4.137111231814995 0.0 0.0 
-8.571428571428571 -5.0 0.0 0 -1.871230265400847 0.0 0.0 
-8.571428571428571 -4.285714285714286 0.0 0 -3.596754033550445 0.0 0.0 
-8.571428571428571 -3.5714285714285716 0.0 -1 -1.6859641938349794 0.0 0.0 
-8.571428571428571 -2.857142857142857 0.0 0 -0.8081831822769083 0.0 0.0 
-8.571428571428571 -2.142857142857143 0.0 0 1.1854813818821368 0.0 0.0 
-8.571428571428571 2.142857142857143 0.0 7 13.300249788902866 0.0 0.0 
-8.571428571428571 2.857142857142857 0.0 3 10.75532813703418 0.0 0.0 
-8.571428571428571 3.5714285714285716 0.0 3 8.763678401906146 0.0 0.0 
-8.571428571428571 4.285714285714286 0.0 2 10.018066466352195 0.0 0.0 
-8.571428571428571 5.0 0.0 0 4.611766719766024 0.0 0.0 
-8.571428571428571 5.714285714285714 0.0 0 4.7573102166741865 0.0 0.0 
-8.571428571428571 6.428571428571429 0.0 3 8.390988508798056 0.0 0.0 
-8.571428571428571 7.142857142857143 0.0 1 2.7763034756312024 0.0 0.0 
-8.571428571428571 7.857142857142858 0.0 -3 -7.198313177815082 0.0 0.0 
-8.571428571428571 8.571428571428571 0.0 -3 -3.983554249283211 0.0 0.0 
-8.571428571428571 9.285714285714286 0.0 1 2.2030864786077395 0.0 0.0 
-6.428571428571429 -9.285714285714286 0.0 -3 -12.421748488569829 0.0 0.0 
-6.428571428571429 -8.571428571428571 0.0 0 -7.429032172243774 0.0 0.0 
-6.428571428571429 -7.857142857142858 0.0 1 -4.4568312519691435 0.0 0.0 
-6.428571428571429 -7.142857142857143 0.0 2 -0.2930883196085108 0.0 0.0 
-6.428571428571429 -6.428571428571429 0.0 0 -1.2572963050122912 0.0 0.0 
-6.428571428571429 -5.714285714285714 0.0 0 -2.263698113897285 0.0 0.0 
-6.428571428571429 -5.0 0.0 0 -4.428404591225153 0.0 0.0 
-6.428571428571429 -4.285714285714286 0.0 -1 -5.427509710256702 0.0 0.0 
-6.428571428571429 -3.5714285714285716 0.0 -2 -5.405202592063006 0.0 0.0 
-6.428571428571429 -2.857142857142857 0.0 -1 -2.4969674137663325 0.0 0.0 
-6.428571428571429 -2.142857142857143 0.0 0 0.2652748631343722 0.0 0.0 
-6.428571428571429 2.142857142857143 0.0 6 10.82805204643785 0.0 0.0 
-6.428571428571429 2.857142857142857 0.0 2 7.069112236372763 0.0 0.0 
-6.428571428571429 3.5714285714285716 0.0 2 5.347979093176027 0.0 0.0 
-6.428571428571429 4.285714285714286 0.0 3 8.363008143629663 0.0 0.0 
-6.428571428571429 5.0 0.0 1 2.9339962644393287 0.0 0.0 
-6.428571428571429 5.714285714285714 0.0 0 3.1820364713788445 0.0 0.0 
-6.428571428571429 6.428571428571429 0.0 2 5.7540771643566915 0.0 0.0 
-6.428571428571429 7.142857142857143 0.0 0 -1.8964661144260866 0.0 0.0 
-6.428571428571429 7.857142857142858 0.0 -5 -12.044858039249206 0.0 0.0 
-6.428571428571429 8.571428571428571 0.0 -4 -6.5218353191175655 0.0 0.0 
-6.428571428571429 9.285714285714286 0.0 0 -2.196978817583294 0.0 0.0 
-4.285714285714286 -9.285714285714286 0.0 1 -6.816940752611238 0.0 0.0 
-4.285714285714286 -8.571428571428571 0.0 1 0.8053681873408602 0.0 0.0 
-4.285714285714286 -7.857142857142858 0.0 1 -0.6353315641972634 0.0 0.0 
-4.285714285714286 -7.142857142857143 0.0 1 1.2867987639843905 0.0 0.0 
-4.285714285714286 -6.428571428571429 0.0 -1 -3.252755377560165 0.0 0.0 
-4.285714285714286 -5.714285714285714 0.0 -1 -2.456032026272201 0.0 0.0 
-4.285714285714286 -5.0 0.0 -1 -4.633097224510376 0.0 0.0 
-4.285714285714286 -4.285714285714286 0.0 -3 -3.451214203874292 0.0 0.0 
-4.285714285714286 -3.5714285714285716 0.0 -3 -4.022551295631882 0.0 0.0 
-4.285714285714286 -2.857142857142857 0.0 -2 -0.9790420608295438 0.0 0.0 
-4.285714285714286 -2.142857142857143 0.0 0 0.3157737090538544 0.0 0.0 
-4.285714285714286 2.142857142857143 0.0 5 10.041579382297737 0.0 0.0 
-4.285714285714286 2.857142857142857 0.0 2 5.229611346838876 0.0 0.0 
-4.285714285714286 3.5714285714285716 0.0 1 4.912806266596105 0.0 0.0 
-4.285714285714286 4.285714285714286 0.0 3 9.022862502934643 0.0 0.0 
-4.285714285714286 5.0 0.0 2 2.665682297790405 0.0 0.0 
-4.285714285714286 5.714285714285714 0.0 0 1.4433395934945024 0.0 0.0 
-4.285714285714286 6.428571428571429 0.0 1 2.910189152785563 0.0 0.0 
-4.285714285714286 7.142857142857143 0.0 -2 -5.888242458338491 0.0 0.0 
-4.285714285714286 7.857142857142858 0.0 -9 -15.65126994236239 0.0 0.0 
-4.285714285714286 8.571428571428571 0.0 -4 -7.411512297132511 0.0 0.0 
-4.285714285714286 9.285714285714286 0.0 0 -2.482065744633024 0.0 0.0 
-2.142857142857143 -9.285714285714286 0.0 0 -5.305382281353888 0.0 0.0 
-2.142857142857143 -8.571428571428571 0.0 -2 -4.007822282884506 0.0 0.0 
-2.142857142857143 -7.857142857142858 0.0 0 -1.370494912936338 0.0 0.0 
-2.142857142857143 -7.142857142857143 0.0 0 -0.153339914754397 0.0 0.0 
-2.142857142857143 -6.428571428571429 0.0 0 -1.324517457595693 0.0 0.0 
-2.142857142857143 -5.714285714285714 0.0 0 -3.5301394392732335 0.0 0.0 
-2.142857142857143 -5.0 0.0 -2 -4.238624217767579 0.0 0.0 
-2.142857142857143 -4.285714285714286 0.0 -2 -5.467215661544056 0.0 0.0 
-2.142857142857143 -3.5714285714285716 0.0 -1 -4.028151965559414 0.0 0.0 
-2.142857142857143 -2.857142857142857 0.0 0 -3.3459975293556 0.0 0.0 
-2.142857142857143 -2.142857142857143 0.0 1 0.5786173915050226 0.0 0.0 
-2.142857142857143 2.142857142857143 0.0 4 7.127130757754027 0.0 0.0 
-2.142857142857143 2.857142857142857 0.0 0 2.243193532424873 0.0 0.0 
-2.142857142857143 3.5714285714285716 0.0 1 4.217874539251775 0.0 0.0 
-2.142857142857143 4.285714285714286 0.0 4 9.097905440434285 0.0 0.0 
-2.142857142857143 5.0 0.0 1 0.7007193135645426 0.0 0.0 
-2.142857142857143 5.714285714285714 0.0 -2 -2.0447556746707964 0.0 0.0 
-2.142857142857143 6.428571428571429 0.0 -1 -2.988219420742092 0.0 0.0 
-2.142857142857143 7.142857142857143 0.0 -5 -11.237787301762577 0.0 0.0 
-2.142857142857143 7.857142857142858 0.0 -11 -19.555722304978612 0.0 0.0 
-2.142857142857143 8.571428571428571 0.0 -4 -7.313596276076954 0.0 0.0 
-2.142857142857143 9.285714285714286 0.0 0 0.06636447532566964 0.0 0.0 
-0.0 -9.285714285714286 0.0 0 -7.60308291054973 0.0 0.0 
-0.0 -8.571428571428571 0.0 0 -1.9847623881589227 0.0 0.0 
-0.0 -7.857142857142858 0.0 1 -1.3415119582165498 0.0 0.0 
-0.0 -7.142857142857143 0.0 1 -1.5398945511317221 0.0 0.0 
-0.0 -6.428571428571429 0.0 1 -3.949485264061538 0.0 0.0 
-0.0 -5.714285714285714 0.0 0 -6.505092947608723 0.0 0.0 
-0.0 -5.0 0.0 -1 -8.390596972473185 0.0 0.0 
-0.0 -4.285714285714286 0.0 0 -7.757421962460741 0.0 0.0 
-0.0 -3.5714285714285716 0.0 0 -5.947001052933427 0.0 0.0 
-0.0 -2.857142857142857 0.0 0 -5.299031968589606 0.0 0.0 
-0.0 -2.142857142857143 0.0 3 0.12951010314815248 0.0 0.0 
-0.0 2.142857142857143 0.0 2 1.6656196296365628 0.0 0.0 
-0.0 2.857142857142857 0.0 0 -0.8600524232924847 0.0 0.0 
-0.0 3.5714285714285716 0.0 2 4.410607985735455 0.0 0.0 
-0.0 4.285714285714286 0.0 3 6.950957194544042 0.0 0.0 
-0.0 5.0 0.0 -2 -5.131866021789765 0.0 0.0 
-0.0 5.714285714285714 0.0 -5 -9.635403284269842 0.0 0.0 
-0.0 6.428571428571429 0.0 -5 -10.563441323263042 0.0 0.0 
-0.0 7.142857142857143 0.0 -9 -16.167186356768024 0.0 0.0 
-0.0 7.857142857142858 0.0 -11 -19.867579089523687 0.0 0.0 
-0.0 8.571428571428571 0.0 -2 -6.861482456377859 0.0 0.0 
-0.0 9.285714285714286 0.0 1 3.2857341794102224 0.0 0.0 
0.0 -9.285714285714286 0.0 0 -4.01453859431235 0.0 0.0 
0.0 -8.571428571428571 0.0 2 -0.5699399624779315 0.0 0.0 
0.0 -7.857142857142858 0.0 2 -3.5520221434967225 0.0 0.0 
0.0 -7.142857142857143 0.0 1 -2.250527385986099 0.0 0.0 
0.0 -6.428571428571429 0.0 1 -6.480805848173627 0.0 0.0 
0.0 -5.714285714285714 0.0 0 -8.447504258088316 0.0 0.0 
0.0 -5.0 0.0 -1 -10.000187691078889 0.0 0.0 
0.0 -4.285714285714286 0.0 0 -6.681003347364338 0.0 0.0 
0.0 -3.5714285714285716 0.0 0 -5.442560501685518 0.0 0.0 
0.0 -2.857142857142857 0.0 0 -4.252803551710717 0.0 0.0 
0.0 -2.142857142857143 0.0 4 1.9454635304140355 0.0 0.0 
0.0 2.142857142857143 0.0 0 -3.1721866599258766 0.0 0.0 
0.0 2.857142857142857 0.0 -1 -1.342671253843395 0.0 0.0 
0.0 3.5714285714285716 0.0 2 3.3281656215421496 0.0 0.0 
0.0 4.285714285714286 0.0 1 2.877450495454319 0.0 0.0 
0.0 5.0 0.0 -5 -12.081455111927136 0.0 0.0 
0.0 5.714285714285714 0.0 -10 -16.496542587713652 0.0 0.0 
0.0 6.428571428571429 0.0 -9 -14.733419876622168 0.0 0.0 
0.0 7.142857142857143 0.0 -10 -17.7916069675227 0.0 0.0 
0.0 7.857142857142858 0.0 -9 -17.01425793032609 0.0 0.0 
0.0 8.571428571428571 0.0 -1 -3.7336842124617675 0.0 0.0 
0.0 9.285714285714286 0.0 2 3.603105425689577 0.0 0.0 
2.142857142857143 -9.285714285714286 0.0 3 -3.9276361965432605 0.0 0.0 
2.142857142857143 -8.571428571428571 0.0 2 -2.143918975925428 0.0 0.0 
2.142857142857143 -7.857142857142858 0.0 2 -4.280635874923579 0.0 0.0 
2.142857142857143 -7.142857142857143 0.0 1 -5.527487276495708 0.0 0.0 
2.142857142857143 -6.428571428571429 0.0 0 -6.711288896401497 0.0 0.0 
2.142857142857143 -5.714285714285714 0.0 -1 -11.66462587037369 0.0 0.0 
2.142857142857143 -5.0 0.0 0 -10.591157349320136 0.0 0.0 
2.142857142857143 -4.285714285714286 0.0 0 -6.704963296360539 0.0 0.0 
2.142857142857143 -3.5714285714285716 0.0 0 -6.201969667464319 0.0 0.0 
2.142857142857143 -2.857142857142857 0.0 2 -4.3365769288631855 0.0 0.0 
2.142857142857143 -2.142857142857143 0.0 6 3.0033585048081726 0.0 0.0 
2.142857142857143 1.4285714285714286 0.0 0 -0.24332997707142034 0.0 0.0 
2.142857142857143 2.142857142857143 0.0 -1 -2.5068141903454486 0.0 0.0 
2.142857142857143 2.857142857142857 0.0 0 -1.1865909971892012 0.0 0.0 
2.142857142857143 3.5714285714285716 0.0 1 3.0153286112148745 0.0 0.0 
2.142857142857143 4.285714285714286 0.0 -2 -5.449878574448997 0.0 0.0 
2.142857142857143 5.0 0.0 -10 -20.278216347721937 0.0 0.0 
2.142857142857143 5.714285714285714 0.0 -15 -25.55980433266542 0.0 0.0 
2.142857142857143 6.428571428571429 0.0 -10 -14.193348878328406 0.0 0.0 
2.142857142857143 7.142857142857143 0.0 -7 -15.320610354902435 0.0 0.0 
2.142857142857143 7.857142857142858 0.0 -3 -10.41004037242005 0.0 0.0 
2.142857142857143 8.571428571428571 0.0 3 -0.0035279119435771555 0.0 0.0 
2.142857142857143 9.285714285714286 0.0 3 2.1670301709764255 0.0 0.0 
4.285714285714286 -9.285714285714286 0.0 5 -0.9961374035288877 0.0 0.0 
4.285714285714286 -8.571428571428571 0.0 4 -0.7867059377912611 0.0 0.0 
4.285714285714286 -7.857142857142858 0.0 2 -5.5301402641047925 0.0 0.0 
4.285714285714286 -7.142857142857143 0.0 0 -7.025202203317336 0.0 0.0 
4.285714285714286 -6.428571428571429 0.0 0 -9.01030318162392 0.0 0.0 
4.285714285714286 -5.714285714285714 0.0 -2 -12.646454149788593 0.0 0.0 
4.285714285714286 -5.0 0.0 -1 -9.817706660375512 0.0 0.0 
4.285714285714286 -4.285714285714286 0.0 2 -4.015732536272111 0.0 0.0 
4.285714285714286 -3.5714285714285716 0.0 1 -6.837499726252842 0.0 0.0 
4.285714285714286 -2.857142857142857 0.0 2 -1.5862206168862734 0.0 0.0 
4.285714285714286 -2.142857142857143 0.0 7 4.047221369084916 0.0 0.0 
4.285714285714286 -1.4285714285714286 0.0 4 0.4959534750343302 0.0 0.0 
4.285714285714286 1.4285714285714286 0.0 -2 -1.8535814280793401 0.0 0.0 
4.285714285714286 2.142857142857143 0.0 0 1.094565134257512 0.0 0.0 
4.285714285714286 2.857142857142857 0.0 0 -0.46166984227560715 0.0 0.0 
4.285714285714286 3.5714285714285716 0.0 -1 -1.8950093425635606 0.0 0.0 
4.285714285714286 4.285714285714286 0.0 -8 -14.469884531473124 0.0 0.0 
4.285714285714286 5.0 0.0 -16 -26.593333822237074 0.0 0.0 
4.285714285714286 5.714285714285714 0.0 -16 -23.81266219037683 0.0 0.0 
4.285714285714286 6.428571428571429 0.0 -4 -6.671789481284401 0.0 0.0 
4.285714285714286 7.142857142857143 0.0 0 -4.683335597350143 0.0 0.0 
4.285714285714286 7.857142857142858 0.0 0 -3.8099875598747097 0.0 0.0 
4.285714285714286 8.571428571428571 0.0 6 7.1800243886746715 0.0 0.0 
4.285714285714286 9.285714285714286 0.0 3 2.5459182758956898 0.0 0.0 
6.428571428571429 -9.285714285714286 0.0 6 -0.5773866619676351 0.0 0.0 
6.428571428571429 -8.571428571428571 0.0 2 -1.2931157009120806 0.0 0.0 
6.428571428571429 -7.857142857142858 0.0 2 -6.992072673256374 0.0 0.0 
6.428571428571429 -7.142857142857143 0.0 0 -6.39828285139153 0.0 0.0 
6.428571428571429 -6.428571428571429 0.0 0 -9.173347819537844 0.0 0.0 
6.428571428571429 -5.714285714285714 0.0 -2 -11.586353158237362 0.0 0.0 
6.428571428571429 -5.0 0.0 -1 -10.297767542025776 0.0 0.0 
6.428571428571429 -4.285714285714286 0.0 0 -5.974003546296948 0.0 0.0 
6.428571428571429 -3.5714285714285716 0.0 -1 -9.720249124947756 0.0 0.0 
6.428571428571429 -2.857142857142857 0.0 2 -1.7318353100781263 0.0 0.0 
6.428571428571429 -2.142857142857143 0.0 9 3.3725555481332172 0.0 0.0 
6.428571428571429 -1.4285714285714286 0.0 1 -0.9035021532401686 0.0 0.0 
6.428571428571429 -0.7142857142857143 0.0 2 1.9022784088144276 0.0 0.0 
6.428571428571429 -0.0 0.0 9 11.071666280866982 0.0 0.0 
6.428571428571429 0.0 0.0 3 5.207949822400003 0.0 0.0 
6.428571428571429 2.142857142857143 0.0 -3 -3.2147300911062833 0.0 0.0 
6.428571428571429 2.857142857142857 0.0 -4 -8.086455305526883 0.0 0.0 
6.428571428571429 3.5714285714285716 0.0 -8 -12.369380493965474 0.0 0.0 
6.428571428571429 4.285714285714286 0.0 -11 -17.13579153816137 0.0 0.0 
6.428571428571429 5.0 0.0 -17 -28.751569087743174 0.0 0.0 
6.428571428571429 5.714285714285714 0.0 -8 -11.292565022682844 0.0 0.0 
6.428571428571429 6.428571428571429 0.0 4 0.7683226842200059 0.0 0.0 
6.428571428571429 7.142857142857143 0.0 3 4.249520983371891 0.0 0.0 
6.428571428571429 7.857142857142858 0.0 0 -4.553304893578754 0.0 0.0 
6.428571428571429 8.571428571428571 0.0 5 5.223517180253701 0.0 0.0 
6.428571428571429 9.285714285714286 0.0 5 0.8999561002103844 0.0 0.0 
8.571428571428571 -9.285714285714286 0.0 6 0.8512583569338101 0.0 0.0 
8.571428571428571 -8.571428571428571 0.0 3 0.04573968954163998 0.0 0.0 
8.571428571428571 -7.857142857142858 0.0 0 -8.15748726871235 0.0 0.0 
8.571428571428571 -7.142857142857143 0.0 -1 -6.680050256130986 0.0 0.0 
8.571428571428571 -6.428571428571429 0.0 0 -10.043089286896775 0.0 0.0 
8.571428571428571 -5.714285714285714 0.0 -2 -11.076152828203512 0.0 0.0 
8.571428571428571 -5.0 0.0 -2 -10.837015358809953 0.0 0.0 
8.571428571428571 -4.285714285714286 0.0 -2 -8.584721111311907 0.0 0.0 
8.571428571428571 -3.5714285714285716 0.0 -3 -11.013733705961153 0.0 0.0 
8.571428571428571 -2.857142857142857 0.0 1 -0.6908127434922129 0.0 0.0 
8.571428571428571 -2.142857142857143 0.0 5 2.2251514683856435 0.0 0.0 
8.571428571428571 -1.4285714285714286 0.0 0 1.9126309228011575 0.0 0.0 
8.571428571428571 -0.7142857142857143 0.0 5 9.604566758941633 0.0 0.0 
8.571428571428571 -0.0 0.0 11 18.617476256545785 0.0 0.0 
8.571428571428571 0.0 0.0 -1 4.143535307202893 0.0 0.0 
8.571428571428571 0.7142857142857143 0.0 -2 -0.6917362108224699 0.0 0.0 
8.571428571428571 1.4285714285714286 0.0 -1 -1.564026271566148 0.0 0.0 
8.571428571428571 3.5714285714285716 0.0 -16 -19.051388918605756 0.0 0.0 
8.571428571428571 4.285714285714286 0.0 -9 -15.105908484272048 0.0 0.0 
8.571428571428571 5.0 0.0 -11 -21.59471274023315 0.0 0.0 
8.571428571428571 5.714285714285714 0.0 6 4.836340892305216 0.0 0.0 
8.571428571428571 6.428571428571429 0.0 14 16.004191815232026 0.0 0.0 
8.571428571428571 7.142857142857143 0.0 6 4.562412443787961 0.0 0.0 
8.571428571428571 7.857142857142858 0.0 1 -0.6282643593740996 0.0 0.0 
8.571428571428571 8.571428571428571 0.0 -2 -4.41009844668153 0.0 0.0 
8.571428571428571 9.285714285714286 0.0 1 -0.5752586003461468 0.0 0.0 
10.714285714285714 -9.285714285714286 0.0 3 -0.010105922023315728 0.0 0.0 
10.714285714285714 -8.571428571428571 0.0 1 -2.755425453256514 0.0 0.0 
10.714285714285714 -7.857142857142858 0.0 0 -9.717721423862137 0.0 0.0 
10.714285714285714 -7.142857142857143 0.0 0 -6.5970072890154565 0.0 0.0 
10.714285714285714 -6.428571428571429 0.0 0 -6.349547277729111 0.0 0.0 
10.714285714285714 -5.714285714285714 0.0 -1 -8.165783585939696 0.0 0.0 
10.714285714285714 -5.0 0.0 -1 -5.824154985838502 0.0 0.0 
10.714285714285714 -4.285714285714286 0.0 0 -5.972617796994476 0.0 0.0 
10.714285714285714 -3.5714285714285716 0.0 -4 -7.2637800557323065 0.0 0.0 
10.714285714285714 -2.857142857142857 0.0 -2 -0.11774198874777975 0.0 0.0 
10.714285714285714 -2.142857142857143 0.0 -5 -1.632285287246667 0.0 0.0 
10.714285714285714 -1.4285714285714286 0.0 -5 -2.3377439664841764 0.0 0.0 
10.714285714285714 -0.7142857142857143 0.0 3 9.67526533108035 0.0 0.0 
10.714285714285714 -0.0 0.0 5 13.09663094037652 0.0 0.0 
10.714285714285714 0.0 0.0 3 11.32745197594482 0.0 0.0 
10.714285714285714 0.7142857142857143 0.0 0 2.180841767396418 0.0 0.0 
10.714285714285714 1.4285714285714286 0.0 -1 2.162999005634669 0.0 0.0 
10.714285714285714 2.142857142857143 0.0 -13 -15.773421960853547 0.0 0.0 
10.714285714285714 4.285714285714286 0.0 -3 -10.130419031940946 0.0 0.0 
10.714285714285714 5.0 0.0 1 -5.315153367808155 0.0 0.0 
10.714285714285714 5.714285714285714 0.0 11 10.866265451286914 0.0 0.0 
10.714285714285714 6.428571428571429 0.0 22 24.480191162085767 0.0 0.0 
10.714285714285714 7.142857142857143 0.0 0 -6.329832568491698 0.0 0.0 
10.714285714285714 7.857142857142858 0.0 2 0.5379395533065408 0.0 0.0 
10.714285714285714 8.571428571428571 0.0 0 -7.5939979114467775 0.0 0.0 
10.714285714285714 9.285714285714286 0.0 -11 -12.493608797451568 0.0 0.0 
12.857142857142858 -9.285714285714286 0.0 3 2.1657108891019057 0.0 0.0 
12.857142857142858 -8.571428571428571 0.0 1 -1.0216928799130782 0.0 0.0 
12.857142857142858 -7.857142857142858 0.0 -1 -8.538770511408408 0.0 0.0 
12.857142857142858 -7.142857142857143 0.0 -4 -6.542192536283012 0.0 0.0 
12.857142857142858 -6.428571428571429 0.0 -3 -7.368985365896076 0.0 0.0 
12.857142857142858 -5.714285714285714 0.0 -7 -10.617982889735408 0.0 0.0 
12.857142857142858 -5.0 0.0 -7 -8.77108798686504 0.0 0.0 
12.857142857142858 -4.285714285714286 0.0 -6 -8.1533781021074 0.0 0.0 
12.857142857142858 -3.5714285714285716 0.0 -5 -3.9676199039776687 0.0 0.0 
12.857142857142858 -2.857142857142857 0.0 0 5.133914707976101 0.0 0.0 
12.857142857142858 -2.142857142857143 0.0 0 6.041565400785577 0.0 0.0 
12.857142857142858 -1.4285714285714286 0.0 -1 5.341488772547162 0.0 0.0 
12.857142857142858 -0.7142857142857143 0.0 3 16.318859379280063 0.0 0.0 
12.857142857142858 -0.0 0.0 -5 3.7867316071270682 0.0 0.0 
12.857142857142858 0.0 0.0 -1 4.9118925338281 0.0 0.0 
12.857142857142858 0.7142857142857143 0.0 0 0.21790584480139952 0.0 0.0 
12.857142857142858 1.4285714285714286 0.0 3 0.8890030939100981 0.0 0.0 
12.857142857142858 2.142857142857143 0.0 5 -3.3901965374455294 0.0 0.0 
12.857142857142858 3.5714285714285716 0.0 0 3.112618944387549 0.0 0.0 
12.857142857142858 4.285714285714286 0.0 0 -6.509680462129297 0.0 0.0 
12.857142857142858 5.0 0.0 6 7.659954292635456 0.0 0.0 
12.857142857142858 5.714285714285714 0.0 8 9.101485906861786 0.0 0.0 
12.857142857142858 6.428571428571429 0.0 10 14.083124359403389 0.0 0.0 
12.857142857142858 7.142857142857143 0.0 0 -5.845686121589762 0.0 0.0 
12.857142857142858 7.857142857142858 0.0 0 -7.278273018050254 0.0 0.0 
12.857142857142858 8.571428571428571 0.0 19 14.001878877973933 0.0 0.0 
12.857142857142858 9.285714285714286 0.0 -9 -12.452892932682328 0.0 0.0 
15.0 -9.285714285714286 0.0 2 5.754401223569128 0.0 0.0 
15.0 -8.571428571428571 0.0 -2 -2.078131381999623 0.0 0.0 
15.0 -7.857142857142858 0.0 -6 -7.892031579239714 0.0 0.0 
15.0 -7.142857142857143 0.0 -9 -10.126560780973463 0.0 0.0 
15.0 -6.428571428571429 0.0 -10 -11.804633310550164 0.0 0.0 
15.0 -5.714285714285714 0.0 -13 -18.546640586182612 0.0 0.0 
15.0 -5.0 0.0 -13 -14.363034414776513 0.0 0.0 
15.0 -4.285714285714286 0.0 -8 -11.755372178156955 0.0 0.0 
15.0 -3.5714285714285716 0.0 -3 -2.549235000842878 0.0 0.0 
15.0 -2.857142857142857 0.0 4 7.218286872089735 0.0 0.0 
15.0 -2.142857142857143 0.0 9 15.367306374896575 0.0 0.0 
15.0 -1.4285714285714286 0.0 10 17.68293129353266 0.0 0.0 
15.0 -0.7142857142857143 0.0 15 25.113472590981054 0.0 0.0 
15.0 -0.0 0.0 0 11.011209981239363 0.0 0.0 
15.0 0.0 0.0 -7 -1.1275437626800766 0.0 0.0 
15.0 0.7142857142857143 0.0 -10 -6.909785856712363 0.0 0.0 
15.0 1.4285714285714286 0.0 -20 -20.70674999916609 0.0 0.0 
15.0 2.142857142857143 0.0 -2 -5.290662936873538 0.0 0.0 
15.0 2.857142857142857 0.0 0 -5.950701953454438 0.0 0.0 
15.0 3.5714285714285716 0.0 11 17.760339996163097 0.0 0.0 
15.0 4.285714285714286 0.0 12 13.119523268354946 0.0 0.0 
15.0 5.0 0.0 9 13.02075484287722 0.0 0.0 
15.0 5.714285714285714 0.0 11 19.761941255127596 0.0 0.0 
15.0 6.428571428571429 0.0 -8 -4.027905699733232 0.0 0.0 
15.0 7.142857142857143 0.0 -7 -2.361006783026026 0.0 0.0 
15.0 7.857142857142858 0.0 -10 -10.772523489495343 0.0 0.0 
15.0 8.571428571428571 0.0 10 15.7984693672804 0.0 0.0 
15.0 9.285714285714286 0.0 14 16.470327496293496 0.0 0.0 
17.142857142857142 -9.285714285714286 0.0 -4 -3.5227035673993607 0.0 0.0 
17.142857142857142 -8.571428571428571 0.0 -8 -13.920777708086728 0.0 0.0 
17.142857142857142 -7.857142857142858 0.0 -8 -11.995737780749186 0.0 0.0 
17.142857142857142 -7.142857142857143 0.0 -7 -11.96980555905148 0.0 0.0 
17.142857142857142 -6.428571428571429 0.0 -3 -6.0308433974391455 0.0 0.0 
17.142857142857142 -5.714285714285714 0.0 -4 -8.45010472751207 0.0 0.0 
17.142857142857142 -5.0 0.0 -1 -1.2166212333724022 0.0 0.0 
17.142857142857142 -4.285714285714286 0.0 0 -0.537308902499948 0.0 0.0 
17.142857142857142 -3.5714285714285716 0.0 0 9.791989048874797 0.0 0.0 
17.142857142857142 -2.857142857142857 0.0 3 14.133942195643211 0.0 0.0 
17.142857142857142 -2.142857142857143 0.0 3 18.239842445768677 0.0 0.0 
17.142857142857142 -1.4285714285714286 0.0 3 17.58643115045394 0.0 0.0 
17.142857142857142 -0.7142857142857143 0.0 3 15.402880387426492 0.0 0.0 
17.142857142857142 -0.0 0.0 0 9.513922505614278 0.0 0.0 
17.142857142857142 0.0 0.0 -7 -6.596917912100625 0.0 0.0 
17.142857142857142 0.7142857142857143 0.0 -5 -4.135474644516323 0.0 0.0 
17.142857142857142 1.4285714285714286 0.0 -14 -15.222914193966652 0.0 0.0 
17.142857142857142 2.142857142857143 0.0 -7 -4.4211619268350795 0.0 0.0 
17.142857142857142 2.857142857142857 0.0 6 5.02006081439515 0.0 0.0 
17.142857142857142 3.5714285714285716 0.0 14 15.744553978365039 0.0 0.0 
17.142857142857142 4.285714285714286 0.0 14 15.519439194144102 0.0 0.0 
17.142857142857142 5.0 0.0 5 6.666447750909214 0.0 0.0 
17.142857142857142 5.714285714285714 0.0 12 19.810240036230628 0.0 0.0 
17.142857142857142 6.428571428571429 0.0 -9 -9.198195844148037 0.0 0.0 
17.142857142857142 7.142857142857143 0.0 -8 -6.64995726887379 0.0 0.0 
17.142857142857142 7.857142857142858 0.0 -5 -5.876848408355635 0.0 0.0 
17.142857142857142 8.571428571428571 0.0 -13 -3.5771160183953583 0.0 0.0 
17.142857142857142 9.285714285714286 0.0 10 11.463411794510726 0.0 0.0 
19.285714285714285 -9.285714285714286 0.0 -4 -9.64330111738128 0.0 0.0 
19.285714285714285 -8.571428571428571 0.0 -2 0.49361900321034735 0.0 0.0 
19.285714285714285 -7.857142857142858 0.0 -3 -5.073414138570025 0.0 0.0 
19.285714285714285 -7.142857142857143 0.0 -3 0.8242980283247068 0.0 0.0 
19.285714285714285 -6.428571428571429 0.0 -6 -2.4138672711136664 0.0 0.0 
19.285714285714285 -5.714285714285714 0.0 -6 -1.034683403444042 0.0 0.0 
19.285714285714285 -5.0 0.0 -4 2.9414440447180255 0.0 0.0 
19.285714285714285 -4.285714285714286 0.0 -5 6.739435666878599 0.0 0.0 
19.285714285714285 -3.5714285714285716 0.0 -3 9.601139381373248 0.0 0.0 
19.285714285714285 -2.857142857142857 0.0 -1 12.883442320560144 0.0 0.0 
19.285714285714285 -2.142857142857143 0.0 -5 8.84608300755764 0.0 0.0 
19.285714285714285 -1.4285714285714286 0.0 -1 14.480812834057499 0.0 0.0 
19.285714285714285 -0.7142857142857143 0.0 -3 7.1997192808248425 0.0 0.0 
19.285714285714285 -0.0 0.0 1 11.624801569505735 0.0 0.0 
19.285714285714285 0.0 0.0 -1 2.0905066693754293 0.0 0.0 
19.285714285714285 0.7142857142857143 0.0 3 7.696747070627108 0.0 0.0 
19.285714285714285 1.4285714285714286 0.0 8 10.75484148532407 0.0 0.0 
19.285714285714285 2.142857142857143 0.0 6 9.790657465672567 0.0 0.0 
19.285714285714285 2.857142857142857 0.0 13 22.43343125906841 0.0 0.0 
19.285714285714285 3.5714285714285716 0.0 6 15.587705484537775 0.0 0.0 
19.285714285714285 4.285714285714286 0.0 4 16.617015865379347 0.0 0.0 
19.285714285714285 5.0 0.0 -4 2.2924916839743075 0.0 0.0 
19.285714285714285 5.714285714285714 0.0 1 12.00861509369211 0.0 0.0 
19.285714285714285 6.428571428571429 0.0 -4 1.6374559481458117 0.0 0.0 
19.285714285714285 7.142857142857143 0.0 0 4.518461678662401 0.0 0.0 
19.285714285714285 7.857142857142858 0.0 10 18.327017620977365 0.0 0.0 
19.285714285714285 8.571428571428571 0.0 -5 7.519651469657553 0.0 0.0 
19.285714285714285 9.285714285714286 0.0 -1 13.372437833982762 0.0 0.0 
21.428571428571427 -9.285714285714286 0.0 -1 13.80368447528634 0.0 0.0 
21.428571428571427 -8.571428571428571 0.0 -9 3.5175914040850422 0.0 0.0 
21.428571428571427 -7.857142857142858 0.0 -19 -7.1479378915350935 0.0 0.0 
21.428571428571427 -7.142857142857143 0.0 -21 -6.518812169281787 0.0 0.0 
21.428571428571427 -6.428571428571429 0.0 -21 -11.838438499760237 0.0 0.0 
21.428571428571427 -5.714285714285714 0.0 -20 -10.226562411438366 0.0 0.0 
21.428571428571427 -5.0 0.0 -13 -6.45354163515773 0.0 0.0 
21.428571428571427 -4.285714285714286 0.0 -3 8.080581946132973 0.0 0.0 
21.428571428571427 -3.5714285714285716 0.0 8 19.975444264698485 0.0 0.0 
21.428571428571427 -2.857142857142857 0.0 19 38.09555805821893 0.0 0.0 
21.428571428571427 -2.142857142857143 0.0 15 33.17927148071234 0.0 0.0 
21.428571428571427 -1.4285714285714286 0.0 15 34.054639691540416 0.0 0.0 
21.428571428571427 -0.7142857142857143 0.0 2 14.005847694629818 0.0 0.0 
21.428571428571427 -0.0 0.0 -2 6.4893982389210265 0.0 0.0 
21.428571428571427 0.0 0.0 -1 -0.28648308302742365 0.0 0.0 
21.428571428571427 0.7142857142857143 0.0 0 2.6568704664387957 0.0 0.0 
21.428571428571427 1.4285714285714286 0.0 13 19.815642758087094 0.0 0.0 
21.428571428571427 2.142857142857143 0.0 11 17.096070076387306 0.0 0.0 
21.428571428571427 2.857142857142857 0.0 13 26.841458685466545 0.0 0.0 
21.428571428571427 3.5714285714285716 0.0 2 11.611313715453878 0.0 0.0 
21.428571428571427 4.285714285714286 0.0 -3 6.628374328727066 0.0 0.0 
21.428571428571427 5.0 0.0 -7 -0.5449887738936878 0.0 0.0 
21.428571428571427 5.714285714285714 0.0 -8 -4.3677420393337405 0.0 0.0 
21.428571428571427 6.428571428571429 0.0 -5 0.8564678573731452 0.0 0.0 
21.428571428571427 7.142857142857143 0.0 -2 -2.2184172991503557 0.0 0.0 
21.428571428571427 7.857142857142858 0.0 8 16.696403128245908 0.0 0.0 
21.428571428571427 8.571428571428571 0.0 4 9.416961759584606 0.0 0.0 
21.428571428571427 9.285714285714286 0.0 4 17.00586680156257 0.0 0.0 
23.57142857142857 -9.285714285714286 0.0 -22 -14.160774578415964 0.0 0.0 
23.57142857142857 -8.571428571428571 0.0 -23 -34.904074528320834 0.0 0.0 
23.57142857142857 -7.857142857142858 0.0 -20 -16.625991570062716 0.0 0.0 
23.57142857142857 -7.142857142857143 0.0 -12 -25.467573219913138 0.0 0.0 
23.57142857142857 -6.428571428571429 0.0 -4 -9.610275613205378 0.0 0.0 
23.57142857142857 -5.714285714285714 0.0 2 -8.235748685966776 0.0 0.0 
23.57142857142857 -5.0 0.0 12 14.106430443213739 0.0 0.0 
23.57142857142857 -4.285714285714286 0.0 16 18.155839334906535 0.0 0.0 
23.57142857142857 -3.5714285714285716 0.0 14 27.808488195635928 0.0 0.0 
23.57142857142857 -2.857142857142857 0.0 14 21.825044580701814 0.0 0.0 
23.57142857142857 -2.142857142857143 0.0 10 21.302002441998063 0.0 0.0 
23.57142857142857 -1.4285714285714286 0.0 12 15.723252872032038 0.0 0.0 
23.57142857142857 -0.7142857142857143 0.0 10 18.578047580807798 0.0 0.0 
23.57142857142857 -0.0 0.0 5 6.179540384603127 0.0 0.0 
23.57142857142857 0.0 0.0 7 10.806466165355062 0.0 0.0 
23.57142857142857 0.7142857142857143 0.0 0 0.5399393754625921 0.0 0.0 
23.57142857142857 1.4285714285714286 0.0 4 12.23154825892767 0.0 0.0 
23.57142857142857 2.142857142857143 0.0 1 7.398991936652335 0.0 0.0 
23.57142857142857 2.857142857142857 0.0 4 14.541744703686858 0.0 0.0 
23.57142857142857 3.5714285714285716 0.0 3 11.176068816300727 0.0 0.0 
23.57142857142857 4.285714285714286 0.0 0 5.478353357134974 0.0 0.0 
23.57142857142857 5.0 0.0 3 9.121673647858138 0.0 0.0 
23.57142857142857 5.714285714285714 0.0 -4 -3.991656154399241 0.0 0.0 
23.57142857142857 6.428571428571429 0.0 -2 2.8981132311302185 0.0 0.0 
23.57142857142857 7.142857142857143 0.0 -3 -5.080233990441932 0.0 0.0 
23.57142857142857 7.857142857142858 0.0 -1 2.455570609662011 0.0 0.0 
23.57142857142857 8.571428571428571 0.0 -1 -0.9982650714338359 0.0 0.0 
23.57142857142857 9.285714285714286 0.0 3 7.446695154772229 0.0 0.0 
25.714285714285715 -9.285714285714286 0.0 -6 -15.403348601913429 0.0 0.0 
25.714285714285715 -8.571428571428571 0.0 -4 -10.811014665605997 0.0 0.0 
25.714285714285715 -7.857142857142858 0.0 -5 -22.828866854908576 0.0 0.0 
25.714285714285715 -7.142857142857143 0.0 3 1.3646630296954338 0.0 0.0 
25.714285714285715 -6.428571428571429 0.0 7 8.136776745572622 0.0 0.0 
25.714285714285715 -5.714285714285714 0.0 12 28.36851395215581 0.0 0.0 
25.714285714285715 -5.0 0.0 14 24.7447938678852 0.0 0.0 
25.714285714285715 -4.285714285714286 0.0 12 31.678443093848458 0.0 0.0 
25.714285714285715 -3.5714285714285716 0.0 12 26.402839910841944 0.0 0.0 
25.714285714285715 -2.857142857142857 0.0 9 27.42887455230494 0.0 0.0 
25.714285714285715 -2.142857142857143 0.0 5 19.532754569180845 0.0 0.0 
25.714285714285715 -1.4285714285714286 0.0 -1 6.662971301724863 0.0 0.0 
25.714285714285715 -0.7142857142857143 0.0 -3 -0.2604558956405798 0.0 0.0 
25.714285714285715 -0.0 0.0 -4 -10.151564342959269 0.0 0.0 
25.714285714285715 0.0 0.0 2 -0.8619957350826501 0.0 0.0 
25.714285714285715 0.7142857142857143 0.0 7 4.778007472138446 0.0 0.0 
25.714285714285715 1.4285714285714286 0.0 10 11.959300211900686 0.0 0.0 
25.714285714285715 2.142857142857143 0.0 7 12.469171526231808 0.0 0.0 
25.714285714285715 2.857142857142857 0.0 1 0.7193981731730315 0.0 0.0 
25.714285714285715 3.5714285714285716 0.0 -1 -1.8191408563546663 0.0 0.0 
25.714285714285715 4.285714285714286 0.0 -7 -17.380518765274225 0.0 0.0 
25.714285714285715 5.0 0.0 -2 -6.331340004160432 0.0 0.0 
25.714285714285715 5.714285714285714 0.0 -2 -13.174082075925583 0.0 0.0 
25.714285714285715 6.428571428571429 0.0 1 -2.6769990443965637 0.0 0.0 
25.714285714285715 7.142857142857143 0.0 2 -3.687003907819338 0.0 0.0 
25.714285714285715 7.857142857142858 0.0 0 -4.3700250302024735 0.0 0.0 
25.714285714285715 8.571428571428571 0.0 -1 -6.563999681310884 0.0 0.0 
25.714285714285715 9.285714285714286 0.0 -2 -11.9628489596691 0.0 0.0 
27.857142857142858 -9.285714285714286 0.0 -3 -6.833792745861498 0.0 0.0 
27.857142857142858 -8.571428571428571 0.0 -1 -15.519975298573147 0.0 0.0 
27.857142857142858 -7.857142857142858 0.0 -1 -0.31991644130421726 0.0 0.0 
27.857142857142858 -7.142857142857143 0.0 0 5.609385321162577 0.0 0.0 
27.857142857142858 -6.428571428571429 0.0 -1 11.422587382744643 0.0 0.0 
27.857142857142858 -5.714285714285714 0.0 2 13.86743501552732 0.0 0.0 
27.857142857142858 -5.0 0.0 7 22.71462380055199 0.0 0.0 
27.857142857142858 -4.285714285714286 0.0 10 26.866578821749634 0.0 0.0 
27.857142857142858 -3.5714285714285716 0.0 13 28.819730702065904 0.0 0.0 
27.857142857142858 -2.857142857142857 0.0 9 17.90415931356763 0.0 0.0 
27.857142857142858 -2.142857142857143 0.0 8 10.23634337767247 0.0 0.0 
27.857142857142858 -1.4285714285714286 0.0 5 -0.31454585677101576 0.0 0.0 
27.857142857142858 -0.7142857142857143 0.0 7 -0.6971184886595694 0.0 0.0 
27.857142857142858 -0.0 0.0 7 1.4732155677034378 0.0 0.0 
27.857142857142858 0.0 0.0 10 5.22506778482208 0.0 0.0 
27.857142857142858 0.7142857142857143 0.0 10 11.409434162731909 0.0 0.0 
27.857142857142858 1.4285714285714286 0.0 4 3.5782713022822996 0.0 0.0 
27.857142857142858 2.142857142857143 0.0 0 2.397744453703174 0.0 0.0 
27.857142857142858 2.857142857142857 0.0 -3 -9.253804334921556 0.0 0.0 
27.857142857142858 3.5714285714285716 0.0 -3 -6.783192198961183 0.0 0.0 
27.857142857142858 4.285714285714286 0.0 -4 -9.07325246384078 0.0 0.0 
27.857142857142858 5.0 0.0 -2 -6.424622436384819 0.0 0.0 
27.857142857142858 5.714285714285714 0.0 0 -0.37618576708132423 0.0 0.0 
27.857142857142858 6.428571428571429 0.0 0 -2.098637106372983 0.0 0.0 
27.857142857142858 7.142857142857143 0.0 4 7.819938816335053 0.0 0.0 
27.857142857142858 7.857142857142858 0.0 1 0.2580128638577788 0.0 0.0 
27.857142857142858 8.571428571428571 0.0 1 5.067437793060139 0.0 0.0 
27.857142857142858 9.285714285714286 0.0 -1 -5.119523286190463 0.0 0.0 
