-27.857142857142858 -9.285714285714286 0.0 0 -1.0991098542288713 0.0 0.0 
-27.857142857142858 -8.571428571428571 0.0 -1 -2.597804795623767 0.0 0.0 
-27.857142857142858 -7.857142857142858 0.0 -2 -4.073903940987661 0.0 0.0 
-27.857142857142858 -7.142857142857143 0.0 -2 -5.63008774367866 0.0 0.0 
-27.857142857142858 -6.428571428571429 0.0 -3 -6.7259680400251565 0.0 0.0 
-27.857142857142858 -5.714285714285714 0.0 -4 -7.796748645380742 0.0 0.0 
-27.857142857142858 -5.0 0.0 -4 -8.300281710582166 0.0 0.0 
-27.857142857142858 -4.285714285714286 0.0 -5 -8.49799968464143 0.0 0.0 
-27.857142857142858 -3.5714285714285716 0.0 -6 -8.439774410565427 0.0 0.0 
-27.857142857142858 -2.857142857142857 0.0 -5 -8.598429092120586 0.0 0.0 
-27.857142857142858 -2.142857142857143 0.0 -6 -8.534785281190235 0.0 0.0 
-27.857142857142858 -1.4285714285714286 0.0 -6 -8.616098842563694 0.0 0.0 
-27.857142857142858 -0.7142857142857143 0.0 -7 -8.865061296859091 0.0 0.0 
-27.857142857142858 -0.0 0.0 -8 -9.285948507645875 0.0 0.0 
-27.857142857142858 0.0 0.0 -8 -9.699210745407115 0.0 0.0 
-27.857142857142858 0.7142857142857143 0.0 -9 -9.93162655849784 0.0 0.0 
-27.857142857142858 1.4285714285714286 0.0 -9 -9.799756756059363 0.0 0.0 
-27.857142857142858 2.142857142857143 0.0 -9 -9.228071461199878 0.0 0.0 
-27.857142857142858 2.857142857142857 0.0 -8 -8.242989400261347 0.0 0.0 
-27.857142857142858 3.5714285714285716 0.0 -9 -6.631793254031242 0.0 0.0 
-27.857142857142858 4.285714285714286 0.0 -8 -5.117195902908017 0.0 0.0 
-27.857142857142858 5.0 0.0 -7 -3.6077629852584003 0.0 0.0 
-27.857142857142858 5.714285714285714 0.0 -6 -1.9671733565660485 0.0 0.0 
-27.857142857142858 6.428571428571429 0.0 -5 -0.7684847795339369 0.0 0.0 
-27.857142857142858 7.142857142857143 0.0 -4 0.16239596528264322 0.0 0.0 
-27.857142857142858 7.857142857142858 0.0 -3 1.085015645000209 0.0 0.0 
-27.857142857142858 8.571428571428571 0.0 -3 3.624128062612229 0.0 0.0 
-27.857142857142858 9.285714285714286 0.0 -1 7.950391717496954 0.0 0.0 
-25.714285714285715 -9.285714285714286 0.0 0 -0.874507570199456 0.0 0.0 
-25.714285714285715 -8.571428571428571 0.0 -1 -2.6000351011465654 0.0 0.0 
-25.714285714285715 -7.857142857142858 0.0 -2 -4.377049150760956 0.0 0.0 
-25.714285714285715 -7.142857142857143 0.0 -3 -6.102490915324141 0.0 0.0 
-25.714285714285715 -6.428571428571429 0.0 -4 -7.314267491977535 0.0 0.0 
-25.714285714285715 -5.714285714285714 0.0 -5 -7.824069577684888 0.0 0.0 
-25.714285714285715 -5.0 0.0 -5 -8.398637479930565 0.0 0.0 
-25.714285714285715 -4.285714285714286 0.0 -5 -8.31196739846558 0.0 0.0 
-25.714285714285715 -3.5714285714285716 0.0 -5 -7.965781605959067 0.0 0.0 
-25.714285714285715 -2.857142857142857 0.0 -5 -7.1875453476003965 0.0 0.0 
-25.714285714285715 -2.142857142857143 0.0 -5 -6.358391477939959 0.0 0.0 
-25.714285714285715 -1.4285714285714286 0.0 -4 -6.303765376079978 0.0 0.0 
-25.714285714285715 -0.7142857142857143 0.0 -5 -6.276949026809556 0.0 0.0 
-25.714285714285715 -0.0 0.0 -5 -6.548029918461094 0.0 0.0 
-25.714285714285715 0.0 0.0 -6 -6.926299355767543 0.0 0.0 
-25.714285714285715 0.7142857142857143 0.0 -6 -7.164008928034013 0.0 0.0 
-25.714285714285715 1.4285714285714286 0.0 -7 -6.4571207922916924 0.0 0.0 
-25.714285714285715 2.142857142857143 0.0 -7 -5.498338995082843 0.0 0.0 
-25.714285714285715 2.857142857142857 0.0 -6 -3.9569543503867735 0.0 0.0 
-25.714285714285715 3.5714285714285716 0.0 -6 -2.3057032400879347 0.0 0.0 
-25.714285714285715 4.285714285714286 0.0 -5 -0.5174931448258224 0.0 0.0 
-25.714285714285715 5.0 0.0 -4 1.8975114317373993 0.0 0.0 
-25.714285714285715 5.714285714285714 0.0 -3 3.5167059814005786 0.0 0.0 
-25.714285714285715 6.428571428571429 0.0 -2 4.731615151942216 0.0 0.0 
-25.714285714285715 7.142857142857143 0.0 -1 5.400785971480398 0.0 0.0 
-25.714285714285715 7.857142857142858 0.0 -2 5.934143802531796 0.0 0.0 
-25.714285714285715 8.571428571428571 0.0 -1 8.74387430765836 0.0 0.0 
-25.714285714285715 9.285714285714286 0.0 3 17.326330225466954 0.0 0.0 
-23.57142857142857 -9.285714285714286 0.0 0 -0.9039716467542728 0.0 0.0 
-23.57142857142857 -8.571428571428571 0.0 -1 -2.8290079169145086 0.0 0.0 
-23.57142857142857 -7.857142857142858 0.0 -3 -4.813551051020672 0.0 0.0 
-23.57142857142857 -7.142857142857143 0.0 -3 -6.600519581436086 0.0 0.0 
-23.57142857142857 -6.428571428571429 0.0 -5 -7.867199687557573 0.0 0.0 
-23.57142857142857 -5.714285714285714 0.0 -5 -9.166568443373333 0.0 0.0 
-23.57142857142857 -5.0 0.0 -6 -9.366336905132632 0.0 0.0 
-23.57142857142857 -4.285714285714286 0.0 -6 -8.708275413082358 0.0 0.0 
-23.57142857142857 -3.5714285714285716 0.0 -5 -8.315060919901326 0.0 0.0 
-23.57142857142857 -2.857142857142857 0.0 -5 -7.133124052459536 0.0 0.0 
-23.57142857142857 -2.142857142857143 0.0 -5 -6.094177750751473 0.0 0.0 
-23.57142857142857 -1.4285714285714286 0.0 -4 -5.175744757923936 0.0 0.0 
-23.57142857142857 -0.7142857142857143 0.0 -5 -5.084081964107826 0.0 0.0 
-23.57142857142857 -0.0 0.0 -5 -5.657113578667859 0.0 0.0 
-23.57142857142857 0.0 0.0 -6 -6.552344380391994 0.0 0.0 
-23.57142857142857 0.7142857142857143 0.0 -7 -7.121443337280262 0.0 0.0 
-23.57142857142857 1.4285714285714286 0.0 -8 -7.232255495911218 0.0 0.0 
-23.57142857142857 2.142857142857143 0.0 -8 -6.534514788518663 0.0 0.0 
-23.57142857142857 2.857142857142857 0.0 -8 -4.335883832406861 0.0 0.0 
-23.57142857142857 3.5714285714285716 0.0 -6 -2.009414676595501 0.0 0.0 
-23.57142857142857 4.285714285714286 0.0 -5 0.5201268661467449 0.0 0.0 
-23.57142857142857 5.0 0.0 -4 3.3508393826872744 0.0 0.0 
-23.57142857142857 5.714285714285714 0.0 -3 5.436899156598571 0.0 0.0 
-23.57142857142857 6.428571428571429 0.0 -1 7.128854122839435 0.0 0.0 
-23.57142857142857 7.142857142857143 0.0 -1 8.797362225645196 0.0 0.0 
-23.57142857142857 7.857142857142858 0.0 -1 8.33984073244775 0.0 0.0 
-23.57142857142857 8.571428571428571 0.0 0 10.390922726609789 0.0 0.0 
-23.57142857142857 9.285714285714286 0.0 5 22.415234066162977 0.0 0.0 
-21.428571428571427 -9.285714285714286 0.0 0 -0.5206468568099585 0.0 0.0 
-21.428571428571427 -8.571428571428571 0.0 -2 -2.9655427340157114 0.0 0.0 
-21.428571428571427 -7.857142857142858 0.0 -4 -5.048477816902812 0.0 0.0 
-21.428571428571427 -7.142857142857143 0.0 -5 -7.362558558786894 0.0 0.0 
-21.428571428571427 -6.428571428571429 0.0 -6 -8.681118714346232 0.0 0.0 
-21.428571428571427 -5.714285714285714 0.0 -7 -10.013281849608555 0.0 0.0 
-21.428571428571427 -5.0 0.0 -8 -10.150650635171607 0.0 0.0 
-21.428571428571427 -4.285714285714286 0.0 -7 -10.190717628110828 0.0 0.0 
-21.428571428571427 -3.5714285714285716 0.0 -7 -8.6787319208963 0.0 0.0 
-21.428571428571427 -2.857142857142857 0.0 -6 -6.297386531263999 0.0 0.0 
-21.428571428571427 -2.142857142857143 0.0 -5 -3.874686206659823 0.0 0.0 
-21.428571428571427 -1.4285714285714286 0.0 -3 -2.738748308058037 0.0 0.0 
-21.428571428571427 -0.7142857142857143 0.0 -3 -3.043263258979355 0.0 0.0 
-21.428571428571427 -0.0 0.0 -4 -4.606966952031225 0.0 0.0 
-21.428571428571427 0.0 0.0 -6 -6.98445012830099 0.0 0.0 
-21.428571428571427 0.7142857142857143 0.0 -8 -8.500378592045132 0.0 0.0 
-21.428571428571427 1.4285714285714286 0.0 -9 -8.914660652992554 0.0 0.0 
-21.428571428571427 2.142857142857143 0.0 -9 -7.6190393383527795 0.0 0.0 
-21.428571428571427 2.857142857142857 0.0 -8 -5.371636978185393 0.0 0.0 
-21.428571428571427 3.5714285714285716 0.0 -7 -1.9287451022842195 0.0 0.0 
-21.428571428571427 4.285714285714286 0.0 -5 1.6821077173110641 0.0 0.0 
-21.428571428571427 5.0 0.0 -4 5.255037530367479 0.0 0.0 
-21.428571428571427 5.714285714285714 0.0 -2 7.862422192845706 0.0 0.0 
-21.428571428571427 6.428571428571429 0.0 0 9.868775832710286 0.0 0.0 
-21.428571428571427 7.142857142857143 0.0 0 11.62987507636481 0.0 0.0 
-21.428571428571427 7.857142857142858 0.0 0 10.46721915476555 0.0 0.0 
-21.428571428571427 8.571428571428571 0.0 0 11.42773936848463 0.0 0.0 
-21.428571428571427 9.285714285714286 0.0 6 25.577980740328314 0.0 0.0 
-19.285714285714285 -9.285714285714286 0.0 0 0.2019104773330016 0.0 0.0 
-19.285714285714285 -8.571428571428571 0.0 -2 -2.8968378005710957 0.0 0.0 
-19.285714285714285 -7.857142857142858 0.0 -4 -5.243233028188861 0.0 0.0 
-19.285714285714285 -7.142857142857143 0.0 -6 -7.866743877166913 0.0 0.0 
-19.285714285714285 -6.428571428571429 0.0 -7 -9.785988129953095 0.0 0.0 
-19.285714285714285 -5.714285714285714 0.0 -9 -11.165903526155262 0.0 0.0 
-19.285714285714285 -5.0 0.0 -9 -11.537467818960959 0.0 0.0 
-19.285714285714285 -4.285714285714286 0.0 -9 -10.945120020998825 0.0 0.0 
-19.285714285714285 -3.5714285714285716 0.0 -9 -8.577745614905904 0.0 0.0 
-19.285714285714285 -2.857142857142857 0.0 -6 -5.76577769223479 0.0 0.0 
-19.285714285714285 -2.142857142857143 0.0 -4 -1.634302168366208 0.0 0.0 
-19.285714285714285 -1.4285714285714286 0.0 -1 1.399975822433385 0.0 0.0 
-19.285714285714285 -0.7142857142857143 0.0 -2 0.7508649710310316 0.0 0.0 
-19.285714285714285 -0.0 0.0 -3 -2.1559604321726322 0.0 0.0 
-19.285714285714285 0.0 0.0 -6 -6.074829841708771 0.0 0.0 
-19.285714285714285 0.7142857142857143 0.0 -10 -10.800686542717898 0.0 0.0 
-19.285714285714285 1.4285714285714286 0.0 -11 -12.337432305705223 0.0 0.0 
-19.285714285714285 2.142857142857143 0.0 -12 -10.217678176222476 0.0 0.0 
-19.285714285714285 2.857142857142857 0.0 -10 -6.48176268967263 0.0 0.0 
-19.285714285714285 3.5714285714285716 0.0 -9 -1.7215211136290396 0.0 0.0 
-19.285714285714285 4.285714285714286 0.0 -6 2.9876277381884258 0.0 0.0 
-19.285714285714285 5.0 0.0 -4 7.512554504807745 0.0 0.0 
-19.285714285714285 5.714285714285714 0.0 -1 10.690547287281724 0.0 0.0 
-19.285714285714285 6.428571428571429 0.0 0 13.162108479321377 0.0 0.0 
-19.285714285714285 7.142857142857143 0.0 0 15.062554283045454 0.0 0.0 
-19.285714285714285 7.857142857142858 0.0 0 13.481390671757167 0.0 0.0 
-19.285714285714285 8.571428571428571 0.0 0 13.033750083910139 0.0 0.0 
-19.285714285714285 9.285714285714286 0.0 6 27.50617856313676 0.0 0.0 
-17.142857142857142 -9.285714285714286 0.0 -1 1.5415725246896157 0.0 0.0 
-17.142857142857142 -8.571428571428571 0.0 -3 -2.8197702485731972 0.0 0.0 
-17.142857142857142 -7.857142857142858 0.0 -5 -4.720829660729732 0.0 0.0 
-17.142857142857142 -7.142857142857143 0.0 -7 -9.190353753757138 0.0 0.0 
-17.142857142857142 -6.428571428571429 0.0 -9 -10.626132039772667 0.0 0.0 
-17.142857142857142 -5.714285714285714 0.0 -10 -13.36671833554519 0.0 0.0 
-17.142857142857142 -5.0 0.0 -12 -13.32659819013639 0.0 0.0 
-17.142857142857142 -4.285714285714286 0.0 -11 -13.3754619138132 0.0 0.0 
-17.142857142857142 -3.5714285714285716 0.0 -11 -10.585929591616381 0.0 0.0 
-17.142857142857142 -2.857142857142857 0.0 -8 -5.385980073752474 0.0 0.0 
-17.142857142857142 -2.142857142857143 0.0 -3 2.7650235439329425 0.0 0.0 
-17.142857142857142 -1.4285714285714286 0.0 3 9.990342454791376 0.0 0.0 
-17.142857142857142 -0.7142857142857143 0.0 2 6.807068781943242 0.0 0.0 
-17.142857142857142 -0.0 0.0 -1 1.2191660637203352 0.0 0.0 
-17.142857142857142 0.0 0.0 -4 -5.787488661700513 0.0 0.0 
-17.142857142857142 0.7142857142857143 0.0 -13 -16.64850372357033 0.0 0.0 
-17.142857142857142 1.4285714285714286 0.0 -16 -17.790729013926118 0.0 0.0 
-17.142857142857142 2.142857142857143 0.0 -15 -14.59676243496564 0.0 0.0 
-17.142857142857142 2.857142857142857 0.0 -13 -8.426049367279328 0.0 0.0 
-17.142857142857142 3.5714285714285716 0.0 -10 -2.1122425416363164 0.0 0.0 
-17.142857142857142 4.285714285714286 0.0 -6 4.596725228692874 0.0 0.0 
-17.142857142857142 5.0 0.0 -3 10.535505491322837 0.0 0.0 
-17.142857142857142 5.714285714285714 0.0 0 14.582226769132705 0.0 0.0 
-17.142857142857142 6.428571428571429 0.0 2 17.58849320615159 0.0 0.0 
-17.142857142857142 7.142857142857143 0.0 2 19.866743782128125 0.0 0.0 
-17.142857142857142 7.857142857142858 0.0 3 18.080611850564466 0.0 0.0 
-17.142857142857142 8.571428571428571 0.0 1 15.211847388346584 0.0 0.0 
-17.142857142857142 9.285714285714286 0.0 2 26.02841361824604 0.0 0.0 
-15.0 -9.285714285714286 0.0 -1 4.499723537192686 0.0 0.0 
-15.0 -8.571428571428571 0.0 -3 -2.1069011862767093 0.0 0.0 
-15.0 -7.857142857142858 0.0 -6 -3.7723513795869845 0.0 0.0 
-15.0 -7.142857142857143 0.0 -8 -10.361997936249972 0.0 0.0 
-15.0 -6.428571428571429 0.0 -11 -12.32562304529697 0.0 0.0 
-15.0 -5.714285714285714 0.0 -13 -16.227411020806116 0.0 0.0 
-15.0 -5.0 0.0 -14 -16.529734821072 0.0 0.0 
-15.0 -4.285714285714286 0.0 -15 -17.1511493763926 0.0 0.0 
-15.0 -3.5714285714285716 0.0 -14 -14.345306349260241 0.0 0.0 
-15.0 -2.857142857142857 0.0 -12 -8.505041570664531 0.0 0.0 
-15.0 -2.142857142857143 0.0 -4 8.985544577054398 0.0 0.0 
-15.0 -1.4285714285714286 0.0 -3 4.163168861894587 0.0 0.0 
-15.0 1.4285714285714286 0.0 -10 -193.37328486803946 0.0 0.0 
-15.0 2.142857142857143 0.0 -15 -152.54346164985282 0.0 0.0 
-15.0 2.857142857142857 0.0 -12 -161.6950802383419 0.0 0.0 
-15.0 3.5714285714285716 0.0 -8 -126.42596704497225 0.0 0.0 
-15.0 4.285714285714286 0.0 -3 -129.50695615137016 0.0 0.0 
-15.0 5.0 0.0 0 -104.60559861805864 0.0 0.0 
-15.0 5.714285714285714 0.0 4 -108.96301523180901 0.0 0.0 
-15.0 6.428571428571429 0.0 5 -94.98962732345278 0.0 0.0 
-15.0 7.142857142857143 0.0 7 -103.08717592319837 0.0 0.0 
-15.0 7.857142857142858 0.0 6 -105.55091055491094 0.0 0.0 
-15.0 8.571428571428571 0.0 3 -140.86308047205577 0.0 0.0 
-15.0 9.285714285714286 0.0 1 -178.06992101936254 0.0 0.0 
-12.857142857142858 -9.285714285714286 0.0 0 -6.091314637181658 0.0 0.0 
-12.857142857142858 -8.571428571428571 0.0 -3 -17.80548070334058 0.0 0.0 
-12.857142857142858 -7.857142857142858 0.0 -7 -29.30168368740003 0.0 0.0 
-12.857142857142858 -7.142857142857143 0.0 -10 -41.96353027320258 0.0 0.0 
-12.857142857142858 -6.428571428571429 0.0 -14 -53.00072063479735 0.0 0.0 
-12.857142857142858 -5.714285714285714 0.0 -16 -65.25953547913755 0.0 0.0 
-12.857142857142858 -5.0 0.0 -18 -76.81729856714884 0.0 0.0 
-12.857142857142858 -4.285714285714286 0.0 -17 -90.17343533920317 0.0 0.0 
-12.857142857142858 -3.5714285714285716 0.0 -13 -103.34706249723172 0.0 0.0 
-12.857142857142858 -2.857142857142857 0.0 -3 -108.67942151046962 0.0 0.0 
-12.857142857142858 -2.142857142857143 0.0 35 -85.97004305278702 0.0 0.0 
-12.857142857142858 2.142857142857143 0.0 -29 -212.08638912472978 0.0 0.0 
-12.857142857142858 2.857142857142857 0.0 -25 -193.3112578131517 0.0 0.0 
-12.857142857142858 3.5714285714285716 0.0 -20 -177.72992543242157 0.0 0.0 
-12.857142857142858 4.285714285714286 0.0 -10 -159.66086724137017 0.0 0.0 
-12.857142857142858 5.0 0.0 -3 -148.94085603671283 0.0 0.0 
-12.857142857142858 5.714285714285714 0.0 4 -138.5139880988317 0.0 0.0 
-12.857142857142858 6.428571428571429 0.0 10 -133.30662146154125 0.0 0.0 
-12.857142857142858 7.142857142857143 0.0 19 -124.52140227515089 0.0 0.0 
-12.857142857142858 7.857142857142858 0.0 26 -110.5586766819117 0.0 0.0 
-12.857142857142858 8.571428571428571 0.0 21 -127.13184667217914 0.0 0.0 
-12.857142857142858 9.285714285714286 0.0 -51 -302.95827333734127 0.0 0.0 
-10.714285714285714 -9.285714285714286 0.0 9 -44.78233476296819 0.0 0.0 
-10.714285714285714 -8.571428571428571 0.0 6 -49.832286002726306 0.0 0.0 
-10.714285714285714 -7.857142857142858 0.0 3 -86.97771962990471 0.0 0.0 
-10.714285714285714 -7.142857142857143 0.0 1 -94.21297185880637 0.0 0.0 
-10.714285714285714 -6.428571428571429 0.0 0 -121.454029044192 0.0 0.0 
-10.714285714285714 -5.714285714285714 0.0 1 -125.96491818159443 0.0 0.0 
-10.714285714285714 -5.0 0.0 6 -142.02836170829374 0.0 0.0 
-10.714285714285714 -4.285714285714286 0.0 15 -138.0728519976917 0.0 0.0 
-10.714285714285714 -3.5714285714285716 0.0 29 -135.5150309550275 0.0 0.0 
-10.714285714285714 -2.857142857142857 0.0 52 -89.20469515770701 0.0 0.0 
-10.714285714285714 -2.142857142857143 0.0 96 17.695782490734274 0.0 0.0 
-10.714285714285714 2.142857142857143 0.0 -40 -160.52365705808256 0.0 0.0 
-10.714285714285714 2.857142857142857 0.0 -33 -213.12423157006774 0.0 0.0 
-10.714285714285714 3.5714285714285716 0.0 -22 -136.82914231143405 0.0 0.0 
-10.714285714285714 4.285714285714286 0.0 -9 -164.1443437534756 0.0 0.0 
-10.714285714285714 5.0 0.0 1 -107.72758816137309 0.0 0.0 
-10.714285714285714 5.714285714285714 0.0 11 -128.18883985157393 0.0 0.0 
-10.714285714285714 6.428571428571429 0.0 17 -94.17514298790243 0.0 0.0 
-10.714285714285714 7.142857142857143 0.0 19 -117.13221442354012 0.0 0.0 
-10.714285714285714 7.857142857142858 0.0 24 -87.38397725806756 0.0 0.0 
-10.714285714285714 8.571428571428571 0.0 26 -98.37091762795569 0.0 0.0 
-10.714285714285714 9.285714285714286 0.0 -66 -299.72123265261285 0.0 0.0 
-8.571428571428571 -9.285714285714286 0.0 38 -80.92081081795128 0.0 0.0 
-8.571428571428571 -8.571428571428571 0.0 33 -59.36453690133156 0.0 0.0 
-8.571428571428571 -7.857142857142858 0.0 31 -127.85686126498913 0.0 0.0 
-8.571428571428571 -7.142857142857143 0.0 25 -108.0751154114133 0.0 0.0 
-8.571428571428571 -6.428571428571429 0.0 24 -148.26872326814174 0.0 0.0 
-8.571428571428571 -5.714285714285714 0.0 23 -125.34328395242498 0.0 0.0 
-8.571428571428571 -5.0 0.0 25 -142.59084360819494 0.0 0.0 
-8.571428571428571 -4.285714285714286 0.0 23 -115.05758519235549 0.0 0.0 
-8.571428571428571 -3.5714285714285716 0.0 18 -127.98943050361358 0.0 0.0 
-8.571428571428571 -2.857142857142857 0.0 14 -101.41085489537252 0.0 0.0 
-8.571428571428571 -2.142857142857143 0.0 56 -8.164164160394094 0.0 0.0 
-8.571428571428571 2.142857142857143 0.0 -42 -182.94996862366452 0.0 0.0 
-8.571428571428571 2.857142857142857 0.0 -28 -272.5934888431652 0.0 0.0 
-8.571428571428571 3.5714285714285716 0.0 -20 -153.7403660757527 0.0 0.0 
-8.571428571428571 4.285714285714286 0.0 -1 -204.92927294938693 0.0 0.0 
-8.571428571428571 5.0 0.0 6 -120.85709575621598 0.0 0.0 
-8.571428571428571 5.714285714285714 0.0 19 -162.27615652053103 0.0 0.0 
-8.571428571428571 6.428571428571429 0.0 21 -109.52124698039604 0.0 0.0 
-8.571428571428571 7.142857142857143 0.0 24 -152.54478609367237 0.0 0.0 
-8.571428571428571 7.857142857142858 0.0 22 -122.72524636778043 0.0 0.0 
-8.571428571428571 8.571428571428571 0.0 29 -151.18278488205416 0.0 0.0 
-8.571428571428571 9.285714285714286 0.0 -66 -364.90477352795506 0.0 0.0 
-6.428571428571429 -9.285714285714286 0.0 68 -86.80855335876544 0.0 0.0 
-6.428571428571429 -8.571428571428571 0.0 52 -40.642577182917066 0.0 0.0 
-6.428571428571429 -7.857142857142858 0.0 44 -133.69958880561595 0.0 0.0 
-6.428571428571429 -7.142857142857143 0.0 29 -95.14562111724183 0.0 0.0 
-6.428571428571429 -6.428571428571429 0.0 21 -154.44236083905434 0.0 0.0 
-6.428571428571429 -5.714285714285714 0.0 8 -122.35714840212226 0.0 0.0 
-6.428571428571429 -5.0 0.0 3 -162.36106434088794 0.0 0.0 
-6.428571428571429 -4.285714285714286 0.0 -2 -134.1961115452455 0.0 0.0 
-6.428571428571429 -3.5714285714285716 0.0 -3 -161.62497122746552 0.0 0.0 
-6.428571428571429 -2.857142857142857 0.0 3 -128.01779082725244 0.0 0.0 
-6.428571428571429 -2.142857142857143 0.0 69 -13.119260047581491 0.0 0.0 
-6.428571428571429 2.142857142857143 0.0 -54 -215.50710594223108 0.0 0.0 
-6.428571428571429 2.857142857142857 0.0 -33 -338.1257393768912 0.0 0.0 
-6.428571428571429 3.5714285714285716 0.0 -24 -175.46148260922251 0.0 0.0 
-6.428571428571429 4.285714285714286 0.0 1 -248.93155435735943 0.0 0.0 
-6.428571428571429 5.0 0.0 10 -135.710687630012 0.0 0.0 
-6.428571428571429 5.714285714285714 0.0 27 -197.39597597274516 0.0 0.0 
-6.428571428571429 6.428571428571429 0.0 29 -127.16490209459356 0.0 0.0 
-6.428571428571429 7.142857142857143 0.0 36 -182.8878043412162 0.0 0.0 
-6.428571428571429 7.857142857142858 0.0 35 -137.94253546293305 0.0 0.0 
-6.428571428571429 8.571428571428571 0.0 40 -181.26782038506252 0.0 0.0 
-6.428571428571429 9.285714285714286 0.0 -85 -453.27312773266897 0.0 0.0 
-4.285714285714286 -9.285714285714286 0.0 81 -83.86532009329142 0.0 0.0 
-4.285714285714286 -8.571428571428571 0.0 52 -38.30000318061087 0.0 0.0 
-4.285714285714286 -7.857142857142858 0.0 39 -150.24766283889076 0.0 0.0 
-4.285714285714286 -7.142857142857143 0.0 15 -111.24945922204721 0.0 0.0 
-4.285714285714286 -6.428571428571429 0.0 8 -185.20549145644227 0.0 0.0 
-4.285714285714286 -5.714285714285714 0.0 -3 -152.42956005588798 0.0 0.0 
-4.285714285714286 -5.0 0.0 -3 -199.85504842989909 0.0 0.0 
-4.285714285714286 -4.285714285714286 0.0 -4 -166.42760504300875 0.0 0.0 
-4.285714285714286 -3.5714285714285716 0.0 3 -196.71745256909887 0.0 0.0 
-4.285714285714286 -2.857142857142857 0.0 10 -158.84822002601138 0.0 0.0 
-4.285714285714286 -2.142857142857143 0.0 83 -34.391498007384385 0.0 0.0 
-4.285714285714286 2.142857142857143 0.0 -74 -259.2185969868385 0.0 0.0 
-4.285714285714286 2.857142857142857 0.0 -41 -410.4650194719224 0.0 0.0 
-4.285714285714286 3.5714285714285716 0.0 -29 -197.16866030027137 0.0 0.0 
-4.285714285714286 4.285714285714286 0.0 9 -289.4911528880884 0.0 0.0 
-4.285714285714286 5.0 0.0 21 -143.83008206864898 0.0 0.0 
-4.285714285714286 5.714285714285714 0.0 42 -223.88887875330778 0.0 0.0 
-4.285714285714286 6.428571428571429 0.0 43 -137.25295072343155 0.0 0.0 
-4.285714285714286 7.142857142857143 0.0 49 -213.33327173696912 0.0 0.0 
-4.285714285714286 7.857142857142858 0.0 44 -157.7502720558162 0.0 0.0 
-4.285714285714286 8.571428571428571 0.0 50 -210.25662251993361 0.0 0.0 
-4.285714285714286 9.285714285714286 0.0 -104 -544.0402909941026 0.0 0.0 
-2.142857142857143 -9.285714285714286 0.0 85 -103.02798917184745 0.0 0.0 
-2.142857142857143 -8.571428571428571 0.0 50 -61.55792148579587 0.0 0.0 
-2.142857142857143 -7.857142857142858 0.0 38 -189.0544552146235 0.0 0.0 
-2.142857142857143 -7.142857142857143 0.0 14 -149.61806867041022 0.0 0.0 
-2.142857142857143 -6.428571428571429 0.0 11 -231.29406072244862 0.0 0.0 
-2.142857142857143 -5.714285714285714 0.0 1 -194.30857548315248 0.0 0.0 
-2.142857142857143 -5.0 0.0 3 -245.20656516909148 0.0 0.0 
-2.142857142857143 -4.285714285714286 0.0 2 -207.40355164825394 0.0 0.0 
-2.142857142857143 -3.5714285714285716 0.0 9 -238.90936571730956 0.0 0.0 
-2.142857142857143 -2.857142857142857 0.0 16 -197.5635445831947 0.0 0.0 
-2.142857142857143 -2.142857142857143 0.0 96 -57.56346881610321 0.0 0.0 
-2.142857142857143 2.142857142857143 0.0 -92 -283.67070026588203 0.0 0.0 
-2.142857142857143 2.857142857142857 0.0 -46 -447.0924246107908 0.0 0.0 
-2.142857142857143 3.5714285714285716 0.0 -29 -200.60431096850712 0.0 0.0 
-2.142857142857143 4.285714285714286 0.0 23 -295.5771246716235 0.0 0.0 
-2.142857142857143 5.0 0.0 37 -130.57870691240072 0.0 0.0 
-2.142857142857143 5.714285714285714 0.0 63 -223.35292328691534 0.0 0.0 
-2.142857142857143 6.428571428571429 0.0 58 -131.11930521482566 0.0 0.0 
-2.142857142857143 7.142857142857143 0.0 64 -222.12420899300582 0.0 0.0 
-2.142857142857143 7.857142857142858 0.0 54 -163.7688159133673 0.0 0.0 
-2.142857142857143 8.571428571428571 0.0 63 -220.485257984347 0.0 0.0 
-2.142857142857143 9.285714285714286 0.0 -125 -617.5274772272036 0.0 0.0 
-0.0 -9.285714285714286 0.0 98 -134.77230479704468 0.0 0.0 
-0.0 -8.571428571428571 0.0 60 -83.83923010784135 0.0 0.0 
-0.0 -7.857142857142858 0.0 48 -234.85924576863374 0.0 0.0 
-0.0 -7.142857142857143 0.0 21 -184.14362229435898 0.0 0.0 
-0.0 -6.428571428571429 0.0 17 -278.5156921211989 0.0 0.0 
-0.0 -5.714285714285714 0.0 5 -229.71019806598207 0.0 0.0 
-0.0 -5.0 0.0 8 -287.7387751021832 0.0 0.0 
-0.0 -4.285714285714286 0.0 5 -240.60666096133775 0.0 0.0 
-0.0 -3.5714285714285716 0.0 12 -277.68829911915736 0.0 0.0 
-0.0 -2.857142857142857 0.0 17 -231.4228773331383 0.0 0.0 
-0.0 -2.142857142857143 0.0 101 -80.41999767345453 0.0 0.0 
-0.0 2.142857142857143 0.0 -107 -250.82712220145112 0.0 0.0 
-0.0 2.857142857142857 0.0 -48 -518.268459434742 0.0 0.0 
-0.0 3.5714285714285716 0.0 -21 -149.95235159970457 0.0 0.0 
-0.0 4.285714285714286 0.0 48 -308.6171656154573 0.0 0.0 
-0.0 5.0 0.0 65 -68.74103527378477 0.0 0.0 
-0.0 5.714285714285714 0.0 92 -225.20427424493315 0.0 0.0 
-0.0 6.428571428571429 0.0 79 -96.116073623194 0.0 0.0 
-0.0 7.142857142857143 0.0 81 -238.2418096857492 0.0 0.0 
-0.0 7.857142857142858 0.0 65 -153.43724558503385 0.0 0.0 
-0.0 8.571428571428571 0.0 75 -239.1021324737954 0.0 0.0 
-0.0 9.285714285714286 0.0 -138 -668.3512843512833 0.0 0.0 
0.0 -9.285714285714286 0.0 118 -159.08436233204938 0.0 0.0 
0.0 -8.571428571428571 0.0 72 -93.22618772679324 0.0 0.0 
0.0 -7.857142857142858 0.0 56 -271.6454439209385 0.0 0.0 
0.0 -7.142857142857143 0.0 23 -205.25834136368658 0.0 0.0 
0.0 -6.428571428571429 0.0 17 -313.44078418252764 0.0 0.0 
0.0 -5.714285714285714 0.0 2 -250.32468866740965 0.0 0.0 
0.0 -5.0 0.0 5 -314.23924861135106 0.0 0.0 
0.0 -4.285714285714286 0.0 1 -254.74243581552312 0.0 0.0 
0.0 -3.5714285714285716 0.0 6 -296.4953601447954 0.0 0.0 
0.0 -2.857142857142857 0.0 2 -248.84470640381193 0.0 0.0 
0.0 -2.142857142857143 0.0 73 -110.72713088681358 0.0 0.0 
0.0 2.142857142857143 0.0 -138 -256.54558585156644 0.0 0.0 
0.0 2.857142857142857 0.0 -44 -654.2688066804518 0.0 0.0 
0.0 3.5714285714285716 0.0 -14 -111.39860947512209 0.0 0.0 
0.0 4.285714285714286 0.0 91 -349.7986007098891 0.0 0.0 
0.0 5.0 0.0 105 -7.286291705625416 0.0 0.0 
0.0 5.714285714285714 0.0 136 -261.77107198887916 0.0 0.0 
0.0 6.428571428571429 0.0 104 -85.7336669002479 0.0 0.0 
0.0 7.142857142857143 0.0 102 -301.99848249676893 0.0 0.0 
0.0 7.857142857142858 0.0 75 -177.16930945254933 0.0 0.0 
0.0 8.571428571428571 0.0 86 -313.1194454704994 0.0 0.0 
0.0 9.285714285714286 0.0 -148 -777.7360127944601 0.0 0.0 
2.142857142857143 -9.285714285714286 0.0 133 -176.77536644870693 0.0 0.0 
2.142857142857143 -8.571428571428571 0.0 74 -105.39063220213777 0.0 0.0 
2.142857142857143 -7.857142857142858 0.0 51 -309.0136147851459 0.0 0.0 
2.142857142857143 -7.142857142857143 0.0 11 -231.71145665480032 0.0 0.0 
2.142857142857143 -6.428571428571429 0.0 5 -352.6906968128305 0.0 0.0 
2.142857142857143 -5.714285714285714 0.0 -10 -278.3948880312144 0.0 0.0 
2.142857142857143 -5.0 0.0 -7 -352.1885663543636 0.0 0.0 
2.142857142857143 -4.285714285714286 0.0 -14 -287.3656463300032 0.0 0.0 
2.142857142857143 -3.5714285714285716 0.0 -10 -345.1625450206907 0.0 0.0 
2.142857142857143 -2.857142857142857 0.0 -17 -317.3504921084027 0.0 0.0 
2.142857142857143 -2.142857142857143 0.0 57 -155.27873200586865 0.0 0.0 
2.142857142857143 1.4285714285714286 0.0 -290 -1183.8958602145563 0.0 0.0 
2.142857142857143 2.142857142857143 0.0 -286 1373.534415400929 0.0 0.0 
2.142857142857143 2.857142857142857 0.0 -96 -529.3826213342361 0.0 0.0 
2.142857142857143 3.5714285714285716 0.0 -35 1367.3390950202415 0.0 0.0 
2.142857142857143 4.285714285714286 0.0 144 35.73789335318827 0.0 0.0 
2.142857142857143 5.0 0.0 156 1306.2905367202297 0.0 0.0 
2.142857142857143 5.714285714285714 0.0 185 185.3966454098079 0.0 0.0 
2.142857142857143 6.428571428571429 0.0 121 1002.1069437187991 0.0 0.0 
2.142857142857143 7.142857142857143 0.0 120 206.15469988699593 0.0 0.0 
2.142857142857143 7.857142857142858 0.0 101 878.4741940844174 0.0 0.0 
2.142857142857143 8.571428571428571 0.0 140 489.16577373524854 0.0 0.0 
2.142857142857143 9.285714285714286 0.0 -245 435.3492912692784 0.0 0.0 
4.285714285714286 -9.285714285714286 0.0 146 -108.44701887461548 0.0 0.0 
4.285714285714286 -8.571428571428571 0.0 68 -42.41525967386521 0.0 0.0 
4.285714285714286 -7.857142857142858 0.0 38 -215.95906054526483 0.0 0.0 
4.285714285714286 -7.142857142857143 0.0 -7 -118.06507360066747 0.0 0.0 
4.285714285714286 -6.428571428571429 0.0 -12 -192.82816958869898 0.0 0.0 
4.285714285714286 -5.714285714285714 0.0 -30 -77.12021593502024 0.0 0.0 
4.285714285714286 -5.0 0.0 -28 -91.10624096867065 0.0 0.0 
4.285714285714286 -4.285714285714286 0.0 -40 37.19772525331571 0.0 0.0 
4.285714285714286 -3.5714285714285716 0.0 -55 58.63192979231279 0.0 0.0 
4.285714285714286 -2.857142857142857 0.0 -144 80.70022614016167 0.0 0.0 
4.285714285714286 -2.142857142857143 0.0 -300 -45.42895046049301 0.0 0.0 
4.285714285714286 -1.4285714285714286 0.0 -269 41.3670865361579 0.0 0.0 
4.285714285714286 1.4285714285714286 0.0 -142 -6618.00866041887 0.0 0.0 
4.285714285714286 2.142857142857143 0.0 -203 117.4047219671869 0.0 0.0 
4.285714285714286 2.857142857142857 0.0 94 -4658.400449531988 0.0 0.0 
4.285714285714286 3.5714285714285716 0.0 62 -147.35824403077612 0.0 0.0 
4.285714285714286 4.285714285714286 0.0 402 -3218.29737908252 0.0 0.0 
4.285714285714286 5.0 0.0 354 -310.237582565614 0.0 0.0 
4.285714285714286 5.714285714285714 0.0 337 -2835.0278012124127 0.0 0.0 
4.285714285714286 6.428571428571429 0.0 142 -1118.8495200067891 0.0 0.0 
4.285714285714286 7.142857142857143 0.0 62 -2928.452352752881 0.0 0.0 
4.285714285714286 7.857142857142858 0.0 -72 -1979.2089390610759 0.0 0.0 
4.285714285714286 8.571428571428571 0.0 27 -3574.9419262749075 0.0 0.0 
4.285714285714286 9.285714285714286 0.0 129 -3740.1635866886413 0.0 0.0 
6.428571428571429 -9.285714285714286 0.0 105 -213.2815269627107 0.0 0.0 
6.428571428571429 -8.571428571428571 0.0 -6 -256.9716401278387 0.0 0.0 
6.428571428571429 -7.857142857142858 0.0 -51 -506.38129451186734 0.0 0.0 
6.428571428571429 -7.142857142857143 0.0 -103 -503.7707697971698 0.0 0.0 
6.428571428571429 -6.428571428571429 0.0 -112 -685.2512222183944 0.0 0.0 
6.428571428571429 -5.714285714285714 0.0 -136 -727.3761953132824 0.0 0.0 
6.428571428571429 -5.0 0.0 -140 -952.6613042167553 0.0 0.0 
6.428571428571429 -4.285714285714286 0.0 -151 -1129.0975346184787 0.0 0.0 
6.428571428571429 -3.5714285714285716 0.0 -115 -1487.736884586115 0.0 0.0 
6.428571428571429 -2.857142857142857 0.0 8 -1846.24318192154 0.0 0.0 
6.428571428571429 -2.142857142857143 0.0 450 -1814.5273853838912 0.0 0.0 
6.428571428571429 -1.4285714285714286 0.0 1592 513.3938682800554 0.0 0.0 
6.428571428571429 -0.7142857142857143 0.0 911 -763.7019195770963 0.0 0.0 
6.428571428571429 -0.0 0.0 2999 4602.309994843595 0.0 0.0 
6.428571428571429 0.0 0.0 6 1359.226658314712 0.0 0.0 
6.428571428571429 2.142857142857143 0.0 -848 -3615.257685005001 0.0 0.0 
6.428571428571429 2.857142857142857 0.0 241 842.8648834069745 0.0 0.0 
6.428571428571429 3.5714285714285716 0.0 -330 -2454.499472290724 0.0 0.0 
6.428571428571429 4.285714285714286 0.0 667 1164.669426449577 0.0 0.0 
6.428571428571429 5.0 0.0 499 -1232.2069683885325 0.0 0.0 
6.428571428571429 5.714285714285714 0.0 437 100.82837809386444 0.0 0.0 
6.428571428571429 6.428571428571429 0.0 282 -1529.6393845556101 0.0 0.0 
6.428571428571429 7.142857142857143 0.0 382 -345.04144516320423 0.0 0.0 
6.428571428571429 7.857142857142858 0.0 456 -657.7330112405261 0.0 0.0 
6.428571428571429 8.571428571428571 0.0 528 677.0938271814147 0.0 0.0 
6.428571428571429 9.285714285714286 0.0 -699 -2661.074435947014 0.0 0.0 
8.571428571428571 -9.285714285714286 0.0 123 -810.7670403450691 0.0 0.0 
8.571428571428571 -8.571428571428571 0.0 32 -783.1499078815888 0.0 0.0 
8.571428571428571 -7.857142857142858 0.0 33 -1293.5541631226256 0.0 0.0 
8.571428571428571 -7.142857142857143 0.0 42 -1181.7994927550465 0.0 0.0 
8.571428571428571 -6.428571428571429 0.0 118 -1493.1227683961026 0.0 0.0 
8.571428571428571 -5.714285714285714 0.0 202 -1370.4670252820792 0.0 0.0 
8.571428571428571 -5.0 0.0 351 -1503.1694343310623 0.0 0.0 
8.571428571428571 -4.285714285714286 0.0 526 -1201.248398293107 0.0 0.0 
8.571428571428571 -3.5714285714285716 0.0 738 -897.2335277552306 0.0 0.0 
8.571428571428571 -2.857142857142857 0.0 780 -401.25227774065434 0.0 0.0 
8.571428571428571 -2.142857142857143 0.0 476 -672.2266181333084 0.0 0.0 
8.571428571428571 -1.4285714285714286 0.0 366 -316.56022709473666 0.0 0.0 
8.571428571428571 -0.7142857142857143 0.0 -318 -1790.9431292815389 0.0 0.0 
8.571428571428571 -0.0 0.0 273 -709.59821032328 0.0 0.0 
8.571428571428571 0.0 0.0 2103 4398.860686556376 0.0 0.0 
8.571428571428571 0.7142857142857143 0.0 -154 834.5340811274427 0.0 0.0 
8.571428571428571 1.4285714285714286 0.0 -1156 -1527.8911312762225 0.0 0.0 
8.571428571428571 3.5714285714285716 0.0 -238 1516.944085383829 0.0 0.0 
8.571428571428571 4.285714285714286 0.0 1423 1791.8181227998662 0.0 0.0 
8.571428571428571 5.0 0.0 1391 2877.361426122646 0.0 0.0 
8.571428571428571 5.714285714285714 0.0 59 -294.04612433585066 0.0 0.0 
8.571428571428571 6.428571428571429 0.0 572 1335.2329896609233 0.0 0.0 
8.571428571428571 7.142857142857143 0.0 -395 -755.0622974503865 0.0 0.0 
8.571428571428571 7.857142857142858 0.0 -91 412.23778250364296 0.0 0.0 
8.571428571428571 8.571428571428571 0.0 -346 338.1786141918387 0.0 0.0 
8.571428571428571 9.285714285714286 0.0 1052 1779.6933453060044 0.0 0.0 
10.714285714285714 -9.285714285714286 0.0 334 -1197.8882847380694 0.0 0.0 
10.714285714285714 -8.571428571428571 0.0 256 -697.7795435063983 0.0 0.0 
10.714285714285714 -7.857142857142858 0.0 303 -1340.9847826021096 0.0 0.0 
10.714285714285714 -7.142857142857143 0.0 317 -734.4640428681803 0.0 0.0 
10.714285714285714 -6.428571428571429 0.0 394 -993.1594552414209 0.0 0.0 
10.714285714285714 -5.714285714285714 0.0 399 -400.1587545150679 0.0 0.0 
10.714285714285714 -5.0 0.0 387 -488.1506408917445 0.0 0.0 
10.714285714285714 -4.285714285714286 0.0 257 -91.96739052424061 0.0 0.0 
10.714285714285714 -3.5714285714285716 0.0 118 -247.6143990732227 0.0 0.0 
10.714285714285714 -2.857142857142857 0.0 0 51.06297963259031 0.0 0.0 
10.714285714285714 -2.142857142857143 0.0 -91 -57.733536746306996 0.0 0.0 
10.714285714285714 -1.4285714285714286 0.0 45 690.1016243380561 0.0 0.0 
10.714285714285714 -0.7142857142857143 0.0 -229 460.08567810434545 0.0 0.0 
10.714285714285714 -0.0 0.0 -885 -586.2420540767613 0.0 0.0 
10.714285714285714 0.0 0.0 -518 245.2202137141769 0.0 0.0 
10.714285714285714 0.7142857142857143 0.0 -410 405.3489339681829 0.0 0.0 
10.714285714285714 1.4285714285714286 0.0 -838 -1728.8933835654243 0.0 0.0 
10.714285714285714 2.142857142857143 0.0 169 1636.7925990626645 0.0 0.0 
10.714285714285714 5.0 0.0 -8284 111755.07597333529 0.0 0.0 
10.714285714285714 5.714285714285714 0.0 16063 -189910.32070582497 0.0 0.0 
10.714285714285714 6.428571428571429 0.0 5367 63645.96015841735 0.0 0.0 
10.714285714285714 7.142857142857143 0.0 -8684 -187315.78525519356 0.0 0.0 
10.714285714285714 7.857142857142858 0.0 -296 66242.94951219912 0.0 0.0 
10.714285714285714 8.571428571428571 0.0 163 -226541.53585693188 0.0 0.0 
10.714285714285714 9.285714285714286 0.0 267 192945.06700406814 0.0 0.0 
12.857142857142858 -9.285714285714286 0.0 319 -460.50793902250524 0.0 0.0 
12.857142857142858 -8.571428571428571 0.0 126 508.5262439772257 0.0 0.0 
12.857142857142858 -7.857142857142858 0.0 96 286.42818442612645 0.0 0.0 
12.857142857142858 -7.142857142857143 0.0 -21 1156.098416476023 0.0 0.0 
12.857142857142858 -6.428571428571429 0.0 -76 1001.599995490444 0.0 0.0 
12.857142857142858 -5.714285714285714 0.0 -197 1603.8753194537771 0.0 0.0 
12.857142857142858 -5.0 0.0 -257 1450.2528183481836 0.0 0.0 
12.857142857142858 -4.285714285714286 0.0 -337 1912.2623730311725 0.0 0.0 
12.857142857142858 -3.5714285714285716 0.0 -363 1803.0460305204365 0.0 0.0 
12.857142857142858 -2.857142857142857 0.0 -405 2234.0648599285305 0.0 0.0 
12.857142857142858 -2.142857142857143 0.0 -494 2043.8677012040819 0.0 0.0 
12.857142857142858 -1.4285714285714286 0.0 -504 2526.4676596502864 0.0 0.0 
12.857142857142858 -0.7142857142857143 0.0 -480 2688.9717229543603 0.0 0.0 
12.857142857142858 -0.0 0.0 -776 2906.2371799033053 0.0 0.0 
12.857142857142858 0.0 0.0 -903 3340.1238390081908 0.0 0.0 
12.857142857142858 0.7142857142857143 0.0 -1577 4326.750162292001 0.0 0.0 
12.857142857142858 1.4285714285714286 0.0 -5596 -113.62182153732465 0.0 0.0 
12.857142857142858 2.142857142857143 0.0 -20425 -11725.40011307755 0.0 0.0 
12.857142857142858 4.285714285714286 0.0 84130 -132269.01256321586 0.0 0.0 
12.857142857142858 5.0 0.0 142389 122484.57155503202 0.0 0.0 
12.857142857142858 5.714285714285714 0.0 -29612 95250.9555140982 0.0 0.0 
12.857142857142858 6.428571428571429 0.0 19636 124911.92467036171 0.0 0.0 
12.857142857142858 7.142857142857143 0.0 -121 -5406.605331004013 0.0 0.0 
12.857142857142858 7.857142857142858 0.0 -9569 128876.85060943446 0.0 0.0 
12.857142857142858 8.571428571428571 0.0 -81626 -92735.3496629604 0.0 0.0 
12.857142857142858 9.285714285714286 0.0 -69039 -114608.36680825514 0.0 0.0 
15.0 -9.285714285714286 0.0 -452 902.6388346125842 0.0 0.0 
15.0 -8.571428571428571 0.0 -657 1061.2577543650461 0.0 0.0 
15.0 -7.857142857142858 0.0 -620 1655.900085242265 0.0 0.0 
15.0 -7.142857142857143 0.0 -659 1871.1682829689007 0.0 0.0 
15.0 -6.428571428571429 0.0 -614 2320.619253838582 0.0 0.0 
15.0 -5.714285714285714 0.0 -673 2606.3891626852246 0.0 0.0 
15.0 -5.0 0.0 -695 3016.8880404279926 0.0 0.0 
15.0 -4.285714285714286 0.0 -809 3443.7831561561734 0.0 0.0 
15.0 -3.5714285714285716 0.0 -926 3894.2100616722514 0.0 0.0 
15.0 -2.857142857142857 0.0 -1134 4541.34531034176 0.0 0.0 
15.0 -2.142857142857143 0.0 -1451 5032.583007737807 0.0 0.0 
15.0 -1.4285714285714286 0.0 -1942 5901.006655152963 0.0 0.0 
15.0 -0.7142857142857143 0.0 -2714 6565.226411507889 0.0 0.0 
15.0 -0.0 0.0 -4381 7137.711983164806 0.0 0.0 
15.0 0.0 0.0 -7321 6460.1388731893585 0.0 0.0 
15.0 0.7142857142857143 0.0 -11873 3376.195596996389 0.0 0.0 
15.0 1.4285714285714286 0.0 -21965 -12733.665900366213 0.0 0.0 
15.0 2.142857142857143 0.0 -61085 -89916.76316072104 0.0 0.0 
15.0 2.857142857142857 0.0 38089 -32442.375495413897 0.0 0.0 
15.0 3.5714285714285716 0.0 48468 10302.885972294724 0.0 0.0 
15.0 4.285714285714286 0.0 48484 56941.760095942336 0.0 0.0 
15.0 5.0 0.0 6924 67184.73486326079 0.0 0.0 
15.0 5.714285714285714 0.0 -27309 33042.57132228854 0.0 0.0 
15.0 6.428571428571429 0.0 -9804 1186.7956838244008 0.0 0.0 
15.0 7.142857142857143 0.0 -31407 21808.605254036556 0.0 0.0 
15.0 7.857142857142858 0.0 -19996 -40633.74212029744 0.0 0.0 
15.0 8.571428571428571 0.0 -900 37772.49965220492 0.0 0.0 
15.0 9.285714285714286 0.0 -18045 -54226.10327462794 0.0 0.0 
17.142857142857142 -9.285714285714286 0.0 -1437 3004.487361600581 0.0 0.0 
17.142857142857142 -8.571428571428571 0.0 -1382 1940.7187784574644 0.0 0.0 
17.142857142857142 -7.857142857142858 0.0 -1281 4218.533531994901 0.0 0.0 
17.142857142857142 -7.142857142857143 0.0 -1496 3259.3931877790556 0.0 0.0 
17.142857142857142 -6.428571428571429 0.0 -1599 4778.343363243284 0.0 0.0 
17.142857142857142 -5.714285714285714 0.0 -1976 3981.927527176572 0.0 0.0 
17.142857142857142 -5.0 0.0 -2262 5021.375601230946 0.0 0.0 
17.142857142857142 -4.285714285714286 0.0 -2818 4414.060926844478 0.0 0.0 
17.142857142857142 -3.5714285714285716 0.0 -3344 4986.203802205048 0.0 0.0 
17.142857142857142 -2.857142857142857 0.0 -4197 4346.101213946102 0.0 0.0 
17.142857142857142 -2.142857142857143 0.0 -5163 3996.9869372442845 0.0 0.0 
17.142857142857142 -1.4285714285714286 0.0 -6551 2321.797707819198 0.0 0.0 
17.142857142857142 -0.7142857142857143 0.0 -7870 -200.6751793326821 0.0 0.0 
17.142857142857142 -0.0 0.0 -8961 -4491.756784727921 0.0 0.0 
17.142857142857142 0.0 0.0 -8149 -8705.943509479543 0.0 0.0 
17.142857142857142 0.7142857142857143 0.0 -1554 -5532.299491894135 0.0 0.0 
17.142857142857142 1.4285714285714286 0.0 15984 24993.514328395886 0.0 0.0 
17.142857142857142 2.142857142857143 0.0 3379 -10648.711460567456 0.0 0.0 
17.142857142857142 2.857142857142857 0.0 5053 12021.677201679646 0.0 0.0 
17.142857142857142 3.5714285714285716 0.0 -7492 13949.382329224885 0.0 0.0 
17.142857142857142 4.285714285714286 0.0 -25401 -16139.008745840478 0.0 0.0 
17.142857142857142 5.0 0.0 -15858 -5304.037496889989 0.0 0.0 
17.142857142857142 5.714285714285714 0.0 -11068 -13955.633482524892 0.0 0.0 
17.142857142857142 6.428571428571429 0.0 -841 1314.2269005243813 0.0 0.0 
17.142857142857142 7.142857142857143 0.0 1003 -5434.44118745845 0.0 0.0 
17.142857142857142 7.857142857142858 0.0 5463 2665.885563706249 0.0 0.0 
17.142857142857142 8.571428571428571 0.0 4031 -986.4260372346107 0.0 0.0 
17.142857142857142 9.285714285714286 0.0 6065 5798.247662966514 0.0 0.0 
19.285714285714285 -9.285714285714286 0.0 -2873 4520.159908984112 0.0 0.0 
19.285714285714285 -8.571428571428571 0.0 -2773 1893.873054386544 0.0 0.0 
19.285714285714285 -7.857142857142858 0.0 -2551 5509.593749418048 0.0 0.0 
19.285714285714285 -7.142857142857143 0.0 -2999 3343.784077967275 0.0 0.0 
19.285714285714285 -6.428571428571429 0.0 -3126 5310.356890554495 0.0 0.0 
19.285714285714285 -5.714285714285714 0.0 -3700 3612.7400004557676 0.0 0.0 
19.285714285714285 -5.0 0.0 -3963 4313.683786899408 0.0 0.0 
19.285714285714285 -4.285714285714286 0.0 -4503 2857.99389187593 0.0 0.0 
19.285714285714285 -3.5714285714285716 0.0 -4660 2479.005493567651 0.0 0.0 
19.285714285714285 -2.857142857142857 0.0 -4750 1023.1902806526723 0.0 0.0 
19.285714285714285 -2.142857142857143 0.0 -4124 316.51718775143854 0.0 0.0 
19.285714285714285 -1.4285714285714286 0.0 -2831 -124.41963374908755 0.0 0.0 
19.285714285714285 -0.7142857142857143 0.0 -479 1505.316667971293 0.0 0.0 
19.285714285714285 -0.0 0.0 2118 4723.665496373864 0.0 0.0 
19.285714285714285 0.0 0.0 2254 6292.431714426155 0.0 0.0 
19.285714285714285 0.7142857142857143 0.0 -2571 -1373.4560032400805 0.0 0.0 
19.285714285714285 1.4285714285714286 0.0 -303 7316.085221813579 0.0 0.0 
19.285714285714285 2.142857142857143 0.0 -6862 580.7639436287172 0.0 0.0 
19.285714285714285 2.857142857142857 0.0 -7269 -2120.1121029734168 0.0 0.0 
19.285714285714285 3.5714285714285716 0.0 -6847 -3951.6619574144306 0.0 0.0 
19.285714285714285 4.285714285714286 0.0 -1676 -3660.944088782117 0.0 0.0 
19.285714285714285 5.0 0.0 1803 -455.24924591091076 0.0 0.0 
19.285714285714285 5.714285714285714 0.0 1971 -2727.3631951029865 0.0 0.0 
19.285714285714285 6.428571428571429 0.0 2913 -85.0722462001786 0.0 0.0 
19.285714285714285 7.142857142857143 0.0 1845 -1124.512253380556 0.0 0.0 
19.285714285714285 7.857142857142858 0.0 654 -1293.5913385254862 0.0 0.0 
19.285714285714285 8.571428571428571 0.0 9 -1691.4735705482194 0.0 0.0 
19.285714285714285 9.285714285714286 0.0 -1878 -4697.7357205600765 0.0 0.0 
21.428571428571427 -9.285714285714286 0.0 -4178 3812.623683449109 0.0 0.0 
21.428571428571427 -8.571428571428571 0.0 -3893 82.70236420148285 0.0 0.0 
21.428571428571427 -7.857142857142858 0.0 -3509 3960.259070712291 0.0 0.0 
21.428571428571427 -7.142857142857143 0.0 -3458 963.861181124862 0.0 0.0 
21.428571428571427 -6.428571428571429 0.0 -3313 2871.187495331589 0.0 0.0 
21.428571428571427 -5.714285714285714 0.0 -3106 618.2933267288572 0.0 0.0 
21.428571428571427 -5.0 0.0 -2731 1531.2131480433604 0.0 0.0 
21.428571428571427 -4.285714285714286 0.0 -2118 108.5869042831273 0.0 0.0 
21.428571428571427 -3.5714285714285716 0.0 -1362 963.682891781976 0.0 0.0 
21.428571428571427 -2.857142857142857 0.0 -504 532.9513520016474 0.0 0.0 
21.428571428571427 -2.142857142857143 0.0 43 1634.7993061366992 0.0 0.0 
21.428571428571427 -1.4285714285714286 0.0 31 1249.7569926275237 0.0 0.0 
21.428571428571427 -0.7142857142857143 0.0 -764 1001.551633501475 0.0 0.0 
21.428571428571427 -0.0 0.0 -1361 487.6518877230135 0.0 0.0 
21.428571428571427 0.0 0.0 -1165 2594.882633021372 0.0 0.0 
21.428571428571427 0.7142857142857143 0.0 -3229 -1046.9965690706113 0.0 0.0 
21.428571428571427 1.4285714285714286 0.0 -3289 -2159.528659832166 0.0 0.0 
21.428571428571427 2.142857142857143 0.0 -2471 -3504.7080982478133 0.0 0.0 
21.428571428571427 2.857142857142857 0.0 -103 -2396.339616012228 0.0 0.0 
21.428571428571427 3.5714285714285716 0.0 1673 -1072.7253341766268 0.0 0.0 
21.428571428571427 4.285714285714286 0.0 1935 -763.969628184348 0.0 0.0 
21.428571428571427 5.0 0.0 1840 107.87057392075121 0.0 0.0 
21.428571428571427 5.714285714285714 0.0 960 -366.904581669912 0.0 0.0 
21.428571428571427 6.428571428571429 0.0 384 -445.1462968286545 0.0 0.0 
21.428571428571427 7.142857142857143 0.0 -37 -585.7067454356393 0.0 0.0 
21.428571428571427 7.857142857142858 0.0 -141 -669.1756173860497 0.0 0.0 
21.428571428571427 8.571428571428571 0.0 136 119.66313805818416 0.0 0.0 
21.428571428571427 9.285714285714286 0.0 -663 -1853.6694058489413 0.0 0.0 
23.57142857142857 -9.285714285714286 0.0 -3890 1328.9917450282528 0.0 0.0 
23.57142857142857 -8.571428571428571 0.0 -2869 -1907.0958196560684 0.0 0.0 
23.57142857142857 -7.857142857142858 0.0 -2455 1116.8116625287466 0.0 0.0 
23.57142857142857 -7.142857142857143 0.0 -1589 -1371.988911203559 0.0 0.0 
23.57142857142857 -6.428571428571429 0.0 -1301 531.0715508155088 0.0 0.0 
23.57142857142857 -5.714285714285714 0.0 -609 -1136.4527775396518 0.0 0.0 
23.57142857142857 -5.0 0.0 -408 336.57671697633845 0.0 0.0 
23.57142857142857 -4.285714285714286 0.0 -51 -741.6587604990568 0.0 0.0 
23.57142857142857 -3.5714285714285716 0.0 -173 355.67789767160696 0.0 0.0 
23.57142857142857 -2.857142857142857 0.0 -269 -527.4766756904402 0.0 0.0 
23.57142857142857 -2.142857142857143 0.0 -594 251.49595467996653 0.0 0.0 
23.57142857142857 -1.4285714285714286 0.0 -797 -408.85001993649064 0.0 0.0 
23.57142857142857 -0.7142857142857143 0.0 -1241 -361.6356433313399 0.0 0.0 
23.57142857142857 -0.0 0.0 -1713 -2308.504059285063 0.0 0.0 
23.57142857142857 0.0 0.0 -1149 -1811.2039681626081 0.0 0.0 
23.57142857142857 0.7142857142857143 0.0 -407 -2215.8431322036545 0.0 0.0 
23.57142857142857 1.4285714285714286 0.0 759 -933.1109535957919 0.0 0.0 
23.57142857142857 2.142857142857143 0.0 1281 -715.2384943422953 0.0 0.0 
23.57142857142857 2.857142857142857 0.0 1292 -139.66340462466542 0.0 0.0 
23.57142857142857 3.5714285714285716 0.0 861 -269.5543688622324 0.0 0.0 
23.57142857142857 4.285714285714286 0.0 271 -415.0498308358087 0.0 0.0 
23.57142857142857 5.0 0.0 -54 -600.6320599665108 0.0 0.0 
23.57142857142857 5.714285714285714 0.0 -266 -601.3449151662894 0.0 0.0 
23.57142857142857 6.428571428571429 0.0 -286 -715.6428651065739 0.0 0.0 
23.57142857142857 7.142857142857143 0.0 -221 -566.5440282376454 0.0 0.0 
23.57142857142857 7.857142857142858 0.0 -225 -816.4790081783206 0.0 0.0 
23.57142857142857 8.571428571428571 0.0 91 -168.68468846829347 0.0 0.0 
23.57142857142857 9.285714285714286 0.0 -312 -1187.952321626092 0.0 0.0 
25.714285714285715 -9.285714285714286 0.0 -2041 -369.88642420703354 0.0 0.0 
25.714285714285715 -8.571428571428571 0.0 -780 -1483.3543744597262 0.0 0.0 
25.714285714285715 -7.857142857142858 0.0 -716 -116.31099248916007 0.0 0.0 
25.714285714285715 -7.142857142857143 0.0 -90 -995.0717817527619 0.0 0.0 
25.714285714285715 -6.428571428571429 0.0 -238 -78.16091552979498 0.0 0.0 
25.714285714285715 -5.714285714285714 0.0 -23 -757.8048861325153 0.0 0.0 
25.714285714285715 -5.0 0.0 -312 -140.29199173361894 0.0 0.0 
25.714285714285715 -4.285714285714286 0.0 -346 -744.3181333991545 0.0 0.0 
25.714285714285715 -3.5714285714285716 0.0 -668 -417.1270768624777 0.0 0.0 
25.714285714285715 -2.857142857142857 0.0 -775 -1107.239086151827 0.0 0.0 
25.714285714285715 -2.142857142857143 0.0 -950 -1104.9968743163665 0.0 0.0 
25.714285714285715 -1.4285714285714286 0.0 -726 -1551.2960285059412 0.0 0.0 
25.714285714285715 -0.7142857142857143 0.0 -320 -997.4259607985286 0.0 0.0 
25.714285714285715 -0.0 0.0 130 -1045.06388440611 0.0 0.0 
25.714285714285715 0.0 0.0 515 -423.5567879746019 0.0 0.0 
25.714285714285715 0.7142857142857143 0.0 638 -389.2548611547023 0.0 0.0 
25.714285714285715 1.4285714285714286 0.0 499 -133.5606347441252 0.0 0.0 
25.714285714285715 2.142857142857143 0.0 224 -294.86874050473244 0.0 0.0 
25.714285714285715 2.857142857142857 0.0 -88 -344.349467685012 0.0 0.0 
25.714285714285715 3.5714285714285716 0.0 -225 -455.8829099839951 0.0 0.0 
25.714285714285715 4.285714285714286 0.0 -301 -449.53180674724274 0.0 0.0 
25.714285714285715 5.0 0.0 -250 -472.97367062718376 0.0 0.0 
25.714285714285715 5.714285714285714 0.0 -191 -387.6288944954491 0.0 0.0 
25.714285714285715 6.428571428571429 0.0 -114 -380.928560404276 0.0 0.0 
25.714285714285715 7.142857142857143 0.0 -50 -249.4398363826482 0.0 0.0 
25.714285714285715 7.857142857142858 0.0 -75 -372.7884125515872 0.0 0.0 
25.714285714285715 8.571428571428571 0.0 41 -64.69840211253388 0.0 0.0 
25.714285714285715 9.285714285714286 0.0 -227 -679.9905827052901 0.0 0.0 
27.857142857142858 -9.285714285714286 0.0 -711 -644.5667777766317 0.0 0.0 
27.857142857142858 -8.571428571428571 0.0 -41 -353.81215367586753 0.0 0.0 
27.857142857142858 -7.857142857142858 0.0 -309 -356.98724270142725 0.0 0.0 
27.857142857142858 -7.142857142857143 0.0 -126 -343.5813252226575 0.0 0.0 
27.857142857142858 -6.428571428571429 0.0 -445 -492.8547658368095 0.0 0.0 
27.857142857142858 -5.714285714285714 0.0 -433 -589.0071537484102 0.0 0.0 
27.857142857142858 -5.0 0.0 -690 -777.7305057278323 0.0 0.0 
27.857142857142858 -4.285714285714286 0.0 -636 -855.9908369521521 0.0 0.0 
27.857142857142858 -3.5714285714285716 0.0 -655 -883.9793965014622 0.0 0.0 
27.857142857142858 -2.857142857142857 0.0 -388 -718.4175189399348 0.0 0.0 
27.857142857142858 -2.142857142857143 0.0 -200 -527.499136538335 0.0 0.0 
27.857142857142858 -1.4285714285714286 0.0 71 -320.53003363771063 0.0 0.0 
27.857142857142858 -0.7142857142857143 0.0 201 -104.76241330194534 0.0 0.0 
27.857142857142858 -0.0 0.0 252 -1.8572909614363766 0.0 0.0 
27.857142857142858 0.0 0.0 146 16.3297762400899 0.0 0.0 
27.857142857142858 0.7142857142857143 0.0 14 -48.812991179609 0.0 0.0 
27.857142857142858 1.4285714285714286 0.0 -138 -141.0355483650131 0.0 0.0 
27.857142857142858 2.142857142857143 0.0 -195 -184.5455365442053 0.0 0.0 
27.857142857142858 2.857142857142857 0.0 -222 -216.38511676755732 0.0 0.0 
27.857142857142858 3.5714285714285716 0.0 -174 -187.40595255191107 0.0 0.0 
27.857142857142858 4.285714285714286 0.0 -140 -165.19918102548576 0.0 0.0 
27.857142857142858 5.0 0.0 -91 -131.71287781832564 0.0 0.0 
27.857142857142858 5.714285714285714 0.0 -74 -115.43227667237427 0.0 0.0 
27.857142857142858 6.428571428571429 0.0 -62 -117.70285158701333 0.0 0.0 
27.857142857142858 7.142857142857143 0.0 -49 -81.8968693578631 0.0 0.0 
27.857142857142858 7.857142857142858 0.0 -73 -143.59408461206652 0.0 0.0 
27.857142857142858 8.571428571428571 0.0 -2 23.670295511196702 0.0 0.0 
27.857142857142858 9.285714285714286 0.0 -137 -252.42737389274498 0.0 0.0 
