-27.857142857142858 -9.285714285714286 0.0 0 -0.19268831483581722 0.0 0.0 
-27.857142857142858 -8.571428571428571 0.0 0 -0.04516140877141044 0.0 0.0 
-27.857142857142858 -7.857142857142858 0.0 0 -0.1486867821010646 0.0 0.0 
-27.857142857142858 -7.142857142857143 0.0 0 -0.019376685088864375 0.0 0.0 
-27.857142857142858 -6.428571428571429 0.0 0 -0.09523528099035986 0.0 0.0 
-27.857142857142858 -5.714285714285714 0.0 0 0.00529273503800079 0.0 0.0 
-27.857142857142858 -5.0 0.0 0 -0.05435329839852963 0.0 0.0 
-27.857142857142858 -4.285714285714286 0.0 0 0.019444351147858994 0.0 0.0 
-27.857142857142858 -3.5714285714285716 0.0 0 -0.02926339957590573 0.0 0.0 
-27.857142857142858 -2.857142857142857 0.0 0 0.02213653597312857 0.0 0.0 
-27.857142857142858 -2.142857142857143 0.0 0 -0.018686409579299602 0.0 0.0 
-27.857142857142858 -1.4285714285714286 0.0 0 0.015490796790956524 0.0 0.0 
-27.857142857142858 -0.7142857142857143 0.0 0 -0.018330403789485944 0.0 0.0 
-27.857142857142858 -0.0 0.0 0 0.004049825199669829 0.0 0.0 
-27.857142857142858 0.0 0.0 0 -0.02328764931656732 0.0 0.0 
-27.857142857142858 0.7142857142857143 0.0 0 -0.009150486849079664 0.0 0.0 
-27.857142857142858 1.4285714285714286 0.0 0 -0.031592688904292635 0.0 0.0 
-27.857142857142858 2.142857142857143 0.0 0 -0.023854665083837268 0.0 0.0 
-27.857142857142858 2.857142857142857 0.0 0 -0.0425224514191491 0.0 0.0 
-27.857142857142858 3.5714285714285716 0.0 0 -0.038117223662282755 0.0 0.0 
-27.857142857142858 4.285714285714286 0.0 0 -0.051866587727631336 0.0 0.0 
-27.857142857142858 5.0 0.0 0 -0.047293256467431224 0.0 0.0 
-27.857142857142858 5.714285714285714 0.0 0 -0.05016067077764162 0.0 0.0 
-27.857142857142858 6.428571428571429 0.0 0 -0.050527044244735864 0.0 0.0 
-27.857142857142858 7.142857142857143 0.0 0 -0.03374103246456754 0.0 0.0 
-27.857142857142858 7.857142857142858 0.0 0 0.0016620109514386156 0.0 0.0 
-27.857142857142858 8.571428571428571 0.0 0 -0.0363715225493267 0.0 0.0 
-27.857142857142858 9.285714285714286 0.0 0 -0.005159357527345924 0.0 0.0 
-25.714285714285715 -9.285714285714286 0.0 0 -0.12079212597559134 0.0 0.0 
-25.714285714285715 -8.571428571428571 0.0 0 0.0017490247222501885 0.0 0.0 
-25.714285714285715 -7.857142857142858 0.0 0 -0.06937941630402862 0.0 0.0 
-25.714285714285715 -7.142857142857143 0.0 0 0.020423628843267722 0.0 0.0 
-25.714285714285715 -6.428571428571429 0.0 0 -0.03990044648541936 0.0 0.0 
-25.714285714285715 -5.714285714285714 0.0 0 0.016519505675865548 0.0 0.0 
-25.714285714285715 -5.0 0.0 0 -0.03739423992844621 0.0 0.0 
-25.714285714285715 -4.285714285714286 0.0 0 -0.004971504601877272 0.0 0.0 
-25.714285714285715 -3.5714285714285716 0.0 0 -0.052554426542259954 0.0 0.0 
-25.714285714285715 -2.857142857142857 0.0 0 -0.03614680783703118 0.0 0.0 
-25.714285714285715 -2.142857142857143 0.0 0 -0.07732252083865226 0.0 0.0 
-25.714285714285715 -1.4285714285714286 0.0 0 -0.07024830502470568 0.0 0.0 
-25.714285714285715 -0.7142857142857143 0.0 0 -0.10332111341201074 0.0 0.0 
-25.714285714285715 -0.0 0.0 0 -0.09929135564989233 0.0 0.0 
-25.714285714285715 0.0 0.0 0 -0.12313592983904242 0.0 0.0 
-25.714285714285715 0.7142857142857143 0.0 0 -0.11893641705219547 0.0 0.0 
-25.714285714285715 1.4285714285714286 0.0 0 -0.13470034045052168 0.0 0.0 
-25.714285714285715 2.142857142857143 0.0 0 -0.12973557430419963 0.0 0.0 
-25.714285714285715 2.857142857142857 0.0 0 -0.1395049918803428 0.0 0.0 
-25.714285714285715 3.5714285714285716 0.0 0 -0.1325831563026232 0.0 0.0 
-25.714285714285715 4.285714285714286 0.0 0 -0.13590580240210137 0.0 0.0 
-25.714285714285715 5.0 0.0 0 -0.12387809622448423 0.0 0.0 
-25.714285714285715 5.714285714285714 0.0 0 -0.10525335027099778 0.0 0.0 
-25.714285714285715 6.428571428571429 0.0 0 -0.11499744251765603 0.0 0.0 
-25.714285714285715 7.142857142857143 0.0 0 -0.07953473456069114 0.0 0.0 
-25.714285714285715 7.857142857142858 0.0 0 -0.05062531910631194 0.0 0.0 
-25.714285714285715 8.571428571428571 0.0 0 -0.07663120049961258 0.0 0.0 
-25.714285714285715 9.285714285714286 0.0 0 -0.0849474574794472 0.0 0.0 
-23.57142857142857 -9.285714285714286 0.0 0 -0.1344174765430381 0.0 0.0 
-23.57142857142857 -8.571428571428571 0.0 0 -0.011399733829579768 0.0 0.0 
-23.57142857142857 -7.857142857142858 0.0 0 -0.06800714631536459 0.0 0.0 
-23.57142857142857 -7.142857142857143 0.0 0 0.012244505098226308 0.0 0.0 
-23.57142857142857 -6.428571428571429 0.0 0 -0.04286171014504589 0.0 0.0 
-23.57142857142857 -5.714285714285714 0.0 0 0.0015110643587520275 0.0 0.0 
-23.57142857142857 -5.0 0.0 0 -0.049629401868163656 0.0 0.0 
-23.57142857142857 -4.285714285714286 0.0 0 -0.027634261180304896 0.0 0.0 
-23.57142857142857 -3.5714285714285716 0.0 0 -0.07236987224411875 0.0 0.0 
-23.57142857142857 -2.857142857142857 0.0 0 -0.06400184034996312 0.0 0.0 
-23.57142857142857 -2.142857142857143 0.0 0 -0.10210055608187417 0.0 0.0 
-23.57142857142857 -1.4285714285714286 0.0 0 -0.10071817580121896 0.0 0.0 
-23.57142857142857 -0.7142857142857143 0.0 0 -0.12930145153715616 0.0 0.0 
-23.57142857142857 -0.0 0.0 0 -0.12774708691458106 0.0 0.0 
-23.57142857142857 0.0 0.0 0 -0.1451817470471885 0.0 0.0 
-23.57142857142857 0.7142857142857143 0.0 0 -0.14076565179476475 0.0 0.0 
-23.57142857142857 1.4285714285714286 0.0 0 -0.14979752100891097 0.0 0.0 
-23.57142857142857 2.142857142857143 0.0 0 -0.1441048211532134 0.0 0.0 
-23.57142857142857 2.857142857142857 0.0 0 -0.1476560742145548 0.0 0.0 
-23.57142857142857 3.5714285714285716 0.0 0 -0.13870640949054525 0.0 0.0 
-23.57142857142857 4.285714285714286 0.0 0 -0.13937395557130738 0.0 0.0 
-23.57142857142857 5.0 0.0 0 -0.13468306413780445 0.0 0.0 
-23.57142857142857 5.714285714285714 0.0 0 -0.11415281953734677 0.0 0.0 
-23.57142857142857 6.428571428571429 0.0 0 -0.13999168156254593 0.0 0.0 
-23.57142857142857 7.142857142857143 0.0 0 -0.08858547842543524 0.0 0.0 
-23.57142857142857 7.857142857142858 0.0 0 -0.05908287309239404 0.0 0.0 
-23.57142857142857 8.571428571428571 0.0 0 -0.0726058122520826 0.0 0.0 
-23.57142857142857 9.285714285714286 0.0 0 -0.09754311272018173 0.0 0.0 
-21.428571428571427 -9.285714285714286 0.0 0 -0.1669007432900199 0.0 0.0 
-21.428571428571427 -8.571428571428571 0.0 0 -0.027131260174796175 0.0 0.0 
-21.428571428571427 -7.857142857142858 0.0 0 -0.10578193445787712 0.0 0.0 
-21.428571428571427 -7.142857142857143 0.0 0 -0.024829891443297634 0.0 0.0 
-21.428571428571427 -6.428571428571429 0.0 0 -0.10056561742185131 0.0 0.0 
-21.428571428571427 -5.714285714285714 0.0 0 -0.057396679889992724 0.0 0.0 
-21.428571428571427 -5.0 0.0 0 -0.12276584963766173 0.0 0.0 
-21.428571428571427 -4.285714285714286 0.0 0 -0.09991870241130513 0.0 0.0 
-21.428571428571427 -3.5714285714285716 0.0 0 -0.15220642457495026 0.0 0.0 
-21.428571428571427 -2.857142857142857 0.0 0 -0.14044475049009497 0.0 0.0 
-21.428571428571427 -2.142857142857143 0.0 0 -0.18198021487140195 0.0 0.0 
-21.428571428571427 -1.4285714285714286 0.0 0 -0.17544570669273518 0.0 0.0 
-21.428571428571427 -0.7142857142857143 0.0 0 -0.20359939482549838 0.0 0.0 
-21.428571428571427 -0.0 0.0 0 -0.19551501355188367 0.0 0.0 
-21.428571428571427 0.0 0.0 0 -0.21034901365479594 0.0 0.0 
-21.428571428571427 0.7142857142857143 0.0 0 -0.19891954739616335 0.0 0.0 
-21.428571428571427 1.4285714285714286 0.0 0 -0.20550843679388942 0.0 0.0 
-21.428571428571427 2.142857142857143 0.0 0 -0.19699261661202844 0.0 0.0 
-21.428571428571427 2.857142857142857 0.0 0 -0.20479755325587481 0.0 0.0 
-21.428571428571427 3.5714285714285716 0.0 0 -0.19806959469890004 0.0 0.0 
-21.428571428571427 4.285714285714286 0.0 0 -0.20083952138008732 0.0 0.0 
-21.428571428571427 5.0 0.0 0 -0.1918466998895656 0.0 0.0 
-21.428571428571427 5.714285714285714 0.0 0 -0.15727448369435792 0.0 0.0 
-21.428571428571427 6.428571428571429 0.0 0 -0.18395344207212838 0.0 0.0 
-21.428571428571427 7.142857142857143 0.0 0 -0.12146557147574337 0.0 0.0 
-21.428571428571427 7.857142857142858 0.0 0 -0.100680573504727 0.0 0.0 
-21.428571428571427 8.571428571428571 0.0 0 -0.10172032828582622 0.0 0.0 
-21.428571428571427 9.285714285714286 0.0 0 -0.15215370587135893 0.0 0.0 
-19.285714285714285 -9.285714285714286 0.0 0 -0.19466825162884233 0.0 0.0 
-19.285714285714285 -8.571428571428571 0.0 0 -0.022125626865459568 0.0 0.0 
-19.285714285714285 -7.857142857142858 0.0 0 -0.1370468242482238 0.0 0.0 
-19.285714285714285 -7.142857142857143 0.0 0 -0.04052125588975193 0.0 0.0 
-19.285714285714285 -6.428571428571429 0.0 0 -0.1435424070307661 0.0 0.0 
-19.285714285714285 -5.714285714285714 0.0 0 -0.08778515291689674 0.0 0.0 
-19.285714285714285 -5.0 0.0 0 -0.17075030194484153 0.0 0.0 
-19.285714285714285 -4.285714285714286 0.0 0 -0.13615642241669557 0.0 0.0 
-19.285714285714285 -3.5714285714285716 0.0 0 -0.1978026127310246 0.0 0.0 
-19.285714285714285 -2.857142857142857 0.0 0 -0.17506273346461212 0.0 0.0 
-19.285714285714285 -2.142857142857143 0.0 0 -0.22322248630505465 0.0 0.0 
-19.285714285714285 -1.4285714285714286 0.0 0 -0.20758420118969784 0.0 0.0 
-19.285714285714285 -0.7142857142857143 0.0 0 -0.23972046528257426 0.0 0.0 
-19.285714285714285 -0.0 0.0 0 -0.22620922519603617 0.0 0.0 
-19.285714285714285 0.0 0.0 0 -0.2460599773196972 0.0 0.0 
-19.285714285714285 0.7142857142857143 0.0 0 -0.23312597119662512 0.0 0.0 
-19.285714285714285 1.4285714285714286 0.0 0 -0.24475271044318977 0.0 0.0 
-19.285714285714285 2.142857142857143 0.0 0 -0.23404177922246105 0.0 0.0 
-19.285714285714285 2.857142857142857 0.0 0 -0.24020391169811256 0.0 0.0 
-19.285714285714285 3.5714285714285716 0.0 0 -0.22501592268383375 0.0 0.0 
-19.285714285714285 4.285714285714286 0.0 0 -0.22323971377177199 0.0 0.0 
-19.285714285714285 5.0 0.0 0 -0.21430372800761024 0.0 0.0 
-19.285714285714285 5.714285714285714 0.0 0 -0.1737583440153429 0.0 0.0 
-19.285714285714285 6.428571428571429 0.0 0 -0.21185284573464291 0.0 0.0 
-19.285714285714285 7.142857142857143 0.0 0 -0.1322469366055226 0.0 0.0 
-19.285714285714285 7.857142857142858 0.0 0 -0.1308262720703843 0.0 0.0 
-19.285714285714285 8.571428571428571 0.0 0 -0.10583779825321613 0.0 0.0 
-19.285714285714285 9.285714285714286 0.0 0 -0.22287224124091254 0.0 0.0 
-17.142857142857142 -9.285714285714286 0.0 0 -0.20183192472347136 0.0 0.0 
-17.142857142857142 -8.571428571428571 0.0 0 -0.00601971218653162 0.0 0.0 
-17.142857142857142 -7.857142857142858 0.0 0 -0.16132133926810693 0.0 0.0 
-17.142857142857142 -7.142857142857143 0.0 0 -0.05055201474337839 0.0 0.0 
-17.142857142857142 -6.428571428571429 0.0 0 -0.18280541918530527 0.0 0.0 
-17.142857142857142 -5.714285714285714 0.0 0 -0.11554072461457351 0.0 0.0 
-17.142857142857142 -5.0 0.0 0 -0.2198062556219109 0.0 0.0 
-17.142857142857142 -4.285714285714286 0.0 0 -0.17617132251600887 0.0 0.0 
-17.142857142857142 -3.5714285714285716 0.0 0 -0.25088698685350896 0.0 0.0 
-17.142857142857142 -2.857142857142857 0.0 0 -0.21987829158882197 0.0 0.0 
-17.142857142857142 -2.142857142857143 0.0 0 -0.27921690005071137 0.0 0.0 
-17.142857142857142 -1.4285714285714286 0.0 0 -0.2411160631209347 0.0 0.0 
-17.142857142857142 -0.7142857142857143 0.0 0 -0.282306299103663 0.0 0.0 
-17.142857142857142 -0.0 0.0 0 -0.26258931993654 0.0 0.0 
-17.142857142857142 0.0 0.0 0 -0.28338308038363713 0.0 0.0 
-17.142857142857142 0.7142857142857143 0.0 0 -0.27145496181002926 0.0 0.0 
-17.142857142857142 1.4285714285714286 0.0 0 -0.27550629071272553 0.0 0.0 
-17.142857142857142 2.142857142857143 0.0 0 -0.25844094556510044 0.0 0.0 
-17.142857142857142 2.857142857142857 0.0 0 -0.2663102070320702 0.0 0.0 
-17.142857142857142 3.5714285714285716 0.0 0 -0.25276396088028025 0.0 0.0 
-17.142857142857142 4.285714285714286 0.0 0 -0.252777908351284 0.0 0.0 
-17.142857142857142 5.0 0.0 0 -0.24496226978963082 0.0 0.0 
-17.142857142857142 5.714285714285714 0.0 0 -0.18923208774592867 0.0 0.0 
-17.142857142857142 6.428571428571429 0.0 0 -0.2356813926076347 0.0 0.0 
-17.142857142857142 7.142857142857143 0.0 0 -0.1274650126851056 0.0 0.0 
-17.142857142857142 7.857142857142858 0.0 0 -0.1460479455052685 0.0 0.0 
-17.142857142857142 8.571428571428571 0.0 0 -0.08794328101101524 0.0 0.0 
-17.142857142857142 9.285714285714286 0.0 0 -0.2708085333418847 0.0 0.0 
-15.0 -9.285714285714286 0.0 0 -0.19576749594154552 0.0 0.0 
-15.0 -8.571428571428571 0.0 0 -0.001594092297437344 0.0 0.0 
-15.0 -7.857142857142858 0.0 0 -0.18441498838079579 0.0 0.0 
-15.0 -7.142857142857143 0.0 0 -0.07386333877749736 0.0 0.0 
-15.0 -6.428571428571429 0.0 0 -0.22561115016263358 0.0 0.0 
-15.0 -5.714285714285714 0.0 0 -0.15852865418449885 0.0 0.0 
-15.0 -5.0 0.0 0 -0.2775050454278738 0.0 0.0 
-15.0 -4.285714285714286 0.0 0 -0.23355931003388658 0.0 0.0 
-15.0 -3.5714285714285716 0.0 0 -0.3129272543668718 0.0 0.0 
-15.0 -2.857142857142857 0.0 0 -0.2883812993059107 0.0 0.0 
-15.0 -2.142857142857143 0.0 0 -0.3246262040122484 0.0 0.0 
-15.0 -1.4285714285714286 0.0 0 -0.2966242451291754 0.0 0.0 
-15.0 1.4285714285714286 0.0 0 -0.285794196571024 0.0 0.0 
-15.0 2.142857142857143 0.0 0 -0.2631509748343761 0.0 0.0 
-15.0 2.857142857142857 0.0 0 -0.2786460026676565 0.0 0.0 
-15.0 3.5714285714285716 0.0 0 -0.26020547514676257 0.0 0.0 
-15.0 4.285714285714286 0.0 0 -0.25808114610483546 0.0 0.0 
-15.0 5.0 0.0 0 -0.25186350720653505 0.0 0.0 
-15.0 5.714285714285714 0.0 0 -0.1816100578830862 0.0 0.0 
-15.0 6.428571428571429 0.0 0 -0.2430374434431518 0.0 0.0 
-15.0 7.142857142857143 0.0 0 -0.10992491145461773 0.0 0.0 
-15.0 7.857142857142858 0.0 0 -0.13972221898369622 0.0 0.0 
-15.0 8.571428571428571 0.0 0 -0.06959241461585636 0.0 0.0 
-15.0 9.285714285714286 0.0 0 -0.27650876121459433 0.0 0.0 
-12.857142857142858 -9.285714285714286 0.0 0 -0.20819203666245378 0.0 0.0 
-12.857142857142858 -8.571428571428571 0.0 0 -0.012039395489155169 0.0 0.0 
-12.857142857142858 -7.857142857142858 0.0 0 -0.21803857493882814 0.0 0.0 
-12.857142857142858 -7.142857142857143 0.0 0 -0.1031482338247582 0.0 0.0 
-12.857142857142858 -6.428571428571429 0.0 0 -0.269866170607081 0.0 0.0 
-12.857142857142858 -5.714285714285714 0.0 0 -0.1991860493932736 0.0 0.0 
-12.857142857142858 -5.0 0.0 0 -0.3297895038738695 0.0 0.0 
-12.857142857142858 -4.285714285714286 0.0 0 -0.28251724980242926 0.0 0.0 
-12.857142857142858 -3.5714285714285716 0.0 0 -0.36945549662732224 0.0 0.0 
-12.857142857142858 -2.857142857142857 0.0 0 -0.3415737939246413 0.0 0.0 
-12.857142857142858 -2.142857142857143 0.0 0 -0.3775347824248092 0.0 0.0 
-12.857142857142858 2.142857142857143 0.0 0 -0.2967274537902096 0.0 0.0 
-12.857142857142858 2.857142857142857 0.0 0 -0.30074943992876124 0.0 0.0 
-12.857142857142858 3.5714285714285716 0.0 0 -0.29083919299167516 0.0 0.0 
-12.857142857142858 4.285714285714286 0.0 0 -0.27564838908291434 0.0 0.0 
-12.857142857142858 5.0 0.0 0 -0.2793364119102376 0.0 0.0 
-12.857142857142858 5.714285714285714 0.0 0 -0.18297578206030476 0.0 0.0 
-12.857142857142858 6.428571428571429 0.0 0 -0.2584776278571163 0.0 0.0 
-12.857142857142858 7.142857142857143 0.0 0 -0.10052864132226444 0.0 0.0 
-12.857142857142858 7.857142857142858 0.0 0 -0.13265059926912265 0.0 0.0 
-12.857142857142858 8.571428571428571 0.0 0 -0.07496532004024806 0.0 0.0 
-12.857142857142858 9.285714285714286 0.0 0 -0.28757356324209243 0.0 0.0 
-10.714285714285714 -9.285714285714286 0.0 0 -0.22404034074493254 0.0 0.0 
-10.714285714285714 -8.571428571428571 0.0 0 -0.0027816708197132 0.0 0.0 
-10.714285714285714 -7.857142857142858 0.0 0 -0.24007100910084606 0.0 0.0 
-10.714285714285714 -7.142857142857143 0.0 0 -0.10794492135679251 0.0 0.0 
-10.714285714285714 -6.428571428571429 0.0 0 -0.30107560602386846 0.0 0.0 
-10.714285714285714 -5.714285714285714 0.0 0 -0.21973256999914778 0.0 0.0 
-10.714285714285714 -5.0 0.0 0 -0.3741373147477059 0.0 0.0 
-10.714285714285714 -4.285714285714286 0.0 0 -0.31531548209988997 0.0 0.0 
-10.714285714285714 -3.5714285714285716 0.0 0 -0.426641272067972 0.0 0.0 
-10.714285714285714 -2.857142857142857 0.0 0 -0.38852140854267836 0.0 0.0 
-10.714285714285714 -2.142857142857143 0.0 0 -0.4575102515684182 0.0 0.0 
-10.714285714285714 2.142857142857143 0.0 0 -0.3239727140678831 0.0 0.0 
-10.714285714285714 2.857142857142857 0.0 0 -0.32477637277955657 0.0 0.0 
-10.714285714285714 3.5714285714285716 0.0 0 -0.31599782231372076 0.0 0.0 
-10.714285714285714 4.285714285714286 0.0 0 -0.29643961915549066 0.0 0.0 
-10.714285714285714 5.0 0.0 0 -0.2976020511906632 0.0 0.0 
-10.714285714285714 5.714285714285714 0.0 0 -0.1835792812800464 0.0 0.0 
-10.714285714285714 6.428571428571429 0.0 0 -0.258590243102643 0.0 0.0 
-10.714285714285714 7.142857142857143 0.0 0 -0.08830549595324742 0.0 0.0 
-10.714285714285714 7.857142857142858 0.0 0 -0.11276105642055734 0.0 0.0 
-10.714285714285714 8.571428571428571 0.0 0 -0.07527217411986055 0.0 0.0 
-10.714285714285714 9.285714285714286 0.0 0 -0.31512316436926363 0.0 0.0 
-8.571428571428571 -9.285714285714286 0.0 0 -0.21410198708186035 0.0 0.0 
-8.571428571428571 -8.571428571428571 0.0 0 0.028132819794081776 0.0 0.0 
-8.571428571428571 -7.857142857142858 0.0 0 -0.23582888554560497 0.0 0.0 
-8.571428571428571 -7.142857142857143 0.0 0 -0.09185821626856618 0.0 0.0 
-8.571428571428571 -6.428571428571429 0.0 0 -0.31406932803857884 0.0 0.0 
-8.571428571428571 -5.714285714285714 0.0 0 -0.23046418818112474 0.0 0.0 
-8.571428571428571 -5.0 0.0 0 -0.4210784984913721 0.0 0.0 
-8.571428571428571 -4.285714285714286 0.0 0 -0.3628395470904819 0.0 0.0 
-8.571428571428571 -3.5714285714285716 0.0 0 -0.5075814526639475 0.0 0.0 
-8.571428571428571 -2.857142857142857 0.0 0 -0.4539429595243212 0.0 0.0 
-8.571428571428571 -2.142857142857143 0.0 0 -0.5322967645612378 0.0 0.0 
-8.571428571428571 2.142857142857143 0.0 0 -0.3278571131645629 0.0 0.0 
-8.571428571428571 2.857142857142857 0.0 0 -0.33481092425995523 0.0 0.0 
-8.571428571428571 3.5714285714285716 0.0 0 -0.32475677916993195 0.0 0.0 
-8.571428571428571 4.285714285714286 0.0 0 -0.3035296814043073 0.0 0.0 
-8.571428571428571 5.0 0.0 0 -0.2954453511831238 0.0 0.0 
-8.571428571428571 5.714285714285714 0.0 0 -0.16110685395019947 0.0 0.0 
-8.571428571428571 6.428571428571429 0.0 0 -0.23017052910531421 0.0 0.0 
-8.571428571428571 7.142857142857143 0.0 0 -0.04382929925660199 0.0 0.0 
-8.571428571428571 7.857142857142858 0.0 0 -0.07106504597184508 0.0 0.0 
-8.571428571428571 8.571428571428571 0.0 0 -0.04299531783341301 0.0 0.0 
-8.571428571428571 9.285714285714286 0.0 0 -0.32809946724191985 0.0 0.0 
-6.428571428571429 -9.285714285714286 0.0 0 -0.19113266988427619 0.0 0.0 
-6.428571428571429 -8.571428571428571 0.0 0 0.040716491876959054 0.0 0.0 
-6.428571428571429 -7.857142857142858 0.0 0 -0.2341946961052845 0.0 0.0 
-6.428571428571429 -7.142857142857143 0.0 0 -0.10648536030689508 0.0 0.0 
-6.428571428571429 -6.428571428571429 0.0 0 -0.34778097363047095 0.0 0.0 
-6.428571428571429 -5.714285714285714 0.0 0 -0.2761962324127644 0.0 0.0 
-6.428571428571429 -5.0 0.0 0 -0.48186754659563047 0.0 0.0 
-6.428571428571429 -4.285714285714286 0.0 0 -0.4206142594068077 0.0 0.0 
-6.428571428571429 -3.5714285714285716 0.0 0 -0.5750171331007755 0.0 0.0 
-6.428571428571429 -2.857142857142857 0.0 0 -0.5186782851294014 0.0 0.0 
-6.428571428571429 -2.142857142857143 0.0 0 -0.6010981893857351 0.0 0.0 
-6.428571428571429 2.142857142857143 0.0 0 -0.32659386042671834 0.0 0.0 
-6.428571428571429 2.857142857142857 0.0 0 -0.33807376796598865 0.0 0.0 
-6.428571428571429 3.5714285714285716 0.0 0 -0.33146204490991693 0.0 0.0 
-6.428571428571429 4.285714285714286 0.0 0 -0.3029539793325121 0.0 0.0 
-6.428571428571429 5.0 0.0 0 -0.28313567351716473 0.0 0.0 
-6.428571428571429 5.714285714285714 0.0 0 -0.11958499883281892 0.0 0.0 
-6.428571428571429 6.428571428571429 0.0 0 -0.18437901044904534 0.0 0.0 
-6.428571428571429 7.142857142857143 0.0 0 0.023961610973903123 0.0 0.0 
-6.428571428571429 7.857142857142858 0.0 0 -0.019963213451912237 0.0 0.0 
-6.428571428571429 8.571428571428571 0.0 0 -0.0018151523561151517 0.0 0.0 
-6.428571428571429 9.285714285714286 0.0 0 -0.329909677877277 0.0 0.0 
-4.285714285714286 -9.285714285714286 0.0 0 -0.19097093433748605 0.0 0.0 
-4.285714285714286 -8.571428571428571 0.0 0 0.03878932221608719 0.0 0.0 
-4.285714285714286 -7.857142857142858 0.0 0 -0.24195052528175504 0.0 0.0 
-4.285714285714286 -7.142857142857143 0.0 0 -0.12070542665421488 0.0 0.0 
-4.285714285714286 -6.428571428571429 0.0 0 -0.3719506684419016 0.0 0.0 
-4.285714285714286 -5.714285714285714 0.0 0 -0.30863165491146005 0.0 0.0 
-4.285714285714286 -5.0 0.0 0 -0.5321049650268572 0.0 0.0 
-4.285714285714286 -4.285714285714286 0.0 0 -0.4792472610668811 0.0 0.0 
-4.285714285714286 -3.5714285714285716 0.0 0 -0.6488986563773256 0.0 0.0 
-4.285714285714286 -2.857142857142857 0.0 0 -0.6000807944078657 0.0 0.0 
-4.285714285714286 -2.142857142857143 0.0 0 -0.6831793028229439 0.0 0.0 
-4.285714285714286 2.142857142857143 0.0 0 -0.31860526086622104 0.0 0.0 
-4.285714285714286 2.857142857142857 0.0 0 -0.3394837990348408 0.0 0.0 
-4.285714285714286 3.5714285714285716 0.0 0 -0.34050578283948774 0.0 0.0 
-4.285714285714286 4.285714285714286 0.0 0 -0.2974200507101503 0.0 0.0 
-4.285714285714286 5.0 0.0 0 -0.25659716261394316 0.0 0.0 
-4.285714285714286 5.714285714285714 0.0 0 -0.052575480479870235 0.0 0.0 
-4.285714285714286 6.428571428571429 0.0 0 -0.11326699286442637 0.0 0.0 
-4.285714285714286 7.142857142857143 0.0 0 0.11731838421980736 0.0 0.0 
-4.285714285714286 7.857142857142858 0.0 0 0.04538747457638903 0.0 0.0 
-4.285714285714286 8.571428571428571 0.0 0 0.03958897218506041 0.0 0.0 
-4.285714285714286 9.285714285714286 0.0 0 -0.33808710488202637 0.0 0.0 
-2.142857142857143 -9.285714285714286 0.0 0 -0.1703339571105274 0.0 0.0 
-2.142857142857143 -8.571428571428571 0.0 0 0.0750224624198628 0.0 0.0 
-2.142857142857143 -7.857142857142858 0.0 0 -0.22668261556642752 0.0 0.0 
-2.142857142857143 -7.142857142857143 0.0 0 -0.11139312706824589 0.0 0.0 
-2.142857142857143 -6.428571428571429 0.0 0 -0.39128747696882893 0.0 0.0 
-2.142857142857143 -5.714285714285714 0.0 0 -0.33553965228982185 0.0 0.0 
-2.142857142857143 -5.0 0.0 0 -0.584713851293286 0.0 0.0 
-2.142857142857143 -4.285714285714286 0.0 0 -0.5299125687376078 0.0 0.0 
-2.142857142857143 -3.5714285714285716 0.0 0 -0.712833788867764 0.0 0.0 
-2.142857142857143 -2.857142857142857 0.0 0 -0.6696983743129709 0.0 0.0 
-2.142857142857143 -2.142857142857143 0.0 0 -0.7603102761093674 0.0 0.0 
-2.142857142857143 2.142857142857143 0.0 0 -0.2937156382711588 0.0 0.0 
-2.142857142857143 2.857142857142857 0.0 0 -0.3321715074539502 0.0 0.0 
-2.142857142857143 3.5714285714285716 0.0 0 -0.3418673971648886 0.0 0.0 
-2.142857142857143 4.285714285714286 0.0 0 -0.270009741092353 0.0 0.0 
-2.142857142857143 5.0 0.0 0 -0.193529586952338 0.0 0.0 
-2.142857142857143 5.714285714285714 0.0 0 0.061174723320668145 0.0 0.0 
-2.142857142857143 6.428571428571429 0.0 0 0.0021737355002710568 0.0 0.0 
-2.142857142857143 7.142857142857143 0.0 0 0.24864717076139012 0.0 0.0 
-2.142857142857143 7.857142857142858 0.0 0 0.1348111796899089 0.0 0.0 
-2.142857142857143 8.571428571428571 0.0 0 0.08697685837460739 0.0 0.0 
-2.142857142857143 9.285714285714286 0.0 0 -0.3457440999157847 0.0 0.0 
-0.0 -9.285714285714286 0.0 0 -0.12209555484168322 0.0 0.0 
-0.0 -8.571428571428571 0.0 0 0.11392641824198185 0.0 0.0 
-0.0 -7.857142857142858 0.0 0 -0.20274164403049902 0.0 0.0 
-0.0 -7.142857142857143 0.0 0 -0.10812720777323004 0.0 0.0 
-0.0 -6.428571428571429 0.0 0 -0.40880477368775314 0.0 0.0 
-0.0 -5.714285714285714 0.0 0 -0.3644952022191789 0.0 0.0 
-0.0 -5.0 0.0 0 -0.6320418517141422 0.0 0.0 
-0.0 -4.285714285714286 0.0 0 -0.5690848724136456 0.0 0.0 
-0.0 -3.5714285714285716 0.0 0 -0.754014019898545 0.0 0.0 
-0.0 -2.857142857142857 0.0 0 -0.7238973168459132 0.0 0.0 
-0.0 -2.142857142857143 0.0 0 -0.813122497399137 0.0 0.0 
-0.0 2.142857142857143 0.0 0 -0.2552051433756612 0.0 0.0 
-0.0 2.857142857142857 0.0 0 -0.3169754927154387 0.0 0.0 
-0.0 3.5714285714285716 0.0 0 -0.33291347258196763 0.0 0.0 
-0.0 4.285714285714286 0.0 0 -0.20307577113335634 0.0 0.0 
-0.0 5.0 0.0 0 -0.07275327974817174 0.0 0.0 
-0.0 5.714285714285714 0.0 0 0.23470015136833677 0.0 0.0 
-0.0 6.428571428571429 0.0 0 0.16204300833968183 0.0 0.0 
-0.0 7.142857142857143 0.0 0 0.4098415456353331 0.0 0.0 
-0.0 7.857142857142858 0.0 0 0.23156257988675139 0.0 0.0 
-0.0 8.571428571428571 0.0 0 0.12206883260055851 0.0 0.0 
-0.0 9.285714285714286 0.0 0 -0.3568810793684342 0.0 0.0 
0.0 -9.285714285714286 0.0 0 -0.06395811694088194 0.0 0.0 
0.0 -8.571428571428571 0.0 0 0.14918542313154198 0.0 0.0 
0.0 -7.857142857142858 0.0 0 -0.17211332776490917 0.0 0.0 
0.0 -7.142857142857143 0.0 0 -0.11139091621650038 0.0 0.0 
0.0 -6.428571428571429 0.0 0 -0.42495504335338236 0.0 0.0 
0.0 -5.714285714285714 0.0 0 -0.3961838540237265 0.0 0.0 
0.0 -5.0 0.0 0 -0.6758938485406674 0.0 0.0 
0.0 -4.285714285714286 0.0 0 -0.5864690190196411 0.0 0.0 
0.0 -3.5714285714285716 0.0 0 -0.7803193008530449 0.0 0.0 
0.0 -2.857142857142857 0.0 0 -0.731667095723694 0.0 0.0 
0.0 -2.142857142857143 0.0 0 -0.8142924795147117 0.0 0.0 
0.0 2.142857142857143 0.0 0 -0.20679565188164914 0.0 0.0 
0.0 2.857142857142857 0.0 0 -0.2902955519936389 0.0 0.0 
0.0 3.5714285714285716 0.0 0 -0.30670243080636184 0.0 0.0 
0.0 4.285714285714286 0.0 0 -0.06995616544973496 0.0 0.0 
0.0 5.0 0.0 0 0.1264417969442859 0.0 0.0 
0.0 5.714285714285714 0.0 0 0.4640016822360854 0.0 0.0 
0.0 6.428571428571429 0.0 0 0.3440262160367268 0.0 0.0 
0.0 7.142857142857143 0.0 0 0.5695497806131568 0.0 0.0 
0.0 7.857142857142858 0.0 0 0.33163702932486455 0.0 0.0 
0.0 8.571428571428571 0.0 0 0.04783316096495527 0.0 0.0 
0.0 9.285714285714286 0.0 0 -0.3847373967325248 0.0 0.0 
2.142857142857143 -9.285714285714286 0.0 0 0.013415753051008839 0.0 0.0 
2.142857142857143 -8.571428571428571 0.0 0 0.1946755507920543 0.0 0.0 
2.142857142857143 -7.857142857142858 0.0 0 -0.13584604394747452 0.0 0.0 
2.142857142857143 -7.142857142857143 0.0 0 -0.12113198063922019 0.0 0.0 
2.142857142857143 -6.428571428571429 0.0 0 -0.4447615090394042 0.0 0.0 
2.142857142857143 -5.714285714285714 0.0 0 -0.43093028292352703 0.0 0.0 
2.142857142857143 -5.0 0.0 0 -0.7098477089539745 0.0 0.0 
2.142857142857143 -4.285714285714286 0.0 0 -0.5928503698521056 0.0 0.0 
2.142857142857143 -3.5714285714285716 0.0 0 -0.8093386671493168 0.0 0.0 
2.142857142857143 -2.857142857142857 0.0 0 -0.6516918635108913 0.0 0.0 
2.142857142857143 -2.142857142857143 0.0 0 -0.7928478880130184 0.0 0.0 
2.142857142857143 1.4285714285714286 0.0 0 -0.3035087892634397 0.0 0.0 
2.142857142857143 2.142857142857143 0.0 0 -0.15765487316571586 0.0 0.0 
2.142857142857143 2.857142857142857 0.0 0 -0.3750819663840425 0.0 0.0 
2.142857142857143 3.5714285714285716 0.0 0 -0.23159925985447125 0.0 0.0 
2.142857142857143 4.285714285714286 0.0 0 0.08141973094310391 0.0 0.0 
2.142857142857143 5.0 0.0 0 0.40421347912924277 0.0 0.0 
2.142857142857143 5.714285714285714 0.0 0 0.6291240347680626 0.0 0.0 
2.142857142857143 6.428571428571429 0.0 0 0.43828016399429837 0.0 0.0 
2.142857142857143 7.142857142857143 0.0 0 0.6930061192042386 0.0 0.0 
2.142857142857143 7.857142857142858 0.0 0 0.23429967469502705 0.0 0.0 
2.142857142857143 8.571428571428571 0.0 0 0.03287919608708781 0.0 0.0 
2.142857142857143 9.285714285714286 0.0 0 -0.595150263653215 0.0 0.0 
4.285714285714286 -9.285714285714286 0.0 0 0.13030706532933428 0.0 0.0 
4.285714285714286 -8.571428571428571 0.0 0 0.24679174956028432 0.0 0.0 
4.285714285714286 -7.857142857142858 0.0 0 -0.08806549249131007 0.0 0.0 
4.285714285714286 -7.142857142857143 0.0 0 -0.1427911545466051 0.0 0.0 
4.285714285714286 -6.428571428571429 0.0 0 -0.45686513063819373 0.0 0.0 
4.285714285714286 -5.714285714285714 0.0 0 -0.46541194053945834 0.0 0.0 
4.285714285714286 -5.0 0.0 0 -0.6981435270217086 0.0 0.0 
4.285714285714286 -4.285714285714286 0.0 0 -0.6087928168858466 0.0 0.0 
4.285714285714286 -3.5714285714285716 0.0 0 -0.7534236283674862 0.0 0.0 
4.285714285714286 -2.857142857142857 0.0 0 -0.6685747249491035 0.0 0.0 
4.285714285714286 -2.142857142857143 0.0 0 -0.7162462420372815 0.0 0.0 
4.285714285714286 -1.4285714285714286 0.0 0 -0.851357265082561 0.0 0.0 
4.285714285714286 1.4285714285714286 0.0 0 -0.34611988242501573 0.0 0.0 
4.285714285714286 2.142857142857143 0.0 0 0.1636867990790122 0.0 0.0 
4.285714285714286 2.857142857142857 0.0 0 -0.30748944441009596 0.0 0.0 
4.285714285714286 3.5714285714285716 0.0 0 0.16923947030088454 0.0 0.0 
4.285714285714286 4.285714285714286 0.0 0 0.6320946285848005 0.0 0.0 
4.285714285714286 5.0 0.0 0 0.9429496949361862 0.0 0.0 
4.285714285714286 5.714285714285714 0.0 0 0.8947274829523472 0.0 0.0 
4.285714285714286 6.428571428571429 0.0 0 0.5147454548693958 0.0 0.0 
4.285714285714286 7.142857142857143 0.0 0 0.7728390547318505 0.0 0.0 
4.285714285714286 7.857142857142858 0.0 0 0.1397292582960286 0.0 0.0 
4.285714285714286 8.571428571428571 0.0 0 0.009948060010610597 0.0 0.0 
4.285714285714286 9.285714285714286 0.0 0 -0.062364944222880275 0.0 0.0 
6.428571428571429 -9.285714285714286 0.0 0 0.22732755133826135 0.0 0.0 
6.428571428571429 -8.571428571428571 0.0 0 0.22586443455555602 0.0 0.0 
6.428571428571429 -7.857142857142858 0.0 0 -0.15035201686406216 0.0 0.0 
6.428571428571429 -7.142857142857143 0.0 0 -0.2794671083924691 0.0 0.0 
6.428571428571429 -6.428571428571429 0.0 0 -0.5572927820872154 0.0 0.0 
6.428571428571429 -5.714285714285714 0.0 0 -0.5185174570696869 0.0 0.0 
6.428571428571429 -5.0 0.0 0 -0.6026452826099019 0.0 0.0 
6.428571428571429 -4.285714285714286 0.0 0 -0.45931076349835176 0.0 0.0 
6.428571428571429 -3.5714285714285716 0.0 0 -0.4144769259068256 0.0 0.0 
6.428571428571429 -2.857142857142857 0.0 0 -0.3060426350129862 0.0 0.0 
6.428571428571429 -2.142857142857143 0.0 0 -0.3216510178403439 0.0 0.0 
6.428571428571429 -1.4285714285714286 0.0 0 -0.5847910424344807 0.0 0.0 
6.428571428571429 -0.7142857142857143 0.0 0 -0.6007554302984887 0.0 0.0 
6.428571428571429 -0.0 0.0 0 -0.8070333500619782 0.0 0.0 
6.428571428571429 0.0 0.0 0 -1.6846748536669751 0.0 0.0 
6.428571428571429 2.142857142857143 0.0 0 -1.1463682036291818 0.0 0.0 
6.428571428571429 2.857142857142857 0.0 0 -0.5828607941469768 0.0 0.0 
6.428571428571429 3.5714285714285716 0.0 0 0.4441395137274893 0.0 0.0 
6.428571428571429 4.285714285714286 0.0 0 1.4139472004965254 0.0 0.0 
6.428571428571429 5.0 0.0 0 0.8475410134951614 0.0 0.0 
6.428571428571429 5.714285714285714 0.0 0 0.6702378424434252 0.0 0.0 
6.428571428571429 6.428571428571429 0.0 0 -0.14632091171462525 0.0 0.0 
6.428571428571429 7.142857142857143 0.0 0 0.04652848462285497 0.0 0.0 
6.428571428571429 7.857142857142858 0.0 0 -0.7233091186843089 0.0 0.0 
6.428571428571429 8.571428571428571 0.0 0 -0.6220615601720052 0.0 0.0 
6.428571428571429 9.285714285714286 0.0 0 0.09315449189750082 0.0 0.0 
8.571428571428571 -9.285714285714286 0.0 0 0.45414050041635945 0.0 0.0 
8.571428571428571 -8.571428571428571 0.0 0 0.34447633157655766 0.0 0.0 
8.571428571428571 -7.857142857142858 0.0 0 -0.07748455671227675 0.0 0.0 
8.571428571428571 -7.142857142857143 0.0 0 -0.2524525787497355 0.0 0.0 
8.571428571428571 -6.428571428571429 0.0 0 -0.5685373069184173 0.0 0.0 
8.571428571428571 -5.714285714285714 0.0 0 -0.5616303910355762 0.0 0.0 
8.571428571428571 -5.0 0.0 0 -0.6295159051912188 0.0 0.0 
8.571428571428571 -4.285714285714286 0.0 0 -0.4042956834993021 0.0 0.0 
8.571428571428571 -3.5714285714285716 0.0 0 -0.20182918040053377 0.0 0.0 
8.571428571428571 -2.857142857142857 0.0 0 0.3342763543235048 0.0 0.0 
8.571428571428571 -2.142857142857143 0.0 0 0.5775683174872985 0.0 0.0 
8.571428571428571 -1.4285714285714286 0.0 0 0.9884589498864299 0.0 0.0 
8.571428571428571 -0.7142857142857143 0.0 0 1.2785180631827138 0.0 0.0 
8.571428571428571 -0.0 0.0 0 0.7385517970559963 0.0 0.0 
8.571428571428571 0.0 0.0 0 0.25970022763036016 0.0 0.0 
8.571428571428571 0.7142857142857143 0.0 0 -0.343276158971853 0.0 0.0 
8.571428571428571 1.4285714285714286 0.0 0 -0.5884313302023678 0.0 0.0 
8.571428571428571 3.5714285714285716 0.0 0 0.08977456638285553 0.0 0.0 
8.571428571428571 4.285714285714286 0.0 1 1.37300039879692 0.0 0.0 
8.571428571428571 5.0 0.0 1 0.8537684983031788 0.0 0.0 
8.571428571428571 5.714285714285714 0.0 0 -0.4261577316958204 0.0 0.0 
8.571428571428571 6.428571428571429 0.0 0 0.00810236134445036 0.0 0.0 
8.571428571428571 7.142857142857143 0.0 0 -1.742997390140324 0.0 0.0 
8.571428571428571 7.857142857142858 0.0 0 -0.5947970590261948 0.0 0.0 
8.571428571428571 8.571428571428571 0.0 0 -2.503494995163489 0.0 0.0 
8.571428571428571 9.285714285714286 0.0 0 0.07677844533561978 0.0 0.0 
10.714285714285714 -9.285714285714286 0.0 0 0.8372143718130922 0.0 0.0 
10.714285714285714 -8.571428571428571 0.0 0 0.09397010368409099 0.0 0.0 
10.714285714285714 -7.857142857142858 0.0 0 -0.04890652250881894 0.0 0.0 
10.714285714285714 -7.142857142857143 0.0 0 -0.5385816041910998 0.0 0.0 
10.714285714285714 -6.428571428571429 0.0 0 -0.44501052933759166 0.0 0.0 
10.714285714285714 -5.714285714285714 0.0 0 -0.5449311197783475 0.0 0.0 
10.714285714285714 -5.0 0.0 0 -0.31735524140317395 0.0 0.0 
10.714285714285714 -4.285714285714286 0.0 0 -0.3174292394996059 0.0 0.0 
10.714285714285714 -3.5714285714285716 0.0 0 -0.24419897780879296 0.0 0.0 
10.714285714285714 -2.857142857142857 0.0 0 0.05232702717787607 0.0 0.0 
10.714285714285714 -2.142857142857143 0.0 0 0.24193570027135292 0.0 0.0 
10.714285714285714 -1.4285714285714286 0.0 0 0.8665469673400095 0.0 0.0 
10.714285714285714 -0.7142857142857143 0.0 0 2.1517101832353656 0.0 0.0 
10.714285714285714 -0.0 0.0 0 1.7970409589828455 0.0 0.0 
10.714285714285714 0.0 0.0 1 3.5478650891983463 0.0 0.0 
10.714285714285714 0.7142857142857143 0.0 1 1.9362421161670365 0.0 0.0 
10.714285714285714 1.4285714285714286 0.0 0 2.4021549516763097 0.0 0.0 
10.714285714285714 2.142857142857143 0.0 0 -1.2851182650934652 0.0 0.0 
10.714285714285714 5.0 0.0 1 0.6815858119778404 0.0 0.0 
10.714285714285714 5.714285714285714 0.0 0 -2.207553276115936 0.0 0.0 
10.714285714285714 6.428571428571429 0.0 0 -0.012585961070606999 0.0 0.0 
10.714285714285714 7.142857142857143 0.0 0 -2.5863678179346747 0.0 0.0 
10.714285714285714 7.857142857142858 0.0 0 -1.1254562064560982 0.0 0.0 
10.714285714285714 8.571428571428571 0.0 -1 -3.1492036453341585 0.0 0.0 
10.714285714285714 9.285714285714286 0.0 -1 -3.730474448233887 0.0 0.0 
12.857142857142858 -9.285714285714286 0.0 0 0.7207582632263351 0.0 0.0 
12.857142857142858 -8.571428571428571 0.0 0 -0.08426032088951771 0.0 0.0 
12.857142857142858 -7.857142857142858 0.0 0 -0.0139665208489258 0.0 0.0 
12.857142857142858 -7.142857142857143 0.0 0 -0.44554192310923224 0.0 0.0 
12.857142857142858 -6.428571428571429 0.0 -1 -0.1599137255645695 0.0 0.0 
12.857142857142858 -5.714285714285714 0.0 -1 -0.3049655306379162 0.0 0.0 
12.857142857142858 -5.0 0.0 -1 0.09438815474302631 0.0 0.0 
12.857142857142858 -4.285714285714286 0.0 0 0.2471111865410376 0.0 0.0 
12.857142857142858 -3.5714285714285716 0.0 0 0.5374823130721713 0.0 0.0 
12.857142857142858 -2.857142857142857 0.0 0 0.8392939655025181 0.0 0.0 
12.857142857142858 -2.142857142857143 0.0 0 0.7437978453801065 0.0 0.0 
12.857142857142858 -1.4285714285714286 0.0 0 0.8660040584141957 0.0 0.0 
12.857142857142858 -0.7142857142857143 0.0 0 1.3654766917980394 0.0 0.0 
12.857142857142858 -0.0 0.0 0 1.2005257666660758 0.0 0.0 
12.857142857142858 0.0 0.0 1 2.777351849155616 0.0 0.0 
12.857142857142858 0.7142857142857143 0.0 2 4.143032343738741 0.0 0.0 
12.857142857142858 1.4285714285714286 0.0 2 3.191674774938757 0.0 0.0 
12.857142857142858 2.142857142857143 0.0 4 6.117220582612645 0.0 0.0 
12.857142857142858 4.285714285714286 0.0 0 0.3057901376386737 0.0 0.0 
12.857142857142858 5.0 0.0 0 -0.6090854936877323 0.0 0.0 
12.857142857142858 5.714285714285714 0.0 0 0.3283714232218324 0.0 0.0 
12.857142857142858 6.428571428571429 0.0 0 -0.9170963297670602 0.0 0.0 
12.857142857142858 7.142857142857143 0.0 0 2.297683116064108 0.0 0.0 
12.857142857142858 7.857142857142858 0.0 0 -1.5415863718456457 0.0 0.0 
12.857142857142858 8.571428571428571 0.0 0 3.4231830939612373 0.0 0.0 
12.857142857142858 9.285714285714286 0.0 -2 -4.340330054150639 0.0 0.0 
15.0 -9.285714285714286 0.0 0 1.229371804236269 0.0 0.0 
15.0 -8.571428571428571 0.0 0 -0.30929814204966954 0.0 0.0 
15.0 -7.857142857142858 0.0 -1 0.09233999423938921 0.0 0.0 
15.0 -7.142857142857143 0.0 -1 -0.7469859918821999 0.0 0.0 
15.0 -6.428571428571429 0.0 -1 0.01077894277576208 0.0 0.0 
15.0 -5.714285714285714 0.0 -1 -0.3312374807662024 0.0 0.0 
15.0 -5.0 0.0 -1 0.4009901735855592 0.0 0.0 
15.0 -4.285714285714286 0.0 -1 0.26908393031205025 0.0 0.0 
15.0 -3.5714285714285716 0.0 -1 0.6935801275454387 0.0 0.0 
15.0 -2.857142857142857 0.0 0 0.7924373179979356 0.0 0.0 
15.0 -2.142857142857143 0.0 0 0.7336701541717863 0.0 0.0 
15.0 -1.4285714285714286 0.0 0 0.9000539560183818 0.0 0.0 
15.0 -0.7142857142857143 0.0 0 0.4801070612033953 0.0 0.0 
15.0 -0.0 0.0 0 0.30592761267583013 0.0 0.0 
15.0 0.0 0.0 0 -0.9598388705657531 0.0 0.0 
15.0 0.7142857142857143 0.0 0 1.659147413985228 0.0 0.0 
15.0 1.4285714285714286 0.0 0 -0.039024241422823014 0.0 0.0 
15.0 2.142857142857143 0.0 3 6.218535468794855 0.0 0.0 
15.0 2.857142857142857 0.0 4 6.562377766131247 0.0 0.0 
15.0 3.5714285714285716 0.0 0 3.0466139245630735 0.0 0.0 
15.0 4.285714285714286 0.0 0 4.146291492310369 0.0 0.0 
15.0 5.0 0.0 0 1.6212461017044228 0.0 0.0 
15.0 5.714285714285714 0.0 0 4.06750605451955 0.0 0.0 
15.0 6.428571428571429 0.0 0 1.5313652166827456 0.0 0.0 
15.0 7.142857142857143 0.0 0 5.881927337201389 0.0 0.0 
15.0 7.857142857142858 0.0 0 3.0808917076569524 0.0 0.0 
15.0 8.571428571428571 0.0 1 5.655575888420979 0.0 0.0 
15.0 9.285714285714286 0.0 1 7.895419084101588 0.0 0.0 
17.142857142857142 -9.285714285714286 0.0 0 -0.12029875494896747 0.0 0.0 
17.142857142857142 -8.571428571428571 0.0 0 -1.479812069705771 0.0 0.0 
17.142857142857142 -7.857142857142858 0.0 -1 -0.8664770636426218 0.0 0.0 
17.142857142857142 -7.142857142857143 0.0 -1 -1.5704017049008754 0.0 0.0 
17.142857142857142 -6.428571428571429 0.0 -1 -0.8611113188835329 0.0 0.0 
17.142857142857142 -5.714285714285714 0.0 -1 -1.5135361467561712 0.0 0.0 
17.142857142857142 -5.0 0.0 0 -1.0258431009213211 0.0 0.0 
17.142857142857142 -4.285714285714286 0.0 0 -1.3355319589392038 0.0 0.0 
17.142857142857142 -3.5714285714285716 0.0 0 -0.7439426882123144 0.0 0.0 
17.142857142857142 -2.857142857142857 0.0 0 -0.2580048911391202 0.0 0.0 
17.142857142857142 -2.142857142857143 0.0 0 0.1972893071828753 0.0 0.0 
17.142857142857142 -1.4285714285714286 0.0 1 0.7110226048908147 0.0 0.0 
17.142857142857142 -0.7142857142857143 0.0 1 0.45475392082136024 0.0 0.0 
17.142857142857142 -0.0 0.0 0 1.8109697822745978 0.0 0.0 
17.142857142857142 0.0 0.0 0 0.2716448576287258 0.0 0.0 
17.142857142857142 0.7142857142857143 0.0 0 0.21849930650884708 0.0 0.0 
17.142857142857142 1.4285714285714286 0.0 0 -2.1637053740382766 0.0 0.0 
17.142857142857142 2.142857142857143 0.0 -1 -3.1458229145033614 0.0 0.0 
17.142857142857142 2.857142857142857 0.0 0 0.2865054174393564 0.0 0.0 
17.142857142857142 3.5714285714285716 0.0 0 -1.2364741346313366 0.0 0.0 
17.142857142857142 4.285714285714286 0.0 0 0.18458444554968034 0.0 0.0 
17.142857142857142 5.0 0.0 0 -0.9456890020937821 0.0 0.0 
17.142857142857142 5.714285714285714 0.0 0 0.2679455532182734 0.0 0.0 
17.142857142857142 6.428571428571429 0.0 0 -1.0535639347282222 0.0 0.0 
17.142857142857142 7.142857142857143 0.0 0 -0.5231786901085147 0.0 0.0 
17.142857142857142 7.857142857142858 0.0 0 -0.26518809588819714 0.0 0.0 
17.142857142857142 8.571428571428571 0.0 -1 -2.8435869677413885 0.0 0.0 
17.142857142857142 9.285714285714286 0.0 2 5.130021348440337 0.0 0.0 
19.285714285714285 -9.285714285714286 0.0 0 -0.9309662783125164 0.0 0.0 
19.285714285714285 -8.571428571428571 0.0 0 -0.8020141572038361 0.0 0.0 
19.285714285714285 -7.857142857142858 0.0 0 -1.459492658594782 0.0 0.0 
19.285714285714285 -7.142857142857143 0.0 0 -0.6664769165585647 0.0 0.0 
19.285714285714285 -6.428571428571429 0.0 0 -0.6651041216691718 0.0 0.0 
19.285714285714285 -5.714285714285714 0.0 0 -0.2474119115144816 0.0 0.0 
19.285714285714285 -5.0 0.0 0 -0.3532521633220145 0.0 0.0 
19.285714285714285 -4.285714285714286 0.0 0 0.5159063447484291 0.0 0.0 
19.285714285714285 -3.5714285714285716 0.0 0 0.06929921345907619 0.0 0.0 
19.285714285714285 -2.857142857142857 0.0 0 0.25370811865632126 0.0 0.0 
19.285714285714285 -2.142857142857143 0.0 -1 -0.4043626362333167 0.0 0.0 
19.285714285714285 -1.4285714285714286 0.0 0 0.7973368673115848 0.0 0.0 
19.285714285714285 -0.7142857142857143 0.0 0 1.0295875667013363 0.0 0.0 
19.285714285714285 -0.0 0.0 1 2.681703367504791 0.0 0.0 
19.285714285714285 0.0 0.0 1 2.9364406385263404 0.0 0.0 
19.285714285714285 0.7142857142857143 0.0 1 2.6990413961613537 0.0 0.0 
19.285714285714285 1.4285714285714286 0.0 1 3.1973610704672732 0.0 0.0 
19.285714285714285 2.142857142857143 0.0 0 0.34893532640313313 0.0 0.0 
19.285714285714285 2.857142857142857 0.0 0 0.6611002902575145 0.0 0.0 
19.285714285714285 3.5714285714285716 0.0 0 -0.43382085359105593 0.0 0.0 
19.285714285714285 4.285714285714286 0.0 0 0.4314469409152959 0.0 0.0 
19.285714285714285 5.0 0.0 0 0.3453808170712701 0.0 0.0 
19.285714285714285 5.714285714285714 0.0 0 0.6844614715533045 0.0 0.0 
19.285714285714285 6.428571428571429 0.0 0 1.319391624134872 0.0 0.0 
19.285714285714285 7.142857142857143 0.0 0 -0.024595887978803084 0.0 0.0 
19.285714285714285 7.857142857142858 0.0 0 1.3676283989792883 0.0 0.0 
19.285714285714285 8.571428571428571 0.0 -1 -2.687831607719204 0.0 0.0 
19.285714285714285 9.285714285714286 0.0 0 0.5277790105582937 0.0 0.0 
21.428571428571427 -9.285714285714286 0.0 0 0.991983803779018 0.0 0.0 
21.428571428571427 -8.571428571428571 0.0 -1 0.7730813537297749 0.0 0.0 
21.428571428571427 -7.857142857142858 0.0 -1 1.1841909831606567 0.0 0.0 
21.428571428571427 -7.142857142857143 0.0 -1 1.5626057500579624 0.0 0.0 
21.428571428571427 -6.428571428571429 0.0 -1 1.2638454911282748 0.0 0.0 
21.428571428571427 -5.714285714285714 0.0 -1 0.8761569615397939 0.0 0.0 
21.428571428571427 -5.0 0.0 -1 0.11664055287153907 0.0 0.0 
21.428571428571427 -4.285714285714286 0.0 -1 0.19912054628421294 0.0 0.0 
21.428571428571427 -3.5714285714285716 0.0 0 0.22091199069027373 0.0 0.0 
21.428571428571427 -2.857142857142857 0.0 1 2.0016974126626645 0.0 0.0 
21.428571428571427 -2.142857142857143 0.0 0 2.496762762475756 0.0 0.0 
21.428571428571427 -1.4285714285714286 0.0 1 2.366116961033208 0.0 0.0 
21.428571428571427 -0.7142857142857143 0.0 1 1.6022367000682733 0.0 0.0 
21.428571428571427 -0.0 0.0 0 0.6518876780685909 0.0 0.0 
21.428571428571427 0.0 0.0 0 0.8455796012563813 0.0 0.0 
21.428571428571427 0.7142857142857143 0.0 0 -0.34265624924554755 0.0 0.0 
21.428571428571427 1.4285714285714286 0.0 0 1.4615250978048206 0.0 0.0 
21.428571428571427 2.142857142857143 0.0 0 0.3272677523281974 0.0 0.0 
21.428571428571427 2.857142857142857 0.0 0 0.41246834953996353 0.0 0.0 
21.428571428571427 3.5714285714285716 0.0 0 0.13723027704415452 0.0 0.0 
21.428571428571427 4.285714285714286 0.0 0 0.21466131237389802 0.0 0.0 
21.428571428571427 5.0 0.0 0 0.48101610324375266 0.0 0.0 
21.428571428571427 5.714285714285714 0.0 0 -0.25354781529507286 0.0 0.0 
21.428571428571427 6.428571428571429 0.0 0 1.0695350612333994 0.0 0.0 
21.428571428571427 7.142857142857143 0.0 0 -0.2268611512551612 0.0 0.0 
21.428571428571427 7.857142857142858 0.0 0 1.3517240159516282 0.0 0.0 
21.428571428571427 8.571428571428571 0.0 0 0.48389117874807175 0.0 0.0 
21.428571428571427 9.285714285714286 0.0 0 0.5181251905283603 0.0 0.0 
23.57142857142857 -9.285714285714286 0.0 -2 -0.1523679109427727 0.0 0.0 
23.57142857142857 -8.571428571428571 0.0 -2 -2.9871094895312935 0.0 0.0 
23.57142857142857 -7.857142857142858 0.0 -1 -1.5253049342953298 0.0 0.0 
23.57142857142857 -7.142857142857143 0.0 0 -2.833776356381159 0.0 0.0 
23.57142857142857 -6.428571428571429 0.0 0 -1.1722226759902856 0.0 0.0 
23.57142857142857 -5.714285714285714 0.0 1 -1.5371909527391676 0.0 0.0 
23.57142857142857 -5.0 0.0 1 0.5561208697038111 0.0 0.0 
23.57142857142857 -4.285714285714286 0.0 1 0.8417004937781338 0.0 0.0 
23.57142857142857 -3.5714285714285716 0.0 1 2.0592980269274017 0.0 0.0 
23.57142857142857 -2.857142857142857 0.0 1 1.094853984097162 0.0 0.0 
23.57142857142857 -2.142857142857143 0.0 0 0.893059916890391 0.0 0.0 
23.57142857142857 -1.4285714285714286 0.0 0 0.9306295884511974 0.0 0.0 
23.57142857142857 -0.7142857142857143 0.0 0 1.792197242908817 0.0 0.0 
23.57142857142857 -0.0 0.0 1 1.1950780623269193 0.0 0.0 
23.57142857142857 0.0 0.0 1 1.647521780234103 0.0 0.0 
23.57142857142857 0.7142857142857143 0.0 0 0.23569680896067996 0.0 0.0 
23.57142857142857 1.4285714285714286 0.0 0 0.5727927633094538 0.0 0.0 
23.57142857142857 2.142857142857143 0.0 0 0.3526974273477693 0.0 0.0 
23.57142857142857 2.857142857142857 0.0 0 0.5119492261499038 0.0 0.0 
23.57142857142857 3.5714285714285716 0.0 0 0.5273493779969775 0.0 0.0 
23.57142857142857 4.285714285714286 0.0 0 0.4490568189205767 0.0 0.0 
23.57142857142857 5.0 0.0 0 0.8801563457451318 0.0 0.0 
23.57142857142857 5.714285714285714 0.0 0 -0.044767488034448376 0.0 0.0 
23.57142857142857 6.428571428571429 0.0 0 0.7403477979034355 0.0 0.0 
23.57142857142857 7.142857142857143 0.0 0 -0.25664932982841654 0.0 0.0 
23.57142857142857 7.857142857142858 0.0 0 -0.2500466237039498 0.0 0.0 
23.57142857142857 8.571428571428571 0.0 0 0.6519469422282831 0.0 0.0 
23.57142857142857 9.285714285714286 0.0 0 0.4562301337771877 0.0 0.0 
25.714285714285715 -9.285714285714286 0.0 0 -3.9620921279782504 0.0 0.0 
25.714285714285715 -8.571428571428571 0.0 0 -1.7076193454122561 0.0 0.0 
25.714285714285715 -7.857142857142858 0.0 0 -0.7684826910361324 0.0 0.0 
25.714285714285715 -7.142857142857143 0.0 2 1.0907720680883484 0.0 0.0 
25.714285714285715 -6.428571428571429 0.0 1 1.667137900360316 0.0 0.0 
25.714285714285715 -5.714285714285714 0.0 1 1.4404372923396784 0.0 0.0 
25.714285714285715 -5.0 0.0 0 0.16651300281661774 0.0 0.0 
25.714285714285715 -4.285714285714286 0.0 -1 -0.3519091132244725 0.0 0.0 
25.714285714285715 -3.5714285714285716 0.0 -1 -0.9136108825097629 0.0 0.0 
25.714285714285715 -2.857142857142857 0.0 0 -0.052950619114453534 0.0 0.0 
25.714285714285715 -2.142857142857143 0.0 0 0.6901431650029739 0.0 0.0 
25.714285714285715 -1.4285714285714286 0.0 1 1.1984058575221403 0.0 0.0 
25.714285714285715 -0.7142857142857143 0.0 1 1.469350225929968 0.0 0.0 
25.714285714285715 -0.0 0.0 1 1.0025904869315263 0.0 0.0 
25.714285714285715 0.0 0.0 0 0.7096096471182491 0.0 0.0 
25.714285714285715 0.7142857142857143 0.0 0 0.05659720446287702 0.0 0.0 
25.714285714285715 1.4285714285714286 0.0 0 -0.4576601144469719 0.0 0.0 
25.714285714285715 2.142857142857143 0.0 0 -0.5708988595861104 0.0 0.0 
25.714285714285715 2.857142857142857 0.0 0 -0.5989307317844571 0.0 0.0 
25.714285714285715 3.5714285714285716 0.0 0 -0.3962061152433695 0.0 0.0 
25.714285714285715 4.285714285714286 0.0 0 -0.6574271006065844 0.0 0.0 
25.714285714285715 5.0 0.0 0 -0.16754773443267706 0.0 0.0 
25.714285714285715 5.714285714285714 0.0 0 -0.8094664910801112 0.0 0.0 
25.714285714285715 6.428571428571429 0.0 0 -0.29155789034985724 0.0 0.0 
25.714285714285715 7.142857142857143 0.0 0 -0.5620739894266152 0.0 0.0 
25.714285714285715 7.857142857142858 0.0 0 -1.1213186294790605 0.0 0.0 
25.714285714285715 8.571428571428571 0.0 0 -0.2854450774956996 0.0 0.0 
25.714285714285715 9.285714285714286 0.0 0 -0.8187012402642417 0.0 0.0 
27.857142857142858 -9.285714285714286 0.0 1 0.9711280640073406 0.0 0.0 
27.857142857142858 -8.571428571428571 0.0 0 2.4508699356745582 0.0 0.0 
27.857142857142858 -7.857142857142858 0.0 0 1.0882375134817606 0.0 0.0 
27.857142857142858 -7.142857142857143 0.0 -1 1.0936385448256178 0.0 0.0 
27.857142857142858 -6.428571428571429 0.0 -1 -0.1223059480152413 0.0 0.0 
27.857142857142858 -5.714285714285714 0.0 0 0.019496068665895594 0.0 0.0 
27.857142857142858 -5.0 0.0 0 0.06062128921767118 0.0 0.0 
27.857142857142858 -4.285714285714286 0.0 1 1.313495962873315 0.0 0.0 
27.857142857142858 -3.5714285714285716 0.0 2 1.4292185392303751 0.0 0.0 
27.857142857142858 -2.857142857142857 0.0 2 1.7279638523899696 0.0 0.0 
27.857142857142858 -2.142857142857143 0.0 1 1.3831092745041942 0.0 0.0 
27.857142857142858 -1.4285714285714286 0.0 1 0.6165203593113442 0.0 0.0 
27.857142857142858 -0.7142857142857143 0.0 0 -0.33367414197928646 0.0 0.0 
27.857142857142858 -0.0 0.0 0 -1.276035995910934 0.0 0.0 
27.857142857142858 0.0 0.0 0 -1.8532118499907368 0.0 0.0 
27.857142857142858 0.7142857142857143 0.0 0 -1.9571307042357824 0.0 0.0 
27.857142857142858 1.4285714285714286 0.0 0 -1.9355699944027218 0.0 0.0 
27.857142857142858 2.142857142857143 0.0 0 -1.6948103488195543 0.0 0.0 
27.857142857142858 2.857142857142857 0.0 0 -1.6371033170516793 0.0 0.0 
27.857142857142858 3.5714285714285716 0.0 0 -1.4031785264786907 0.0 0.0 
27.857142857142858 4.285714285714286 0.0 0 -1.6729423922937392 0.0 0.0 
27.857142857142858 5.0 0.0 0 -1.3221198272097454 0.0 0.0 
27.857142857142858 5.714285714285714 0.0 0 -1.6041620928283318 0.0 0.0 
27.857142857142858 6.428571428571429 0.0 0 -1.2950327918172992 0.0 0.0 
27.857142857142858 7.142857142857143 0.0 0 -1.0152454583802095 0.0 0.0 
27.857142857142858 7.857142857142858 0.0 0 -1.2788475029716835 0.0 0.0 
27.857142857142858 8.571428571428571 0.0 0 -0.630179773034124 0.0 0.0 
27.857142857142858 9.285714285714286 0.0 0 -1.0752193703688653 0.0 0.0 
