-27.857142857142858 -9.285714285714286 0.0 0 0.7899183497712343 0.0 0.0 
-27.857142857142858 -8.571428571428571 0.0 0 1.7608010082862795 0.0 0.0 
-27.857142857142858 -7.857142857142858 0.0 1 2.711623695290605 0.0 0.0 
-27.857142857142858 -7.142857142857143 0.0 1 3.079316667163477 0.0 0.0 
-27.857142857142858 -6.428571428571429 0.0 2 3.0342772043392046 0.0 0.0 
-27.857142857142858 -5.714285714285714 0.0 1 3.003964656517719 0.0 0.0 
-27.857142857142858 -5.0 0.0 1 2.414472044358618 0.0 0.0 
-27.857142857142858 -4.285714285714286 0.0 1 1.8373471270288224 0.0 0.0 
-27.857142857142858 -3.5714285714285716 0.0 1 0.9945871430100479 0.0 0.0 
-27.857142857142858 -2.857142857142857 0.0 1 0.14072596744496702 0.0 0.0 
-27.857142857142858 -2.142857142857143 0.0 0 -0.9897738649218599 0.0 0.0 
-27.857142857142858 -1.4285714285714286 0.0 0 -1.8230342246968356 0.0 0.0 
-27.857142857142858 -0.7142857142857143 0.0 0 -2.852157257970166 0.0 0.0 
-27.857142857142858 -0.0 0.0 0 -3.7979775947134957 0.0 0.0 
-27.857142857142858 0.0 0.0 0 -4.246899491064916 0.0 0.0 
-27.857142857142858 0.7142857142857143 0.0 -1 -4.167652180566341 0.0 0.0 
-27.857142857142858 1.4285714285714286 0.0 -1 -4.127908045941136 0.0 0.0 
-27.857142857142858 2.142857142857143 0.0 -1 -3.6803603255560318 0.0 0.0 
-27.857142857142858 2.857142857142857 0.0 -1 -3.3547504369050083 0.0 0.0 
-27.857142857142858 3.5714285714285716 0.0 -1 -2.910420742832129 0.0 0.0 
-27.857142857142858 4.285714285714286 0.0 -1 -2.308477314948286 0.0 0.0 
-27.857142857142858 5.0 0.0 -1 -1.613885712627995 0.0 0.0 
-27.857142857142858 5.714285714285714 0.0 0 -1.3792623027249706 0.0 0.0 
-27.857142857142858 6.428571428571429 0.0 0 -0.5593545169666821 0.0 0.0 
-27.857142857142858 7.142857142857143 0.0 0 0.29437230500067124 0.0 0.0 
-27.857142857142858 7.857142857142858 0.0 0 0.14409392514416708 0.0 0.0 
-27.857142857142858 8.571428571428571 0.0 0 0.07435338389142238 0.0 0.0 
-27.857142857142858 9.285714285714286 0.0 0 0.761062541173578 0.0 0.0 
-25.714285714285715 -9.285714285714286 0.0 0 0.7494848765248239 0.0 0.0 
-25.714285714285715 -8.571428571428571 0.0 1 1.9141797890725203 0.0 0.0 
-25.714285714285715 -7.857142857142858 0.0 1 2.541993454216551 0.0 0.0 
-25.714285714285715 -7.142857142857143 0.0 2 2.504357189062853 0.0 0.0 
-25.714285714285715 -6.428571428571429 0.0 1 2.554491671522787 0.0 0.0 
-25.714285714285715 -5.714285714285714 0.0 1 1.8636066135141256 0.0 0.0 
-25.714285714285715 -5.0 0.0 1 0.8681095362381268 0.0 0.0 
-25.714285714285715 -4.285714285714286 0.0 0 0.0312733288188527 0.0 0.0 
-25.714285714285715 -3.5714285714285716 0.0 0 -1.0990042822920094 0.0 0.0 
-25.714285714285715 -2.857142857142857 0.0 0 -2.0767455801980654 0.0 0.0 
-25.714285714285715 -2.142857142857143 0.0 0 -2.9479003490254136 0.0 0.0 
-25.714285714285715 -1.4285714285714286 0.0 0 -4.172528450370721 0.0 0.0 
-25.714285714285715 -0.7142857142857143 0.0 -1 -5.231771045001448 0.0 0.0 
-25.714285714285715 -0.0 0.0 -2 -5.513345710531233 0.0 0.0 
-25.714285714285715 0.0 0.0 -2 -5.162305609722033 0.0 0.0 
-25.714285714285715 0.7142857142857143 0.0 -2 -4.664442490157027 0.0 0.0 
-25.714285714285715 1.4285714285714286 0.0 -2 -4.0568140754115944 0.0 0.0 
-25.714285714285715 2.142857142857143 0.0 -2 -3.3146936078144287 0.0 0.0 
-25.714285714285715 2.857142857142857 0.0 -2 -2.497846736689916 0.0 0.0 
-25.714285714285715 3.5714285714285716 0.0 -2 -2.020956448917512 0.0 0.0 
-25.714285714285715 4.285714285714286 0.0 -1 -1.1386333798181463 0.0 0.0 
-25.714285714285715 5.0 0.0 -1 -0.29247076394707916 0.0 0.0 
-25.714285714285715 5.714285714285714 0.0 -1 -0.113868549846174 0.0 0.0 
-25.714285714285715 6.428571428571429 0.0 0 0.611646935928789 0.0 0.0 
-25.714285714285715 7.142857142857143 0.0 0 1.7660331877272446 0.0 0.0 
-25.714285714285715 7.857142857142858 0.0 0 1.4548497181917455 0.0 0.0 
-25.714285714285715 8.571428571428571 0.0 0 1.0416274887464567 0.0 0.0 
-25.714285714285715 9.285714285714286 0.0 0 2.1567849847979867 0.0 0.0 
-23.57142857142857 -9.285714285714286 0.0 0 1.2928457166102478 0.0 0.0 
-23.57142857142857 -8.571428571428571 0.0 2 2.3362911026503252 0.0 0.0 
-23.57142857142857 -7.857142857142858 0.0 2 2.4892779393995075 0.0 0.0 
-23.57142857142857 -7.142857142857143 0.0 2 2.334513031310648 0.0 0.0 
-23.57142857142857 -6.428571428571429 0.0 2 1.4382454830450495 0.0 0.0 
-23.57142857142857 -5.714285714285714 0.0 0 0.884186055136754 0.0 0.0 
-23.57142857142857 -5.0 0.0 0 -0.42685774807956456 0.0 0.0 
-23.57142857142857 -4.285714285714286 0.0 0 -1.4991224280774946 0.0 0.0 
-23.57142857142857 -3.5714285714285716 0.0 0 -2.927785388333727 0.0 0.0 
-23.57142857142857 -2.857142857142857 0.0 0 -4.24152057699631 0.0 0.0 
-23.57142857142857 -2.142857142857143 0.0 -1 -5.3998655911118485 0.0 0.0 
-23.57142857142857 -1.4285714285714286 0.0 -1 -5.5327085931578495 0.0 0.0 
-23.57142857142857 -0.7142857142857143 0.0 -2 -6.162245311970715 0.0 0.0 
-23.57142857142857 -0.0 0.0 -3 -5.8031889649454955 0.0 0.0 
-23.57142857142857 0.0 0.0 -3 -5.4554167053531 0.0 0.0 
-23.57142857142857 0.7142857142857143 0.0 -3 -4.357445320614843 0.0 0.0 
-23.57142857142857 1.4285714285714286 0.0 -2 -4.391740332086324 0.0 0.0 
-23.57142857142857 2.142857142857143 0.0 -1 -3.425801490573328 0.0 0.0 
-23.57142857142857 2.857142857142857 0.0 -1 -2.7973153061860394 0.0 0.0 
-23.57142857142857 3.5714285714285716 0.0 -1 -2.165192894852916 0.0 0.0 
-23.57142857142857 4.285714285714286 0.0 0 -1.4663802901867966 0.0 0.0 
-23.57142857142857 5.0 0.0 0 -0.3715171445779102 0.0 0.0 
-23.57142857142857 5.714285714285714 0.0 0 -0.5160683894841014 0.0 0.0 
-23.57142857142857 6.428571428571429 0.0 0 0.22628897034494 0.0 0.0 
-23.57142857142857 7.142857142857143 0.0 0 1.6058550913974856 0.0 0.0 
-23.57142857142857 7.857142857142858 0.0 0 1.2884116741878333 0.0 0.0 
-23.57142857142857 8.571428571428571 0.0 0 0.5418350440700812 0.0 0.0 
-23.57142857142857 9.285714285714286 0.0 0 1.8545118308010027 0.0 0.0 
-21.428571428571427 -9.285714285714286 0.0 1 1.3196304237761405 0.0 0.0 
-21.428571428571427 -8.571428571428571 0.0 3 2.038848433382901 0.0 0.0 
-21.428571428571427 -7.857142857142858 0.0 2 1.7774471733616104 0.0 0.0 
-21.428571428571427 -7.142857142857143 0.0 1 1.5159273513201068 0.0 0.0 
-21.428571428571427 -6.428571428571429 0.0 1 0.2878185569886176 0.0 0.0 
-21.428571428571427 -5.714285714285714 0.0 0 -0.8856212706630893 0.0 0.0 
-21.428571428571427 -5.0 0.0 0 -2.82145603189377 0.0 0.0 
-21.428571428571427 -4.285714285714286 0.0 0 -3.385476967356646 0.0 0.0 
-21.428571428571427 -3.5714285714285716 0.0 0 -4.584759961911885 0.0 0.0 
-21.428571428571427 -2.857142857142857 0.0 0 -5.135654534196816 0.0 0.0 
-21.428571428571427 -2.142857142857143 0.0 -1 -5.850410178547733 0.0 0.0 
-21.428571428571427 -1.4285714285714286 0.0 -2 -6.032737714991229 0.0 0.0 
-21.428571428571427 -0.7142857142857143 0.0 -3 -6.357219962316724 0.0 0.0 
-21.428571428571427 -0.0 0.0 -3 -5.730740451847076 0.0 0.0 
-21.428571428571427 0.0 0.0 -2 -5.9141526339118435 0.0 0.0 
-21.428571428571427 0.7142857142857143 0.0 -2 -5.0523994678815995 0.0 0.0 
-21.428571428571427 1.4285714285714286 0.0 -2 -4.719214522538149 0.0 0.0 
-21.428571428571427 2.142857142857143 0.0 -2 -3.4918340572944646 0.0 0.0 
-21.428571428571427 2.857142857142857 0.0 -1 -2.9042744563238365 0.0 0.0 
-21.428571428571427 3.5714285714285716 0.0 -1 -2.3211579430020777 0.0 0.0 
-21.428571428571427 4.285714285714286 0.0 0 -1.9270119249169217 0.0 0.0 
-21.428571428571427 5.0 0.0 0 -0.9102960501782367 0.0 0.0 
-21.428571428571427 5.714285714285714 0.0 0 -1.0846317999976582 0.0 0.0 
-21.428571428571427 6.428571428571429 0.0 0 -0.1389503598992503 0.0 0.0 
-21.428571428571427 7.142857142857143 0.0 0 1.2292107675468111 0.0 0.0 
-21.428571428571427 7.857142857142858 0.0 1 0.9817855046908814 0.0 0.0 
-21.428571428571427 8.571428571428571 0.0 0 0.0365003186067267 0.0 0.0 
-21.428571428571427 9.285714285714286 0.0 0 0.14848789784950395 0.0 0.0 
-19.285714285714285 -9.285714285714286 0.0 3 1.342092913217194 0.0 0.0 
-19.285714285714285 -8.571428571428571 0.0 3 2.4391986236575276 0.0 0.0 
-19.285714285714285 -7.857142857142858 0.0 2 1.3003223978350773 0.0 0.0 
-19.285714285714285 -7.142857142857143 0.0 1 0.4909621743160377 0.0 0.0 
-19.285714285714285 -6.428571428571429 0.0 0 -0.6355678599749561 0.0 0.0 
-19.285714285714285 -5.714285714285714 0.0 1 -1.8774409820326468 0.0 0.0 
-19.285714285714285 -5.0 0.0 0 -3.0122810328781147 0.0 0.0 
-19.285714285714285 -4.285714285714286 0.0 -1 -3.267015219041963 0.0 0.0 
-19.285714285714285 -3.5714285714285716 0.0 -1 -4.557749952872205 0.0 0.0 
-19.285714285714285 -2.857142857142857 0.0 -2 -5.097656141862391 0.0 0.0 
-19.285714285714285 -2.142857142857143 0.0 -2 -5.398782797021845 0.0 0.0 
-19.285714285714285 -1.4285714285714286 0.0 -3 -5.470661784159282 0.0 0.0 
-19.285714285714285 -0.7142857142857143 0.0 -4 -5.457335066791535 0.0 0.0 
-19.285714285714285 -0.0 0.0 -3 -5.815890502604893 0.0 0.0 
-19.285714285714285 0.0 0.0 -2 -4.809297226543384 0.0 0.0 
-19.285714285714285 0.7142857142857143 0.0 -1 -4.75764979006947 0.0 0.0 
-19.285714285714285 1.4285714285714286 0.0 -1 -4.301242111120121 0.0 0.0 
-19.285714285714285 2.142857142857143 0.0 -1 -3.6829568251106792 0.0 0.0 
-19.285714285714285 2.857142857142857 0.0 0 -2.96799973575728 0.0 0.0 
-19.285714285714285 3.5714285714285716 0.0 0 -2.380705983140773 0.0 0.0 
-19.285714285714285 4.285714285714286 0.0 0 -1.9601265210529546 0.0 0.0 
-19.285714285714285 5.0 0.0 0 -0.7970055254041112 0.0 0.0 
-19.285714285714285 5.714285714285714 0.0 0 -0.5678449741345266 0.0 0.0 
-19.285714285714285 6.428571428571429 0.0 0 0.2101016734088706 0.0 0.0 
-19.285714285714285 7.142857142857143 0.0 1 1.6840202506249735 0.0 0.0 
-19.285714285714285 7.857142857142858 0.0 1 1.066558475273882 0.0 0.0 
-19.285714285714285 8.571428571428571 0.0 0 -0.049953166231137325 0.0 0.0 
-19.285714285714285 9.285714285714286 0.0 0 -1.3896291802866625 0.0 0.0 
-17.142857142857142 -9.285714285714286 0.0 3 2.0440793112649702 0.0 0.0 
-17.142857142857142 -8.571428571428571 0.0 2 3.009392236990138 0.0 0.0 
-17.142857142857142 -7.857142857142858 0.0 1 1.2695945420613368 0.0 0.0 
-17.142857142857142 -7.142857142857143 0.0 1 1.035271252462746 0.0 0.0 
-17.142857142857142 -6.428571428571429 0.0 0 -0.7427054957525674 0.0 0.0 
-17.142857142857142 -5.714285714285714 0.0 0 -1.5331243971928197 0.0 0.0 
-17.142857142857142 -5.0 0.0 -1 -2.7425685003680598 0.0 0.0 
-17.142857142857142 -4.285714285714286 0.0 -1 -2.993236056676416 0.0 0.0 
-17.142857142857142 -3.5714285714285716 0.0 -1 -3.754793829238949 0.0 0.0 
-17.142857142857142 -2.857142857142857 0.0 -2 -3.6466302234518575 0.0 0.0 
-17.142857142857142 -2.142857142857143 0.0 -3 -4.286831694207399 0.0 0.0 
-17.142857142857142 -1.4285714285714286 0.0 -3 -4.207987279459205 0.0 0.0 
-17.142857142857142 -0.7142857142857143 0.0 -3 -5.091247340877106 0.0 0.0 
-17.142857142857142 -0.0 0.0 -2 -5.013049358790745 0.0 0.0 
-17.142857142857142 0.0 0.0 -2 -5.301716836939833 0.0 0.0 
-17.142857142857142 0.7142857142857143 0.0 -1 -4.730655712990856 0.0 0.0 
-17.142857142857142 1.4285714285714286 0.0 -1 -4.554390858612727 0.0 0.0 
-17.142857142857142 2.142857142857143 0.0 0 -3.529771068353992 0.0 0.0 
-17.142857142857142 2.857142857142857 0.0 0 -2.719799878164574 0.0 0.0 
-17.142857142857142 3.5714285714285716 0.0 0 -1.8698461198916092 0.0 0.0 
-17.142857142857142 4.285714285714286 0.0 0 -1.3840473272648826 0.0 0.0 
-17.142857142857142 5.0 0.0 0 0.6389357023364196 0.0 0.0 
-17.142857142857142 5.714285714285714 0.0 0 0.23158786747055904 0.0 0.0 
-17.142857142857142 6.428571428571429 0.0 0 0.7516524715070492 0.0 0.0 
-17.142857142857142 7.142857142857143 0.0 1 2.2389473457154967 0.0 0.0 
-17.142857142857142 7.857142857142858 0.0 2 1.708551293190186 0.0 0.0 
-17.142857142857142 8.571428571428571 0.0 0 0.3944338603466371 0.0 0.0 
-17.142857142857142 9.285714285714286 0.0 0 -1.6674110092006629 0.0 0.0 
-15.0 -9.285714285714286 0.0 3 3.252269053935297 0.0 0.0 
-15.0 -8.571428571428571 0.0 1 4.260313597260371 0.0 0.0 
-15.0 -7.857142857142858 0.0 0 1.6408912168194414 0.0 0.0 
-15.0 -7.142857142857143 0.0 0 1.8144876851914569 0.0 0.0 
-15.0 -6.428571428571429 0.0 0 -0.18249851355102664 0.0 0.0 
-15.0 -5.714285714285714 0.0 -1 -0.05822795821106663 0.0 0.0 
-15.0 -5.0 0.0 -1 -1.660916556616662 0.0 0.0 
-15.0 -4.285714285714286 0.0 -1 -1.018246059465564 0.0 0.0 
-15.0 -3.5714285714285716 0.0 -2 -2.334265646181315 0.0 0.0 
-15.0 -2.857142857142857 0.0 -3 -2.5961224785942325 0.0 0.0 
-15.0 -2.142857142857143 0.0 -4 -3.906211138223494 0.0 0.0 
-15.0 -1.4285714285714286 0.0 -3 -3.9294130953098225 0.0 0.0 
-15.0 1.4285714285714286 0.0 0 -3.57872481703683 0.0 0.0 
-15.0 2.142857142857143 0.0 0 -2.7836844122387547 0.0 0.0 
-15.0 2.857142857142857 0.0 0 -1.4661458445587972 0.0 0.0 
-15.0 3.5714285714285716 0.0 0 -0.755313209301194 0.0 0.0 
-15.0 4.285714285714286 0.0 0 0.26582617334723035 0.0 0.0 
-15.0 5.0 0.0 0 1.5178146447565455 0.0 0.0 
-15.0 5.714285714285714 0.0 0 1.338319782927634 0.0 0.0 
-15.0 6.428571428571429 0.0 0 1.0232616537063404 0.0 0.0 
-15.0 7.142857142857143 0.0 1 3.8158906228097402 0.0 0.0 
-15.0 7.857142857142858 0.0 2 2.4567966302114215 0.0 0.0 
-15.0 8.571428571428571 0.0 0 0.8390135102951467 0.0 0.0 
-15.0 9.285714285714286 0.0 0 -0.5048103534795771 0.0 0.0 
-12.857142857142858 -9.285714285714286 0.0 0 5.088643385903922 0.0 0.0 
-12.857142857142858 -8.571428571428571 0.0 0 4.473561447448223 0.0 0.0 
-12.857142857142858 -7.857142857142858 0.0 0 2.0608712378565484 0.0 0.0 
-12.857142857142858 -7.142857142857143 0.0 -1 1.8728840085282719 0.0 0.0 
-12.857142857142858 -6.428571428571429 0.0 -1 -0.13060726069480433 0.0 0.0 
-12.857142857142858 -5.714285714285714 0.0 -1 -0.16952262679407815 0.0 0.0 
-12.857142857142858 -5.0 0.0 -2 -1.3758558972785893 0.0 0.0 
-12.857142857142858 -4.285714285714286 0.0 -2 -1.0879707460131007 0.0 0.0 
-12.857142857142858 -3.5714285714285716 0.0 -2 -3.185751901095892 0.0 0.0 
-12.857142857142858 -2.857142857142857 0.0 -3 -3.7611998234726314 0.0 0.0 
-12.857142857142858 -2.142857142857143 0.0 -3 -4.21637560853922 0.0 0.0 
-12.857142857142858 2.142857142857143 0.0 0 -1.8350666245549712 0.0 0.0 
-12.857142857142858 2.857142857142857 0.0 0 -0.2692154990470499 0.0 0.0 
-12.857142857142858 3.5714285714285716 0.0 0 0.3890930519284148 0.0 0.0 
-12.857142857142858 4.285714285714286 0.0 0 1.272038661061786 0.0 0.0 
-12.857142857142858 5.0 0.0 0 2.2915268171214573 0.0 0.0 
-12.857142857142858 5.714285714285714 0.0 1 2.164461157761181 0.0 0.0 
-12.857142857142858 6.428571428571429 0.0 0 1.5840759239429638 0.0 0.0 
-12.857142857142858 7.142857142857143 0.0 1 4.29252943298825 0.0 0.0 
-12.857142857142858 7.857142857142858 0.0 2 3.55183561871902 0.0 0.0 
-12.857142857142858 8.571428571428571 0.0 0 0.6883934179248933 0.0 0.0 
-12.857142857142858 9.285714285714286 0.0 0 0.5024534607376203 0.0 0.0 
-10.714285714285714 -9.285714285714286 0.0 0 4.143615977097273 0.0 0.0 
-10.714285714285714 -8.571428571428571 0.0 0 1.4003070352778586 0.0 0.0 
-10.714285714285714 -7.857142857142858 0.0 -1 0.9615313782455106 0.0 0.0 
-10.714285714285714 -7.142857142857143 0.0 -1 -0.14260637847368152 0.0 0.0 
-10.714285714285714 -6.428571428571429 0.0 0 -0.1162176893928617 0.0 0.0 
-10.714285714285714 -5.714285714285714 0.0 0 -0.6039024276727932 0.0 0.0 
-10.714285714285714 -5.0 0.0 0 -0.44129550951037566 0.0 0.0 
-10.714285714285714 -4.285714285714286 0.0 0 -1.3524877444260432 0.0 0.0 
-10.714285714285714 -3.5714285714285716 0.0 -1 -2.5224835635222496 0.0 0.0 
-10.714285714285714 -2.857142857142857 0.0 -3 -3.6047444381634413 0.0 0.0 
-10.714285714285714 -2.142857142857143 0.0 -2 -3.6156625629032595 0.0 0.0 
-10.714285714285714 2.142857142857143 0.0 -1 -0.5185668587345571 0.0 0.0 
-10.714285714285714 2.857142857142857 0.0 0 0.6891304934529707 0.0 0.0 
-10.714285714285714 3.5714285714285716 0.0 0 1.4070601833660592 0.0 0.0 
-10.714285714285714 4.285714285714286 0.0 0 2.102238418822173 0.0 0.0 
-10.714285714285714 5.0 0.0 1 3.3011571966905295 0.0 0.0 
-10.714285714285714 5.714285714285714 0.0 1 2.5311493120257222 0.0 0.0 
-10.714285714285714 6.428571428571429 0.0 0 2.470273591246681 0.0 0.0 
-10.714285714285714 7.142857142857143 0.0 2 5.075996497197304 0.0 0.0 
-10.714285714285714 7.857142857142858 0.0 2 4.928850235555636 0.0 0.0 
-10.714285714285714 8.571428571428571 0.0 0 1.243023510274771 0.0 0.0 
-10.714285714285714 9.285714285714286 0.0 0 1.1841535166452126 0.0 0.0 
-8.571428571428571 -9.285714285714286 0.0 0 1.908204405546853 0.0 0.0 
-8.571428571428571 -8.571428571428571 0.0 0 0.937494095752968 0.0 0.0 
-8.571428571428571 -7.857142857142858 0.0 0 1.339645190042607 0.0 0.0 
-8.571428571428571 -7.142857142857143 0.0 0 0.5119354752352959 0.0 0.0 
-8.571428571428571 -6.428571428571429 0.0 0 1.1417358576017138 0.0 0.0 
-8.571428571428571 -5.714285714285714 0.0 0 0.6757369804168394 0.0 0.0 
-8.571428571428571 -5.0 0.0 -1 0.014681842201222484 0.0 0.0 
-8.571428571428571 -4.285714285714286 0.0 -1 -1.3130692819216616 0.0 0.0 
-8.571428571428571 -3.5714285714285716 0.0 -3 -3.0130508014571236 0.0 0.0 
-8.571428571428571 -2.857142857142857 0.0 -3 -3.522718850271526 0.0 0.0 
-8.571428571428571 -2.142857142857143 0.0 -2 -3.869841356578939 0.0 0.0 
-8.571428571428571 2.142857142857143 0.0 0 0.7557805912487132 0.0 0.0 
-8.571428571428571 2.857142857142857 0.0 0 1.8120854880080817 0.0 0.0 
-8.571428571428571 3.5714285714285716 0.0 0 2.1113495083904 0.0 0.0 
-8.571428571428571 4.285714285714286 0.0 0 2.800936286564741 0.0 0.0 
-8.571428571428571 5.0 0.0 1 4.163828749025499 0.0 0.0 
-8.571428571428571 5.714285714285714 0.0 1 3.2515588086764793 0.0 0.0 
-8.571428571428571 6.428571428571429 0.0 1 3.414850206526859 0.0 0.0 
-8.571428571428571 7.142857142857143 0.0 3 6.746379545315103 0.0 0.0 
-8.571428571428571 7.857142857142858 0.0 3 6.1046520562631965 0.0 0.0 
-8.571428571428571 8.571428571428571 0.0 0 1.8172527376086658 0.0 0.0 
-8.571428571428571 9.285714285714286 0.0 0 1.4935541352604833 0.0 0.0 
-6.428571428571429 -9.285714285714286 0.0 0 2.5694902270898057 0.0 0.0 
-6.428571428571429 -8.571428571428571 0.0 0 1.4565268266752704 0.0 0.0 
-6.428571428571429 -7.857142857142858 0.0 0 1.0553195800444977 0.0 0.0 
-6.428571428571429 -7.142857142857143 0.0 -1 0.5199026169411776 0.0 0.0 
-6.428571428571429 -6.428571428571429 0.0 -1 0.7980339203778204 0.0 0.0 
-6.428571428571429 -5.714285714285714 0.0 -1 -0.46730448455365514 0.0 0.0 
-6.428571428571429 -5.0 0.0 -1 -1.0754193242013887 0.0 0.0 
-6.428571428571429 -4.285714285714286 0.0 -1 -1.6247895935766932 0.0 0.0 
-6.428571428571429 -3.5714285714285716 0.0 -2 -2.7902008999040895 0.0 0.0 
-6.428571428571429 -2.857142857142857 0.0 -3 -3.5592742356133815 0.0 0.0 
-6.428571428571429 -2.142857142857143 0.0 -3 -3.571428570050461 0.0 0.0 
-6.428571428571429 2.142857142857143 0.0 0 1.6341448752780678 0.0 0.0 
-6.428571428571429 2.857142857142857 0.0 0 2.9522559813140767 0.0 0.0 
-6.428571428571429 3.5714285714285716 0.0 0 2.542582281259146 0.0 0.0 
-6.428571428571429 4.285714285714286 0.0 0 3.171289389713387 0.0 0.0 
-6.428571428571429 5.0 0.0 1 4.576012065487794 0.0 0.0 
-6.428571428571429 5.714285714285714 0.0 1 3.900685734280839 0.0 0.0 
-6.428571428571429 6.428571428571429 0.0 1 4.209803699656625 0.0 0.0 
-6.428571428571429 7.142857142857143 0.0 3 7.569868375092835 0.0 0.0 
-6.428571428571429 7.857142857142858 0.0 3 6.870763475196718 0.0 0.0 
-6.428571428571429 8.571428571428571 0.0 0 1.6262234691757653 0.0 0.0 
-6.428571428571429 9.285714285714286 0.0 0 1.3490318927526623 0.0 0.0 
-4.285714285714286 -9.285714285714286 0.0 0 1.5030908281995963 0.0 0.0 
-4.285714285714286 -8.571428571428571 0.0 0 -0.3965653719772788 0.0 0.0 
-4.285714285714286 -7.857142857142858 0.0 -1 0.03730707752317852 0.0 0.0 
-4.285714285714286 -7.142857142857143 0.0 0 -0.7265104267791163 0.0 0.0 
-4.285714285714286 -6.428571428571429 0.0 0 0.8836410397084024 0.0 0.0 
-4.285714285714286 -5.714285714285714 0.0 0 -0.6173116200512976 0.0 0.0 
-4.285714285714286 -5.0 0.0 -1 -0.9000147290544753 0.0 0.0 
-4.285714285714286 -4.285714285714286 0.0 -2 -2.278794582154182 0.0 0.0 
-4.285714285714286 -3.5714285714285716 0.0 -3 -2.8906806074888856 0.0 0.0 
-4.285714285714286 -2.857142857142857 0.0 -4 -4.280718868035846 0.0 0.0 
-4.285714285714286 -2.142857142857143 0.0 -3 -3.8748835727385775 0.0 0.0 
-4.285714285714286 2.142857142857143 0.0 1 2.4251349585181603 0.0 0.0 
-4.285714285714286 2.857142857142857 0.0 1 3.465809714196716 0.0 0.0 
-4.285714285714286 3.5714285714285716 0.0 0 2.3306459449751773 0.0 0.0 
-4.285714285714286 4.285714285714286 0.0 0 3.179329928982502 0.0 0.0 
-4.285714285714286 5.0 0.0 2 4.988626659540821 0.0 0.0 
-4.285714285714286 5.714285714285714 0.0 2 4.802643497626675 0.0 0.0 
-4.285714285714286 6.428571428571429 0.0 2 4.8313026901070675 0.0 0.0 
-4.285714285714286 7.142857142857143 0.0 4 8.358693181454473 0.0 0.0 
-4.285714285714286 7.857142857142858 0.0 3 5.812550345568123 0.0 0.0 
-4.285714285714286 8.571428571428571 0.0 0 0.7274797005775642 0.0 0.0 
-4.285714285714286 9.285714285714286 0.0 0 -0.6158545651927052 0.0 0.0 
-2.142857142857143 -9.285714285714286 0.0 0 -0.10929851300860305 0.0 0.0 
-2.142857142857143 -8.571428571428571 0.0 0 -0.39888640835165834 0.0 0.0 
-2.142857142857143 -7.857142857142858 0.0 0 0.4550292693372189 0.0 0.0 
-2.142857142857143 -7.142857142857143 0.0 0 1.1852649481291808 0.0 0.0 
-2.142857142857143 -6.428571428571429 0.0 0 1.4757797000633033 0.0 0.0 
-2.142857142857143 -5.714285714285714 0.0 0 -0.27560848371530877 0.0 0.0 
-2.142857142857143 -5.0 0.0 -2 -0.4982097476042182 0.0 0.0 
-2.142857142857143 -4.285714285714286 0.0 -2 -1.8381190903172802 0.0 0.0 
-2.142857142857143 -3.5714285714285716 0.0 -3 -2.8702528189246967 0.0 0.0 
-2.142857142857143 -2.857142857142857 0.0 -3 -4.410428454328619 0.0 0.0 
-2.142857142857143 -2.142857142857143 0.0 -4 -4.427754716184596 0.0 0.0 
-2.142857142857143 2.142857142857143 0.0 2 3.98205506731483 0.0 0.0 
-2.142857142857143 2.857142857142857 0.0 1 4.422857675218346 0.0 0.0 
-2.142857142857143 3.5714285714285716 0.0 0 2.4865628497438887 0.0 0.0 
-2.142857142857143 4.285714285714286 0.0 0 3.991571473772853 0.0 0.0 
-2.142857142857143 5.0 0.0 3 6.44156299827935 0.0 0.0 
-2.142857142857143 5.714285714285714 0.0 3 5.935828936776333 0.0 0.0 
-2.142857142857143 6.428571428571429 0.0 3 5.887140696091746 0.0 0.0 
-2.142857142857143 7.142857142857143 0.0 5 9.591026045628379 0.0 0.0 
-2.142857142857143 7.857142857142858 0.0 3 6.447415593793268 0.0 0.0 
-2.142857142857143 8.571428571428571 0.0 0 0.5872361208673913 0.0 0.0 
-2.142857142857143 9.285714285714286 0.0 -1 -0.8094427158871753 0.0 0.0 
-0.0 -9.285714285714286 0.0 0 0.6722420594889307 0.0 0.0 
-0.0 -8.571428571428571 0.0 -1 1.0588256690207118 0.0 0.0 
-0.0 -7.857142857142858 0.0 -1 1.1016145076771333 0.0 0.0 
-0.0 -7.142857142857143 0.0 0 2.171028699176873 0.0 0.0 
-0.0 -6.428571428571429 0.0 0 1.6774406309935308 0.0 0.0 
-0.0 -5.714285714285714 0.0 -1 1.2695567208234888 0.0 0.0 
-0.0 -5.0 0.0 -2 -0.39443842235440263 0.0 0.0 
-0.0 -4.285714285714286 0.0 -2 -1.6804005723505497 0.0 0.0 
-0.0 -3.5714285714285716 0.0 -4 -3.091600866045158 0.0 0.0 
-0.0 -2.857142857142857 0.0 -3 -3.9258045701582116 0.0 0.0 
-0.0 -2.142857142857143 0.0 -3 -4.653492470321034 0.0 0.0 
-0.0 2.142857142857143 0.0 2 5.994461801236595 0.0 0.0 
-0.0 2.857142857142857 0.0 2 5.008189456923633 0.0 0.0 
-0.0 3.5714285714285716 0.0 0 3.0140899060758968 0.0 0.0 
-0.0 4.285714285714286 0.0 1 5.738760365030291 0.0 0.0 
-0.0 5.0 0.0 4 8.564270252078865 0.0 0.0 
-0.0 5.714285714285714 0.0 4 8.670352367812775 0.0 0.0 
-0.0 6.428571428571429 0.0 3 7.681976127073263 0.0 0.0 
-0.0 7.142857142857143 0.0 4 10.276855183231671 0.0 0.0 
-0.0 7.857142857142858 0.0 1 5.684909235567868 0.0 0.0 
-0.0 8.571428571428571 0.0 0 -0.5552722447545373 0.0 0.0 
-0.0 9.285714285714286 0.0 -1 0.38676674544546796 0.0 0.0 
0.0 -9.285714285714286 0.0 -2 0.33435305786899594 0.0 0.0 
0.0 -8.571428571428571 0.0 -1 0.6411040551712848 0.0 0.0 
0.0 -7.857142857142858 0.0 0 2.251208699827483 0.0 0.0 
0.0 -7.142857142857143 0.0 0 2.19275634865844 0.0 0.0 
0.0 -6.428571428571429 0.0 0 2.438267772871739 0.0 0.0 
0.0 -5.714285714285714 0.0 0 1.3552477509541592 0.0 0.0 
0.0 -5.0 0.0 -1 -0.35416963173484084 0.0 0.0 
0.0 -4.285714285714286 0.0 -3 -2.914059372050017 0.0 0.0 
0.0 -3.5714285714285716 0.0 -4 -3.1927798872407624 0.0 0.0 
0.0 -2.857142857142857 0.0 -4 -4.821782854780681 0.0 0.0 
0.0 -2.142857142857143 0.0 -3 -5.086783284737308 0.0 0.0 
0.0 2.142857142857143 0.0 3 5.69143481629861 0.0 0.0 
0.0 2.857142857142857 0.0 1 3.620966291659119 0.0 0.0 
0.0 3.5714285714285716 0.0 0 2.431565461630182 0.0 0.0 
0.0 4.285714285714286 0.0 3 7.101055654732651 0.0 0.0 
0.0 5.0 0.0 6 10.04013777952395 0.0 0.0 
0.0 5.714285714285714 0.0 5 8.64078120205981 0.0 0.0 
0.0 6.428571428571429 0.0 3 6.661199685604073 0.0 0.0 
0.0 7.142857142857143 0.0 2 7.456350243782164 0.0 0.0 
0.0 7.857142857142858 0.0 0 2.5687398965461705 0.0 0.0 
0.0 8.571428571428571 0.0 -2 -3.334399244436714 0.0 0.0 
0.0 9.285714285714286 0.0 0 -0.9431175784177526 0.0 0.0 
2.142857142857143 -9.285714285714286 0.0 -1 0.6964553882827631 0.0 0.0 
2.142857142857143 -8.571428571428571 0.0 0 1.6131785372309912 0.0 0.0 
2.142857142857143 -7.857142857142858 0.0 0 2.4638791326849234 0.0 0.0 
2.142857142857143 -7.142857142857143 0.0 0 1.867550920852989 0.0 0.0 
2.142857142857143 -6.428571428571429 0.0 -1 2.918552755783236 0.0 0.0 
2.142857142857143 -5.714285714285714 0.0 0 0.328447165899884 0.0 0.0 
2.142857142857143 -5.0 0.0 -1 -0.7859680401275964 0.0 0.0 
2.142857142857143 -4.285714285714286 0.0 -4 -3.558030049343658 0.0 0.0 
2.142857142857143 -3.5714285714285716 0.0 -3 -2.6375791857641184 0.0 0.0 
2.142857142857143 -2.857142857142857 0.0 -2 -4.4088708903685525 0.0 0.0 
2.142857142857143 -2.142857142857143 0.0 -3 -5.581880554227325 0.0 0.0 
2.142857142857143 1.4285714285714286 0.0 4 6.753055432492394 0.0 0.0 
2.142857142857143 2.142857142857143 0.0 3 5.07489885770062 0.0 0.0 
2.142857142857143 2.857142857142857 0.0 1 2.7695985282633844 0.0 0.0 
2.142857142857143 3.5714285714285716 0.0 1 4.515868419965907 0.0 0.0 
2.142857142857143 4.285714285714286 0.0 5 8.619120364558341 0.0 0.0 
2.142857142857143 5.0 0.0 7 10.795873903822876 0.0 0.0 
2.142857142857143 5.714285714285714 0.0 4 6.44839172071388 0.0 0.0 
2.142857142857143 6.428571428571429 0.0 0 4.318978435924129 0.0 0.0 
2.142857142857143 7.142857142857143 0.0 0 3.513530104875639 0.0 0.0 
2.142857142857143 7.857142857142858 0.0 -1 -0.9114443595023172 0.0 0.0 
2.142857142857143 8.571428571428571 0.0 -2 -4.999469635535366 0.0 0.0 
2.142857142857143 9.285714285714286 0.0 -1 -1.9082834043642352 0.0 0.0 
4.285714285714286 -9.285714285714286 0.0 -2 1.3690739012394495 0.0 0.0 
4.285714285714286 -8.571428571428571 0.0 0 1.0065902277993901 0.0 0.0 
4.285714285714286 -7.857142857142858 0.0 -1 2.6409663802315655 0.0 0.0 
4.285714285714286 -7.142857142857143 0.0 0 1.0619097451051724 0.0 0.0 
4.285714285714286 -6.428571428571429 0.0 0 1.3393199407573475 0.0 0.0 
4.285714285714286 -5.714285714285714 0.0 -1 -0.285468240165639 0.0 0.0 
4.285714285714286 -5.0 0.0 -3 -2.6443847723245453 0.0 0.0 
4.285714285714286 -4.285714285714286 0.0 -4 -4.176499495375379 0.0 0.0 
4.285714285714286 -3.5714285714285716 0.0 -3 -3.423798297600232 0.0 0.0 
4.285714285714286 -2.857142857142857 0.0 -2 -4.938323823788415 0.0 0.0 
4.285714285714286 -2.142857142857143 0.0 -3 -5.436590837608805 0.0 0.0 
4.285714285714286 -1.4285714285714286 0.0 -1 -2.573460809085092 0.0 0.0 
4.285714285714286 1.4285714285714286 0.0 3 5.653996522898041 0.0 0.0 
4.285714285714286 2.142857142857143 0.0 1 5.683407285145588 0.0 0.0 
4.285714285714286 2.857142857142857 0.0 1 3.176579033739581 0.0 0.0 
4.285714285714286 3.5714285714285716 0.0 5 8.322329058927346 0.0 0.0 
4.285714285714286 4.285714285714286 0.0 7 9.388729730416221 0.0 0.0 
4.285714285714286 5.0 0.0 6 11.023113611846764 0.0 0.0 
4.285714285714286 5.714285714285714 0.0 1 3.512627962539571 0.0 0.0 
4.285714285714286 6.428571428571429 0.0 -3 -1.6615948434664685 0.0 0.0 
4.285714285714286 7.142857142857143 0.0 -1 -0.7138316317048109 0.0 0.0 
4.285714285714286 7.857142857142858 0.0 -2 -4.374926903560591 0.0 0.0 
4.285714285714286 8.571428571428571 0.0 -3 -3.358560189321577 0.0 0.0 
4.285714285714286 9.285714285714286 0.0 0 -0.44737147634295793 0.0 0.0 
6.428571428571429 -9.285714285714286 0.0 -1 1.1934567550141466 0.0 0.0 
6.428571428571429 -8.571428571428571 0.0 0 1.6514339159112987 0.0 0.0 
6.428571428571429 -7.857142857142858 0.0 0 1.6829372878985553 0.0 0.0 
6.428571428571429 -7.142857142857143 0.0 0 0.07825655913340523 0.0 0.0 
6.428571428571429 -6.428571428571429 0.0 -1 -1.032606782488377 0.0 0.0 
6.428571428571429 -5.714285714285714 0.0 -2 -1.9899136697317306 0.0 0.0 
6.428571428571429 -5.0 0.0 -3 -4.87804254746825 0.0 0.0 
6.428571428571429 -4.285714285714286 0.0 -3 -4.996826628137551 0.0 0.0 
6.428571428571429 -3.5714285714285716 0.0 -1 -2.929739542039031 0.0 0.0 
6.428571428571429 -2.857142857142857 0.0 -1 -4.991856127276904 0.0 0.0 
6.428571428571429 -2.142857142857143 0.0 0 -3.4537409123788034 0.0 0.0 
6.428571428571429 -1.4285714285714286 0.0 1 0.19540065208678037 0.0 0.0 
6.428571428571429 -0.7142857142857143 0.0 1 -0.9936938860192688 0.0 0.0 
6.428571428571429 -0.0 0.0 -1 -3.1936558824032617 0.0 0.0 
6.428571428571429 0.0 0.0 1 0.3113468450518564 0.0 0.0 
6.428571428571429 2.142857142857143 0.0 1 2.728528488259229 0.0 0.0 
6.428571428571429 2.857142857142857 0.0 4 6.154817377953522 0.0 0.0 
6.428571428571429 3.5714285714285716 0.0 7 8.820494014291793 0.0 0.0 
6.428571428571429 4.285714285714286 0.0 7 10.762068342920173 0.0 0.0 
6.428571428571429 5.0 0.0 2 5.276180550732126 0.0 0.0 
6.428571428571429 5.714285714285714 0.0 -1 -1.0899780315610386 0.0 0.0 
6.428571428571429 6.428571428571429 0.0 -5 -10.160728460537726 0.0 0.0 
6.428571428571429 7.142857142857143 0.0 -2 -0.9613748512012368 0.0 0.0 
6.428571428571429 7.857142857142858 0.0 -3 -6.226418510195847 0.0 0.0 
6.428571428571429 8.571428571428571 0.0 -4 -2.8748865835084603 0.0 0.0 
6.428571428571429 9.285714285714286 0.0 1 0.2690378777746305 0.0 0.0 
8.571428571428571 -9.285714285714286 0.0 0 1.5654124644742464 0.0 0.0 
8.571428571428571 -8.571428571428571 0.0 1 1.459841201070049 0.0 0.0 
8.571428571428571 -7.857142857142858 0.0 0 1.3006784067510702 0.0 0.0 
8.571428571428571 -7.142857142857143 0.0 0 -0.06413558772480954 0.0 0.0 
8.571428571428571 -6.428571428571429 0.0 -1 -1.2320756597343272 0.0 0.0 
8.571428571428571 -5.714285714285714 0.0 -2 -2.273140129736821 0.0 0.0 
8.571428571428571 -5.0 0.0 -4 -5.612920545721186 0.0 0.0 
8.571428571428571 -4.285714285714286 0.0 -4 -6.247836315669854 0.0 0.0 
8.571428571428571 -3.5714285714285716 0.0 -1 -4.879861366215627 0.0 0.0 
8.571428571428571 -2.857142857142857 0.0 -1 -7.12174723261845 0.0 0.0 
8.571428571428571 -2.142857142857143 0.0 0 -3.706349653702622 0.0 0.0 
8.571428571428571 -1.4285714285714286 0.0 3 1.5186850998271733 0.0 0.0 
8.571428571428571 -0.7142857142857143 0.0 1 -1.9143928006446334 0.0 0.0 
8.571428571428571 -0.0 0.0 2 1.5670862014120908 0.0 0.0 
8.571428571428571 0.0 0.0 4 5.66608845284995 0.0 0.0 
8.571428571428571 0.7142857142857143 0.0 5 4.983605042892132 0.0 0.0 
8.571428571428571 1.4285714285714286 0.0 2 3.4122960572920715 0.0 0.0 
8.571428571428571 3.5714285714285716 0.0 5 6.233050905591633 0.0 0.0 
8.571428571428571 4.285714285714286 0.0 4 7.323308705334078 0.0 0.0 
8.571428571428571 5.0 0.0 0 0.3421246849058299 0.0 0.0 
8.571428571428571 5.714285714285714 0.0 -2 -7.312727861072753 0.0 0.0 
8.571428571428571 6.428571428571429 0.0 -6 -6.866036199747337 0.0 0.0 
8.571428571428571 7.142857142857143 0.0 -2 -2.236552042078996 0.0 0.0 
8.571428571428571 7.857142857142858 0.0 -1 -1.3556661444466769 0.0 0.0 
8.571428571428571 8.571428571428571 0.0 -6 -9.485166345254447 0.0 0.0 
8.571428571428571 9.285714285714286 0.0 1 2.299484011296534 0.0 0.0 
10.714285714285714 -9.285714285714286 0.0 0 2.029294385228474 0.0 0.0 
10.714285714285714 -8.571428571428571 0.0 1 2.3802433199137703 0.0 0.0 
10.714285714285714 -7.857142857142858 0.0 0 1.339937839412467 0.0 0.0 
10.714285714285714 -7.142857142857143 0.0 0 0.001903978968431863 0.0 0.0 
10.714285714285714 -6.428571428571429 0.0 -1 -1.204960451068518 0.0 0.0 
10.714285714285714 -5.714285714285714 0.0 -1 -1.1020017241185172 0.0 0.0 
10.714285714285714 -5.0 0.0 -2 -3.4395033397363783 0.0 0.0 
10.714285714285714 -4.285714285714286 0.0 -1 -5.182629887496451 0.0 0.0 
10.714285714285714 -3.5714285714285716 0.0 -1 -6.043557233569406 0.0 0.0 
10.714285714285714 -2.857142857142857 0.0 -2 -8.807222007173442 0.0 0.0 
10.714285714285714 -2.142857142857143 0.0 -3 -7.064968749662448 0.0 0.0 
10.714285714285714 -1.4285714285714286 0.0 0 -4.390505960949226 0.0 0.0 
10.714285714285714 -0.7142857142857143 0.0 -1 -4.654951021085226 0.0 0.0 
10.714285714285714 -0.0 0.0 3 1.5771520066793892 0.0 0.0 
10.714285714285714 0.0 0.0 11 11.865336130428151 0.0 0.0 
10.714285714285714 0.7142857142857143 0.0 6 4.717389405840164 0.0 0.0 
10.714285714285714 1.4285714285714286 0.0 7 11.364925723991544 0.0 0.0 
10.714285714285714 2.142857142857143 0.0 4 4.2818968795575145 0.0 0.0 
10.714285714285714 4.285714285714286 0.0 -4 -4.180606771481432 0.0 0.0 
10.714285714285714 5.0 0.0 -3 -2.89470413315207 0.0 0.0 
10.714285714285714 5.714285714285714 0.0 -8 -13.949269413295257 0.0 0.0 
10.714285714285714 6.428571428571429 0.0 0 1.5125789155304066 0.0 0.0 
10.714285714285714 7.142857142857143 0.0 1 -0.3888165673930378 0.0 0.0 
10.714285714285714 7.857142857142858 0.0 2 4.95585685315565 0.0 0.0 
10.714285714285714 8.571428571428571 0.0 -3 -6.994312512508499 0.0 0.0 
10.714285714285714 9.285714285714286 0.0 -7 -5.341695867325756 0.0 0.0 
12.857142857142858 -9.285714285714286 0.0 0 2.1979692824215706 0.0 0.0 
12.857142857142858 -8.571428571428571 0.0 1 0.6062503684511806 0.0 0.0 
12.857142857142858 -7.857142857142858 0.0 0 -0.2808288721780082 0.0 0.0 
12.857142857142858 -7.142857142857143 0.0 -1 -3.7207607940247263 0.0 0.0 
12.857142857142858 -6.428571428571429 0.0 -2 -2.665392627591211 0.0 0.0 
12.857142857142858 -5.714285714285714 0.0 0 -3.446153323852039 0.0 0.0 
12.857142857142858 -5.0 0.0 -1 -3.5412423894735268 0.0 0.0 
12.857142857142858 -4.285714285714286 0.0 0 -4.314431955237633 0.0 0.0 
12.857142857142858 -3.5714285714285716 0.0 1 -1.8765242809252785 0.0 0.0 
12.857142857142858 -2.857142857142857 0.0 1 -4.668208910412511 0.0 0.0 
12.857142857142858 -2.142857142857143 0.0 1 -1.7854351151226378 0.0 0.0 
12.857142857142858 -1.4285714285714286 0.0 0 -4.797038417906438 0.0 0.0 
12.857142857142858 -0.7142857142857143 0.0 -1 -2.6904464065344356 0.0 0.0 
12.857142857142858 -0.0 0.0 0 -0.8837071383495718 0.0 0.0 
12.857142857142858 0.0 0.0 7 9.614267930352725 0.0 0.0 
12.857142857142858 0.7142857142857143 0.0 4 7.564026848348881 0.0 0.0 
12.857142857142858 1.4285714285714286 0.0 10 12.35074928300036 0.0 0.0 
12.857142857142858 2.142857142857143 0.0 14 13.436741718340992 0.0 0.0 
12.857142857142858 4.285714285714286 0.0 -9 -8.009866667913304 0.0 0.0 
12.857142857142858 5.0 0.0 -4 -4.023301491314191 0.0 0.0 
12.857142857142858 5.714285714285714 0.0 -8 -10.146162527417705 0.0 0.0 
12.857142857142858 6.428571428571429 0.0 0 1.7160412932130473 0.0 0.0 
12.857142857142858 7.142857142857143 0.0 7 12.741983524912646 0.0 0.0 
12.857142857142858 7.857142857142858 0.0 1 -2.2634183822546037 0.0 0.0 
12.857142857142858 8.571428571428571 0.0 11 11.124107665675652 0.0 0.0 
12.857142857142858 9.285714285714286 0.0 -6 -7.769339360066383 0.0 0.0 
15.0 -9.285714285714286 0.0 1 1.9789440233711286 0.0 0.0 
15.0 -8.571428571428571 0.0 1 -1.1118235776500063 0.0 0.0 
15.0 -7.857142857142858 0.0 0 -2.030196273624019 0.0 0.0 
15.0 -7.142857142857143 0.0 0 -4.786654436682739 0.0 0.0 
15.0 -6.428571428571429 0.0 0 -3.382415308501049 0.0 0.0 
15.0 -5.714285714285714 0.0 1 -4.1412218049493985 0.0 0.0 
15.0 -5.0 0.0 0 -5.04267924178036 0.0 0.0 
15.0 -4.285714285714286 0.0 0 -7.079035807108767 0.0 0.0 
15.0 -3.5714285714285716 0.0 0 -5.359502244023098 0.0 0.0 
15.0 -2.857142857142857 0.0 0 -6.082322422601918 0.0 0.0 
15.0 -2.142857142857143 0.0 3 0.21497944155241022 0.0 0.0 
15.0 -1.4285714285714286 0.0 0 -1.4763778947424786 0.0 0.0 
15.0 -0.7142857142857143 0.0 1 0.87007515804161 0.0 0.0 
15.0 -0.0 0.0 0 1.9589158174294967 0.0 0.0 
15.0 0.0 0.0 -2 0.17898272875075083 0.0 0.0 
15.0 0.7142857142857143 0.0 -1 3.428744707955326 0.0 0.0 
15.0 1.4285714285714286 0.0 -2 0.4669158162199789 0.0 0.0 
15.0 2.142857142857143 0.0 7 10.774629773457072 0.0 0.0 
15.0 2.857142857142857 0.0 2 4.139322455756317 0.0 0.0 
15.0 3.5714285714285716 0.0 -5 -0.05214470936993454 0.0 0.0 
15.0 4.285714285714286 0.0 -5 0.48435240188933726 0.0 0.0 
15.0 5.0 0.0 -3 -1.2533059736081098 0.0 0.0 
15.0 5.714285714285714 0.0 -2 1.479554656185483 0.0 0.0 
15.0 6.428571428571429 0.0 -3 -0.927065591128484 0.0 0.0 
15.0 7.142857142857143 0.0 5 13.10871834191194 0.0 0.0 
15.0 7.857142857142858 0.0 -6 -6.053212524279955 0.0 0.0 
15.0 8.571428571428571 0.0 6 6.543558834636709 0.0 0.0 
15.0 9.285714285714286 0.0 13 15.221694302903266 0.0 0.0 
17.142857142857142 -9.285714285714286 0.0 3 1.7721716105461107 0.0 0.0 
17.142857142857142 -8.571428571428571 0.0 4 3.364364735108869 0.0 0.0 
17.142857142857142 -7.857142857142858 0.0 2 1.8826152524224784 0.0 0.0 
17.142857142857142 -7.142857142857143 0.0 1 1.2387345011698305 0.0 0.0 
17.142857142857142 -6.428571428571429 0.0 1 -0.14421025665049425 0.0 0.0 
17.142857142857142 -5.714285714285714 0.0 0 -1.3711105756033373 0.0 0.0 
17.142857142857142 -5.0 0.0 -3 -6.7006917091337055 0.0 0.0 
17.142857142857142 -4.285714285714286 0.0 -5 -9.929956083985271 0.0 0.0 
17.142857142857142 -3.5714285714285716 0.0 -7 -11.083202369712517 0.0 0.0 
17.142857142857142 -2.857142857142857 0.0 -7 -12.69749546765149 0.0 0.0 
17.142857142857142 -2.142857142857143 0.0 -5 -8.619339928046182 0.0 0.0 
17.142857142857142 -1.4285714285714286 0.0 -1 -2.9817386131677925 0.0 0.0 
17.142857142857142 -0.7142857142857143 0.0 3 1.6954673623954766 0.0 0.0 
17.142857142857142 -0.0 0.0 10 13.204851212768324 0.0 0.0 
17.142857142857142 0.0 0.0 5 6.245554784164662 0.0 0.0 
17.142857142857142 0.7142857142857143 0.0 5 8.315330504634451 0.0 0.0 
17.142857142857142 1.4285714285714286 0.0 -3 -4.883627149388928 0.0 0.0 
17.142857142857142 2.142857142857143 0.0 -9 -7.075457716053551 0.0 0.0 
17.142857142857142 2.857142857142857 0.0 -5 -7.6769854797144 0.0 0.0 
17.142857142857142 3.5714285714285716 0.0 -6 -9.184094122370968 0.0 0.0 
17.142857142857142 4.285714285714286 0.0 2 1.8199116720638573 0.0 0.0 
17.142857142857142 5.0 0.0 2 -3.743097803465827 0.0 0.0 
17.142857142857142 5.714285714285714 0.0 5 5.224504056537964 0.0 0.0 
17.142857142857142 6.428571428571429 0.0 1 -1.503889150371574 0.0 0.0 
17.142857142857142 7.142857142857143 0.0 1 -0.4131414847526944 0.0 0.0 
17.142857142857142 7.857142857142858 0.0 -6 -10.775599095280855 0.0 0.0 
17.142857142857142 8.571428571428571 0.0 -12 -14.429991829017698 0.0 0.0 
17.142857142857142 9.285714285714286 0.0 8 2.3082649519304015 0.0 0.0 
19.285714285714285 -9.285714285714286 0.0 5 9.344176066088806 0.0 0.0 
19.285714285714285 -8.571428571428571 0.0 0 4.226309744132088 0.0 0.0 
19.285714285714285 -7.857142857142858 0.0 -2 -0.15130276639597806 0.0 0.0 
19.285714285714285 -7.142857142857143 0.0 -3 -3.922661619100225 0.0 0.0 
19.285714285714285 -6.428571428571429 0.0 -4 -4.518439132123772 0.0 0.0 
19.285714285714285 -5.714285714285714 0.0 -2 -3.749604496162274 0.0 0.0 
19.285714285714285 -5.0 0.0 -3 -7.056006509414884 0.0 0.0 
19.285714285714285 -4.285714285714286 0.0 -3 -6.938955451578464 0.0 0.0 
19.285714285714285 -3.5714285714285716 0.0 -2 -8.083076241149529 0.0 0.0 
19.285714285714285 -2.857142857142857 0.0 -1 -4.853908259318221 0.0 0.0 
19.285714285714285 -2.142857142857143 0.0 -1 -3.936449400345035 0.0 0.0 
19.285714285714285 -1.4285714285714286 0.0 1 2.5165548916568685 0.0 0.0 
19.285714285714285 -0.7142857142857143 0.0 1 0.4466783840316282 0.0 0.0 
19.285714285714285 -0.0 0.0 6 10.144735112478918 0.0 0.0 
19.285714285714285 0.0 0.0 4 6.814424924411881 0.0 0.0 
19.285714285714285 0.7142857142857143 0.0 4 8.456498486998212 0.0 0.0 
19.285714285714285 1.4285714285714286 0.0 3 6.192671369343762 0.0 0.0 
19.285714285714285 2.142857142857143 0.0 -6 -2.7910653078207073 0.0 0.0 
19.285714285714285 2.857142857142857 0.0 -4 -0.1502710193020924 0.0 0.0 
19.285714285714285 3.5714285714285716 0.0 -6 -5.465139845216831 0.0 0.0 
19.285714285714285 4.285714285714286 0.0 2 5.823050889981827 0.0 0.0 
19.285714285714285 5.0 0.0 0 -0.18016392488154515 0.0 0.0 
19.285714285714285 5.714285714285714 0.0 2 7.483194644509096 0.0 0.0 
19.285714285714285 6.428571428571429 0.0 5 11.317510517405653 0.0 0.0 
19.285714285714285 7.142857142857143 0.0 1 4.754487967948845 0.0 0.0 
19.285714285714285 7.857142857142858 0.0 2 5.874297944361086 0.0 0.0 
19.285714285714285 8.571428571428571 0.0 -6 -2.494542277598981 0.0 0.0 
19.285714285714285 9.285714285714286 0.0 -4 0.6873250996481306 0.0 0.0 
21.428571428571427 -9.285714285714286 0.0 0 -0.6875283124246119 0.0 0.0 
21.428571428571427 -8.571428571428571 0.0 -1 -10.16001616672681 0.0 0.0 
21.428571428571427 -7.857142857142858 0.0 -1 -5.48404726069189 0.0 0.0 
21.428571428571427 -7.142857142857143 0.0 0 -9.663774161121758 0.0 0.0 
21.428571428571427 -6.428571428571429 0.0 0 -7.006420052825067 0.0 0.0 
21.428571428571427 -5.714285714285714 0.0 1 -10.533816786058686 0.0 0.0 
21.428571428571427 -5.0 0.0 -1 -9.79622157976122 0.0 0.0 
21.428571428571427 -4.285714285714286 0.0 0 -8.001587494460576 0.0 0.0 
21.428571428571427 -3.5714285714285716 0.0 1 -4.800860510029574 0.0 0.0 
21.428571428571427 -2.857142857142857 0.0 2 -0.41672483991814957 0.0 0.0 
21.428571428571427 -2.142857142857143 0.0 1 0.35465615534837447 0.0 0.0 
21.428571428571427 -1.4285714285714286 0.0 2 2.283646908399294 0.0 0.0 
21.428571428571427 -0.7142857142857143 0.0 0 2.2760982615344467 0.0 0.0 
21.428571428571427 -0.0 0.0 -1 2.174749810197666 0.0 0.0 
21.428571428571427 0.0 0.0 -2 2.228346686463576 0.0 0.0 
21.428571428571427 0.7142857142857143 0.0 -7 -6.484117702460754 0.0 0.0 
21.428571428571427 1.4285714285714286 0.0 -4 -1.2651211398149016 0.0 0.0 
21.428571428571427 2.142857142857143 0.0 -7 -8.713050837040448 0.0 0.0 
21.428571428571427 2.857142857142857 0.0 -2 -1.1816857533072405 0.0 0.0 
21.428571428571427 3.5714285714285716 0.0 0 -3.3248631792633567 0.0 0.0 
21.428571428571427 4.285714285714286 0.0 2 3.166049637116351 0.0 0.0 
21.428571428571427 5.0 0.0 1 0.322079482538455 0.0 0.0 
21.428571428571427 5.714285714285714 0.0 0 -3.2742438701184424 0.0 0.0 
21.428571428571427 6.428571428571429 0.0 1 2.2859830224868 0.0 0.0 
21.428571428571427 7.142857142857143 0.0 -2 -6.752239708136766 0.0 0.0 
21.428571428571427 7.857142857142858 0.0 1 2.269211779368758 0.0 0.0 
21.428571428571427 8.571428571428571 0.0 3 2.4473765008407797 0.0 0.0 
21.428571428571427 9.285714285714286 0.0 2 4.238033926577729 0.0 0.0 
23.57142857142857 -9.285714285714286 0.0 6 -0.8695861384973576 0.0 0.0 
23.57142857142857 -8.571428571428571 0.0 4 5.2916788204634315 0.0 0.0 
23.57142857142857 -7.857142857142858 0.0 0 -5.050115331668486 0.0 0.0 
23.57142857142857 -7.142857142857143 0.0 -1 -0.2816164051959129 0.0 0.0 
23.57142857142857 -6.428571428571429 0.0 -2 -5.73779972668615 0.0 0.0 
23.57142857142857 -5.714285714285714 0.0 -2 1.4264001520631049 0.0 0.0 
23.57142857142857 -5.0 0.0 -5 -6.909779368774578 0.0 0.0 
23.57142857142857 -4.285714285714286 0.0 -6 -3.9485712202694287 0.0 0.0 
23.57142857142857 -3.5714285714285716 0.0 -8 -9.925329024661405 0.0 0.0 
23.57142857142857 -2.857142857142857 0.0 -5 -2.4257954294262127 0.0 0.0 
23.57142857142857 -2.142857142857143 0.0 -2 1.5421667034477178 0.0 0.0 
23.57142857142857 -1.4285714285714286 0.0 2 9.019216261192167 0.0 0.0 
23.57142857142857 -0.7142857142857143 0.0 3 11.869535481044199 0.0 0.0 
23.57142857142857 -0.0 0.0 0 6.897743733401441 0.0 0.0 
23.57142857142857 0.0 0.0 0 5.153286660957102 0.0 0.0 
23.57142857142857 0.7142857142857143 0.0 -5 -3.566563258317253 0.0 0.0 
23.57142857142857 1.4285714285714286 0.0 -2 -0.3132090379443322 0.0 0.0 
23.57142857142857 2.142857142857143 0.0 0 1.4375674061542292 0.0 0.0 
23.57142857142857 2.857142857142857 0.0 3 5.1786597418342515 0.0 0.0 
23.57142857142857 3.5714285714285716 0.0 6 9.164532632514481 0.0 0.0 
23.57142857142857 4.285714285714286 0.0 4 4.852383580394592 0.0 0.0 
23.57142857142857 5.0 0.0 2 7.5147341035349005 0.0 0.0 
23.57142857142857 5.714285714285714 0.0 -1 -2.8271252573884933 0.0 0.0 
23.57142857142857 6.428571428571429 0.0 -1 2.0572702713279503 0.0 0.0 
23.57142857142857 7.142857142857143 0.0 -4 -6.779476265384314 0.0 0.0 
23.57142857142857 7.857142857142858 0.0 -2 -2.044333524250974 0.0 0.0 
23.57142857142857 8.571428571428571 0.0 0 1.6418736790969344 0.0 0.0 
23.57142857142857 9.285714285714286 0.0 1 3.93470949986337 0.0 0.0 
25.714285714285715 -9.285714285714286 0.0 -5 -4.588954347968787 0.0 0.0 
25.714285714285715 -8.571428571428571 0.0 -9 -14.128173670238677 0.0 0.0 
25.714285714285715 -7.857142857142858 0.0 -3 2.7330118860712083 0.0 0.0 
25.714285714285715 -7.142857142857143 0.0 0 3.542262517919411 0.0 0.0 
25.714285714285715 -6.428571428571429 0.0 0 7.848573107945885 0.0 0.0 
25.714285714285715 -5.714285714285714 0.0 -3 -2.292868202060399 0.0 0.0 
25.714285714285715 -5.0 0.0 -4 -8.167457492972746 0.0 0.0 
25.714285714285715 -4.285714285714286 0.0 -6 -9.383159134409535 0.0 0.0 
25.714285714285715 -3.5714285714285716 0.0 -4 -5.453954279987392 0.0 0.0 
25.714285714285715 -2.857142857142857 0.0 -2 -2.051403563150955 0.0 0.0 
25.714285714285715 -2.142857142857143 0.0 0 1.2541009027852226 0.0 0.0 
25.714285714285715 -1.4285714285714286 0.0 0 0.11727428794534989 0.0 0.0 
25.714285714285715 -0.7142857142857143 0.0 3 4.959341413624713 0.0 0.0 
25.714285714285715 -0.0 0.0 2 2.655073732177761 0.0 0.0 
25.714285714285715 0.0 0.0 2 5.364897932412602 0.0 0.0 
25.714285714285715 0.7142857142857143 0.0 1 0.9062904510141497 0.0 0.0 
25.714285714285715 1.4285714285714286 0.0 0 0.024465936564368684 0.0 0.0 
25.714285714285715 2.142857142857143 0.0 0 0.6841856985666828 0.0 0.0 
25.714285714285715 2.857142857142857 0.0 0 -2.355575259177313 0.0 0.0 
25.714285714285715 3.5714285714285716 0.0 1 2.4927266788795976 0.0 0.0 
25.714285714285715 4.285714285714286 0.0 0 -1.9877061753083485 0.0 0.0 
25.714285714285715 5.0 0.0 1 3.7249503031661693 0.0 0.0 
25.714285714285715 5.714285714285714 0.0 0 -2.1036225313497336 0.0 0.0 
25.714285714285715 6.428571428571429 0.0 0 0.18758138808876124 0.0 0.0 
25.714285714285715 7.142857142857143 0.0 -1 -2.5265596940028594 0.0 0.0 
25.714285714285715 7.857142857142858 0.0 -1 -3.2452610643243625 0.0 0.0 
25.714285714285715 8.571428571428571 0.0 0 -1.5139813991181947 0.0 0.0 
25.714285714285715 9.285714285714286 0.0 0 -2.4623647261695547 0.0 0.0 
27.857142857142858 -9.285714285714286 0.0 0 -11.073978546184382 0.0 0.0 
27.857142857142858 -8.571428571428571 0.0 -1 8.09633778314159 0.0 0.0 
27.857142857142858 -7.857142857142858 0.0 -3 1.3938097352509846 0.0 0.0 
27.857142857142858 -7.142857142857143 0.0 -6 1.8146998123880458 0.0 0.0 
27.857142857142858 -6.428571428571429 0.0 -7 -6.081504959829267 0.0 0.0 
27.857142857142858 -5.714285714285714 0.0 -5 -3.5221809819753265 0.0 0.0 
27.857142857142858 -5.0 0.0 -1 -2.239728901131156 0.0 0.0 
27.857142857142858 -4.285714285714286 0.0 2 3.832611044503924 0.0 0.0 
27.857142857142858 -3.5714285714285716 0.0 5 7.2381141109527665 0.0 0.0 
27.857142857142858 -2.857142857142857 0.0 7 10.302657285028339 0.0 0.0 
27.857142857142858 -2.142857142857143 0.0 8 13.626802906539117 0.0 0.0 
27.857142857142858 -1.4285714285714286 0.0 6 12.555405194316297 0.0 0.0 
27.857142857142858 -0.7142857142857143 0.0 4 10.670583858220109 0.0 0.0 
27.857142857142858 -0.0 0.0 0 6.250855074303013 0.0 0.0 
27.857142857142858 0.0 0.0 0 2.231549767493737 0.0 0.0 
27.857142857142858 0.7142857142857143 0.0 0 2.7790740397747085 0.0 0.0 
27.857142857142858 1.4285714285714286 0.0 1 2.3592334773668924 0.0 0.0 
27.857142857142858 2.142857142857143 0.0 3 7.336037600762179 0.0 0.0 
27.857142857142858 2.857142857142857 0.0 3 5.976908168594282 0.0 0.0 
27.857142857142858 3.5714285714285716 0.0 3 7.1468580681848195 0.0 0.0 
27.857142857142858 4.285714285714286 0.0 1 2.742057598524155 0.0 0.0 
27.857142857142858 5.0 0.0 0 -0.6059911040207474 0.0 0.0 
27.857142857142858 5.714285714285714 0.0 0 0.33630643555980466 0.0 0.0 
27.857142857142858 6.428571428571429 0.0 -1 -3.600536624701435 0.0 0.0 
27.857142857142858 7.142857142857143 0.0 1 2.2205999219671897 0.0 0.0 
27.857142857142858 7.857142857142858 0.0 0 -2.392707548489913 0.0 0.0 
27.857142857142858 8.571428571428571 0.0 1 2.9565223859404393 0.0 0.0 
27.857142857142858 9.285714285714286 0.0 0 -4.524933827284011 0.0 0.0 
