-27.857142857142858 -9.285714285714286 0.0 0 -0.10417317318757384 0.0 0.0 
-27.857142857142858 -8.571428571428571 0.0 0 0.2058992632501121 0.0 0.0 
-27.857142857142858 -7.857142857142858 0.0 0 0.14249407539973613 0.0 0.0 
-27.857142857142858 -7.142857142857143 0.0 0 0.43183165354124786 0.0 0.0 
-27.857142857142858 -6.428571428571429 0.0 0 0.27654352495872964 0.0 0.0 
-27.857142857142858 -5.714285714285714 0.0 0 0.4514934090318082 0.0 0.0 
-27.857142857142858 -5.0 0.0 0 0.21070556505508697 0.0 0.0 
-27.857142857142858 -4.285714285714286 0.0 0 0.29104723344802524 0.0 0.0 
-27.857142857142858 -3.5714285714285716 0.0 0 0.015820363685707245 0.0 0.0 
-27.857142857142858 -2.857142857142857 0.0 0 0.043268277862712506 0.0 0.0 
-27.857142857142858 -2.142857142857143 0.0 0 -0.21874086123120395 0.0 0.0 
-27.857142857142858 -1.4285714285714286 0.0 0 -0.20091956668922217 0.0 0.0 
-27.857142857142858 -0.7142857142857143 0.0 0 -0.4092894660292644 0.0 0.0 
-27.857142857142858 -0.0 0.0 0 -0.37136955320692766 0.0 0.0 
-27.857142857142858 0.0 0.0 0 -0.5113434520532095 0.0 0.0 
-27.857142857142858 0.7142857142857143 0.0 0 -0.44672451449694794 0.0 0.0 
-27.857142857142858 1.4285714285714286 0.0 0 -0.5272734310974132 0.0 0.0 
-27.857142857142858 2.142857142857143 0.0 0 -0.44822133516971224 0.0 0.0 
-27.857142857142858 2.857142857142857 0.0 0 -0.48027155373734076 0.0 0.0 
-27.857142857142858 3.5714285714285716 0.0 0 -0.3966350264016689 0.0 0.0 
-27.857142857142858 4.285714285714286 0.0 0 -0.409866481855984 0.0 0.0 
-27.857142857142858 5.0 0.0 0 -0.26506008819523125 0.0 0.0 
-27.857142857142858 5.714285714285714 0.0 0 -0.2949976007408121 0.0 0.0 
-27.857142857142858 6.428571428571429 0.0 0 -0.18145323805601438 0.0 0.0 
-27.857142857142858 7.142857142857143 0.0 0 -0.053599878419918895 0.0 0.0 
-27.857142857142858 7.857142857142858 0.0 0 0.06208632450268197 0.0 0.0 
-27.857142857142858 8.571428571428571 0.0 0 -0.08452475789177698 0.0 0.0 
-27.857142857142858 9.285714285714286 0.0 0 0.12192501296554409 0.0 0.0 
-25.714285714285715 -9.285714285714286 0.0 0 -0.047571661149629005 0.0 0.0 
-25.714285714285715 -8.571428571428571 0.0 0 0.1810077674509894 0.0 0.0 
-25.714285714285715 -7.857142857142858 0.0 0 0.21794511294150176 0.0 0.0 
-25.714285714285715 -7.142857142857143 0.0 0 0.31762654836157145 0.0 0.0 
-25.714285714285715 -6.428571428571429 0.0 0 0.2086133329375227 0.0 0.0 
-25.714285714285715 -5.714285714285714 0.0 0 0.15683663192206432 0.0 0.0 
-25.714285714285715 -5.0 0.0 0 -0.03159279412477889 0.0 0.0 
-25.714285714285715 -4.285714285714286 0.0 0 -0.15469871914909206 0.0 0.0 
-25.714285714285715 -3.5714285714285716 0.0 0 -0.3459771244172128 0.0 0.0 
-25.714285714285715 -2.857142857142857 0.0 0 -0.47672397654801024 0.0 0.0 
-25.714285714285715 -2.142857142857143 0.0 0 -0.6255997195992697 0.0 0.0 
-25.714285714285715 -1.4285714285714286 0.0 0 -0.7137828432699365 0.0 0.0 
-25.714285714285715 -0.7142857142857143 0.0 0 -0.783841590826208 0.0 0.0 
-25.714285714285715 -0.0 0.0 0 -0.8071129726322431 0.0 0.0 
-25.714285714285715 0.0 0.0 0 -0.799351316584685 0.0 0.0 
-25.714285714285715 0.7142857142857143 0.0 0 -0.7635155191160501 0.0 0.0 
-25.714285714285715 1.4285714285714286 0.0 0 -0.7003592529764755 0.0 0.0 
-25.714285714285715 2.142857142857143 0.0 0 -0.6413231917180741 0.0 0.0 
-25.714285714285715 2.857142857142857 0.0 0 -0.5348137024759829 0.0 0.0 
-25.714285714285715 3.5714285714285716 0.0 0 -0.4651515539579148 0.0 0.0 
-25.714285714285715 4.285714285714286 0.0 0 -0.38633048674140685 0.0 0.0 
-25.714285714285715 5.0 0.0 0 -0.20381888444304352 0.0 0.0 
-25.714285714285715 5.714285714285714 0.0 0 -0.15598948176017782 0.0 0.0 
-25.714285714285715 6.428571428571429 0.0 0 -0.06503777832314253 0.0 0.0 
-25.714285714285715 7.142857142857143 0.0 0 0.15274201205177385 0.0 0.0 
-25.714285714285715 7.857142857142858 0.0 0 0.28506532599659495 0.0 0.0 
-25.714285714285715 8.571428571428571 0.0 0 0.05992018541370371 0.0 0.0 
-25.714285714285715 9.285714285714286 0.0 0 0.3557284693589502 0.0 0.0 
-23.57142857142857 -9.285714285714286 0.0 0 -0.0794947389482113 0.0 0.0 
-23.57142857142857 -8.571428571428571 0.0 0 0.26189213737783407 0.0 0.0 
-23.57142857142857 -7.857142857142858 0.0 0 0.22025053047682505 0.0 0.0 
-23.57142857142857 -7.142857142857143 0.0 0 0.32336559819366123 0.0 0.0 
-23.57142857142857 -6.428571428571429 0.0 0 0.10485002226752826 0.0 0.0 
-23.57142857142857 -5.714285714285714 0.0 0 0.04888652681554051 0.0 0.0 
-23.57142857142857 -5.0 0.0 0 -0.2257838922380096 0.0 0.0 
-23.57142857142857 -4.285714285714286 0.0 0 -0.32887283339063117 0.0 0.0 
-23.57142857142857 -3.5714285714285716 0.0 0 -0.5739342119726023 0.0 0.0 
-23.57142857142857 -2.857142857142857 0.0 0 -0.6658839267785337 0.0 0.0 
-23.57142857142857 -2.142857142857143 0.0 0 -0.8477956864484245 0.0 0.0 
-23.57142857142857 -1.4285714285714286 0.0 0 -0.8773832229864922 0.0 0.0 
-23.57142857142857 -0.7142857142857143 0.0 0 -0.957775478642166 0.0 0.0 
-23.57142857142857 -0.0 0.0 0 -0.9123934233589842 0.0 0.0 
-23.57142857142857 0.0 0.0 0 -0.9043240249124342 0.0 0.0 
-23.57142857142857 0.7142857142857143 0.0 0 -0.8014899825287998 0.0 0.0 
-23.57142857142857 1.4285714285714286 0.0 0 -0.7343431322820737 0.0 0.0 
-23.57142857142857 2.142857142857143 0.0 0 -0.621809292282541 0.0 0.0 
-23.57142857142857 2.857142857142857 0.0 0 -0.4962033292944818 0.0 0.0 
-23.57142857142857 3.5714285714285716 0.0 0 -0.3715440806127876 0.0 0.0 
-23.57142857142857 4.285714285714286 0.0 0 -0.2881611624895629 0.0 0.0 
-23.57142857142857 5.0 0.0 0 -0.04980075025217706 0.0 0.0 
-23.57142857142857 5.714285714285714 0.0 0 -0.025513201801933172 0.0 0.0 
-23.57142857142857 6.428571428571429 0.0 0 0.044965851249124 0.0 0.0 
-23.57142857142857 7.142857142857143 0.0 0 0.2696454650894684 0.0 0.0 
-23.57142857142857 7.857142857142858 0.0 0 0.39128196829913997 0.0 0.0 
-23.57142857142857 8.571428571428571 0.0 0 0.09614534151157195 0.0 0.0 
-23.57142857142857 9.285714285714286 0.0 0 0.5007842683707904 0.0 0.0 
-21.428571428571427 -9.285714285714286 0.0 0 -0.04067854654892605 0.0 0.0 
-21.428571428571427 -8.571428571428571 0.0 0 0.2973073332957641 0.0 0.0 
-21.428571428571427 -7.857142857142858 0.0 0 0.1271459823757921 0.0 0.0 
-21.428571428571427 -7.142857142857143 0.0 0 0.15323088922425632 0.0 0.0 
-21.428571428571427 -6.428571428571429 0.0 0 -0.17809137803928476 0.0 0.0 
-21.428571428571427 -5.714285714285714 0.0 0 -0.2701691821171642 0.0 0.0 
-21.428571428571427 -5.0 0.0 0 -0.6015082668478948 0.0 0.0 
-21.428571428571427 -4.285714285714286 0.0 0 -0.6916251187038782 0.0 0.0 
-21.428571428571427 -3.5714285714285716 0.0 0 -0.9435791525985823 0.0 0.0 
-21.428571428571427 -2.857142857142857 0.0 0 -0.9995259113820361 0.0 0.0 
-21.428571428571427 -2.142857142857143 0.0 0 -1.1620718806278134 0.0 0.0 
-21.428571428571427 -1.4285714285714286 0.0 0 -1.1271482930883754 0.0 0.0 
-21.428571428571427 -0.7142857142857143 0.0 0 -1.1651820013345686 0.0 0.0 
-21.428571428571427 -0.0 0.0 0 -1.0511771514345205 0.0 0.0 
-21.428571428571427 0.0 0.0 0 -0.9932651395936052 0.0 0.0 
-21.428571428571427 0.7142857142857143 0.0 0 -0.8220605516319206 0.0 0.0 
-21.428571428571427 1.4285714285714286 0.0 0 -0.7043743575577763 0.0 0.0 
-21.428571428571427 2.142857142857143 0.0 0 -0.5527596919878214 0.0 0.0 
-21.428571428571427 2.857142857142857 0.0 0 -0.40312739619016547 0.0 0.0 
-21.428571428571427 3.5714285714285716 0.0 0 -0.27808448910718525 0.0 0.0 
-21.428571428571427 4.285714285714286 0.0 0 -0.2072378318467325 0.0 0.0 
-21.428571428571427 5.0 0.0 0 0.03562635512674556 0.0 0.0 
-21.428571428571427 5.714285714285714 0.0 0 0.06777202174201191 0.0 0.0 
-21.428571428571427 6.428571428571429 0.0 0 0.1222729628529334 0.0 0.0 
-21.428571428571427 7.142857142857143 0.0 0 0.3739116430020196 0.0 0.0 
-21.428571428571427 7.857142857142858 0.0 0 0.4513412699339696 0.0 0.0 
-21.428571428571427 8.571428571428571 0.0 0 0.12331310073231093 0.0 0.0 
-21.428571428571427 9.285714285714286 0.0 0 0.4419105734556315 0.0 0.0 
-19.285714285714285 -9.285714285714286 0.0 0 -0.01333344469109432 0.0 0.0 
-19.285714285714285 -8.571428571428571 0.0 0 0.31333384437207623 0.0 0.0 
-19.285714285714285 -7.857142857142858 0.0 0 -0.020880118948894855 0.0 0.0 
-19.285714285714285 -7.142857142857143 0.0 0 -0.035494648080934166 0.0 0.0 
-19.285714285714285 -6.428571428571429 0.0 0 -0.45572562977055486 0.0 0.0 
-19.285714285714285 -5.714285714285714 0.0 0 -0.5351185213528074 0.0 0.0 
-19.285714285714285 -5.0 0.0 0 -0.8898143316302434 0.0 0.0 
-19.285714285714285 -4.285714285714286 0.0 0 -0.9242299459186687 0.0 0.0 
-19.285714285714285 -3.5714285714285716 0.0 0 -1.1519107602117855 0.0 0.0 
-19.285714285714285 -2.857142857142857 0.0 0 -1.1522688308901268 0.0 0.0 
-19.285714285714285 -2.142857142857143 0.0 0 -1.2590166488711092 0.0 0.0 
-19.285714285714285 -1.4285714285714286 0.0 0 -1.1452562640331596 0.0 0.0 
-19.285714285714285 -0.7142857142857143 0.0 0 -1.1356211842717117 0.0 0.0 
-19.285714285714285 -0.0 0.0 0 -0.9636588199482691 0.0 0.0 
-19.285714285714285 0.0 0.0 0 -0.8975447748042056 0.0 0.0 
-19.285714285714285 0.7142857142857143 0.0 0 -0.718623592611102 0.0 0.0 
-19.285714285714285 1.4285714285714286 0.0 0 -0.6145869408023162 0.0 0.0 
-19.285714285714285 2.142857142857143 0.0 0 -0.4832869495491914 0.0 0.0 
-19.285714285714285 2.857142857142857 0.0 0 -0.3263666492986056 0.0 0.0 
-19.285714285714285 3.5714285714285716 0.0 0 -0.20017339554887498 0.0 0.0 
-19.285714285714285 4.285714285714286 0.0 0 -0.1148915272066412 0.0 0.0 
-19.285714285714285 5.0 0.0 0 0.1352963979935688 0.0 0.0 
-19.285714285714285 5.714285714285714 0.0 0 0.18831268003469614 0.0 0.0 
-19.285714285714285 6.428571428571429 0.0 0 0.19961232871810308 0.0 0.0 
-19.285714285714285 7.142857142857143 0.0 0 0.4993441797734437 0.0 0.0 
-19.285714285714285 7.857142857142858 0.0 0 0.49683565195354323 0.0 0.0 
-19.285714285714285 8.571428571428571 0.0 0 0.16840618226762932 0.0 0.0 
-19.285714285714285 9.285714285714286 0.0 0 0.26041325478705385 0.0 0.0 
-17.142857142857142 -9.285714285714286 0.0 0 0.03350711157274866 0.0 0.0 
-17.142857142857142 -8.571428571428571 0.0 0 0.366557503698818 0.0 0.0 
-17.142857142857142 -7.857142857142858 0.0 0 -0.1787549584649022 0.0 0.0 
-17.142857142857142 -7.142857142857143 0.0 0 -0.15947987115619222 0.0 0.0 
-17.142857142857142 -6.428571428571429 0.0 0 -0.6745353905751087 0.0 0.0 
-17.142857142857142 -5.714285714285714 0.0 0 -0.6803502425718034 0.0 0.0 
-17.142857142857142 -5.0 0.0 0 -1.0747448998213645 0.0 0.0 
-17.142857142857142 -4.285714285714286 0.0 0 -1.0103272659884002 0.0 0.0 
-17.142857142857142 -3.5714285714285716 0.0 0 -1.2630236946493762 0.0 0.0 
-17.142857142857142 -2.857142857142857 0.0 0 -1.1641575485914528 0.0 0.0 
-17.142857142857142 -2.142857142857143 0.0 0 -1.2731826456442834 0.0 0.0 
-17.142857142857142 -1.4285714285714286 0.0 0 -1.0427731742459347 0.0 0.0 
-17.142857142857142 -0.7142857142857143 0.0 0 -1.0424255751560665 0.0 0.0 
-17.142857142857142 -0.0 0.0 0 -0.8714707171013343 0.0 0.0 
-17.142857142857142 0.0 0.0 0 -0.8099850049865125 0.0 0.0 
-17.142857142857142 0.7142857142857143 0.0 0 -0.6706480488067941 0.0 0.0 
-17.142857142857142 1.4285714285714286 0.0 0 -0.5311432714609247 0.0 0.0 
-17.142857142857142 2.142857142857143 0.0 0 -0.3838908111951844 0.0 0.0 
-17.142857142857142 2.857142857142857 0.0 0 -0.20133230498903887 0.0 0.0 
-17.142857142857142 3.5714285714285716 0.0 0 -0.08705298677040285 0.0 0.0 
-17.142857142857142 4.285714285714286 0.0 0 -0.0030599895347777073 0.0 0.0 
-17.142857142857142 5.0 0.0 0 0.23740694993476835 0.0 0.0 
-17.142857142857142 5.714285714285714 0.0 0 0.32581436925563 0.0 0.0 
-17.142857142857142 6.428571428571429 0.0 0 0.2813774705112644 0.0 0.0 
-17.142857142857142 7.142857142857143 0.0 0 0.6832374517446619 0.0 0.0 
-17.142857142857142 7.857142857142858 0.0 0 0.6028821144244505 0.0 0.0 
-17.142857142857142 8.571428571428571 0.0 0 0.2836124004786952 0.0 0.0 
-17.142857142857142 9.285714285714286 0.0 0 0.1443877940399821 0.0 0.0 
-15.0 -9.285714285714286 0.0 0 0.23825395012620287 0.0 0.0 
-15.0 -8.571428571428571 0.0 0 0.5186101916750814 0.0 0.0 
-15.0 -7.857142857142858 0.0 0 -0.16091278009824606 0.0 0.0 
-15.0 -7.142857142857143 0.0 0 -0.11037795425161268 0.0 0.0 
-15.0 -6.428571428571429 0.0 0 -0.6885183466960088 0.0 0.0 
-15.0 -5.714285714285714 0.0 0 -0.6572447673787805 0.0 0.0 
-15.0 -5.0 0.0 0 -1.1031088928785269 0.0 0.0 
-15.0 -4.285714285714286 0.0 0 -1.0115794071121629 0.0 0.0 
-15.0 -3.5714285714285716 0.0 0 -1.3120591785518922 0.0 0.0 
-15.0 -2.857142857142857 0.0 -1 -1.215066016258459 0.0 0.0 
-15.0 -2.142857142857143 0.0 -1 -1.262687239714384 0.0 0.0 
-15.0 -1.4285714285714286 0.0 -1 -1.0346905778303797 0.0 0.0 
-15.0 1.4285714285714286 0.0 0 -0.47193585731069637 0.0 0.0 
-15.0 2.142857142857143 0.0 0 -0.32294209112255845 0.0 0.0 
-15.0 2.857142857142857 0.0 0 -0.12150887852654002 0.0 0.0 
-15.0 3.5714285714285716 0.0 0 -0.018445254285623935 0.0 0.0 
-15.0 4.285714285714286 0.0 0 0.08742099329288006 0.0 0.0 
-15.0 5.0 0.0 0 0.3115878502506035 0.0 0.0 
-15.0 5.714285714285714 0.0 0 0.4503270041732246 0.0 0.0 
-15.0 6.428571428571429 0.0 0 0.32913306305323276 0.0 0.0 
-15.0 7.142857142857143 0.0 0 0.8319237949225007 0.0 0.0 
-15.0 7.857142857142858 0.0 0 0.6947753112371687 0.0 0.0 
-15.0 8.571428571428571 0.0 0 0.28321579659280705 0.0 0.0 
-15.0 9.285714285714286 0.0 0 0.06445258470677374 0.0 0.0 
-12.857142857142858 -9.285714285714286 0.0 0 0.46684246669867624 0.0 0.0 
-12.857142857142858 -8.571428571428571 0.0 0 0.5114059397324144 0.0 0.0 
-12.857142857142858 -7.857142857142858 0.0 0 -0.12495668442744512 0.0 0.0 
-12.857142857142858 -7.142857142857143 0.0 0 -0.18240055578307693 0.0 0.0 
-12.857142857142858 -6.428571428571429 0.0 0 -0.7255321908842418 0.0 0.0 
-12.857142857142858 -5.714285714285714 0.0 0 -0.7855839351441569 0.0 0.0 
-12.857142857142858 -5.0 0.0 0 -1.2110987148024017 0.0 0.0 
-12.857142857142858 -4.285714285714286 0.0 0 -1.183538354128299 0.0 0.0 
-12.857142857142858 -3.5714285714285716 0.0 0 -1.4557008537820888 0.0 0.0 
-12.857142857142858 -2.857142857142857 0.0 -1 -1.3556047993228135 0.0 0.0 
-12.857142857142858 -2.142857142857143 0.0 -1 -1.3086371928170835 0.0 0.0 
-12.857142857142858 2.142857142857143 0.0 0 -0.21040571864562163 0.0 0.0 
-12.857142857142858 2.857142857142857 0.0 0 -0.021587610568694238 0.0 0.0 
-12.857142857142858 3.5714285714285716 0.0 0 0.10965401108405945 0.0 0.0 
-12.857142857142858 4.285714285714286 0.0 0 0.20131874545013936 0.0 0.0 
-12.857142857142858 5.0 0.0 0 0.43917377218206705 0.0 0.0 
-12.857142857142858 5.714285714285714 0.0 0 0.6063511018130978 0.0 0.0 
-12.857142857142858 6.428571428571429 0.0 0 0.46196852354305085 0.0 0.0 
-12.857142857142858 7.142857142857143 0.0 0 1.0083226347167087 0.0 0.0 
-12.857142857142858 7.857142857142858 0.0 0 0.8851760913449075 0.0 0.0 
-12.857142857142858 8.571428571428571 0.0 0 0.27308297516120456 0.0 0.0 
-12.857142857142858 9.285714285714286 0.0 0 0.07091865734541238 0.0 0.0 
-10.714285714285714 -9.285714285714286 0.0 0 0.431722694730851 0.0 0.0 
-10.714285714285714 -8.571428571428571 0.0 0 0.339586459454461 0.0 0.0 
-10.714285714285714 -7.857142857142858 0.0 0 -0.2081549282533457 0.0 0.0 
-10.714285714285714 -7.142857142857143 0.0 0 -0.33881208979866073 0.0 0.0 
-10.714285714285714 -6.428571428571429 0.0 0 -0.8226609333214907 0.0 0.0 
-10.714285714285714 -5.714285714285714 0.0 0 -0.9508287284292435 0.0 0.0 
-10.714285714285714 -5.0 0.0 0 -1.3210572811000252 0.0 0.0 
-10.714285714285714 -4.285714285714286 0.0 0 -1.2939259074156964 0.0 0.0 
-10.714285714285714 -3.5714285714285716 0.0 -1 -1.5155355328665545 0.0 0.0 
-10.714285714285714 -2.857142857142857 0.0 -1 -1.3722198036407036 0.0 0.0 
-10.714285714285714 -2.142857142857143 0.0 -1 -1.276102018721577 0.0 0.0 
-10.714285714285714 2.142857142857143 0.0 0 -0.09418961348052707 0.0 0.0 
-10.714285714285714 2.857142857142857 0.0 0 0.16342412005339618 0.0 0.0 
-10.714285714285714 3.5714285714285716 0.0 0 0.2317493423549629 0.0 0.0 
-10.714285714285714 4.285714285714286 0.0 0 0.35948191146712066 0.0 0.0 
-10.714285714285714 5.0 0.0 0 0.6107279539994799 0.0 0.0 
-10.714285714285714 5.714285714285714 0.0 0 0.8112272803766098 0.0 0.0 
-10.714285714285714 6.428571428571429 0.0 0 0.6694890839084431 0.0 0.0 
-10.714285714285714 7.142857142857143 0.0 0 1.2064784140886102 0.0 0.0 
-10.714285714285714 7.857142857142858 0.0 0 1.0747824867099325 0.0 0.0 
-10.714285714285714 8.571428571428571 0.0 0 0.28334197109231796 0.0 0.0 
-10.714285714285714 9.285714285714286 0.0 0 0.04357370341650339 0.0 0.0 
-8.571428571428571 -9.285714285714286 0.0 0 0.3948538246846934 0.0 0.0 
-8.571428571428571 -8.571428571428571 0.0 0 0.391116194704008 0.0 0.0 
-8.571428571428571 -7.857142857142858 0.0 0 -0.15297517917980896 0.0 0.0 
-8.571428571428571 -7.142857142857143 0.0 0 -0.247629029674762 0.0 0.0 
-8.571428571428571 -6.428571428571429 0.0 0 -0.7695660575363139 0.0 0.0 
-8.571428571428571 -5.714285714285714 0.0 0 -0.9220391967915766 0.0 0.0 
-8.571428571428571 -5.0 0.0 0 -1.390385662127087 0.0 0.0 
-8.571428571428571 -4.285714285714286 0.0 -1 -1.401045213822539 0.0 0.0 
-8.571428571428571 -3.5714285714285716 0.0 -1 -1.723426421989982 0.0 0.0 
-8.571428571428571 -2.857142857142857 0.0 -1 -1.5333097733852359 0.0 0.0 
-8.571428571428571 -2.142857142857143 0.0 -1 -1.3675917873159047 0.0 0.0 
-8.571428571428571 2.142857142857143 0.0 0 0.15856324644864478 0.0 0.0 
-8.571428571428571 2.857142857142857 0.0 0 0.4128967782322389 0.0 0.0 
-8.571428571428571 3.5714285714285716 0.0 0 0.44886396348542734 0.0 0.0 
-8.571428571428571 4.285714285714286 0.0 0 0.5750818892785164 0.0 0.0 
-8.571428571428571 5.0 0.0 0 0.8839724280292344 0.0 0.0 
-8.571428571428571 5.714285714285714 0.0 0 1.1023534605573309 0.0 0.0 
-8.571428571428571 6.428571428571429 0.0 0 0.9868800815703596 0.0 0.0 
-8.571428571428571 7.142857142857143 0.0 0 1.5224694694441796 0.0 0.0 
-8.571428571428571 7.857142857142858 0.0 1 1.2867921379173415 0.0 0.0 
-8.571428571428571 8.571428571428571 0.0 0 0.3897161290275297 0.0 0.0 
-8.571428571428571 9.285714285714286 0.0 0 0.034879143796623255 0.0 0.0 
-6.428571428571429 -9.285714285714286 0.0 0 0.5756078001403042 0.0 0.0 
-6.428571428571429 -8.571428571428571 0.0 0 0.5281205167991756 0.0 0.0 
-6.428571428571429 -7.857142857142858 0.0 0 -0.005818171100568301 0.0 0.0 
-6.428571428571429 -7.142857142857143 0.0 0 -0.21374900683594783 0.0 0.0 
-6.428571428571429 -6.428571428571429 0.0 0 -0.8128720885628392 0.0 0.0 
-6.428571428571429 -5.714285714285714 0.0 0 -1.07835743528579 0.0 0.0 
-6.428571428571429 -5.0 0.0 -1 -1.589854194340991 0.0 0.0 
-6.428571428571429 -4.285714285714286 0.0 -1 -1.5632662392613363 0.0 0.0 
-6.428571428571429 -3.5714285714285716 0.0 -1 -1.8351222692341926 0.0 0.0 
-6.428571428571429 -2.857142857142857 0.0 -1 -1.5699587460946736 0.0 0.0 
-6.428571428571429 -2.142857142857143 0.0 -1 -1.3394557136617937 0.0 0.0 
-6.428571428571429 2.142857142857143 0.0 0 0.48142106628479664 0.0 0.0 
-6.428571428571429 2.857142857142857 0.0 0 0.704142153522596 0.0 0.0 
-6.428571428571429 3.5714285714285716 0.0 0 0.6842333120122386 0.0 0.0 
-6.428571428571429 4.285714285714286 0.0 0 0.8396752533672441 0.0 0.0 
-6.428571428571429 5.0 0.0 0 1.2237513670633757 0.0 0.0 
-6.428571428571429 5.714285714285714 0.0 0 1.4749967632646726 0.0 0.0 
-6.428571428571429 6.428571428571429 0.0 0 1.3356069319881612 0.0 0.0 
-6.428571428571429 7.142857142857143 0.0 1 1.8841303524706379 0.0 0.0 
-6.428571428571429 7.857142857142858 0.0 1 1.4462160551498775 0.0 0.0 
-6.428571428571429 8.571428571428571 0.0 0 0.4588301000603287 0.0 0.0 
-6.428571428571429 9.285714285714286 0.0 0 0.055269007370248896 0.0 0.0 
-4.285714285714286 -9.285714285714286 0.0 0 0.6582951536733818 0.0 0.0 
-4.285714285714286 -8.571428571428571 0.0 0 0.398745350596289 0.0 0.0 
-4.285714285714286 -7.857142857142858 0.0 0 0.004208592845197208 0.0 0.0 
-4.285714285714286 -7.142857142857143 0.0 0 -0.3555118168288436 0.0 0.0 
-4.285714285714286 -6.428571428571429 0.0 0 -0.829186814470559 0.0 0.0 
-4.285714285714286 -5.714285714285714 0.0 0 -1.2071775108561504 0.0 0.0 
-4.285714285714286 -5.0 0.0 -1 -1.65291502162858 0.0 0.0 
-4.285714285714286 -4.285714285714286 0.0 -1 -1.7014942343828263 0.0 0.0 
-4.285714285714286 -3.5714285714285716 0.0 -1 -1.9224391833402665 0.0 0.0 
-4.285714285714286 -2.857142857142857 0.0 -1 -1.6739130601272323 0.0 0.0 
-4.285714285714286 -2.142857142857143 0.0 -1 -1.3247174767115388 0.0 0.0 
-4.285714285714286 2.142857142857143 0.0 0 0.7726633347226549 0.0 0.0 
-4.285714285714286 2.857142857142857 0.0 0 0.9348920920086236 0.0 0.0 
-4.285714285714286 3.5714285714285716 0.0 0 0.8281752957945863 0.0 0.0 
-4.285714285714286 4.285714285714286 0.0 0 1.071357529823778 0.0 0.0 
-4.285714285714286 5.0 0.0 0 1.5464539127559571 0.0 0.0 
-4.285714285714286 5.714285714285714 0.0 0 1.843819280222986 0.0 0.0 
-4.285714285714286 6.428571428571429 0.0 1 1.6113815632955324 0.0 0.0 
-4.285714285714286 7.142857142857143 0.0 1 2.1526381460542763 0.0 0.0 
-4.285714285714286 7.857142857142858 0.0 1 1.446761143232627 0.0 0.0 
-4.285714285714286 8.571428571428571 0.0 0 0.3000246218949701 0.0 0.0 
-4.285714285714286 9.285714285714286 0.0 0 -0.07238203753092987 0.0 0.0 
-2.142857142857143 -9.285714285714286 0.0 0 0.665123922519143 0.0 0.0 
-2.142857142857143 -8.571428571428571 0.0 0 0.4745743055182945 0.0 0.0 
-2.142857142857143 -7.857142857142858 0.0 0 0.14357808265953168 0.0 0.0 
-2.142857142857143 -7.142857142857143 0.0 0 -0.2534757794796822 0.0 0.0 
-2.142857142857143 -6.428571428571429 0.0 0 -0.7328250830252975 0.0 0.0 
-2.142857142857143 -5.714285714285714 0.0 -1 -1.2250825024811878 0.0 0.0 
-2.142857142857143 -5.0 0.0 -1 -1.697042287756133 0.0 0.0 
-2.142857142857143 -4.285714285714286 0.0 -1 -1.7846539019364942 0.0 0.0 
-2.142857142857143 -3.5714285714285716 0.0 -1 -1.9836482077515318 0.0 0.0 
-2.142857142857143 -2.857142857142857 0.0 -2 -1.6828921207177712 0.0 0.0 
-2.142857142857143 -2.142857142857143 0.0 -1 -1.2509813319206426 0.0 0.0 
-2.142857142857143 2.142857142857143 0.0 0 1.0796505390703248 0.0 0.0 
-2.142857142857143 2.857142857142857 0.0 0 1.1112569587127514 0.0 0.0 
-2.142857142857143 3.5714285714285716 0.0 0 0.9126679682079225 0.0 0.0 
-2.142857142857143 4.285714285714286 0.0 0 1.3170770591323882 0.0 0.0 
-2.142857142857143 5.0 0.0 0 1.9046239321654057 0.0 0.0 
-2.142857142857143 5.714285714285714 0.0 1 2.22998526069987 0.0 0.0 
-2.142857142857143 6.428571428571429 0.0 1 1.8429498838914182 0.0 0.0 
-2.142857142857143 7.142857142857143 0.0 1 2.336316642437028 0.0 0.0 
-2.142857142857143 7.857142857142858 0.0 1 1.3365438630032316 0.0 0.0 
-2.142857142857143 8.571428571428571 0.0 0 -0.0016125891933730374 0.0 0.0 
-2.142857142857143 9.285714285714286 0.0 0 -0.30734216813666665 0.0 0.0 
-0.0 -9.285714285714286 0.0 0 0.9105365937584561 0.0 0.0 
-0.0 -8.571428571428571 0.0 0 0.6462400869628715 0.0 0.0 
-0.0 -7.857142857142858 0.0 0 0.35824710145102256 0.0 0.0 
-0.0 -7.142857142857143 0.0 0 -0.10818617087180793 0.0 0.0 
-0.0 -6.428571428571429 0.0 0 -0.5630237960613216 0.0 0.0 
-0.0 -5.714285714285714 0.0 -1 -1.149800984176235 0.0 0.0 
-0.0 -5.0 0.0 -1 -1.5768830362854573 0.0 0.0 
-0.0 -4.285714285714286 0.0 -1 -1.7434361317566904 0.0 0.0 
-0.0 -3.5714285714285716 0.0 -2 -1.8979762965295943 0.0 0.0 
-0.0 -2.857142857142857 0.0 -2 -1.480910656147721 0.0 0.0 
-0.0 -2.142857142857143 0.0 -1 -1.0564035227971136 0.0 0.0 
-0.0 2.142857142857143 0.0 0 1.42522644005571 0.0 0.0 
-0.0 2.857142857142857 0.0 0 1.2676774224030538 0.0 0.0 
-0.0 3.5714285714285716 0.0 0 0.9914073002199172 0.0 0.0 
-0.0 4.285714285714286 0.0 0 1.6549330844226604 0.0 0.0 
-0.0 5.0 0.0 1 2.294302629311928 0.0 0.0 
-0.0 5.714285714285714 0.0 1 2.627649126483045 0.0 0.0 
-0.0 6.428571428571429 0.0 1 1.9866407533655828 0.0 0.0 
-0.0 7.142857142857143 0.0 1 2.4136684185849813 0.0 0.0 
-0.0 7.857142857142858 0.0 0 1.5115633694376687 0.0 0.0 
-0.0 8.571428571428571 0.0 0 -0.2967876694424378 0.0 0.0 
-0.0 9.285714285714286 0.0 0 -0.41635719076018973 0.0 0.0 
0.0 -9.285714285714286 0.0 0 1.034372730186249 0.0 0.0 
0.0 -8.571428571428571 0.0 0 0.581735161223265 0.0 0.0 
0.0 -7.857142857142858 0.0 0 1.0783794129603574 0.0 0.0 
0.0 -7.142857142857143 0.0 0 0.23023903301126913 0.0 0.0 
0.0 -6.428571428571429 0.0 0 -0.20643517520633192 0.0 0.0 
0.0 -5.714285714285714 0.0 -1 -0.944628810203448 0.0 0.0 
0.0 -5.0 0.0 -1 -1.2841699344598245 0.0 0.0 
0.0 -4.285714285714286 0.0 -2 -1.7569608545287208 0.0 0.0 
0.0 -3.5714285714285716 0.0 -2 -1.6948702207079709 0.0 0.0 
0.0 -2.857142857142857 0.0 -2 -1.1815430248638137 0.0 0.0 
0.0 -2.142857142857143 0.0 -1 -0.8250089172175965 0.0 0.0 
0.0 2.142857142857143 0.0 0 1.636810472187411 0.0 0.0 
0.0 2.857142857142857 0.0 0 1.3204081110622234 0.0 0.0 
0.0 3.5714285714285716 0.0 0 1.0687388413900822 0.0 0.0 
0.0 4.285714285714286 0.0 0 1.9691582588954173 0.0 0.0 
0.0 5.0 0.0 1 2.9760242952913805 0.0 0.0 
0.0 5.714285714285714 0.0 2 2.797622109472302 0.0 0.0 
0.0 6.428571428571429 0.0 1 2.0448370090447074 0.0 0.0 
0.0 7.142857142857143 0.0 1 2.2737630015049515 0.0 0.0 
0.0 7.857142857142858 0.0 0 1.021018166758632 0.0 0.0 
0.0 8.571428571428571 0.0 0 -0.9837133113425782 0.0 0.0 
0.0 9.285714285714286 0.0 0 -0.5174094825701845 0.0 0.0 
2.142857142857143 -9.285714285714286 0.0 0 1.1272253927234521 0.0 0.0 
2.142857142857143 -8.571428571428571 0.0 0 1.2330990413279201 0.0 0.0 
2.142857142857143 -7.857142857142858 0.0 0 1.501307844152438 0.0 0.0 
2.142857142857143 -7.142857142857143 0.0 0 0.14561050098310846 0.0 0.0 
2.142857142857143 -6.428571428571429 0.0 -1 -0.26043340362980527 0.0 0.0 
2.142857142857143 -5.714285714285714 0.0 -1 -1.0179551443868111 0.0 0.0 
2.142857142857143 -5.0 0.0 -2 -1.3849389755234214 0.0 0.0 
2.142857142857143 -4.285714285714286 0.0 -2 -1.7763287698019556 0.0 0.0 
2.142857142857143 -3.5714285714285716 0.0 -2 -1.5224152406202471 0.0 0.0 
2.142857142857143 -2.857142857142857 0.0 -1 -1.3649815089435633 0.0 0.0 
2.142857142857143 -2.142857142857143 0.0 0 -1.6826061842721773 0.0 0.0 
2.142857142857143 1.4285714285714286 0.0 1 2.569784580305319 0.0 0.0 
2.142857142857143 2.142857142857143 0.0 1 1.7640410500095252 0.0 0.0 
2.142857142857143 2.857142857142857 0.0 0 1.0580665349516356 0.0 0.0 
2.142857142857143 3.5714285714285716 0.0 1 0.9505410610720553 0.0 0.0 
2.142857142857143 4.285714285714286 0.0 1 2.5564297068157353 0.0 0.0 
2.142857142857143 5.0 0.0 2 3.5002871770535506 0.0 0.0 
2.142857142857143 5.714285714285714 0.0 2 1.959996385492364 0.0 0.0 
2.142857142857143 6.428571428571429 0.0 0 2.1175278320299085 0.0 0.0 
2.142857142857143 7.142857142857143 0.0 0 1.9891782056575682 0.0 0.0 
2.142857142857143 7.857142857142858 0.0 0 0.5889324511357099 0.0 0.0 
2.142857142857143 8.571428571428571 0.0 0 -1.333850474881889 0.0 0.0 
2.142857142857143 9.285714285714286 0.0 -1 -0.35343451786904967 0.0 0.0 
4.285714285714286 -9.285714285714286 0.0 0 1.0726657697469542 0.0 0.0 
4.285714285714286 -8.571428571428571 0.0 -1 0.8109986941612654 0.0 0.0 
4.285714285714286 -7.857142857142858 0.0 -1 0.7904241861630957 0.0 0.0 
4.285714285714286 -7.142857142857143 0.0 0 -0.7258219763205146 0.0 0.0 
4.285714285714286 -6.428571428571429 0.0 -1 -0.7712954903071446 0.0 0.0 
4.285714285714286 -5.714285714285714 0.0 -1 -1.6054507343307847 0.0 0.0 
4.285714285714286 -5.0 0.0 -1 -2.2749744216771806 0.0 0.0 
4.285714285714286 -4.285714285714286 0.0 -2 -2.3447059214945516 0.0 0.0 
4.285714285714286 -3.5714285714285716 0.0 -1 -2.4168018405358387 0.0 0.0 
4.285714285714286 -2.857142857142857 0.0 0 -1.9782408831132254 0.0 0.0 
4.285714285714286 -2.142857142857143 0.0 0 -1.9516416764944848 0.0 0.0 
4.285714285714286 -1.4285714285714286 0.0 0 -1.5465302259268687 0.0 0.0 
4.285714285714286 1.4285714285714286 0.0 1 1.808031006152767 0.0 0.0 
4.285714285714286 2.142857142857143 0.0 0 0.9724720733869336 0.0 0.0 
4.285714285714286 2.857142857142857 0.0 0 1.1090568554314673 0.0 0.0 
4.285714285714286 3.5714285714285716 0.0 2 1.8778739081442761 0.0 0.0 
4.285714285714286 4.285714285714286 0.0 2 3.692489375202375 0.0 0.0 
4.285714285714286 5.0 0.0 2 3.33658946885856 0.0 0.0 
4.285714285714286 5.714285714285714 0.0 1 2.4443009854784314 0.0 0.0 
4.285714285714286 6.428571428571429 0.0 0 0.7966604506599386 0.0 0.0 
4.285714285714286 7.142857142857143 0.0 0 0.8241573507360711 0.0 0.0 
4.285714285714286 7.857142857142858 0.0 -1 -0.745917526630638 0.0 0.0 
4.285714285714286 8.571428571428571 0.0 -1 -1.1222723894047433 0.0 0.0 
4.285714285714286 9.285714285714286 0.0 0 0.6982497770784073 0.0 0.0 
6.428571428571429 -9.285714285714286 0.0 -1 0.8476879230291109 0.0 0.0 
6.428571428571429 -8.571428571428571 0.0 0 0.6115312069207035 0.0 0.0 
6.428571428571429 -7.857142857142858 0.0 0 -0.3035665211857097 0.0 0.0 
6.428571428571429 -7.142857142857143 0.0 0 -1.173394911682656 0.0 0.0 
6.428571428571429 -6.428571428571429 0.0 -1 -1.6832605928201754 0.0 0.0 
6.428571428571429 -5.714285714285714 0.0 -1 -2.3243764673498966 0.0 0.0 
6.428571428571429 -5.0 0.0 -1 -2.589078179517271 0.0 0.0 
6.428571428571429 -4.285714285714286 0.0 -1 -2.6511008965028466 0.0 0.0 
6.428571428571429 -3.5714285714285716 0.0 -1 -1.5735523007961634 0.0 0.0 
6.428571428571429 -2.857142857142857 0.0 0 -1.3357127777617872 0.0 0.0 
6.428571428571429 -2.142857142857143 0.0 0 -0.9553791036815722 0.0 0.0 
6.428571428571429 -1.4285714285714286 0.0 0 0.09449107862217154 0.0 0.0 
6.428571428571429 -0.7142857142857143 0.0 1 0.0981251881501829 0.0 0.0 
6.428571428571429 -0.0 0.0 0 -0.20647186639452306 0.0 0.0 
6.428571428571429 0.0 0.0 0 -1.6561488111760885 0.0 0.0 
6.428571428571429 2.142857142857143 0.0 0 -0.3249432707522354 0.0 0.0 
6.428571428571429 2.857142857142857 0.0 1 0.9325697902800951 0.0 0.0 
6.428571428571429 3.5714285714285716 0.0 2 2.2710896488890784 0.0 0.0 
6.428571428571429 4.285714285714286 0.0 2 5.059225273202803 0.0 0.0 
6.428571428571429 5.0 0.0 2 1.3940278192927367 0.0 0.0 
6.428571428571429 5.714285714285714 0.0 0 2.2137585582895523 0.0 0.0 
6.428571428571429 6.428571428571429 0.0 0 -2.4978500086586277 0.0 0.0 
6.428571428571429 7.142857142857143 0.0 -1 -0.2909732924368794 0.0 0.0 
6.428571428571429 7.857142857142858 0.0 -1 -2.1869494838991805 0.0 0.0 
6.428571428571429 8.571428571428571 0.0 -1 -2.0514177746582525 0.0 0.0 
6.428571428571429 9.285714285714286 0.0 0 0.2643151651675144 0.0 0.0 
8.571428571428571 -9.285714285714286 0.0 0 1.1660041090756637 0.0 0.0 
8.571428571428571 -8.571428571428571 0.0 0 0.37095037228872674 0.0 0.0 
8.571428571428571 -7.857142857142858 0.0 0 -0.4501481591070366 0.0 0.0 
8.571428571428571 -7.142857142857143 0.0 0 -1.1807487602424207 0.0 0.0 
8.571428571428571 -6.428571428571429 0.0 -1 -1.5962344791130243 0.0 0.0 
8.571428571428571 -5.714285714285714 0.0 -2 -2.4618997614440277 0.0 0.0 
8.571428571428571 -5.0 0.0 -2 -2.387581647672428 0.0 0.0 
8.571428571428571 -4.285714285714286 0.0 -2 -3.571392235697473 0.0 0.0 
8.571428571428571 -3.5714285714285716 0.0 -1 -1.7233314799426593 0.0 0.0 
8.571428571428571 -2.857142857142857 0.0 0 -1.5590362941487519 0.0 0.0 
8.571428571428571 -2.142857142857143 0.0 0 -0.6285882678615491 0.0 0.0 
8.571428571428571 -1.4285714285714286 0.0 1 2.7692377206893517 0.0 0.0 
8.571428571428571 -0.7142857142857143 0.0 2 2.5491591069020965 0.0 0.0 
8.571428571428571 -0.0 0.0 1 3.2292271526344996 0.0 0.0 
8.571428571428571 0.0 0.0 1 2.665537136548508 0.0 0.0 
8.571428571428571 0.7142857142857143 0.0 2 2.7949604847342586 0.0 0.0 
8.571428571428571 1.4285714285714286 0.0 0 0.25114479463239614 0.0 0.0 
8.571428571428571 3.5714285714285716 0.0 1 2.868041459033296 0.0 0.0 
8.571428571428571 4.285714285714286 0.0 3 4.1303914444032035 0.0 0.0 
8.571428571428571 5.0 0.0 0 1.9274924312758905 0.0 0.0 
8.571428571428571 5.714285714285714 0.0 0 -0.6234268248131658 0.0 0.0 
8.571428571428571 6.428571428571429 0.0 -2 -1.5154990380843023 0.0 0.0 
8.571428571428571 7.142857142857143 0.0 -1 -2.9724767323777055 0.0 0.0 
8.571428571428571 7.857142857142858 0.0 0 -1.0054998138917575 0.0 0.0 
8.571428571428571 8.571428571428571 0.0 -2 -5.892248306753383 0.0 0.0 
8.571428571428571 9.285714285714286 0.0 0 0.4502876629467416 0.0 0.0 
10.714285714285714 -9.285714285714286 0.0 0 0.8672090681393857 0.0 0.0 
10.714285714285714 -8.571428571428571 0.0 0 -0.30225202408272156 0.0 0.0 
10.714285714285714 -7.857142857142858 0.0 -1 -0.3616373929486665 0.0 0.0 
10.714285714285714 -7.142857142857143 0.0 -1 -1.216453605866843 0.0 0.0 
10.714285714285714 -6.428571428571429 0.0 -1 -0.6637584799205283 0.0 0.0 
10.714285714285714 -5.714285714285714 0.0 -2 -1.7641690608882805 0.0 0.0 
10.714285714285714 -5.0 0.0 -1 -2.237561325948025 0.0 0.0 
10.714285714285714 -4.285714285714286 0.0 -1 -3.4247557807696865 0.0 0.0 
10.714285714285714 -3.5714285714285716 0.0 -1 -2.5729695828075667 0.0 0.0 
10.714285714285714 -2.857142857142857 0.0 0 -3.1245783278859047 0.0 0.0 
10.714285714285714 -2.142857142857143 0.0 -1 -2.265369980068563 0.0 0.0 
10.714285714285714 -1.4285714285714286 0.0 0 -0.035154411189313284 0.0 0.0 
10.714285714285714 -0.7142857142857143 0.0 0 2.061101515806741 0.0 0.0 
10.714285714285714 -0.0 0.0 1 2.269686488542584 0.0 0.0 
10.714285714285714 0.0 0.0 5 7.535413782828908 0.0 0.0 
10.714285714285714 0.7142857142857143 0.0 3 3.966728654426007 0.0 0.0 
10.714285714285714 1.4285714285714286 0.0 2 5.634378341628111 0.0 0.0 
10.714285714285714 2.142857142857143 0.0 0 0.3040913394136029 0.0 0.0 
10.714285714285714 4.285714285714286 0.0 0 -1.7796920995219176 0.0 0.0 
10.714285714285714 5.0 0.0 0 0.1490604266610328 0.0 0.0 
10.714285714285714 5.714285714285714 0.0 -1 -5.1563652657882795 0.0 0.0 
10.714285714285714 6.428571428571429 0.0 0 -0.005911274344219786 0.0 0.0 
10.714285714285714 7.142857142857143 0.0 -1 -2.7372354354642887 0.0 0.0 
10.714285714285714 7.857142857142858 0.0 0 -0.09404240962807175 0.0 0.0 
10.714285714285714 8.571428571428571 0.0 -2 -5.118986258370079 0.0 0.0 
10.714285714285714 9.285714285714286 0.0 -4 -6.449764836853591 0.0 0.0 
12.857142857142858 -9.285714285714286 0.0 0 0.3064734623167343 0.0 0.0 
12.857142857142858 -8.571428571428571 0.0 0 -0.845172176880443 0.0 0.0 
12.857142857142858 -7.857142857142858 0.0 -1 -1.1287650264212552 0.0 0.0 
12.857142857142858 -7.142857142857143 0.0 -2 -1.8044455670510455 0.0 0.0 
12.857142857142858 -6.428571428571429 0.0 -2 -1.3821744645326706 0.0 0.0 
12.857142857142858 -5.714285714285714 0.0 -1 -2.696777611761884 0.0 0.0 
12.857142857142858 -5.0 0.0 -1 -1.6045606287152252 0.0 0.0 
12.857142857142858 -4.285714285714286 0.0 0 -2.0689282644785574 0.0 0.0 
12.857142857142858 -3.5714285714285716 0.0 0 -0.09323620322734594 0.0 0.0 
12.857142857142858 -2.857142857142857 0.0 0 -0.8469583943589701 0.0 0.0 
12.857142857142858 -2.142857142857143 0.0 0 0.05841060027407541 0.0 0.0 
12.857142857142858 -1.4285714285714286 0.0 0 -1.0549879159606836 0.0 0.0 
12.857142857142858 -0.7142857142857143 0.0 0 0.013024612118292589 0.0 0.0 
12.857142857142858 -0.0 0.0 0 -1.2878204034241512 0.0 0.0 
12.857142857142858 0.0 0.0 3 4.573976523233786 0.0 0.0 
12.857142857142858 0.7142857142857143 0.0 3 4.650411653873444 0.0 0.0 
12.857142857142858 1.4285714285714286 0.0 5 4.7496547929959085 0.0 0.0 
12.857142857142858 2.142857142857143 0.0 9 10.085931181261659 0.0 0.0 
12.857142857142858 4.285714285714286 0.0 -2 -2.598157888845423 0.0 0.0 
12.857142857142858 5.0 0.0 -1 -1.6140316887688442 0.0 0.0 
12.857142857142858 5.714285714285714 0.0 -2 -1.696190797432799 0.0 0.0 
12.857142857142858 6.428571428571429 0.0 0 -1.2365822384833005 0.0 0.0 
12.857142857142858 7.142857142857143 0.0 2 6.155574593651445 0.0 0.0 
12.857142857142858 7.857142857142858 0.0 0 -1.5987205575679089 0.0 0.0 
12.857142857142858 8.571428571428571 0.0 4 7.431337805990033 0.0 0.0 
12.857142857142858 9.285714285714286 0.0 -4 -5.759394617191723 0.0 0.0 
15.0 -9.285714285714286 0.0 0 0.9930672950764357 0.0 0.0 
15.0 -8.571428571428571 0.0 0 -0.6757866328081248 0.0 0.0 
15.0 -7.857142857142858 0.0 -1 -1.9650507544955818 0.0 0.0 
15.0 -7.142857142857143 0.0 -2 -2.300154343498762 0.0 0.0 
15.0 -6.428571428571429 0.0 -1 -1.6381801690184425 0.0 0.0 
15.0 -5.714285714285714 0.0 0 -2.1660145114125005 0.0 0.0 
15.0 -5.0 0.0 0 -1.3238237686417966 0.0 0.0 
15.0 -4.285714285714286 0.0 0 -1.706359869007089 0.0 0.0 
15.0 -3.5714285714285716 0.0 0 0.6016255991167905 0.0 0.0 
15.0 -2.857142857142857 0.0 1 0.8375283627549129 0.0 0.0 
15.0 -2.142857142857143 0.0 1 2.193272644454862 0.0 0.0 
15.0 -1.4285714285714286 0.0 0 2.953375878851398 0.0 0.0 
15.0 -0.7142857142857143 0.0 0 2.1750922374230965 0.0 0.0 
15.0 -0.0 0.0 0 1.5630652338570743 0.0 0.0 
15.0 0.0 0.0 -1 -0.4373621122112974 0.0 0.0 
15.0 0.7142857142857143 0.0 -1 2.7448828316858394 0.0 0.0 
15.0 1.4285714285714286 0.0 -1 -0.37412417419013844 0.0 0.0 
15.0 2.142857142857143 0.0 5 9.245299311322446 0.0 0.0 
15.0 2.857142857142857 0.0 4 6.819968812076745 0.0 0.0 
15.0 3.5714285714285716 0.0 -1 3.2876647458746815 0.0 0.0 
15.0 4.285714285714286 0.0 -2 2.70426092428585 0.0 0.0 
15.0 5.0 0.0 -2 0.15473107104187012 0.0 0.0 
15.0 5.714285714285714 0.0 -1 3.9826948149327737 0.0 0.0 
15.0 6.428571428571429 0.0 -2 -0.30642797236787933 0.0 0.0 
15.0 7.142857142857143 0.0 2 9.713004489714097 0.0 0.0 
15.0 7.857142857142858 0.0 0 1.1319337310213577 0.0 0.0 
15.0 8.571428571428571 0.0 3 7.8761990399598085 0.0 0.0 
15.0 9.285714285714286 0.0 6 14.604515053471774 0.0 0.0 
17.142857142857142 -9.285714285714286 0.0 0 0.3516248241435804 0.0 0.0 
17.142857142857142 -8.571428571428571 0.0 0 -1.542365673501811 0.0 0.0 
17.142857142857142 -7.857142857142858 0.0 -1 -1.6029269532788593 0.0 0.0 
17.142857142857142 -7.142857142857143 0.0 0 -1.3760351584665522 0.0 0.0 
17.142857142857142 -6.428571428571429 0.0 0 -1.2659871523004311 0.0 0.0 
17.142857142857142 -5.714285714285714 0.0 -1 -1.5760633764923644 0.0 0.0 
17.142857142857142 -5.0 0.0 -1 -2.3955797452537855 0.0 0.0 
17.142857142857142 -4.285714285714286 0.0 -1 -3.171607358646567 0.0 0.0 
17.142857142857142 -3.5714285714285716 0.0 -1 -2.4020145265686113 0.0 0.0 
17.142857142857142 -2.857142857142857 0.0 0 -0.8186437464598628 0.0 0.0 
17.142857142857142 -2.142857142857143 0.0 0 -0.12682779500683716 0.0 0.0 
17.142857142857142 -1.4285714285714286 0.0 2 3.1203829090382307 0.0 0.0 
17.142857142857142 -0.7142857142857143 0.0 2 2.598832209855824 0.0 0.0 
17.142857142857142 -0.0 0.0 4 7.811424460980487 0.0 0.0 
17.142857142857142 0.0 0.0 2 2.5725733830970867 0.0 0.0 
17.142857142857142 0.7142857142857143 0.0 1 3.3702103398893892 0.0 0.0 
17.142857142857142 1.4285714285714286 0.0 -1 -3.493024345858602 0.0 0.0 
17.142857142857142 2.142857142857143 0.0 -3 -3.846125056321288 0.0 0.0 
17.142857142857142 2.857142857142857 0.0 -1 -1.8257458076978166 0.0 0.0 
17.142857142857142 3.5714285714285716 0.0 -2 -4.123456225837764 0.0 0.0 
17.142857142857142 4.285714285714286 0.0 0 -0.1377816570882091 0.0 0.0 
17.142857142857142 5.0 0.0 0 -2.7057359601452147 0.0 0.0 
17.142857142857142 5.714285714285714 0.0 0 0.5046377038361127 0.0 0.0 
17.142857142857142 6.428571428571429 0.0 -1 -3.310440425096233 0.0 0.0 
17.142857142857142 7.142857142857143 0.0 0 -2.5291570941980406 0.0 0.0 
17.142857142857142 7.857142857142858 0.0 -2 -4.960678322881974 0.0 0.0 
17.142857142857142 8.571428571428571 0.0 -5 -9.777215509133892 0.0 0.0 
17.142857142857142 9.285714285714286 0.0 6 5.065445193238764 0.0 0.0 
19.285714285714285 -9.285714285714286 0.0 0 0.12085801442397615 0.0 0.0 
19.285714285714285 -8.571428571428571 0.0 -1 -1.6877120946408093 0.0 0.0 
19.285714285714285 -7.857142857142858 0.0 -2 -2.127538631057507 0.0 0.0 
19.285714285714285 -7.142857142857143 0.0 -2 -2.1787041376480234 0.0 0.0 
19.285714285714285 -6.428571428571429 0.0 -1 -1.9540887478796432 0.0 0.0 
19.285714285714285 -5.714285714285714 0.0 0 -1.9392805182793416 0.0 0.0 
19.285714285714285 -5.0 0.0 0 -1.663932315349725 0.0 0.0 
19.285714285714285 -4.285714285714286 0.0 0 -2.233065127537301 0.0 0.0 
19.285714285714285 -3.5714285714285716 0.0 0 -1.7374376873506425 0.0 0.0 
19.285714285714285 -2.857142857142857 0.0 1 -1.3514107649884652 0.0 0.0 
19.285714285714285 -2.142857142857143 0.0 0 -1.37118766061664 0.0 0.0 
19.285714285714285 -1.4285714285714286 0.0 1 1.645394665337116 0.0 0.0 
19.285714285714285 -0.7142857142857143 0.0 2 1.3348363801554277 0.0 0.0 
19.285714285714285 -0.0 0.0 3 5.318962875052949 0.0 0.0 
19.285714285714285 0.0 0.0 3 5.091405994994591 0.0 0.0 
19.285714285714285 0.7142857142857143 0.0 2 4.738445745864966 0.0 0.0 
19.285714285714285 1.4285714285714286 0.0 3 6.091887795672031 0.0 0.0 
19.285714285714285 2.142857142857143 0.0 -2 -0.37418639928586905 0.0 0.0 
19.285714285714285 2.857142857142857 0.0 -2 1.5806567327902674 0.0 0.0 
19.285714285714285 3.5714285714285716 0.0 -3 -1.90750062965509 0.0 0.0 
19.285714285714285 4.285714285714286 0.0 0 1.3734837090782062 0.0 0.0 
19.285714285714285 5.0 0.0 0 0.38211584561053125 0.0 0.0 
19.285714285714285 5.714285714285714 0.0 0 2.348494854550771 0.0 0.0 
19.285714285714285 6.428571428571429 0.0 1 4.658451778717162 0.0 0.0 
19.285714285714285 7.142857142857143 0.0 1 0.7046259849235852 0.0 0.0 
19.285714285714285 7.857142857142858 0.0 0 2.238375249064247 0.0 0.0 
19.285714285714285 8.571428571428571 0.0 -4 -4.008245695965442 0.0 0.0 
19.285714285714285 9.285714285714286 0.0 -1 -1.8608594075742555 0.0 0.0 
21.428571428571427 -9.285714285714286 0.0 0 -1.7434265071207518 0.0 0.0 
21.428571428571427 -8.571428571428571 0.0 0 -2.20958976051258 0.0 0.0 
21.428571428571427 -7.857142857142858 0.0 0 -2.777873290248184 0.0 0.0 
21.428571428571427 -7.142857142857143 0.0 1 -1.17090696486561 0.0 0.0 
21.428571428571427 -6.428571428571429 0.0 0 -0.5004870461383382 0.0 0.0 
21.428571428571427 -5.714285714285714 0.0 0 -1.144920732098448 0.0 0.0 
21.428571428571427 -5.0 0.0 0 -2.2244745551091953 0.0 0.0 
21.428571428571427 -4.285714285714286 0.0 -1 -1.852758666457508 0.0 0.0 
21.428571428571427 -3.5714285714285716 0.0 0 1.4880029738893688 0.0 0.0 
21.428571428571427 -2.857142857142857 0.0 1 3.4801548825966067 0.0 0.0 
21.428571428571427 -2.142857142857143 0.0 1 4.679767534968332 0.0 0.0 
21.428571428571427 -1.4285714285714286 0.0 1 4.467417054576858 0.0 0.0 
21.428571428571427 -0.7142857142857143 0.0 0 3.520020410244216 0.0 0.0 
21.428571428571427 -0.0 0.0 0 1.5823590912065932 0.0 0.0 
21.428571428571427 0.0 0.0 0 3.07304482889247 0.0 0.0 
21.428571428571427 0.7142857142857143 0.0 -2 -0.37040479442394686 0.0 0.0 
21.428571428571427 1.4285714285714286 0.0 0 3.370764132093294 0.0 0.0 
21.428571428571427 2.142857142857143 0.0 -2 0.005216210232785734 0.0 0.0 
21.428571428571427 2.857142857142857 0.0 -1 1.6887752312889486 0.0 0.0 
21.428571428571427 3.5714285714285716 0.0 0 0.6637864418066658 0.0 0.0 
21.428571428571427 4.285714285714286 0.0 0 2.018117970259657 0.0 0.0 
21.428571428571427 5.0 0.0 1 2.319880488199408 0.0 0.0 
21.428571428571427 5.714285714285714 0.0 0 -0.30859709392022827 0.0 0.0 
21.428571428571427 6.428571428571429 0.0 1 3.9608040727868827 0.0 0.0 
21.428571428571427 7.142857142857143 0.0 0 -0.22355780503078432 0.0 0.0 
21.428571428571427 7.857142857142858 0.0 0 3.1474086588191756 0.0 0.0 
21.428571428571427 8.571428571428571 0.0 1 3.7544316539507863 0.0 0.0 
21.428571428571427 9.285714285714286 0.0 0 2.4749885483534824 0.0 0.0 
23.57142857142857 -9.285714285714286 0.0 0 0.705241592787462 0.0 0.0 
23.57142857142857 -8.571428571428571 0.0 -2 -0.8121086376873059 0.0 0.0 
23.57142857142857 -7.857142857142858 0.0 -3 -2.660563839716823 0.0 0.0 
23.57142857142857 -7.142857142857143 0.0 -3 -1.738004858968579 0.0 0.0 
23.57142857142857 -6.428571428571429 0.0 -2 -3.1498149657388215 0.0 0.0 
23.57142857142857 -5.714285714285714 0.0 -1 -0.8186638181855183 0.0 0.0 
23.57142857142857 -5.0 0.0 0 0.201913103621838 0.0 0.0 
23.57142857142857 -4.285714285714286 0.0 0 1.8519018381928014 0.0 0.0 
23.57142857142857 -3.5714285714285716 0.0 0 2.2481429882658652 0.0 0.0 
23.57142857142857 -2.857142857142857 0.0 0 2.9735881519087437 0.0 0.0 
23.57142857142857 -2.142857142857143 0.0 0 4.266675729158238 0.0 0.0 
23.57142857142857 -1.4285714285714286 0.0 2 5.411088928857309 0.0 0.0 
23.57142857142857 -0.7142857142857143 0.0 3 7.465680566994672 0.0 0.0 
23.57142857142857 -0.0 0.0 2 5.066391495903994 0.0 0.0 
23.57142857142857 0.0 0.0 1 4.629360770061405 0.0 0.0 
23.57142857142857 0.7142857142857143 0.0 -1 0.4652142454774576 0.0 0.0 
23.57142857142857 1.4285714285714286 0.0 0 0.520258786367271 0.0 0.0 
23.57142857142857 2.142857142857143 0.0 0 1.0087262667410901 0.0 0.0 
23.57142857142857 2.857142857142857 0.0 0 1.4473150894568683 0.0 0.0 
23.57142857142857 3.5714285714285716 0.0 1 3.0178294767801654 0.0 0.0 
23.57142857142857 4.285714285714286 0.0 1 1.351021330805539 0.0 0.0 
23.57142857142857 5.0 0.0 1 2.875156114965992 0.0 0.0 
23.57142857142857 5.714285714285714 0.0 0 -1.1218454259216835 0.0 0.0 
23.57142857142857 6.428571428571429 0.0 0 1.3795084665379491 0.0 0.0 
23.57142857142857 7.142857142857143 0.0 0 -1.826772836682204 0.0 0.0 
23.57142857142857 7.857142857142858 0.0 -1 -0.9697458332366342 0.0 0.0 
23.57142857142857 8.571428571428571 0.0 1 1.4616608540188922 0.0 0.0 
23.57142857142857 9.285714285714286 0.0 1 2.400615029469254 0.0 0.0 
25.714285714285715 -9.285714285714286 0.0 -5 -9.708225211945798 0.0 0.0 
25.714285714285715 -8.571428571428571 0.0 -4 -11.154089487043713 0.0 0.0 
25.714285714285715 -7.857142857142858 0.0 0 -2.178121708152707 0.0 0.0 
25.714285714285715 -7.142857142857143 0.0 3 0.1008938631342069 0.0 0.0 
25.714285714285715 -6.428571428571429 0.0 4 4.855505858793762 0.0 0.0 
25.714285714285715 -5.714285714285714 0.0 2 0.7378216864741789 0.0 0.0 
25.714285714285715 -5.0 0.0 0 -1.6065213388358623 0.0 0.0 
25.714285714285715 -4.285714285714286 0.0 -2 -6.126710396543087 0.0 0.0 
25.714285714285715 -3.5714285714285716 0.0 -1 -3.84703302647051 0.0 0.0 
25.714285714285715 -2.857142857142857 0.0 0 -3.3333981404880904 0.0 0.0 
25.714285714285715 -2.142857142857143 0.0 1 0.7393121290726623 0.0 0.0 
25.714285714285715 -1.4285714285714286 0.0 1 -0.4738604988520354 0.0 0.0 
25.714285714285715 -0.7142857142857143 0.0 1 1.7524291549631612 0.0 0.0 
25.714285714285715 -0.0 0.0 0 -0.8043888853141063 0.0 0.0 
25.714285714285715 0.0 0.0 0 -0.29309384786173753 0.0 0.0 
25.714285714285715 0.7142857142857143 0.0 0 -3.0633933934990107 0.0 0.0 
25.714285714285715 1.4285714285714286 0.0 -1 -3.635387408333621 0.0 0.0 
25.714285714285715 2.142857142857143 0.0 0 -2.9225319417994786 0.0 0.0 
25.714285714285715 2.857142857142857 0.0 0 -3.350231396054624 0.0 0.0 
25.714285714285715 3.5714285714285716 0.0 0 -1.7259784010320345 0.0 0.0 
25.714285714285715 4.285714285714286 0.0 0 -2.737947832573985 0.0 0.0 
25.714285714285715 5.0 0.0 0 -1.3184904521433236 0.0 0.0 
25.714285714285715 5.714285714285714 0.0 0 -2.2839697613056713 0.0 0.0 
25.714285714285715 6.428571428571429 0.0 0 -2.022105900823412 0.0 0.0 
25.714285714285715 7.142857142857143 0.0 0 -1.9139744763356474 0.0 0.0 
25.714285714285715 7.857142857142858 0.0 0 -3.3943738285261915 0.0 0.0 
25.714285714285715 8.571428571428571 0.0 0 -1.193064200506999 0.0 0.0 
25.714285714285715 9.285714285714286 0.0 0 -1.3513421524151907 0.0 0.0 
27.857142857142858 -9.285714285714286 0.0 3 -2.1575861433165793 0.0 0.0 
27.857142857142858 -8.571428571428571 0.0 2 10.743190332727501 0.0 0.0 
27.857142857142858 -7.857142857142858 0.0 2 5.001848251739453 0.0 0.0 
27.857142857142858 -7.142857142857143 0.0 -1 7.17186863840503 0.0 0.0 
27.857142857142858 -6.428571428571429 0.0 -2 0.06014768704937712 0.0 0.0 
27.857142857142858 -5.714285714285714 0.0 -1 1.1771683982419772 0.0 0.0 
27.857142857142858 -5.0 0.0 0 -0.20934162428290864 0.0 0.0 
27.857142857142858 -4.285714285714286 0.0 2 3.7491177519550734 0.0 0.0 
27.857142857142858 -3.5714285714285716 0.0 4 5.066672710722106 0.0 0.0 
27.857142857142858 -2.857142857142857 0.0 4 6.647894309811408 0.0 0.0 
27.857142857142858 -2.142857142857143 0.0 4 5.970969230013898 0.0 0.0 
27.857142857142858 -1.4285714285714286 0.0 2 4.420873792334955 0.0 0.0 
27.857142857142858 -0.7142857142857143 0.0 0 2.09619362823541 0.0 0.0 
27.857142857142858 -0.0 0.0 0 0.06889830478594217 0.0 0.0 
27.857142857142858 0.0 0.0 0 -2.2683883358166996 0.0 0.0 
27.857142857142858 0.7142857142857143 0.0 0 -1.8185158386576719 0.0 0.0 
27.857142857142858 1.4285714285714286 0.0 0 -2.577861706327587 0.0 0.0 
27.857142857142858 2.142857142857143 0.0 0 -0.8511274651434952 0.0 0.0 
27.857142857142858 2.857142857142857 0.0 0 -1.797197869551843 0.0 0.0 
27.857142857142858 3.5714285714285716 0.0 0 -1.1487652863043178 0.0 0.0 
27.857142857142858 4.285714285714286 0.0 0 -2.560041644180569 0.0 0.0 
27.857142857142858 5.0 0.0 0 -3.2826374533708966 0.0 0.0 
27.857142857142858 5.714285714285714 0.0 0 -2.818443349819272 0.0 0.0 
27.857142857142858 6.428571428571429 0.0 0 -3.995111401823769 0.0 0.0 
27.857142857142858 7.142857142857143 0.0 0 -1.6739004869876717 0.0 0.0 
27.857142857142858 7.857142857142858 0.0 0 -3.390646566238788 0.0 0.0 
27.857142857142858 8.571428571428571 0.0 0 -1.2298349024803217 0.0 0.0 
27.857142857142858 9.285714285714286 0.0 0 -4.509583608874537 0.0 0.0 
