-27.857142857142858 -9.285714285714286 0.0 0 -1.1536724519080068 0.0 0.0 
-27.857142857142858 -8.571428571428571 0.0 -4 -11.906028290016847 0.0 0.0 
-27.857142857142858 -7.857142857142858 0.0 -7 -19.622929648252533 0.0 0.0 
-27.857142857142858 -7.142857142857143 0.0 -9 -23.163663374542363 0.0 0.0 
-27.857142857142858 -6.428571428571429 0.0 -9 -21.442175263330554 0.0 0.0 
-27.857142857142858 -5.714285714285714 0.0 -8 -16.483969457593474 0.0 0.0 
-27.857142857142858 -5.0 0.0 -7 -11.152112165458192 0.0 0.0 
-27.857142857142858 -4.285714285714286 0.0 -5 -5.588924350913352 0.0 0.0 
-27.857142857142858 -3.5714285714285716 0.0 -4 0.8776236508201958 0.0 0.0 
-27.857142857142858 -2.857142857142857 0.0 -2 6.465347841159696 0.0 0.0 
-27.857142857142858 -2.142857142857143 0.0 -2 10.913289695385748 0.0 0.0 
-27.857142857142858 -1.4285714285714286 0.0 0 16.0875798690343 0.0 0.0 
-27.857142857142858 -0.7142857142857143 0.0 1 21.019010566422182 0.0 0.0 
-27.857142857142858 -0.0 0.0 2 23.854244920920102 0.0 0.0 
-27.857142857142858 0.0 0.0 3 25.69799535273748 0.0 0.0 
-27.857142857142858 0.7142857142857143 0.0 4 26.130352747134932 0.0 0.0 
-27.857142857142858 1.4285714285714286 0.0 5 25.010438840410377 0.0 0.0 
-27.857142857142858 2.142857142857143 0.0 5 23.4320937253495 0.0 0.0 
-27.857142857142858 2.857142857142857 0.0 5 21.75420374124098 0.0 0.0 
-27.857142857142858 3.5714285714285716 0.0 5 17.607397573229072 0.0 0.0 
-27.857142857142858 4.285714285714286 0.0 3 12.7618353800393 0.0 0.0 
-27.857142857142858 5.0 0.0 3 10.806120568102177 0.0 0.0 
-27.857142857142858 5.714285714285714 0.0 3 7.227620454564478 0.0 0.0 
-27.857142857142858 6.428571428571429 0.0 2 1.3265051922031335 0.0 0.0 
-27.857142857142858 7.142857142857143 0.0 0 -1.5159222696475008 0.0 0.0 
-27.857142857142858 7.857142857142858 0.0 0 0.33718875847426166 0.0 0.0 
-27.857142857142858 8.571428571428571 0.0 0 1.7410592555258435 0.0 0.0 
-27.857142857142858 9.285714285714286 0.0 0 -2.2417340032495914 0.0 0.0 
-25.714285714285715 -9.285714285714286 0.0 0 -7.037401202349754 0.0 0.0 
-25.714285714285715 -8.571428571428571 0.0 -7 -16.30514328401135 0.0 0.0 
-25.714285714285715 -7.857142857142858 0.0 -10 -21.33655551235686 0.0 0.0 
-25.714285714285715 -7.142857142857143 0.0 -9 -19.454758342721377 0.0 0.0 
-25.714285714285715 -6.428571428571429 0.0 -7 -11.695815084811274 0.0 0.0 
-25.714285714285715 -5.714285714285714 0.0 -4 -3.131194239906307 0.0 0.0 
-25.714285714285715 -5.0 0.0 -1 5.337348174104829 0.0 0.0 
-25.714285714285715 -4.285714285714286 0.0 0 11.806450101375916 0.0 0.0 
-25.714285714285715 -3.5714285714285716 0.0 2 18.189403105570307 0.0 0.0 
-25.714285714285715 -2.857142857142857 0.0 4 22.13381203292152 0.0 0.0 
-25.714285714285715 -2.142857142857143 0.0 5 24.707391300048634 0.0 0.0 
-25.714285714285715 -1.4285714285714286 0.0 7 28.182264359819328 0.0 0.0 
-25.714285714285715 -0.7142857142857143 0.0 10 30.346803920244817 0.0 0.0 
-25.714285714285715 -0.0 0.0 11 29.849710881740833 0.0 0.0 
-25.714285714285715 0.0 0.0 11 28.41611593890289 0.0 0.0 
-25.714285714285715 0.7142857142857143 0.0 10 26.9449425743396 0.0 0.0 
-25.714285714285715 1.4285714285714286 0.0 9 23.039635722903075 0.0 0.0 
-25.714285714285715 2.142857142857143 0.0 8 18.536529107844682 0.0 0.0 
-25.714285714285715 2.857142857142857 0.0 7 15.822498751513834 0.0 0.0 
-25.714285714285715 3.5714285714285716 0.0 6 10.030167424888255 0.0 0.0 
-25.714285714285715 4.285714285714286 0.0 3 2.304197306297281 0.0 0.0 
-25.714285714285715 5.0 0.0 2 -0.2385503172261192 0.0 0.0 
-25.714285714285715 5.714285714285714 0.0 2 -1.696188001457962 0.0 0.0 
-25.714285714285715 6.428571428571429 0.0 1 -7.406414197673661 0.0 0.0 
-25.714285714285715 7.142857142857143 0.0 -2 -13.78780985591962 0.0 0.0 
-25.714285714285715 7.857142857142858 0.0 -2 -10.458153748423372 0.0 0.0 
-25.714285714285715 8.571428571428571 0.0 1 -9.054540741418002 0.0 0.0 
-25.714285714285715 9.285714285714286 0.0 0 -12.03160749523988 0.0 0.0 
-23.57142857142857 -9.285714285714286 0.0 -6 -10.826263448981726 0.0 0.0 
-23.57142857142857 -8.571428571428571 0.0 -13 -15.2705016286206 0.0 0.0 
-23.57142857142857 -7.857142857142858 0.0 -11 -15.862356588288687 0.0 0.0 
-23.57142857142857 -7.142857142857143 0.0 -9 -6.773168509519902 0.0 0.0 
-23.57142857142857 -6.428571428571429 0.0 -4 2.556431340619099 0.0 0.0 
-23.57142857142857 -5.714285714285714 0.0 -1 12.441554463327867 0.0 0.0 
-23.57142857142857 -5.0 0.0 1 16.858077759597656 0.0 0.0 
-23.57142857142857 -4.285714285714286 0.0 4 20.973173177905572 0.0 0.0 
-23.57142857142857 -3.5714285714285716 0.0 5 23.408455421564828 0.0 0.0 
-23.57142857142857 -2.857142857142857 0.0 8 25.823205885315463 0.0 0.0 
-23.57142857142857 -2.142857142857143 0.0 10 24.46367330089382 0.0 0.0 
-23.57142857142857 -1.4285714285714286 0.0 12 26.606155064040156 0.0 0.0 
-23.57142857142857 -0.7142857142857143 0.0 13 25.425186696807216 0.0 0.0 
-23.57142857142857 -0.0 0.0 11 24.751357577842306 0.0 0.0 
-23.57142857142857 0.0 0.0 11 20.325744173115382 0.0 0.0 
-23.57142857142857 0.7142857142857143 0.0 10 19.31753524438896 0.0 0.0 
-23.57142857142857 1.4285714285714286 0.0 9 13.303589105147575 0.0 0.0 
-23.57142857142857 2.142857142857143 0.0 7 9.924347164760984 0.0 0.0 
-23.57142857142857 2.857142857142857 0.0 6 5.696596280168217 0.0 0.0 
-23.57142857142857 3.5714285714285716 0.0 4 0.37332647135361796 0.0 0.0 
-23.57142857142857 4.285714285714286 0.0 1 -8.702414832682067 0.0 0.0 
-23.57142857142857 5.0 0.0 0 -11.221806000354562 0.0 0.0 
-23.57142857142857 5.714285714285714 0.0 0 -12.084632552632286 0.0 0.0 
-23.57142857142857 6.428571428571429 0.0 -2 -16.258468758192297 0.0 0.0 
-23.57142857142857 7.142857142857143 0.0 -6 -22.71076458368358 0.0 0.0 
-23.57142857142857 7.857142857142858 0.0 -3 -16.18776049390817 0.0 0.0 
-23.57142857142857 8.571428571428571 0.0 -1 -15.303552899840927 0.0 0.0 
-23.57142857142857 9.285714285714286 0.0 -4 -22.37874460480085 0.0 0.0 
-21.428571428571427 -9.285714285714286 0.0 -14 -15.276443595529823 0.0 0.0 
-21.428571428571427 -8.571428571428571 0.0 -16 -14.638003087134209 0.0 0.0 
-21.428571428571427 -7.857142857142858 0.0 -12 -7.325947996645365 0.0 0.0 
-21.428571428571427 -7.142857142857143 0.0 -7 5.759335354143314 0.0 0.0 
-21.428571428571427 -6.428571428571429 0.0 -1 13.483237861603326 0.0 0.0 
-21.428571428571427 -5.714285714285714 0.0 4 23.280321403360823 0.0 0.0 
-21.428571428571427 -5.0 0.0 8 23.594131188517046 0.0 0.0 
-21.428571428571427 -4.285714285714286 0.0 10 25.68433665535559 0.0 0.0 
-21.428571428571427 -3.5714285714285716 0.0 11 23.77749179038787 0.0 0.0 
-21.428571428571427 -2.857142857142857 0.0 14 23.87684155503099 0.0 0.0 
-21.428571428571427 -2.142857142857143 0.0 13 21.570769709275226 0.0 0.0 
-21.428571428571427 -1.4285714285714286 0.0 13 22.717766120231758 0.0 0.0 
-21.428571428571427 -0.7142857142857143 0.0 12 19.808436915797714 0.0 0.0 
-21.428571428571427 -0.0 0.0 10 18.16831198448589 0.0 0.0 
-21.428571428571427 0.0 0.0 8 12.749555252187335 0.0 0.0 
-21.428571428571427 0.7142857142857143 0.0 7 11.741344042659602 0.0 0.0 
-21.428571428571427 1.4285714285714286 0.0 6 7.424588485593116 0.0 0.0 
-21.428571428571427 2.142857142857143 0.0 4 2.8490566459250033 0.0 0.0 
-21.428571428571427 2.857142857142857 0.0 3 -0.1449102070704935 0.0 0.0 
-21.428571428571427 3.5714285714285716 0.0 1 -4.253992864448 0.0 0.0 
-21.428571428571427 4.285714285714286 0.0 -2 -12.211964919171002 0.0 0.0 
-21.428571428571427 5.0 0.0 -3 -13.98246689762074 0.0 0.0 
-21.428571428571427 5.714285714285714 0.0 -3 -11.146024347136622 0.0 0.0 
-21.428571428571427 6.428571428571429 0.0 -3 -15.323025543577655 0.0 0.0 
-21.428571428571427 7.142857142857143 0.0 -8 -23.208816117093296 0.0 0.0 
-21.428571428571427 7.857142857142858 0.0 -5 -16.160881486901662 0.0 0.0 
-21.428571428571427 8.571428571428571 0.0 -1 -10.969368632418876 0.0 0.0 
-21.428571428571427 9.285714285714286 0.0 -6 -21.200301144117738 0.0 0.0 
-19.285714285714285 -9.285714285714286 0.0 -20 -21.913570754315792 0.0 0.0 
-19.285714285714285 -8.571428571428571 0.0 -14 -13.55194975745627 0.0 0.0 
-19.285714285714285 -7.857142857142858 0.0 -5 1.4930551595833066 0.0 0.0 
-19.285714285714285 -7.142857142857143 0.0 2 14.179616808537595 0.0 0.0 
-19.285714285714285 -6.428571428571429 0.0 9 21.574638892368384 0.0 0.0 
-19.285714285714285 -5.714285714285714 0.0 12 24.05143528148203 0.0 0.0 
-19.285714285714285 -5.0 0.0 12 20.704717115818294 0.0 0.0 
-19.285714285714285 -4.285714285714286 0.0 11 16.74255740938863 0.0 0.0 
-19.285714285714285 -3.5714285714285716 0.0 12 15.62627347129474 0.0 0.0 
-19.285714285714285 -2.857142857142857 0.0 12 15.558199601916119 0.0 0.0 
-19.285714285714285 -2.142857142857143 0.0 10 14.532901489646903 0.0 0.0 
-19.285714285714285 -1.4285714285714286 0.0 9 14.137312352255382 0.0 0.0 
-19.285714285714285 -0.7142857142857143 0.0 8 13.871647464629028 0.0 0.0 
-19.285714285714285 -0.0 0.0 5 11.407325713872073 0.0 0.0 
-19.285714285714285 0.0 0.0 5 8.290888379816689 0.0 0.0 
-19.285714285714285 0.7142857142857143 0.0 4 8.026367226235116 0.0 0.0 
-19.285714285714285 1.4285714285714286 0.0 4 6.883519457239894 0.0 0.0 
-19.285714285714285 2.142857142857143 0.0 3 2.198734525602644 0.0 0.0 
-19.285714285714285 2.857142857142857 0.0 2 1.3584784122839846 0.0 0.0 
-19.285714285714285 3.5714285714285716 0.0 0 -1.8815044660834754 0.0 0.0 
-19.285714285714285 4.285714285714286 0.0 -3 -11.261163503750355 0.0 0.0 
-19.285714285714285 5.0 0.0 -6 -12.700194297366128 0.0 0.0 
-19.285714285714285 5.714285714285714 0.0 -3 -7.827003894556411 0.0 0.0 
-19.285714285714285 6.428571428571429 0.0 -3 -12.464378624669752 0.0 0.0 
-19.285714285714285 7.142857142857143 0.0 -10 -20.558374166141817 0.0 0.0 
-19.285714285714285 7.857142857142858 0.0 -6 -14.579449178689824 0.0 0.0 
-19.285714285714285 8.571428571428571 0.0 -1 -2.3528924718801205 0.0 0.0 
-19.285714285714285 9.285714285714286 0.0 -4 -11.350570346045183 0.0 0.0 
-17.142857142857142 -9.285714285714286 0.0 -13 -19.886620855055437 0.0 0.0 
-17.142857142857142 -8.571428571428571 0.0 -3 -4.9211101535880495 0.0 0.0 
-17.142857142857142 -7.857142857142858 0.0 3 8.869774177872396 0.0 0.0 
-17.142857142857142 -7.142857142857143 0.0 10 12.325230296054293 0.0 0.0 
-17.142857142857142 -6.428571428571429 0.0 12 16.213159763932683 0.0 0.0 
-17.142857142857142 -5.714285714285714 0.0 13 11.22363787541011 0.0 0.0 
-17.142857142857142 -5.0 0.0 10 8.227750615060568 0.0 0.0 
-17.142857142857142 -4.285714285714286 0.0 9 2.251582497750432 0.0 0.0 
-17.142857142857142 -3.5714285714285716 0.0 9 5.518071986665367 0.0 0.0 
-17.142857142857142 -2.857142857142857 0.0 10 5.2010888291159 0.0 0.0 
-17.142857142857142 -2.142857142857143 0.0 8 6.9039703949959765 0.0 0.0 
-17.142857142857142 -1.4285714285714286 0.0 6 6.748457566216073 0.0 0.0 
-17.142857142857142 -0.7142857142857143 0.0 6 9.881648211341172 0.0 0.0 
-17.142857142857142 -0.0 0.0 5 7.39063989529069 0.0 0.0 
-17.142857142857142 0.0 0.0 4 8.328940080351957 0.0 0.0 
-17.142857142857142 0.7142857142857143 0.0 6 9.780207713652057 0.0 0.0 
-17.142857142857142 1.4285714285714286 0.0 5 9.673720926293456 0.0 0.0 
-17.142857142857142 2.142857142857143 0.0 2 3.596536290373015 0.0 0.0 
-17.142857142857142 2.857142857142857 0.0 0 1.9613890951687143 0.0 0.0 
-17.142857142857142 3.5714285714285716 0.0 -1 -2.988485202339608 0.0 0.0 
-17.142857142857142 4.285714285714286 0.0 -6 -13.092487787294537 0.0 0.0 
-17.142857142857142 5.0 0.0 -9 -14.226932983161024 0.0 0.0 
-17.142857142857142 5.714285714285714 0.0 -4 -6.420782729850815 0.0 0.0 
-17.142857142857142 6.428571428571429 0.0 -5 -13.313491991052882 0.0 0.0 
-17.142857142857142 7.142857142857143 0.0 -12 -20.899406109374755 0.0 0.0 
-17.142857142857142 7.857142857142858 0.0 -7 -16.894337199098793 0.0 0.0 
-17.142857142857142 8.571428571428571 0.0 0 1.5714210824525092 0.0 0.0 
-17.142857142857142 9.285714285714286 0.0 -1 -4.70464667325289 0.0 0.0 
-15.0 -9.285714285714286 0.0 -4 -17.541993717925017 0.0 0.0 
-15.0 -8.571428571428571 0.0 3 -9.5400271970375 0.0 0.0 
-15.0 -7.857142857142858 0.0 12 1.5692627555979737 0.0 0.0 
-15.0 -7.142857142857143 0.0 14 0.9878779088556264 0.0 0.0 
-15.0 -6.428571428571429 0.0 15 3.5526592418527905 0.0 0.0 
-15.0 -5.714285714285714 0.0 12 -3.1683781480225868 0.0 0.0 
-15.0 -5.0 0.0 8 -5.935306758972139 0.0 0.0 
-15.0 -4.285714285714286 0.0 7 -9.853075587193155 0.0 0.0 
-15.0 -3.5714285714285716 0.0 7 -3.4829385825779777 0.0 0.0 
-15.0 -2.857142857142857 0.0 6 -0.5988860851166677 0.0 0.0 
-15.0 -2.142857142857143 0.0 5 1.911819971310912 0.0 0.0 
-15.0 -1.4285714285714286 0.0 7 4.724906453706403 0.0 0.0 
-15.0 1.4285714285714286 0.0 4 7.182434405747111 0.0 0.0 
-15.0 2.142857142857143 0.0 0 -1.76803867696741 0.0 0.0 
-15.0 2.857142857142857 0.0 -2 -5.583034040818578 0.0 0.0 
-15.0 3.5714285714285716 0.0 -3 -9.049435201761396 0.0 0.0 
-15.0 4.285714285714286 0.0 -9 -18.611522500040813 0.0 0.0 
-15.0 5.0 0.0 -11 -18.56717003378264 0.0 0.0 
-15.0 5.714285714285714 0.0 -4 -7.840865329879179 0.0 0.0 
-15.0 6.428571428571429 0.0 -6 -17.568556822327693 0.0 0.0 
-15.0 7.142857142857143 0.0 -12 -25.84500896146659 0.0 0.0 
-15.0 7.857142857142858 0.0 -7 -21.064044072104586 0.0 0.0 
-15.0 8.571428571428571 0.0 0 -2.6958728795595257 0.0 0.0 
-15.0 9.285714285714286 0.0 0 -6.709933756693863 0.0 0.0 
-12.857142857142858 -9.285714285714286 0.0 6 -16.899866969780458 0.0 0.0 
-12.857142857142858 -8.571428571428571 0.0 15 -3.7238892651162203 0.0 0.0 
-12.857142857142858 -7.857142857142858 0.0 19 -4.312870149439792 0.0 0.0 
-12.857142857142858 -7.142857142857143 0.0 15 -2.7136455068346628 0.0 0.0 
-12.857142857142858 -6.428571428571429 0.0 12 -9.711290848460806 0.0 0.0 
-12.857142857142858 -5.714285714285714 0.0 8 -10.137225499548425 0.0 0.0 
-12.857142857142858 -5.0 0.0 4 -14.978765766896819 0.0 0.0 
-12.857142857142858 -4.285714285714286 0.0 5 -10.55350008475778 0.0 0.0 
-12.857142857142858 -3.5714285714285716 0.0 7 -4.3482435185130335 0.0 0.0 
-12.857142857142858 -2.857142857142857 0.0 7 -0.2049697141299731 0.0 0.0 
-12.857142857142858 -2.142857142857143 0.0 4 1.3736708293753974 0.0 0.0 
-12.857142857142858 2.142857142857143 0.0 -2 -13.22780777470308 0.0 0.0 
-12.857142857142858 2.857142857142857 0.0 -4 -13.960109450655159 0.0 0.0 
-12.857142857142858 3.5714285714285716 0.0 -4 -18.104854309793 0.0 0.0 
-12.857142857142858 4.285714285714286 0.0 -9 -25.74956148234289 0.0 0.0 
-12.857142857142858 5.0 0.0 -11 -26.000613005235806 0.0 0.0 
-12.857142857142858 5.714285714285714 0.0 -3 -14.539145453136692 0.0 0.0 
-12.857142857142858 6.428571428571429 0.0 -7 -26.805627761819636 0.0 0.0 
-12.857142857142858 7.142857142857143 0.0 -15 -36.405672967255526 0.0 0.0 
-12.857142857142858 7.857142857142858 0.0 -7 -26.414931818857447 0.0 0.0 
-12.857142857142858 8.571428571428571 0.0 0 -12.029886547115263 0.0 0.0 
-12.857142857142858 9.285714285714286 0.0 -1 -15.607948512553397 0.0 0.0 
-10.714285714285714 -9.285714285714286 0.0 16 -12.693242729127334 0.0 0.0 
-10.714285714285714 -8.571428571428571 0.0 19 2.30144447964107 0.0 0.0 
-10.714285714285714 -7.857142857142858 0.0 18 -5.909195166871697 0.0 0.0 
-10.714285714285714 -7.142857142857143 0.0 14 -1.5334976931871402 0.0 0.0 
-10.714285714285714 -6.428571428571429 0.0 11 -10.39193148694277 0.0 0.0 
-10.714285714285714 -5.714285714285714 0.0 7 -5.447151564874485 0.0 0.0 
-10.714285714285714 -5.0 0.0 4 -12.48566966354321 0.0 0.0 
-10.714285714285714 -4.285714285714286 0.0 1 -7.428020862135032 0.0 0.0 
-10.714285714285714 -3.5714285714285716 0.0 1 -7.793754136837107 0.0 0.0 
-10.714285714285714 -2.857142857142857 0.0 0 -4.8161537482574435 0.0 0.0 
-10.714285714285714 -2.142857142857143 0.0 0 -6.406074080907895 0.0 0.0 
-10.714285714285714 2.142857142857143 0.0 -5 -19.5966247913693 0.0 0.0 
-10.714285714285714 2.857142857142857 0.0 -7 -22.15140483344182 0.0 0.0 
-10.714285714285714 3.5714285714285716 0.0 -6 -23.418310340046 0.0 0.0 
-10.714285714285714 4.285714285714286 0.0 -10 -33.04187222484464 0.0 0.0 
-10.714285714285714 5.0 0.0 -10 -30.607907656985116 0.0 0.0 
-10.714285714285714 5.714285714285714 0.0 -4 -21.43980207767861 0.0 0.0 
-10.714285714285714 6.428571428571429 0.0 -9 -32.82661281773775 0.0 0.0 
-10.714285714285714 7.142857142857143 0.0 -15 -45.12535041570153 0.0 0.0 
-10.714285714285714 7.857142857142858 0.0 -6 -28.4038241327247 0.0 0.0 
-10.714285714285714 8.571428571428571 0.0 -1 -16.61857319548245 0.0 0.0 
-10.714285714285714 9.285714285714286 0.0 -5 -25.237170832157716 0.0 0.0 
-8.571428571428571 -9.285714285714286 0.0 22 1.8247646306265466 0.0 0.0 
-8.571428571428571 -8.571428571428571 0.0 19 22.32290062538082 0.0 0.0 
-8.571428571428571 -7.857142857142858 0.0 16 3.3240849438189812 0.0 0.0 
-8.571428571428571 -7.142857142857143 0.0 7 8.136858812228152 0.0 0.0 
-8.571428571428571 -6.428571428571429 0.0 0 -10.29160275392804 0.0 0.0 
-8.571428571428571 -5.714285714285714 0.0 -4 -5.808597223547767 0.0 0.0 
-8.571428571428571 -5.0 0.0 -6 -17.222208274538012 0.0 0.0 
-8.571428571428571 -4.285714285714286 0.0 -3 -7.332309478009162 0.0 0.0 
-8.571428571428571 -3.5714285714285716 0.0 0 -7.182761276415524 0.0 0.0 
-8.571428571428571 -2.857142857142857 0.0 3 2.5525231128223558 0.0 0.0 
-8.571428571428571 -2.142857142857143 0.0 5 0.943007738834666 0.0 0.0 
-8.571428571428571 2.142857142857143 0.0 -8 -23.78090715811428 0.0 0.0 
-8.571428571428571 2.857142857142857 0.0 -9 -24.54974196573677 0.0 0.0 
-8.571428571428571 3.5714285714285716 0.0 -5 -21.485790405885822 0.0 0.0 
-8.571428571428571 4.285714285714286 0.0 -10 -30.295285789131867 0.0 0.0 
-8.571428571428571 5.0 0.0 -11 -26.803994661438853 0.0 0.0 
-8.571428571428571 5.714285714285714 0.0 -6 -20.743836585523198 0.0 0.0 
-8.571428571428571 6.428571428571429 0.0 -12 -33.53317686160395 0.0 0.0 
-8.571428571428571 7.142857142857143 0.0 -17 -41.95687898400641 0.0 0.0 
-8.571428571428571 7.857142857142858 0.0 -4 -22.14050942956105 0.0 0.0 
-8.571428571428571 8.571428571428571 0.0 1 -7.055691039903963 0.0 0.0 
-8.571428571428571 9.285714285714286 0.0 -6 -19.541783680073006 0.0 0.0 
-6.428571428571429 -9.285714285714286 0.0 13 12.775888628571984 0.0 0.0 
-6.428571428571429 -8.571428571428571 0.0 5 7.476009360241099 0.0 0.0 
-6.428571428571429 -7.857142857142858 0.0 0 -3.0806200417792944 0.0 0.0 
-6.428571428571429 -7.142857142857143 0.0 -4 -8.306774502093099 0.0 0.0 
-6.428571428571429 -6.428571428571429 0.0 -3 -13.125881588829877 0.0 0.0 
-6.428571428571429 -5.714285714285714 0.0 -1 -9.57607043836443 0.0 0.0 
-6.428571428571429 -5.0 0.0 2 -10.376638608344813 0.0 0.0 
-6.428571428571429 -4.285714285714286 0.0 4 -4.2411535845521176 0.0 0.0 
-6.428571428571429 -3.5714285714285716 0.0 5 -3.793428484681284 0.0 0.0 
-6.428571428571429 -2.857142857142857 0.0 5 0.8489891207102467 0.0 0.0 
-6.428571428571429 -2.142857142857143 0.0 8 2.12252982832052 0.0 0.0 
-6.428571428571429 2.142857142857143 0.0 -12 -28.073635743191442 0.0 0.0 
-6.428571428571429 2.857142857142857 0.0 -11 -23.595564925809228 0.0 0.0 
-6.428571428571429 3.5714285714285716 0.0 -6 -18.172177913140477 0.0 0.0 
-6.428571428571429 4.285714285714286 0.0 -12 -29.568544292768856 0.0 0.0 
-6.428571428571429 5.0 0.0 -13 -28.842980378692836 0.0 0.0 
-6.428571428571429 5.714285714285714 0.0 -8 -23.0596515318735 0.0 0.0 
-6.428571428571429 6.428571428571429 0.0 -15 -35.245864583994084 0.0 0.0 
-6.428571428571429 7.142857142857143 0.0 -16 -39.83508480448899 0.0 0.0 
-6.428571428571429 7.857142857142858 0.0 -2 -16.197416999824906 0.0 0.0 
-6.428571428571429 8.571428571428571 0.0 4 -1.1515316415994525 0.0 0.0 
-6.428571428571429 9.285714285714286 0.0 0 -9.086565847485788 0.0 0.0 
-4.285714285714286 -9.285714285714286 0.0 5 -5.872441766269413 0.0 0.0 
-4.285714285714286 -8.571428571428571 0.0 8 -0.5766976486757898 0.0 0.0 
-4.285714285714286 -7.857142857142858 0.0 8 -2.704332296973252 0.0 0.0 
-4.285714285714286 -7.142857142857143 0.0 7 -6.057981326187669 0.0 0.0 
-4.285714285714286 -6.428571428571429 0.0 6 -13.006890806545876 0.0 0.0 
-4.285714285714286 -5.714285714285714 0.0 2 -15.55483201689206 0.0 0.0 
-4.285714285714286 -5.0 0.0 1 -17.242149692770045 0.0 0.0 
-4.285714285714286 -4.285714285714286 0.0 2 -12.980053296742362 0.0 0.0 
-4.285714285714286 -3.5714285714285716 0.0 2 -11.021380260131052 0.0 0.0 
-4.285714285714286 -2.857142857142857 0.0 4 -3.8538911748968445 0.0 0.0 
-4.285714285714286 -2.142857142857143 0.0 7 1.0297117441776962 0.0 0.0 
-4.285714285714286 2.142857142857143 0.0 -17 -34.59458730678238 0.0 0.0 
-4.285714285714286 2.857142857142857 0.0 -10 -25.281054423671158 0.0 0.0 
-4.285714285714286 3.5714285714285716 0.0 -5 -19.119167825165665 0.0 0.0 
-4.285714285714286 4.285714285714286 0.0 -14 -35.18353791386086 0.0 0.0 
-4.285714285714286 5.0 0.0 -15 -35.204592595693455 0.0 0.0 
-4.285714285714286 5.714285714285714 0.0 -9 -27.85527631700282 0.0 0.0 
-4.285714285714286 6.428571428571429 0.0 -13 -37.322709493168304 0.0 0.0 
-4.285714285714286 7.142857142857143 0.0 -11 -35.30942812669167 0.0 0.0 
-4.285714285714286 7.857142857142858 0.0 3 -6.364430643047486 0.0 0.0 
-4.285714285714286 8.571428571428571 0.0 10 5.603096422615286 0.0 0.0 
-4.285714285714286 9.285714285714286 0.0 3 -9.735340420407903 0.0 0.0 
-2.142857142857143 -9.285714285714286 0.0 17 8.678972467594477 0.0 0.0 
-2.142857142857143 -8.571428571428571 0.0 14 18.390037234412176 0.0 0.0 
-2.142857142857143 -7.857142857142858 0.0 8 -4.679292451179391 0.0 0.0 
-2.142857142857143 -7.142857142857143 0.0 2 -5.375903061852421 0.0 0.0 
-2.142857142857143 -6.428571428571429 0.0 -1 -20.38057782973279 0.0 0.0 
-2.142857142857143 -5.714285714285714 0.0 -3 -13.5636224730722 0.0 0.0 
-2.142857142857143 -5.0 0.0 -1 -14.99972061771333 0.0 0.0 
-2.142857142857143 -4.285714285714286 0.0 0 -4.8664040601613765 0.0 0.0 
-2.142857142857143 -3.5714285714285716 0.0 0 -6.611919126285876 0.0 0.0 
-2.142857142857143 -2.857142857142857 0.0 3 4.5599094826947235 0.0 0.0 
-2.142857142857143 -2.142857142857143 0.0 5 7.220022250749356 0.0 0.0 
-2.142857142857143 2.142857142857143 0.0 -16 -26.950501527369482 0.0 0.0 
-2.142857142857143 2.857142857142857 0.0 -7 -13.8849101675123 0.0 0.0 
-2.142857142857143 3.5714285714285716 0.0 -5 -10.987359528719313 0.0 0.0 
-2.142857142857143 4.285714285714286 0.0 -17 -32.77050820660172 0.0 0.0 
-2.142857142857143 5.0 0.0 -16 -30.742070547842708 0.0 0.0 
-2.142857142857143 5.714285714285714 0.0 -7 -19.435289851617455 0.0 0.0 
-2.142857142857143 6.428571428571429 0.0 -7 -21.62906089628835 0.0 0.0 
-2.142857142857143 7.142857142857143 0.0 -1 -12.398294822443711 0.0 0.0 
-2.142857142857143 7.857142857142858 0.0 12 14.841346262545532 0.0 0.0 
-2.142857142857143 8.571428571428571 0.0 16 22.71627541487906 0.0 0.0 
-2.142857142857143 9.285714285714286 0.0 2 -1.2145403111231339 0.0 0.0 
-0.0 -9.285714285714286 0.0 13 12.519271157225566 0.0 0.0 
-0.0 -8.571428571428571 0.0 4 1.695471978798782 0.0 0.0 
-0.0 -7.857142857142858 0.0 0 -6.690257682402558 0.0 0.0 
-0.0 -7.142857142857143 0.0 -2 -12.336136706556001 0.0 0.0 
-0.0 -6.428571428571429 0.0 -5 -19.884793656947203 0.0 0.0 
-0.0 -5.714285714285714 0.0 -7 -16.01465574430341 0.0 0.0 
-0.0 -5.0 0.0 0 -10.00802102863596 0.0 0.0 
-0.0 -4.285714285714286 0.0 0 -5.437940808408523 0.0 0.0 
-0.0 -3.5714285714285716 0.0 -1 -2.719435823360572 0.0 0.0 
-0.0 -2.857142857142857 0.0 2 8.344481653231897 0.0 0.0 
-0.0 -2.142857142857143 0.0 4 9.304714010407796 0.0 0.0 
-0.0 2.142857142857143 0.0 -13 -20.45076712233974 0.0 0.0 
-0.0 2.857142857142857 0.0 -3 -7.939111986591936 0.0 0.0 
-0.0 3.5714285714285716 0.0 -6 -11.585449374181623 0.0 0.0 
-0.0 4.285714285714286 0.0 -20 -34.92825792184919 0.0 0.0 
-0.0 5.0 0.0 -17 -29.415450556472635 0.0 0.0 
-0.0 5.714285714285714 0.0 -3 -10.853145163378452 0.0 0.0 
-0.0 6.428571428571429 0.0 0 -7.516023365567131 0.0 0.0 
-0.0 7.142857142857143 0.0 6 5.081286584356784 0.0 0.0 
-0.0 7.857142857142858 0.0 17 25.61791957100362 0.0 0.0 
-0.0 8.571428571428571 0.0 18 22.534950076017974 0.0 0.0 
-0.0 9.285714285714286 0.0 2 1.6631159341988138 0.0 0.0 
0.0 -9.285714285714286 0.0 8 9.223150076483021 0.0 0.0 
0.0 -8.571428571428571 0.0 4 -0.40561809055722264 0.0 0.0 
0.0 -7.857142857142858 0.0 -1 -10.15645765461553 0.0 0.0 
0.0 -7.142857142857143 0.0 -4 -14.951814342689412 0.0 0.0 
0.0 -6.428571428571429 0.0 -8 -21.892438151134662 0.0 0.0 
0.0 -5.714285714285714 0.0 -7 -14.944819000426358 0.0 0.0 
0.0 -5.0 0.0 0 -4.905255675381927 0.0 0.0 
0.0 -4.285714285714286 0.0 -2 -4.83339636786774 0.0 0.0 
0.0 -3.5714285714285716 0.0 -3 1.0559494770264206 0.0 0.0 
0.0 -2.857142857142857 0.0 4 12.31815931414071 0.0 0.0 
0.0 -2.142857142857143 0.0 3 11.14757919913514 0.0 0.0 
0.0 2.142857142857143 0.0 -8 -11.953022690966254 0.0 0.0 
0.0 2.857142857142857 0.0 -4 -4.240270545796244 0.0 0.0 
0.0 3.5714285714285716 0.0 -13 -16.766042572901192 0.0 0.0 
0.0 4.285714285714286 0.0 -22 -38.462674622096756 0.0 0.0 
0.0 5.0 0.0 -12 -24.416708957568712 0.0 0.0 
0.0 5.714285714285714 0.0 7 8.408803256690115 0.0 0.0 
0.0 6.428571428571429 0.0 12 14.45388486439159 0.0 0.0 
0.0 7.142857142857143 0.0 16 22.450685011755834 0.0 0.0 
0.0 7.857142857142858 0.0 23 32.870564377044616 0.0 0.0 
0.0 8.571428571428571 0.0 13 18.428488389901553 0.0 0.0 
0.0 9.285714285714286 0.0 0 -6.133830215711345 0.0 0.0 
2.142857142857143 -9.285714285714286 0.0 6 10.24001935361013 0.0 0.0 
2.142857142857143 -8.571428571428571 0.0 -2 -1.7106961756391028 0.0 0.0 
2.142857142857143 -7.857142857142858 0.0 -8 -10.842901199978016 0.0 0.0 
2.142857142857143 -7.142857142857143 0.0 -9 -13.413171943167134 0.0 0.0 
2.142857142857143 -6.428571428571429 0.0 -14 -17.132587965466733 0.0 0.0 
2.142857142857143 -5.714285714285714 0.0 -8 -5.494370459116915 0.0 0.0 
2.142857142857143 -5.0 0.0 0 3.540751804025058 0.0 0.0 
2.142857142857143 -4.285714285714286 0.0 -6 1.9429565735971703 0.0 0.0 
2.142857142857143 -3.5714285714285716 0.0 -3 12.053598656804986 0.0 0.0 
2.142857142857143 -2.857142857142857 0.0 6 23.848574460865315 0.0 0.0 
2.142857142857143 -2.142857142857143 0.0 -1 13.611047778045819 0.0 0.0 
2.142857142857143 1.4285714285714286 0.0 -11 -7.39955122679272 0.0 0.0 
2.142857142857143 2.142857142857143 0.0 -7 -6.649482406857951 0.0 0.0 
2.142857142857143 2.857142857142857 0.0 -8 -4.550061477972125 0.0 0.0 
2.142857142857143 3.5714285714285716 0.0 -13 -16.733428986454648 0.0 0.0 
2.142857142857143 4.285714285714286 0.0 -14 -28.29097366121973 0.0 0.0 
2.142857142857143 5.0 0.0 2 2.994098144896615 0.0 0.0 
2.142857142857143 5.714285714285714 0.0 24 38.15058108723801 0.0 0.0 
2.142857142857143 6.428571428571429 0.0 24 36.15146795931042 0.0 0.0 
2.142857142857143 7.142857142857143 0.0 18 29.50840942041106 0.0 0.0 
2.142857142857143 7.857142857142858 0.0 19 30.441001249070336 0.0 0.0 
2.142857142857143 8.571428571428571 0.0 6 12.073764104911929 0.0 0.0 
2.142857142857143 9.285714285714286 0.0 -5 -9.89743440552655 0.0 0.0 
4.285714285714286 -9.285714285714286 0.0 -1 9.828373729488307 0.0 0.0 
4.285714285714286 -8.571428571428571 0.0 -9 -6.616795398949343 0.0 0.0 
4.285714285714286 -7.857142857142858 0.0 -13 -6.774124517359866 0.0 0.0 
4.285714285714286 -7.142857142857143 0.0 -14 -9.817134611659153 0.0 0.0 
4.285714285714286 -6.428571428571429 0.0 -16 -9.38256523714038 0.0 0.0 
4.285714285714286 -5.714285714285714 0.0 -11 2.3583001355935096 0.0 0.0 
4.285714285714286 -5.0 0.0 -7 7.788083993926437 0.0 0.0 
4.285714285714286 -4.285714285714286 0.0 -12 6.7658741137239105 0.0 0.0 
4.285714285714286 -3.5714285714285716 0.0 -2 20.888295480801062 0.0 0.0 
4.285714285714286 -2.857142857142857 0.0 4 29.739488626508376 0.0 0.0 
4.285714285714286 -2.142857142857143 0.0 -5 15.817589219397664 0.0 0.0 
4.285714285714286 -1.4285714285714286 0.0 -3 20.834262859288557 0.0 0.0 
4.285714285714286 1.4285714285714286 0.0 -5 -2.9641854504042726 0.0 0.0 
4.285714285714286 2.142857142857143 0.0 -4 -3.700722798523307 0.0 0.0 
4.285714285714286 2.857142857142857 0.0 -6 -2.0852325187940544 0.0 0.0 
4.285714285714286 3.5714285714285716 0.0 0 -3.918539817860868 0.0 0.0 
4.285714285714286 4.285714285714286 0.0 -2 -9.87549246628923 0.0 0.0 
4.285714285714286 5.0 0.0 18 34.529491503754016 0.0 0.0 
4.285714285714286 5.714285714285714 0.0 37 56.15226991096376 0.0 0.0 
4.285714285714286 6.428571428571429 0.0 21 36.150105962017925 0.0 0.0 
4.285714285714286 7.142857142857143 0.0 10 18.333780645155525 0.0 0.0 
4.285714285714286 7.857142857142858 0.0 5 13.874271959776001 0.0 0.0 
4.285714285714286 8.571428571428571 0.0 0 4.228659779983242 0.0 0.0 
4.285714285714286 9.285714285714286 0.0 -6 -6.0207794761059015 0.0 0.0 
6.428571428571429 -9.285714285714286 0.0 -8 7.750927585067213 0.0 0.0 
6.428571428571429 -8.571428571428571 0.0 -19 -11.150439556936083 0.0 0.0 
6.428571428571429 -7.857142857142858 0.0 -20 -7.288125929923865 0.0 0.0 
6.428571428571429 -7.142857142857143 0.0 -18 -8.64831534005728 0.0 0.0 
6.428571428571429 -6.428571428571429 0.0 -18 -7.521452772205187 0.0 0.0 
6.428571428571429 -5.714285714285714 0.0 -11 6.134861569430434 0.0 0.0 
6.428571428571429 -5.0 0.0 -9 8.2247058039867 0.0 0.0 
6.428571428571429 -4.285714285714286 0.0 -10 13.039840068957442 0.0 0.0 
6.428571428571429 -3.5714285714285716 0.0 2 29.60472347288798 0.0 0.0 
6.428571428571429 -2.857142857142857 0.0 6 31.606142130539745 0.0 0.0 
6.428571428571429 -2.142857142857143 0.0 0 19.52128473623892 0.0 0.0 
6.428571428571429 -1.4285714285714286 0.0 7 35.13994262014437 0.0 0.0 
6.428571428571429 -0.7142857142857143 0.0 14 33.49528312074922 0.0 0.0 
6.428571428571429 -0.0 0.0 -2 13.179563089988196 0.0 0.0 
6.428571428571429 0.0 0.0 -9 0.49322293666190475 0.0 0.0 
6.428571428571429 2.142857142857143 0.0 -7 -7.401610438068481 0.0 0.0 
6.428571428571429 2.857142857142857 0.0 -2 -0.11608664328024432 0.0 0.0 
6.428571428571429 3.5714285714285716 0.0 9 6.6743011415100675 0.0 0.0 
6.428571428571429 4.285714285714286 0.0 12 14.442434497879205 0.0 0.0 
6.428571428571429 5.0 0.0 34 54.8076935595085 0.0 0.0 
6.428571428571429 5.714285714285714 0.0 41 63.28012953507277 0.0 0.0 
6.428571428571429 6.428571428571429 0.0 6 14.266091160820253 0.0 0.0 
6.428571428571429 7.142857142857143 0.0 -5 1.28007914544032 0.0 0.0 
6.428571428571429 7.857142857142858 0.0 -7 -5.759079332966282 0.0 0.0 
6.428571428571429 8.571428571428571 0.0 -9 -2.6737037131814825 0.0 0.0 
6.428571428571429 9.285714285714286 0.0 0 1.626339477155387 0.0 0.0 
8.571428571428571 -9.285714285714286 0.0 -18 -4.059773410297044 0.0 0.0 
8.571428571428571 -8.571428571428571 0.0 -23 -20.38458008771503 0.0 0.0 
8.571428571428571 -7.857142857142858 0.0 -21 -7.545010467977544 0.0 0.0 
8.571428571428571 -7.142857142857143 0.0 -14 -7.73361678644476 0.0 0.0 
8.571428571428571 -6.428571428571429 0.0 -16 -3.00309723690307 0.0 0.0 
8.571428571428571 -5.714285714285714 0.0 -8 6.9467324414020375 0.0 0.0 
8.571428571428571 -5.0 0.0 -10 8.365793872897232 0.0 0.0 
8.571428571428571 -4.285714285714286 0.0 -7 13.755350301136577 0.0 0.0 
8.571428571428571 -3.5714285714285716 0.0 6 33.444393649421336 0.0 0.0 
8.571428571428571 -2.857142857142857 0.0 7 30.965147886331614 0.0 0.0 
8.571428571428571 -2.142857142857143 0.0 6 29.741114262191076 0.0 0.0 
8.571428571428571 -1.4285714285714286 0.0 23 51.029515392136425 0.0 0.0 
8.571428571428571 -0.7142857142857143 0.0 18 37.64950932941902 0.0 0.0 
8.571428571428571 -0.0 0.0 3 20.35021860628334 0.0 0.0 
8.571428571428571 0.0 0.0 0 4.017275342523016 0.0 0.0 
8.571428571428571 0.7142857142857143 0.0 0 0.6229616896643488 0.0 0.0 
8.571428571428571 1.4285714285714286 0.0 -6 -8.3497339149589 0.0 0.0 
8.571428571428571 3.5714285714285716 0.0 21 23.661735360659772 0.0 0.0 
8.571428571428571 4.285714285714286 0.0 27 35.62261824404832 0.0 0.0 
8.571428571428571 5.0 0.0 37 55.40125331761013 0.0 0.0 
8.571428571428571 5.714285714285714 0.0 28 43.07568937935326 0.0 0.0 
8.571428571428571 6.428571428571429 0.0 -15 -14.434781626832468 0.0 0.0 
8.571428571428571 7.142857142857143 0.0 -17 -19.64604039034382 0.0 0.0 
8.571428571428571 7.857142857142858 0.0 -9 -7.6664721522084 0.0 0.0 
8.571428571428571 8.571428571428571 0.0 -18 -12.703504532863487 0.0 0.0 
8.571428571428571 9.285714285714286 0.0 2 14.291771862667536 0.0 0.0 
10.714285714285714 -9.285714285714286 0.0 -23 -9.171971441137629 0.0 0.0 
10.714285714285714 -8.571428571428571 0.0 -26 -25.42127032004973 0.0 0.0 
10.714285714285714 -7.857142857142858 0.0 -23 -12.862954683366638 0.0 0.0 
10.714285714285714 -7.142857142857143 0.0 -17 -12.672034870753741 0.0 0.0 
10.714285714285714 -6.428571428571429 0.0 -17 -4.890512278123957 0.0 0.0 
10.714285714285714 -5.714285714285714 0.0 -5 6.352409201565305 0.0 0.0 
10.714285714285714 -5.0 0.0 0 17.22861668333217 0.0 0.0 
10.714285714285714 -4.285714285714286 0.0 11 30.28366175965334 0.0 0.0 
10.714285714285714 -3.5714285714285716 0.0 22 52.30767377327582 0.0 0.0 
10.714285714285714 -2.857142857142857 0.0 18 44.64106161014071 0.0 0.0 
10.714285714285714 -2.142857142857143 0.0 14 45.642492745151884 0.0 0.0 
10.714285714285714 -1.4285714285714286 0.0 22 49.476529718497304 0.0 0.0 
10.714285714285714 -0.7142857142857143 0.0 4 22.504275379501976 0.0 0.0 
10.714285714285714 -0.0 0.0 -3 2.1856900883934873 0.0 0.0 
10.714285714285714 0.0 0.0 9 3.8427979208708676 0.0 0.0 
10.714285714285714 0.7142857142857143 0.0 3 -1.8912669053247173 0.0 0.0 
10.714285714285714 1.4285714285714286 0.0 7 9.02105454038415 0.0 0.0 
10.714285714285714 2.142857142857143 0.0 1 1.5824408744405307 0.0 0.0 
10.714285714285714 4.285714285714286 0.0 17 28.89195383159136 0.0 0.0 
10.714285714285714 5.0 0.0 23 44.01882473464924 0.0 0.0 
10.714285714285714 5.714285714285714 0.0 -4 3.426491380270953 0.0 0.0 
10.714285714285714 6.428571428571429 0.0 -21 -20.533745095076092 0.0 0.0 
10.714285714285714 7.142857142857143 0.0 -21 -26.592584898762194 0.0 0.0 
10.714285714285714 7.857142857142858 0.0 0 10.096615004524466 0.0 0.0 
10.714285714285714 8.571428571428571 0.0 -9 -4.835284822522702 0.0 0.0 
10.714285714285714 9.285714285714286 0.0 -7 14.568684105430009 0.0 0.0 
12.857142857142858 -9.285714285714286 0.0 -28 -25.353548377539028 0.0 0.0 
12.857142857142858 -8.571428571428571 0.0 -27 -37.19630766141261 0.0 0.0 
12.857142857142858 -7.857142857142858 0.0 -19 -16.822140171676935 0.0 0.0 
12.857142857142858 -7.142857142857143 0.0 -13 -14.128646876372327 0.0 0.0 
12.857142857142858 -6.428571428571429 0.0 -7 -0.10226829245886293 0.0 0.0 
12.857142857142858 -5.714285714285714 0.0 4 14.966270217671946 0.0 0.0 
12.857142857142858 -5.0 0.0 12 32.22545772335032 0.0 0.0 
12.857142857142858 -4.285714285714286 0.0 23 45.64813853808552 0.0 0.0 
12.857142857142858 -3.5714285714285716 0.0 30 61.14765821933836 0.0 0.0 
12.857142857142858 -2.857142857142857 0.0 24 46.42845636875067 0.0 0.0 
12.857142857142858 -2.142857142857143 0.0 23 45.515014215756096 0.0 0.0 
12.857142857142858 -1.4285714285714286 0.0 19 32.601478863589946 0.0 0.0 
12.857142857142858 -0.7142857142857143 0.0 0 13.725641974609148 0.0 0.0 
12.857142857142858 -0.0 0.0 -7 -8.654858144965894 0.0 0.0 
12.857142857142858 0.0 0.0 1 -1.867001463436714 0.0 0.0 
12.857142857142858 0.7142857142857143 0.0 -2 -7.298396275733632 0.0 0.0 
12.857142857142858 1.4285714285714286 0.0 17 8.303901286038556 0.0 0.0 
12.857142857142858 2.142857142857143 0.0 33 29.471030373815722 0.0 0.0 
12.857142857142858 3.5714285714285716 0.0 27 37.93446393859444 0.0 0.0 
12.857142857142858 4.285714285714286 0.0 0 17.089376544000544 0.0 0.0 
12.857142857142858 5.0 0.0 5 21.867584731806478 0.0 0.0 
12.857142857142858 5.714285714285714 0.0 -32 -28.189628364080683 0.0 0.0 
12.857142857142858 6.428571428571429 0.0 -31 -33.66713841447637 0.0 0.0 
12.857142857142858 7.142857142857143 0.0 -7 -8.397509192996079 0.0 0.0 
12.857142857142858 7.857142857142858 0.0 0 5.211155531999312 0.0 0.0 
12.857142857142858 8.571428571428571 0.0 22 27.610437277954397 0.0 0.0 
12.857142857142858 9.285714285714286 0.0 -2 12.23950899955695 0.0 0.0 
15.0 -9.285714285714286 0.0 -21 -27.918649698168515 0.0 0.0 
15.0 -8.571428571428571 0.0 -16 -23.198919346395172 0.0 0.0 
15.0 -7.857142857142858 0.0 -8 -2.927906940831164 0.0 0.0 
15.0 -7.142857142857143 0.0 -1 4.204854171589009 0.0 0.0 
15.0 -6.428571428571429 0.0 0 13.772333370689356 0.0 0.0 
15.0 -5.714285714285714 0.0 8 22.581545674900738 0.0 0.0 
15.0 -5.0 0.0 10 29.801507125339842 0.0 0.0 
15.0 -4.285714285714286 0.0 20 39.56554479106127 0.0 0.0 
15.0 -3.5714285714285716 0.0 28 52.349364219574994 0.0 0.0 
15.0 -2.857142857142857 0.0 23 42.975605015501046 0.0 0.0 
15.0 -2.142857142857143 0.0 27 47.42807415844692 0.0 0.0 
15.0 -1.4285714285714286 0.0 16 27.09756537481267 0.0 0.0 
15.0 -0.7142857142857143 0.0 7 8.229669862479385 0.0 0.0 
15.0 -0.0 0.0 -1 -8.193586116740939 0.0 0.0 
15.0 0.0 0.0 0 -3.7895154579455426 0.0 0.0 
15.0 0.7142857142857143 0.0 9 12.860027158326682 0.0 0.0 
15.0 1.4285714285714286 0.0 15 19.053647903263492 0.0 0.0 
15.0 2.142857142857143 0.0 40 51.6864136984785 0.0 0.0 
15.0 2.857142857142857 0.0 32 45.767903478178425 0.0 0.0 
15.0 3.5714285714285716 0.0 6 22.295969927355102 0.0 0.0 
15.0 4.285714285714286 0.0 -13 -3.758476909614364 0.0 0.0 
15.0 5.0 0.0 -12 -2.51199335100163 0.0 0.0 
15.0 5.714285714285714 0.0 -32 -28.220115130359353 0.0 0.0 
15.0 6.428571428571429 0.0 -32 -30.327608438470175 0.0 0.0 
15.0 7.142857142857143 0.0 4 15.423612315458213 0.0 0.0 
15.0 7.857142857142858 0.0 -6 3.4998714401122166 0.0 0.0 
15.0 8.571428571428571 0.0 18 32.560594226095446 0.0 0.0 
15.0 9.285714285714286 0.0 25 34.67444328416233 0.0 0.0 
17.142857142857142 -9.285714285714286 0.0 -16 -17.88589875632999 0.0 0.0 
17.142857142857142 -8.571428571428571 0.0 -21 -25.110440302193176 0.0 0.0 
17.142857142857142 -7.857142857142858 0.0 -13 -9.825109870756933 0.0 0.0 
17.142857142857142 -7.142857142857143 0.0 -7 -5.458883352324591 0.0 0.0 
17.142857142857142 -6.428571428571429 0.0 2 8.321671901288617 0.0 0.0 
17.142857142857142 -5.714285714285714 0.0 16 27.226428954899458 0.0 0.0 
17.142857142857142 -5.0 0.0 25 40.16907683108833 0.0 0.0 
17.142857142857142 -4.285714285714286 0.0 31 50.96247291131246 0.0 0.0 
17.142857142857142 -3.5714285714285716 0.0 30 55.49461341261238 0.0 0.0 
17.142857142857142 -2.857142857142857 0.0 24 40.31081914311361 0.0 0.0 
17.142857142857142 -2.142857142857143 0.0 26 41.29804064219954 0.0 0.0 
17.142857142857142 -1.4285714285714286 0.0 23 30.129800398242118 0.0 0.0 
17.142857142857142 -0.7142857142857143 0.0 21 18.858138129155527 0.0 0.0 
17.142857142857142 -0.0 0.0 24 20.50836379232235 0.0 0.0 
17.142857142857142 0.0 0.0 13 10.372407231984006 0.0 0.0 
17.142857142857142 0.7142857142857143 0.0 22 28.532405540122426 0.0 0.0 
17.142857142857142 1.4285714285714286 0.0 6 11.235697900409551 0.0 0.0 
17.142857142857142 2.142857142857143 0.0 6 29.108037814125062 0.0 0.0 
17.142857142857142 2.857142857142857 0.0 0 10.3580281327793 0.0 0.0 
17.142857142857142 3.5714285714285716 0.0 -20 -14.1352227364486 0.0 0.0 
17.142857142857142 4.285714285714286 0.0 -16 -14.91716355137616 0.0 0.0 
17.142857142857142 5.0 0.0 -16 -17.609912305174266 0.0 0.0 
17.142857142857142 5.714285714285714 0.0 -8 -11.266095337242497 0.0 0.0 
17.142857142857142 6.428571428571429 0.0 -7 -11.892520764865997 0.0 0.0 
17.142857142857142 7.142857142857143 0.0 13 19.87695206668659 0.0 0.0 
17.142857142857142 7.857142857142858 0.0 -3 -0.6761090427215688 0.0 0.0 
17.142857142857142 8.571428571428571 0.0 -11 4.814920587705819 0.0 0.0 
17.142857142857142 9.285714285714286 0.0 16 16.783909141610565 0.0 0.0 
19.285714285714285 -9.285714285714286 0.0 -31 -54.16101766841202 0.0 0.0 
19.285714285714285 -8.571428571428571 0.0 -30 -71.33467681260078 0.0 0.0 
19.285714285714285 -7.857142857142858 0.0 -7 -23.490550966194107 0.0 0.0 
19.285714285714285 -7.142857142857143 0.0 11 -19.231724666429876 0.0 0.0 
19.285714285714285 -6.428571428571429 0.0 28 18.965224386327296 0.0 0.0 
19.285714285714285 -5.714285714285714 0.0 48 29.579835700395407 0.0 0.0 
19.285714285714285 -5.0 0.0 59 59.668178912161046 0.0 0.0 
19.285714285714285 -4.285714285714286 0.0 62 66.08934412309107 0.0 0.0 
19.285714285714285 -3.5714285714285716 0.0 58 72.36681644587756 0.0 0.0 
19.285714285714285 -2.857142857142857 0.0 36 45.17636843959693 0.0 0.0 
19.285714285714285 -2.142857142857143 0.0 16 24.347787127217583 0.0 0.0 
19.285714285714285 -1.4285714285714286 0.0 -2 -4.742855049609725 0.0 0.0 
19.285714285714285 -0.7142857142857143 0.0 -15 -27.210865979606535 0.0 0.0 
19.285714285714285 -0.0 0.0 -3 -17.032764833997142 0.0 0.0 
19.285714285714285 0.0 0.0 4 -8.229506814347232 0.0 0.0 
19.285714285714285 0.7142857142857143 0.0 24 19.33364527769705 0.0 0.0 
19.285714285714285 1.4285714285714286 0.0 18 18.420716927157507 0.0 0.0 
19.285714285714285 2.142857142857143 0.0 2 11.882451083313356 0.0 0.0 
19.285714285714285 2.857142857142857 0.0 -10 -5.274015124590048 0.0 0.0 
19.285714285714285 3.5714285714285716 0.0 -34 -38.512750308574034 0.0 0.0 
19.285714285714285 4.285714285714286 0.0 -18 -21.838695285565414 0.0 0.0 
19.285714285714285 5.0 0.0 -22 -33.33581646035278 0.0 0.0 
19.285714285714285 5.714285714285714 0.0 -4 -14.684808356463435 0.0 0.0 
19.285714285714285 6.428571428571429 0.0 8 -4.367465970517375 0.0 0.0 
19.285714285714285 7.142857142857143 0.0 15 9.175717153489073 0.0 0.0 
19.285714285714285 7.857142857142858 0.0 12 5.612095063483078 0.0 0.0 
19.285714285714285 8.571428571428571 0.0 -3 -6.57071238690168 0.0 0.0 
19.285714285714285 9.285714285714286 0.0 1 -3.3481814368744303 0.0 0.0 
21.428571428571427 -9.285714285714286 0.0 -2 -68.92271424843906 0.0 0.0 
21.428571428571427 -8.571428571428571 0.0 26 5.2087899920863165 0.0 0.0 
21.428571428571427 -7.857142857142858 0.0 43 15.584115833848713 0.0 0.0 
21.428571428571427 -7.142857142857143 0.0 52 48.230601743826185 0.0 0.0 
21.428571428571427 -6.428571428571429 0.0 51 49.388279194523754 0.0 0.0 
21.428571428571427 -5.714285714285714 0.0 47 64.65052275326434 0.0 0.0 
21.428571428571427 -5.0 0.0 31 50.103868117006215 0.0 0.0 
21.428571428571427 -4.285714285714286 0.0 18 41.062968551898564 0.0 0.0 
21.428571428571427 -3.5714285714285716 0.0 4 13.266001832840995 0.0 0.0 
21.428571428571427 -2.857142857142857 0.0 0 4.274528007990041 0.0 0.0 
21.428571428571427 -2.142857142857143 0.0 -4 -8.501039394055267 0.0 0.0 
21.428571428571427 -1.4285714285714286 0.0 2 -3.8169662734643133 0.0 0.0 
21.428571428571427 -0.7142857142857143 0.0 -1 -12.510663168747831 0.0 0.0 
21.428571428571427 -0.0 0.0 5 -3.7646632868229766 0.0 0.0 
21.428571428571427 0.0 0.0 7 1.492696888987048 0.0 0.0 
21.428571428571427 0.7142857142857143 0.0 4 1.0602805449579762 0.0 0.0 
21.428571428571427 1.4285714285714286 0.0 4 4.0433408897637655 0.0 0.0 
21.428571428571427 2.142857142857143 0.0 -9 -18.251855454996466 0.0 0.0 
21.428571428571427 2.857142857142857 0.0 -11 -21.49074111733689 0.0 0.0 
21.428571428571427 3.5714285714285716 0.0 -24 -49.441801065901544 0.0 0.0 
21.428571428571427 4.285714285714286 0.0 -9 -33.818246861720816 0.0 0.0 
21.428571428571427 5.0 0.0 -14 -41.66113136685131 0.0 0.0 
21.428571428571427 5.714285714285714 0.0 -7 -34.26815609453526 0.0 0.0 
21.428571428571427 6.428571428571429 0.0 5 -14.750348188317368 0.0 0.0 
21.428571428571427 7.142857142857143 0.0 0 -20.81066809507272 0.0 0.0 
21.428571428571427 7.857142857142858 0.0 8 -7.849633193413622 0.0 0.0 
21.428571428571427 8.571428571428571 0.0 6 -14.2047679474001 0.0 0.0 
21.428571428571427 9.285714285714286 0.0 -2 -30.44912843495545 0.0 0.0 
23.57142857142857 -9.285714285714286 0.0 33 29.238463517668333 0.0 0.0 
23.57142857142857 -8.571428571428571 0.0 26 64.34543420924466 0.0 0.0 
23.57142857142857 -7.857142857142858 0.0 23 44.31455242317295 0.0 0.0 
23.57142857142857 -7.142857142857143 0.0 12 57.86328490333203 0.0 0.0 
23.57142857142857 -6.428571428571429 0.0 6 25.17208662144875 0.0 0.0 
23.57142857142857 -5.714285714285714 0.0 3 36.773809289067444 0.0 0.0 
23.57142857142857 -5.0 0.0 3 14.307388985298104 0.0 0.0 
23.57142857142857 -4.285714285714286 0.0 13 41.39281936888695 0.0 0.0 
23.57142857142857 -3.5714285714285716 0.0 10 24.556568612234386 0.0 0.0 
23.57142857142857 -2.857142857142857 0.0 17 40.382653992026675 0.0 0.0 
23.57142857142857 -2.142857142857143 0.0 13 12.947476192453315 0.0 0.0 
23.57142857142857 -1.4285714285714286 0.0 16 17.192687115555426 0.0 0.0 
23.57142857142857 -0.7142857142857143 0.0 17 2.694571778386994 0.0 0.0 
23.57142857142857 -0.0 0.0 17 9.89794002090418 0.0 0.0 
23.57142857142857 0.0 0.0 21 13.099456636024577 0.0 0.0 
23.57142857142857 0.7142857142857143 0.0 1 -0.6281325910928715 0.0 0.0 
23.57142857142857 1.4285714285714286 0.0 -7 -13.249502927796293 0.0 0.0 
23.57142857142857 2.142857142857143 0.0 -22 -39.31828406332596 0.0 0.0 
23.57142857142857 2.857142857142857 0.0 -22 -46.28915807094734 0.0 0.0 
23.57142857142857 3.5714285714285716 0.0 -15 -45.81538659709591 0.0 0.0 
23.57142857142857 4.285714285714286 0.0 -3 -32.400582638876244 0.0 0.0 
23.57142857142857 5.0 0.0 7 -13.488529459145337 0.0 0.0 
23.57142857142857 5.714285714285714 0.0 2 -18.614704415663752 0.0 0.0 
23.57142857142857 6.428571428571429 0.0 9 3.257052842330758 0.0 0.0 
23.57142857142857 7.142857142857143 0.0 -5 -19.055351325776073 0.0 0.0 
23.57142857142857 7.857142857142858 0.0 -4 -13.357488175973993 0.0 0.0 
23.57142857142857 8.571428571428571 0.0 -2 -20.485682332067675 0.0 0.0 
23.57142857142857 9.285714285714286 0.0 -11 -34.85129646120669 0.0 0.0 
25.714285714285715 -9.285714285714286 0.0 -6 9.281249442285308 0.0 0.0 
25.714285714285715 -8.571428571428571 0.0 -7 -36.38645882338343 0.0 0.0 
25.714285714285715 -7.857142857142858 0.0 7 -4.793317679819735 0.0 0.0 
25.714285714285715 -7.142857142857143 0.0 19 -25.994233880364334 0.0 0.0 
25.714285714285715 -6.428571428571429 0.0 40 20.8879896085529 0.0 0.0 
25.714285714285715 -5.714285714285714 0.0 54 27.39288397547793 0.0 0.0 
25.714285714285715 -5.0 0.0 55 48.9262034821042 0.0 0.0 
25.714285714285715 -4.285714285714286 0.0 43 22.098894418336414 0.0 0.0 
25.714285714285715 -3.5714285714285716 0.0 24 3.2536488348182644 0.0 0.0 
25.714285714285715 -2.857142857142857 0.0 10 -27.061242275745414 0.0 0.0 
25.714285714285715 -2.142857142857143 0.0 6 -22.752030913037643 0.0 0.0 
25.714285714285715 -1.4285714285714286 0.0 4 -33.68544800372854 0.0 0.0 
25.714285714285715 -0.7142857142857143 0.0 10 -18.26674675860608 0.0 0.0 
25.714285714285715 -0.0 0.0 0 -36.40940324287668 0.0 0.0 
25.714285714285715 0.0 0.0 -5 -33.00955211430928 0.0 0.0 
25.714285714285715 0.7142857142857143 0.0 -23 -62.86934698874208 0.0 0.0 
25.714285714285715 1.4285714285714286 0.0 -28 -69.34295080960943 0.0 0.0 
25.714285714285715 2.142857142857143 0.0 -29 -72.13452105042562 0.0 0.0 
25.714285714285715 2.857142857142857 0.0 -25 -66.9250572284966 0.0 0.0 
25.714285714285715 3.5714285714285716 0.0 -10 -46.52017303581212 0.0 0.0 
25.714285714285715 4.285714285714286 0.0 -10 -44.08669145511237 0.0 0.0 
25.714285714285715 5.0 0.0 1 -21.417055410431097 0.0 0.0 
25.714285714285715 5.714285714285714 0.0 -1 -29.645365413005813 0.0 0.0 
25.714285714285715 6.428571428571429 0.0 1 -14.431698555947213 0.0 0.0 
25.714285714285715 7.142857142857143 0.0 -3 -23.859094720338156 0.0 0.0 
25.714285714285715 7.857142857142858 0.0 -5 -24.975221048126254 0.0 0.0 
25.714285714285715 8.571428571428571 0.0 -3 -19.051431682724353 0.0 0.0 
25.714285714285715 9.285714285714286 0.0 -14 -43.830860148237704 0.0 0.0 
27.857142857142858 -9.285714285714286 0.0 15 -16.409743049898957 0.0 0.0 
27.857142857142858 -8.571428571428571 0.0 43 11.826325832961018 0.0 0.0 
27.857142857142858 -7.857142857142858 0.0 53 23.604501299399132 0.0 0.0 
27.857142857142858 -7.142857142857143 0.0 56 33.73346665084681 0.0 0.0 
27.857142857142858 -6.428571428571429 0.0 47 27.933844873677117 0.0 0.0 
27.857142857142858 -5.714285714285714 0.0 34 9.308600696666076 0.0 0.0 
27.857142857142858 -5.0 0.0 18 -10.448156305999234 0.0 0.0 
27.857142857142858 -4.285714285714286 0.0 10 -22.5906027020866 0.0 0.0 
27.857142857142858 -3.5714285714285716 0.0 3 -21.390452769938975 0.0 0.0 
27.857142857142858 -2.857142857142857 0.0 -6 -24.49151580637046 0.0 0.0 
27.857142857142858 -2.142857142857143 0.0 -13 -23.43353883436251 0.0 0.0 
27.857142857142858 -1.4285714285714286 0.0 -24 -37.65487181197782 0.0 0.0 
27.857142857142858 -0.7142857142857143 0.0 -27 -42.04841818204543 0.0 0.0 
27.857142857142858 -0.0 0.0 -27 -47.966918271061076 0.0 0.0 
27.857142857142858 0.0 0.0 -22 -46.456125861022 0.0 0.0 
27.857142857142858 0.7142857142857143 0.0 -17 -37.85604812485685 0.0 0.0 
27.857142857142858 1.4285714285714286 0.0 -18 -37.90443112970847 0.0 0.0 
27.857142857142858 2.142857142857143 0.0 -13 -24.19257855600681 0.0 0.0 
27.857142857142858 2.857142857142857 0.0 -13 -26.926645231596716 0.0 0.0 
27.857142857142858 3.5714285714285716 0.0 -7 -12.025750222644806 0.0 0.0 
27.857142857142858 4.285714285714286 0.0 -9 -9.398267863700712 0.0 0.0 
27.857142857142858 5.0 0.0 -3 -1.2111094521533872 0.0 0.0 
27.857142857142858 5.714285714285714 0.0 0 7.021385076675846 0.0 0.0 
27.857142857142858 6.428571428571429 0.0 0 2.9876516712272627 0.0 0.0 
27.857142857142858 7.142857142857143 0.0 5 12.010565466274652 0.0 0.0 
27.857142857142858 7.857142857142858 0.0 0 2.5239671886140638 0.0 0.0 
27.857142857142858 8.571428571428571 0.0 4 14.630685138513165 0.0 0.0 
27.857142857142858 9.285714285714286 0.0 -7 -9.619204715106882 0.0 0.0 
