-27.857142857142858 -9.285714285714286 0.0 0 0.5755182753423 0.0 0.0 
-27.857142857142858 -8.571428571428571 0.0 0 1.1784272825134636 0.0 0.0 
-27.857142857142858 -7.857142857142858 0.0 0 1.7963610039119895 0.0 0.0 
-27.857142857142858 -7.142857142857143 0.0 1 2.371333657620119 0.0 0.0 
-27.857142857142858 -6.428571428571429 0.0 1 2.9003398000522553 0.0 0.0 
-27.857142857142858 -5.714285714285714 0.0 2 3.3885530907570365 0.0 0.0 
-27.857142857142858 -5.0 0.0 2 3.8085796231884377 0.0 0.0 
-27.857142857142858 -4.285714285714286 0.0 2 4.183226365705275 0.0 0.0 
-27.857142857142858 -3.5714285714285716 0.0 2 4.478873870512435 0.0 0.0 
-27.857142857142858 -2.857142857142857 0.0 3 4.720702048646327 0.0 0.0 
-27.857142857142858 -2.142857142857143 0.0 3 4.877429779416225 0.0 0.0 
-27.857142857142858 -1.4285714285714286 0.0 3 4.971498413460305 0.0 0.0 
-27.857142857142858 -0.7142857142857143 0.0 3 4.9774428926522205 0.0 0.0 
-27.857142857142858 -0.0 0.0 3 4.913765637838697 0.0 0.0 
-27.857142857142858 0.0 0.0 3 4.76313209279132 0.0 0.0 
-27.857142857142858 0.7142857142857143 0.0 3 4.543296086456486 0.0 0.0 
-27.857142857142858 1.4285714285714286 0.0 3 4.2470883757461015 0.0 0.0 
-27.857142857142858 2.142857142857143 0.0 3 3.894621010500219 0.0 0.0 
-27.857142857142858 2.857142857142857 0.0 3 3.48887138124232 0.0 0.0 
-27.857142857142858 3.5714285714285716 0.0 2 3.0522073006478134 0.0 0.0 
-27.857142857142858 4.285714285714286 0.0 2 2.5938612048461183 0.0 0.0 
-27.857142857142858 5.0 0.0 2 2.1336909931984493 0.0 0.0 
-27.857142857142858 5.714285714285714 0.0 1 1.67980431824474 0.0 0.0 
-27.857142857142858 6.428571428571429 0.0 1 1.2445096728003548 0.0 0.0 
-27.857142857142858 7.142857142857143 0.0 1 0.8251827683003434 0.0 0.0 
-27.857142857142858 7.857142857142858 0.0 1 0.4086860114972295 0.0 0.0 
-27.857142857142858 8.571428571428571 0.0 0 -0.11658529740163082 0.0 0.0 
-27.857142857142858 9.285714285714286 0.0 0 -1.0319211904774435 0.0 0.0 
-25.714285714285715 -9.285714285714286 0.0 0 0.6234974450235644 0.0 0.0 
-25.714285714285715 -8.571428571428571 0.0 0 1.155259970460921 0.0 0.0 
-25.714285714285715 -7.857142857142858 0.0 0 1.8826366734490847 0.0 0.0 
-25.714285714285715 -7.142857142857143 0.0 1 2.3396745810071264 0.0 0.0 
-25.714285714285715 -6.428571428571429 0.0 1 2.896425860383064 0.0 0.0 
-25.714285714285715 -5.714285714285714 0.0 1 3.2472110993916985 0.0 0.0 
-25.714285714285715 -5.0 0.0 2 3.6428421341654573 0.0 0.0 
-25.714285714285715 -4.285714285714286 0.0 2 3.8769035272619994 0.0 0.0 
-25.714285714285715 -3.5714285714285716 0.0 2 4.115758882638965 0.0 0.0 
-25.714285714285715 -2.857142857142857 0.0 2 4.223058021529279 0.0 0.0 
-25.714285714285715 -2.142857142857143 0.0 2 4.307369560123499 0.0 0.0 
-25.714285714285715 -1.4285714285714286 0.0 3 4.279528591401008 0.0 0.0 
-25.714285714285715 -0.7142857142857143 0.0 3 4.208813053010226 0.0 0.0 
-25.714285714285715 -0.0 0.0 3 4.039052398560619 0.0 0.0 
-25.714285714285715 0.0 0.0 3 3.816074484788855 0.0 0.0 
-25.714285714285715 0.7142857142857143 0.0 3 3.5075246412514045 0.0 0.0 
-25.714285714285715 1.4285714285714286 0.0 2 3.1482198617885158 0.0 0.0 
-25.714285714285715 2.142857142857143 0.0 2 2.7266990133512046 0.0 0.0 
-25.714285714285715 2.857142857142857 0.0 2 2.2738021611118753 0.0 0.0 
-25.714285714285715 3.5714285714285716 0.0 2 1.7930773915906595 0.0 0.0 
-25.714285714285715 4.285714285714286 0.0 2 1.3126196655842521 0.0 0.0 
-25.714285714285715 5.0 0.0 1 0.8416314839569361 0.0 0.0 
-25.714285714285715 5.714285714285714 0.0 1 0.40158635259853237 0.0 0.0 
-25.714285714285715 6.428571428571429 0.0 1 -0.0012839843180572075 0.0 0.0 
-25.714285714285715 7.142857142857143 0.0 1 -0.35090259337951135 0.0 0.0 
-25.714285714285715 7.857142857142858 0.0 0 -0.6290851769456551 0.0 0.0 
-25.714285714285715 8.571428571428571 0.0 0 -1.10780711162493 0.0 0.0 
-25.714285714285715 9.285714285714286 0.0 0 -2.889758106600707 0.0 0.0 
-23.57142857142857 -9.285714285714286 0.0 0 0.8587398134419675 0.0 0.0 
-23.57142857142857 -8.571428571428571 0.0 0 1.361723255596233 0.0 0.0 
-23.57142857142857 -7.857142857142858 0.0 0 2.347456996209423 0.0 0.0 
-23.57142857142857 -7.142857142857143 0.0 1 2.7549495605083294 0.0 0.0 
-23.57142857142857 -6.428571428571429 0.0 1 3.477560581804074 0.0 0.0 
-23.57142857142857 -5.714285714285714 0.0 2 3.771722069068911 0.0 0.0 
-23.57142857142857 -5.0 0.0 2 4.27166185806766 0.0 0.0 
-23.57142857142857 -4.285714285714286 0.0 2 4.446872879310251 0.0 0.0 
-23.57142857142857 -3.5714285714285716 0.0 3 4.746406738844177 0.0 0.0 
-23.57142857142857 -2.857142857142857 0.0 3 4.7925592137841875 0.0 0.0 
-23.57142857142857 -2.142857142857143 0.0 3 4.903689260016167 0.0 0.0 
-23.57142857142857 -1.4285714285714286 0.0 3 4.811334593556439 0.0 0.0 
-23.57142857142857 -0.7142857142857143 0.0 3 4.739122656246144 0.0 0.0 
-23.57142857142857 -0.0 0.0 3 4.496505521953405 0.0 0.0 
-23.57142857142857 0.0 0.0 3 4.241618576644954 0.0 0.0 
-23.57142857142857 0.7142857142857143 0.0 3 3.843464758488711 0.0 0.0 
-23.57142857142857 1.4285714285714286 0.0 3 3.42044049511603 0.0 0.0 
-23.57142857142857 2.142857142857143 0.0 3 2.890320493795136 0.0 0.0 
-23.57142857142857 2.857142857142857 0.0 2 2.3496498142733535 0.0 0.0 
-23.57142857142857 3.5714285714285716 0.0 2 1.7555254113406966 0.0 0.0 
-23.57142857142857 4.285714285714286 0.0 2 1.187218608879902 0.0 0.0 
-23.57142857142857 5.0 0.0 1 0.6224550781235425 0.0 0.0 
-23.57142857142857 5.714285714285714 0.0 1 0.1177513699030226 0.0 0.0 
-23.57142857142857 6.428571428571429 0.0 1 -0.354418106696202 0.0 0.0 
-23.57142857142857 7.142857142857143 0.0 0 -0.7699696148611703 0.0 0.0 
-23.57142857142857 7.857142857142858 0.0 0 -1.044163218811529 0.0 0.0 
-23.57142857142857 8.571428571428571 0.0 0 -1.3360043461194757 0.0 0.0 
-23.57142857142857 9.285714285714286 0.0 0 -3.986023245985554 0.0 0.0 
-21.428571428571427 -9.285714285714286 0.0 0 0.9961852771879276 0.0 0.0 
-21.428571428571427 -8.571428571428571 0.0 0 1.4742569732833362 0.0 0.0 
-21.428571428571427 -7.857142857142858 0.0 0 2.679067046297579 0.0 0.0 
-21.428571428571427 -7.142857142857143 0.0 1 3.0276096652567492 0.0 0.0 
-21.428571428571427 -6.428571428571429 0.0 1 3.8870322070304937 0.0 0.0 
-21.428571428571427 -5.714285714285714 0.0 2 4.115746405933651 0.0 0.0 
-21.428571428571427 -5.0 0.0 2 4.70255202040154 0.0 0.0 
-21.428571428571427 -4.285714285714286 0.0 3 4.816332101939517 0.0 0.0 
-21.428571428571427 -3.5714285714285716 0.0 3 5.16940959934189 0.0 0.0 
-21.428571428571427 -2.857142857142857 0.0 3 5.16151327190194 0.0 0.0 
-21.428571428571427 -2.142857142857143 0.0 3 5.305721193993082 0.0 0.0 
-21.428571428571427 -1.4285714285714286 0.0 4 5.16531872362896 0.0 0.0 
-21.428571428571427 -0.7142857142857143 0.0 4 5.106969241743952 0.0 0.0 
-21.428571428571427 -0.0 0.0 4 4.812881549915074 0.0 0.0 
-21.428571428571427 0.0 0.0 4 4.5456552277739055 0.0 0.0 
-21.428571428571427 0.7142857142857143 0.0 3 4.078043194534054 0.0 0.0 
-21.428571428571427 1.4285714285714286 0.0 3 3.607580568551199 0.0 0.0 
-21.428571428571427 2.142857142857143 0.0 3 2.98374418666575 0.0 0.0 
-21.428571428571427 2.857142857142857 0.0 3 2.366797077074547 0.0 0.0 
-21.428571428571427 3.5714285714285716 0.0 2 1.667807627649347 0.0 0.0 
-21.428571428571427 4.285714285714286 0.0 2 1.019043899137082 0.0 0.0 
-21.428571428571427 5.0 0.0 1 0.3677757171446707 0.0 0.0 
-21.428571428571427 5.714285714285714 0.0 1 -0.1866796274555429 0.0 0.0 
-21.428571428571427 6.428571428571429 0.0 1 -0.6902605486533571 0.0 0.0 
-21.428571428571427 7.142857142857143 0.0 0 -1.1218714568476225 0.0 0.0 
-21.428571428571427 7.857142857142858 0.0 0 -1.4047082127589787 0.0 0.0 
-21.428571428571427 8.571428571428571 0.0 0 -1.437939745256886 0.0 0.0 
-21.428571428571427 9.285714285714286 0.0 0 -4.6484627647429715 0.0 0.0 
-19.285714285714285 -9.285714285714286 0.0 0 1.0379232420183788 0.0 0.0 
-19.285714285714285 -8.571428571428571 0.0 0 1.5588027858326519 0.0 0.0 
-19.285714285714285 -7.857142857142858 0.0 1 2.9189641250827756 0.0 0.0 
-19.285714285714285 -7.142857142857143 0.0 1 3.26522322940107 0.0 0.0 
-19.285714285714285 -6.428571428571429 0.0 2 4.227819211726784 0.0 0.0 
-19.285714285714285 -5.714285714285714 0.0 2 4.440602082569555 0.0 0.0 
-19.285714285714285 -5.0 0.0 3 5.0979778347565 0.0 0.0 
-19.285714285714285 -4.285714285714286 0.0 3 5.192141113483857 0.0 0.0 
-19.285714285714285 -3.5714285714285716 0.0 3 5.594710764396873 0.0 0.0 
-19.285714285714285 -2.857142857142857 0.0 4 5.568753722964022 0.0 0.0 
-19.285714285714285 -2.142857142857143 0.0 4 5.748118226971722 0.0 0.0 
-19.285714285714285 -1.4285714285714286 0.0 4 5.590844895979822 0.0 0.0 
-19.285714285714285 -0.7142857142857143 0.0 4 5.553517858059167 0.0 0.0 
-19.285714285714285 -0.0 0.0 4 5.2328593543702535 0.0 0.0 
-19.285714285714285 0.0 0.0 4 4.955854129212862 0.0 0.0 
-19.285714285714285 0.7142857142857143 0.0 4 4.428581957746901 0.0 0.0 
-19.285714285714285 1.4285714285714286 0.0 4 3.897370012040434 0.0 0.0 
-19.285714285714285 2.142857142857143 0.0 3 3.166830502302828 0.0 0.0 
-19.285714285714285 2.857142857142857 0.0 3 2.4438361022534796 0.0 0.0 
-19.285714285714285 3.5714285714285716 0.0 2 1.6150261908885404 0.0 0.0 
-19.285714285714285 4.285714285714286 0.0 2 0.8559836086483883 0.0 0.0 
-19.285714285714285 5.0 0.0 1 0.09976594760762669 0.0 0.0 
-19.285714285714285 5.714285714285714 0.0 1 -0.5214398164595493 0.0 0.0 
-19.285714285714285 6.428571428571429 0.0 1 -1.0583781795421638 0.0 0.0 
-19.285714285714285 7.142857142857143 0.0 0 -1.4869646452841445 0.0 0.0 
-19.285714285714285 7.857142857142858 0.0 0 -1.8038622399147208 0.0 0.0 
-19.285714285714285 8.571428571428571 0.0 0 -1.6471543835627713 0.0 0.0 
-19.285714285714285 9.285714285714286 0.0 0 -5.18271084357143 0.0 0.0 
-17.142857142857142 -9.285714285714286 0.0 0 0.9911269413589183 0.0 0.0 
-17.142857142857142 -8.571428571428571 0.0 0 1.6506776171386845 0.0 0.0 
-17.142857142857142 -7.857142857142858 0.0 1 3.0755767958404174 0.0 0.0 
-17.142857142857142 -7.142857142857143 0.0 2 3.5042402995986675 0.0 0.0 
-17.142857142857142 -6.428571428571429 0.0 2 4.515483694453261 0.0 0.0 
-17.142857142857142 -5.714285714285714 0.0 3 4.779682769553708 0.0 0.0 
-17.142857142857142 -5.0 0.0 3 5.4719065931221635 0.0 0.0 
-17.142857142857142 -4.285714285714286 0.0 4 5.5961371168856315 0.0 0.0 
-17.142857142857142 -3.5714285714285716 0.0 4 6.0242659589316325 0.0 0.0 
-17.142857142857142 -2.857142857142857 0.0 4 6.0170196986680775 0.0 0.0 
-17.142857142857142 -2.142857142857143 0.0 5 6.219220043240225 0.0 0.0 
-17.142857142857142 -1.4285714285714286 0.0 5 6.076272623970799 0.0 0.0 
-17.142857142857142 -0.7142857142857143 0.0 5 6.054926618327654 0.0 0.0 
-17.142857142857142 -0.0 0.0 5 5.731828229326929 0.0 0.0 
-17.142857142857142 0.0 0.0 5 5.438528787976734 0.0 0.0 
-17.142857142857142 0.7142857142857143 0.0 5 4.857806691384461 0.0 0.0 
-17.142857142857142 1.4285714285714286 0.0 4 4.2430650842626925 0.0 0.0 
-17.142857142857142 2.142857142857143 0.0 4 3.38688071277421 0.0 0.0 
-17.142857142857142 2.857142857142857 0.0 3 2.5151421815100754 0.0 0.0 
-17.142857142857142 3.5714285714285716 0.0 3 1.5212412936558097 0.0 0.0 
-17.142857142857142 4.285714285714286 0.0 2 0.609838212389997 0.0 0.0 
-17.142857142857142 5.0 0.0 1 -0.2756548769365281 0.0 0.0 
-17.142857142857142 5.714285714285714 0.0 1 -0.9848155552769235 0.0 0.0 
-17.142857142857142 6.428571428571429 0.0 1 -1.5630781044692754 0.0 0.0 
-17.142857142857142 7.142857142857143 0.0 0 -1.970366088837038 0.0 0.0 
-17.142857142857142 7.857142857142858 0.0 0 -2.282656344203096 0.0 0.0 
-17.142857142857142 8.571428571428571 0.0 0 -1.961040030500891 0.0 0.0 
-17.142857142857142 9.285714285714286 0.0 -1 -5.756239684505632 0.0 0.0 
-15.0 -9.285714285714286 0.0 0 0.9276042078720029 0.0 0.0 
-15.0 -8.571428571428571 0.0 0 1.816386157061575 0.0 0.0 
-15.0 -7.857142857142858 0.0 1 3.2400872041292756 0.0 0.0 
-15.0 -7.142857142857143 0.0 2 3.8289574542617646 0.0 0.0 
-15.0 -6.428571428571429 0.0 3 4.845345771446068 0.0 0.0 
-15.0 -5.714285714285714 0.0 3 5.216409487745244 0.0 0.0 
-15.0 -5.0 0.0 4 5.9084055860586 0.0 0.0 
-15.0 -4.285714285714286 0.0 4 6.098564574605314 0.0 0.0 
-15.0 -3.5714285714285716 0.0 5 6.523061914201158 0.0 0.0 
-15.0 -2.857142857142857 0.0 5 6.5595354404892525 0.0 0.0 
-15.0 -2.142857142857143 0.0 5 6.763844690811655 0.0 0.0 
-15.0 -1.4285714285714286 0.0 5 6.658692059883435 0.0 0.0 
-15.0 1.4285714285714286 0.0 5 15.085115929359088 0.0 0.0 
-15.0 2.142857142857143 0.0 4 16.076372051288416 0.0 0.0 
-15.0 2.857142857142857 0.0 4 11.817084870678425 0.0 0.0 
-15.0 3.5714285714285716 0.0 3 12.17496659432696 0.0 0.0 
-15.0 4.285714285714286 0.0 2 8.904964187287064 0.0 0.0 
-15.0 5.0 0.0 1 9.016437086666617 0.0 0.0 
-15.0 5.714285714285714 0.0 1 6.773718760539365 0.0 0.0 
-15.0 6.428571428571429 0.0 0 7.112562745639321 0.0 0.0 
-15.0 7.142857142857143 0.0 0 6.020964851833916 0.0 0.0 
-15.0 7.857142857142858 0.0 0 6.996009928300022 0.0 0.0 
-15.0 8.571428571428571 0.0 0 8.2321233155789 0.0 0.0 
-15.0 9.285714285714286 0.0 -1 8.632932958966054 0.0 0.0 
-12.857142857142858 -9.285714285714286 0.0 0 2.076443459882506 0.0 0.0 
-12.857142857142858 -8.571428571428571 0.0 1 3.242661848261685 0.0 0.0 
-12.857142857142858 -7.857142857142858 0.0 2 5.42285625003356 0.0 0.0 
-12.857142857142858 -7.142857142857143 0.0 3 6.376452018692468 0.0 0.0 
-12.857142857142858 -6.428571428571429 0.0 3 8.147806397793854 0.0 0.0 
-12.857142857142858 -5.714285714285714 0.0 4 9.055681821575032 0.0 0.0 
-12.857142857142858 -5.0 0.0 4 10.633637659496827 0.0 0.0 
-12.857142857142858 -4.285714285714286 0.0 5 11.645159434107192 0.0 0.0 
-12.857142857142858 -3.5714285714285716 0.0 5 13.20104287842766 0.0 0.0 
-12.857142857142858 -2.857142857142857 0.0 4 14.120501161383691 0.0 0.0 
-12.857142857142858 -2.142857142857143 0.0 3 13.674622357979613 0.0 0.0 
-12.857142857142858 2.142857142857143 0.0 6 18.301779891881246 0.0 0.0 
-12.857142857142858 2.857142857142857 0.0 5 22.173625447821827 0.0 0.0 
-12.857142857142858 3.5714285714285716 0.0 4 14.799330871042548 0.0 0.0 
-12.857142857142858 4.285714285714286 0.0 3 17.181625731612723 0.0 0.0 
-12.857142857142858 5.0 0.0 2 11.93914556687074 0.0 0.0 
-12.857142857142858 5.714285714285714 0.0 1 13.69230689983727 0.0 0.0 
-12.857142857142858 6.428571428571429 0.0 0 10.23369152780145 0.0 0.0 
-12.857142857142858 7.142857142857143 0.0 0 11.595070252474411 0.0 0.0 
-12.857142857142858 7.857142857142858 0.0 -1 9.062052751261664 0.0 0.0 
-12.857142857142858 8.571428571428571 0.0 0 11.472251443198742 0.0 0.0 
-12.857142857142858 9.285714285714286 0.0 2 20.979040506457338 0.0 0.0 
-10.714285714285714 -9.285714285714286 0.0 0 5.735247666816025 0.0 0.0 
-10.714285714285714 -8.571428571428571 0.0 0 6.140074349166109 0.0 0.0 
-10.714285714285714 -7.857142857142858 0.0 1 10.610289341443467 0.0 0.0 
-10.714285714285714 -7.142857142857143 0.0 2 10.989093152868753 0.0 0.0 
-10.714285714285714 -6.428571428571429 0.0 2 14.264577452510323 0.0 0.0 
-10.714285714285714 -5.714285714285714 0.0 2 14.542837517197244 0.0 0.0 
-10.714285714285714 -5.0 0.0 2 16.735543393269083 0.0 0.0 
-10.714285714285714 -4.285714285714286 0.0 2 16.46334507855939 0.0 0.0 
-10.714285714285714 -3.5714285714285716 0.0 1 16.93746582723121 0.0 0.0 
-10.714285714285714 -2.857142857142857 0.0 0 14.114527101783523 0.0 0.0 
-10.714285714285714 -2.142857142857143 0.0 -5 4.550177717293762 0.0 0.0 
-10.714285714285714 2.142857142857143 0.0 7 20.961617566529164 0.0 0.0 
-10.714285714285714 2.857142857142857 0.0 6 24.18643027257484 0.0 0.0 
-10.714285714285714 3.5714285714285716 0.0 5 16.65190685493639 0.0 0.0 
-10.714285714285714 4.285714285714286 0.0 3 18.328486665001158 0.0 0.0 
-10.714285714285714 5.0 0.0 1 12.794602893371662 0.0 0.0 
-10.714285714285714 5.714285714285714 0.0 0 14.121586896450658 0.0 0.0 
-10.714285714285714 6.428571428571429 0.0 0 10.63428222294397 0.0 0.0 
-10.714285714285714 7.142857142857143 0.0 -1 12.230179016074635 0.0 0.0 
-10.714285714285714 7.857142857142858 0.0 -1 9.987416710800005 0.0 0.0 
-10.714285714285714 8.571428571428571 0.0 -2 10.218394004710873 0.0 0.0 
-10.714285714285714 9.285714285714286 0.0 4 26.813695397035215 0.0 0.0 
-8.571428571428571 -9.285714285714286 0.0 -2 9.582256459965173 0.0 0.0 
-8.571428571428571 -8.571428571428571 0.0 -1 7.503202772098045 0.0 0.0 
-8.571428571428571 -7.857142857142858 0.0 0 14.93723798595943 0.0 0.0 
-8.571428571428571 -7.142857142857143 0.0 0 13.030809839361376 0.0 0.0 
-8.571428571428571 -6.428571428571429 0.0 0 17.744942836448892 0.0 0.0 
-8.571428571428571 -5.714285714285714 0.0 1 15.69666534502726 0.0 0.0 
-8.571428571428571 -5.0 0.0 1 18.260658463219553 0.0 0.0 
-8.571428571428571 -4.285714285714286 0.0 1 16.027558759156253 0.0 0.0 
-8.571428571428571 -3.5714285714285716 0.0 1 17.492577225436275 0.0 0.0 
-8.571428571428571 -2.857142857142857 0.0 1 16.974061133094384 0.0 0.0 
-8.571428571428571 -2.142857142857143 0.0 -3 5.181173244598153 0.0 0.0 
-8.571428571428571 2.142857142857143 0.0 8 24.60046710155705 0.0 0.0 
-8.571428571428571 2.857142857142857 0.0 6 28.16302524222135 0.0 0.0 
-8.571428571428571 3.5714285714285716 0.0 5 18.932126246983074 0.0 0.0 
-8.571428571428571 4.285714285714286 0.0 2 20.27442674241506 0.0 0.0 
-8.571428571428571 5.0 0.0 1 13.84079652205186 0.0 0.0 
-8.571428571428571 5.714285714285714 0.0 0 15.246649156717723 0.0 0.0 
-8.571428571428571 6.428571428571429 0.0 -1 11.408168747341989 0.0 0.0 
-8.571428571428571 7.142857142857143 0.0 -1 13.50499222884045 0.0 0.0 
-8.571428571428571 7.857142857142858 0.0 -1 12.097778593867112 0.0 0.0 
-8.571428571428571 8.571428571428571 0.0 -2 11.559141713013549 0.0 0.0 
-8.571428571428571 9.285714285714286 0.0 5 31.895100149110725 0.0 0.0 
-6.428571428571429 -9.285714285714286 0.0 -5 11.233601110368792 0.0 0.0 
-6.428571428571429 -8.571428571428571 0.0 -3 6.780395979670811 0.0 0.0 
-6.428571428571429 -7.857142857142858 0.0 -2 16.845996123480784 0.0 0.0 
-6.428571428571429 -7.142857142857143 0.0 0 13.008005251794652 0.0 0.0 
-6.428571428571429 -6.428571428571429 0.0 0 19.537467890434158 0.0 0.0 
-6.428571428571429 -5.714285714285714 0.0 1 16.290561550598852 0.0 0.0 
-6.428571428571429 -5.0 0.0 2 20.54519061731326 0.0 0.0 
-6.428571428571429 -4.285714285714286 0.0 2 17.753833608850552 0.0 0.0 
-6.428571428571429 -3.5714285714285716 0.0 1 20.70219199394642 0.0 0.0 
-6.428571428571429 -2.857142857142857 0.0 2 19.9640185669229 0.0 0.0 
-6.428571428571429 -2.142857142857143 0.0 -4 5.719657817373226 0.0 0.0 
-6.428571428571429 2.142857142857143 0.0 10 28.890656697501345 0.0 0.0 
-6.428571428571429 2.857142857142857 0.0 7 32.60703407340341 0.0 0.0 
-6.428571428571429 3.5714285714285716 0.0 6 20.85513204815735 0.0 0.0 
-6.428571428571429 4.285714285714286 0.0 2 22.404071770012337 0.0 0.0 
-6.428571428571429 5.0 0.0 0 14.396817049082516 0.0 0.0 
-6.428571428571429 5.714285714285714 0.0 -1 16.387343563373488 0.0 0.0 
-6.428571428571429 6.428571428571429 0.0 -2 11.865616391117408 0.0 0.0 
-6.428571428571429 7.142857142857143 0.0 -3 14.54517843588795 0.0 0.0 
-6.428571428571429 7.857142857142858 0.0 -2 13.261002314240596 0.0 0.0 
-6.428571428571429 8.571428571428571 0.0 -3 12.876800468931886 0.0 0.0 
-6.428571428571429 9.285714285714286 0.0 6 37.42238693001638 0.0 0.0 
-4.285714285714286 -9.285714285714286 0.0 -7 11.97049957693764 0.0 0.0 
-4.285714285714286 -8.571428571428571 0.0 -3 6.8432717941756 0.0 0.0 
-4.285714285714286 -7.857142857142858 0.0 -1 18.9118847717009 0.0 0.0 
-4.285714285714286 -7.142857142857143 0.0 0 14.457063702020307 0.0 0.0 
-4.285714285714286 -6.428571428571429 0.0 1 22.366121003024578 0.0 0.0 
-4.285714285714286 -5.714285714285714 0.0 2 18.535107588306218 0.0 0.0 
-4.285714285714286 -5.0 0.0 2 23.621269715352394 0.0 0.0 
-4.285714285714286 -4.285714285714286 0.0 2 20.830774468999962 0.0 0.0 
-4.285714285714286 -3.5714285714285716 0.0 2 23.31143985870174 0.0 0.0 
-4.285714285714286 -2.857142857142857 0.0 2 22.110744336010463 0.0 0.0 
-4.285714285714286 -2.142857142857143 0.0 -5 6.786444922516883 0.0 0.0 
-4.285714285714286 2.142857142857143 0.0 13 33.907169573763 0.0 0.0 
-4.285714285714286 2.857142857142857 0.0 9 38.10711278389029 0.0 0.0 
-4.285714285714286 3.5714285714285716 0.0 6 23.258770409250534 0.0 0.0 
-4.285714285714286 4.285714285714286 0.0 2 24.639679410029668 0.0 0.0 
-4.285714285714286 5.0 0.0 0 14.332550067165545 0.0 0.0 
-4.285714285714286 5.714285714285714 0.0 -3 17.138901293494254 0.0 0.0 
-4.285714285714286 6.428571428571429 0.0 -3 11.850534488604406 0.0 0.0 
-4.285714285714286 7.142857142857143 0.0 -4 15.655589033886901 0.0 0.0 
-4.285714285714286 7.857142857142858 0.0 -3 14.37113058552919 0.0 0.0 
-4.285714285714286 8.571428571428571 0.0 -5 14.446310755911194 0.0 0.0 
-4.285714285714286 9.285714285714286 0.0 7 43.50901857813112 0.0 0.0 
-2.142857142857143 -9.285714285714286 0.0 -7 13.689760315665087 0.0 0.0 
-2.142857142857143 -8.571428571428571 0.0 -3 8.427275857962368 0.0 0.0 
-2.142857142857143 -7.857142857142858 0.0 -1 22.15641421296661 0.0 0.0 
-2.142857142857143 -7.142857142857143 0.0 1 17.253195576473228 0.0 0.0 
-2.142857142857143 -6.428571428571429 0.0 1 26.07591841533997 0.0 0.0 
-2.142857142857143 -5.714285714285714 0.0 3 21.65078759232705 0.0 0.0 
-2.142857142857143 -5.0 0.0 2 27.771969870073622 0.0 0.0 
-2.142857142857143 -4.285714285714286 0.0 2 24.01983281788464 0.0 0.0 
-2.142857142857143 -3.5714285714285716 0.0 1 26.398589136528727 0.0 0.0 
-2.142857142857143 -2.857142857142857 0.0 2 24.862499832117628 0.0 0.0 
-2.142857142857143 -2.142857142857143 0.0 -6 8.004451337145987 0.0 0.0 
-2.142857142857143 2.142857142857143 0.0 14 38.9274756254706 0.0 0.0 
-2.142857142857143 2.857142857142857 0.0 10 44.93433936981373 0.0 0.0 
-2.142857142857143 3.5714285714285716 0.0 6 24.663781127786507 0.0 0.0 
-2.142857142857143 4.285714285714286 0.0 1 26.491157190775326 0.0 0.0 
-2.142857142857143 5.0 0.0 -2 13.237977551354184 0.0 0.0 
-2.142857142857143 5.714285714285714 0.0 -5 17.62186833519678 0.0 0.0 
-2.142857142857143 6.428571428571429 0.0 -6 11.443515037815443 0.0 0.0 
-2.142857142857143 7.142857142857143 0.0 -6 17.10549550193892 0.0 0.0 
-2.142857142857143 7.857142857142858 0.0 -5 15.740481530433541 0.0 0.0 
-2.142857142857143 8.571428571428571 0.0 -6 16.722987474748514 0.0 0.0 
-2.142857142857143 9.285714285714286 0.0 8 51.05777318897273 0.0 0.0 
-0.0 -9.285714285714286 0.0 -8 16.394693363617506 0.0 0.0 
-0.0 -8.571428571428571 0.0 -3 10.444759435506782 0.0 0.0 
-0.0 -7.857142857142858 0.0 -1 26.257050919279457 0.0 0.0 
-0.0 -7.142857142857143 0.0 1 20.489172008918096 0.0 0.0 
-0.0 -6.428571428571429 0.0 1 30.475134008553702 0.0 0.0 
-0.0 -5.714285714285714 0.0 2 25.763161637512873 0.0 0.0 
-0.0 -5.0 0.0 2 32.00717074347847 0.0 0.0 
-0.0 -4.285714285714286 0.0 2 27.24622264700161 0.0 0.0 
-0.0 -3.5714285714285716 0.0 1 29.850443505231336 0.0 0.0 
-0.0 -2.857142857142857 0.0 2 27.652390892981433 0.0 0.0 
-0.0 -2.142857142857143 0.0 -7 9.227538265494392 0.0 0.0 
-0.0 2.142857142857143 0.0 18 45.707668778452145 0.0 0.0 
-0.0 2.857142857142857 0.0 12 54.368200832285 0.0 0.0 
-0.0 3.5714285714285716 0.0 6 25.700392557802836 0.0 0.0 
-0.0 4.285714285714286 0.0 -1 28.114726155390663 0.0 0.0 
-0.0 5.0 0.0 -5 10.785262835462227 0.0 0.0 
-0.0 5.714285714285714 0.0 -9 18.061501280317184 0.0 0.0 
-0.0 6.428571428571429 0.0 -9 10.867148789181455 0.0 0.0 
-0.0 7.142857142857143 0.0 -9 19.380445726995067 0.0 0.0 
-0.0 7.857142857142858 0.0 -7 17.620444764793604 0.0 0.0 
-0.0 8.571428571428571 0.0 -8 19.996344427777483 0.0 0.0 
-0.0 9.285714285714286 0.0 9 60.89476914138984 0.0 0.0 
0.0 -9.285714285714286 0.0 -9 19.515899821141147 0.0 0.0 
0.0 -8.571428571428571 0.0 -4 12.518168976024374 0.0 0.0 
0.0 -7.857142857142858 0.0 -1 31.019312894099887 0.0 0.0 
0.0 -7.142857142857143 0.0 1 24.041848221616135 0.0 0.0 
0.0 -6.428571428571429 0.0 1 36.05584816516832 0.0 0.0 
0.0 -5.714285714285714 0.0 3 29.600517808106787 0.0 0.0 
0.0 -5.0 0.0 2 36.32847089729872 0.0 0.0 
0.0 -4.285714285714286 0.0 3 30.434587211279492 0.0 0.0 
0.0 -3.5714285714285716 0.0 1 33.32919528517669 0.0 0.0 
0.0 -2.857142857142857 0.0 2 30.600011425450308 0.0 0.0 
0.0 -2.142857142857143 0.0 -7 10.951674951509771 0.0 0.0 
0.0 2.142857142857143 0.0 25 57.790223565625254 0.0 0.0 
0.0 2.857142857142857 0.0 16 67.9972905144753 0.0 0.0 
0.0 3.5714285714285716 0.0 6 24.624047062522237 0.0 0.0 
0.0 4.285714285714286 0.0 -6 28.95419981333538 0.0 0.0 
0.0 5.0 0.0 -11 5.217236670064018 0.0 0.0 
0.0 5.714285714285714 0.0 -14 18.103665137051546 0.0 0.0 
0.0 6.428571428571429 0.0 -12 9.098590840045482 0.0 0.0 
0.0 7.142857142857143 0.0 -11 22.395149780702898 0.0 0.0 
0.0 7.857142857142858 0.0 -9 19.48706369293496 0.0 0.0 
0.0 8.571428571428571 0.0 -10 24.188927845024672 0.0 0.0 
0.0 9.285714285714286 0.0 11 73.30201664014439 0.0 0.0 
2.142857142857143 -9.285714285714286 0.0 -11 23.072114614385203 0.0 0.0 
2.142857142857143 -8.571428571428571 0.0 -4 15.09929250254018 0.0 0.0 
2.142857142857143 -7.857142857142858 0.0 -1 36.813368580445925 0.0 0.0 
2.142857142857143 -7.142857142857143 0.0 1 29.0033008577779 0.0 0.0 
2.142857142857143 -6.428571428571429 0.0 2 42.08041356452422 0.0 0.0 
2.142857142857143 -5.714285714285714 0.0 4 33.85498576213788 0.0 0.0 
2.142857142857143 -5.0 0.0 3 41.42706524824216 0.0 0.0 
2.142857142857143 -4.285714285714286 0.0 3 34.26119374794688 0.0 0.0 
2.142857142857143 -3.5714285714285716 0.0 2 38.15903641898321 0.0 0.0 
2.142857142857143 -2.857142857142857 0.0 2 35.95509916794683 0.0 0.0 
2.142857142857143 -2.142857142857143 0.0 -9 11.317254708322858 0.0 0.0 
2.142857142857143 1.4285714285714286 0.0 47 104.55150916037535 0.0 0.0 
2.142857142857143 2.142857142857143 0.0 44 -34.838882855936006 0.0 0.0 
2.142857142857143 2.857142857142857 0.0 22 40.242464122144085 0.0 0.0 
2.142857142857143 3.5714285714285716 0.0 6 -75.87056204492833 0.0 0.0 
2.142857142857143 4.285714285714286 0.0 -13 -23.79119913072399 0.0 0.0 
2.142857142857143 5.0 0.0 -19 -90.14118720104688 0.0 0.0 
2.142857142857143 5.714285714285714 0.0 -21 -34.5711170960681 0.0 0.0 
2.142857142857143 6.428571428571429 0.0 -17 -69.53577287540446 0.0 0.0 
2.142857142857143 7.142857142857143 0.0 -14 -29.49384387429589 0.0 0.0 
2.142857142857143 7.857142857142858 0.0 -12 -58.5640112481037 0.0 0.0 
2.142857142857143 8.571428571428571 0.0 -15 -49.180146213638004 0.0 0.0 
2.142857142857143 9.285714285714286 0.0 20 -17.717309611816393 0.0 0.0 
4.285714285714286 -9.285714285714286 0.0 -13 18.451992600969035 0.0 0.0 
4.285714285714286 -8.571428571428571 0.0 -4 10.491657214055037 0.0 0.0 
4.285714285714286 -7.857142857142858 0.0 -1 31.48244854823445 0.0 0.0 
4.285714285714286 -7.142857142857143 0.0 3 20.563127986104355 0.0 0.0 
4.285714285714286 -6.428571428571429 0.0 4 29.803771413614005 0.0 0.0 
4.285714285714286 -5.714285714285714 0.0 6 17.103525604506476 0.0 0.0 
4.285714285714286 -5.0 0.0 5 19.483674514900393 0.0 0.0 
4.285714285714286 -4.285714285714286 0.0 6 6.0564551626475565 0.0 0.0 
4.285714285714286 -3.5714285714285716 0.0 6 3.7306224175471883 0.0 0.0 
4.285714285714286 -2.857142857142857 0.0 15 2.3206010001163904 0.0 0.0 
4.285714285714286 -2.142857142857143 0.0 27 12.0446596164782 0.0 0.0 
4.285714285714286 -1.4285714285714286 0.0 21 -0.19882562930180114 0.0 0.0 
4.285714285714286 1.4285714285714286 0.0 41 595.8488918761275 0.0 0.0 
4.285714285714286 2.142857142857143 0.0 50 172.43320221869362 0.0 0.0 
4.285714285714286 2.857142857142857 0.0 13 423.43199364182607 0.0 0.0 
4.285714285714286 3.5714285714285716 0.0 -5 93.87953799836421 0.0 0.0 
4.285714285714286 4.285714285714286 0.0 -37 279.40282035327846 0.0 0.0 
4.285714285714286 5.0 0.0 -38 77.38112486083861 0.0 0.0 
4.285714285714286 5.714285714285714 0.0 -33 254.10403552041797 0.0 0.0 
4.285714285714286 6.428571428571429 0.0 -19 132.12678454807278 0.0 0.0 
4.285714285714286 7.142857142857143 0.0 -9 268.61232722112965 0.0 0.0 
4.285714285714286 7.857142857142858 0.0 1 198.12928251388757 0.0 0.0 
4.285714285714286 8.571428571428571 0.0 -7 321.3294659834754 0.0 0.0 
4.285714285714286 9.285714285714286 0.0 -16 337.09563450400964 0.0 0.0 
6.428571428571429 -9.285714285714286 0.0 -10 35.54563685261759 0.0 0.0 
6.428571428571429 -8.571428571428571 0.0 2 37.51739083104201 0.0 0.0 
6.428571428571429 -7.857142857142858 0.0 6 70.07679887175705 0.0 0.0 
6.428571428571429 -7.142857142857143 0.0 12 66.76762991349297 0.0 0.0 
6.428571428571429 -6.428571428571429 0.0 13 89.20284654263213 0.0 0.0 
6.428571428571429 -5.714285714285714 0.0 15 90.73841994813466 0.0 0.0 
6.428571428571429 -5.0 0.0 14 115.97277460848741 0.0 0.0 
6.428571428571429 -4.285714285714286 0.0 15 131.92328064085953 0.0 0.0 
6.428571428571429 -3.5714285714285716 0.0 10 169.00851931829558 0.0 0.0 
6.428571428571429 -2.857142857142857 0.0 -3 201.47198094844555 0.0 0.0 
6.428571428571429 -2.142857142857143 0.0 -53 195.9546654775407 0.0 0.0 
6.428571428571429 -1.4285714285714286 0.0 -190 -56.956732633040616 0.0 0.0 
6.428571428571429 -0.7142857142857143 0.0 -139 -19.457513362702116 0.0 0.0 
6.428571428571429 -0.0 0.0 -261 -370.4139826897808 0.0 0.0 
6.428571428571429 0.0 0.0 -51 -218.54251330178226 0.0 0.0 
6.428571428571429 2.142857142857143 0.0 117 380.83874964193154 0.0 0.0 
6.428571428571429 2.857142857142857 0.0 25 33.45620677747405 0.0 0.0 
6.428571428571429 3.5714285714285716 0.0 19 162.15566556705556 0.0 0.0 
6.428571428571429 4.285714285714286 0.0 -62 -71.1862867780606 0.0 0.0 
6.428571428571429 5.0 0.0 -48 78.48403761075078 0.0 0.0 
6.428571428571429 5.714285714285714 0.0 -40 16.92303603012906 0.0 0.0 
6.428571428571429 6.428571428571429 0.0 -25 127.12986934652801 0.0 0.0 
6.428571428571429 7.142857142857143 0.0 -29 61.588703793211586 0.0 0.0 
6.428571428571429 7.857142857142858 0.0 -32 77.22224476580537 0.0 0.0 
6.428571428571429 8.571428571428571 0.0 -41 -18.513846031348706 0.0 0.0 
6.428571428571429 9.285714285714286 0.0 62 276.6639523994297 0.0 0.0 
8.571428571428571 -9.285714285714286 0.0 -15 96.39886324368058 0.0 0.0 
8.571428571428571 -8.571428571428571 0.0 -1 86.18133255501698 0.0 0.0 
8.571428571428571 -7.857142857142858 0.0 -1 144.71965862870118 0.0 0.0 
8.571428571428571 -7.142857142857143 0.0 -1 124.90136145076407 0.0 0.0 
8.571428571428571 -6.428571428571429 0.0 -9 159.51203481448465 0.0 0.0 
8.571428571428571 -5.714285714285714 0.0 -17 139.58239126980934 0.0 0.0 
8.571428571428571 -5.0 0.0 -32 154.00335051672528 0.0 0.0 
8.571428571428571 -4.285714285714286 0.0 -50 118.97656264435523 0.0 0.0 
8.571428571428571 -3.5714285714285716 0.0 -73 90.14299175588042 0.0 0.0 
8.571428571428571 -2.857142857142857 0.0 -81 32.47585933587551 0.0 0.0 
8.571428571428571 -2.142857142857143 0.0 -49 56.68081439024333 0.0 0.0 
8.571428571428571 -1.4285714285714286 0.0 -19 46.66999881422964 0.0 0.0 
8.571428571428571 -0.7142857142857143 0.0 43 168.64278215434626 0.0 0.0 
8.571428571428571 -0.0 0.0 4 117.76989731810833 0.0 0.0 
8.571428571428571 0.0 0.0 -202 -363.5457891885568 0.0 0.0 
8.571428571428571 0.7142857142857143 0.0 -54 -185.3367178969521 0.0 0.0 
8.571428571428571 1.4285714285714286 0.0 134 194.33066337247053 0.0 0.0 
8.571428571428571 3.5714285714285716 0.0 -18 -373.8702975141808 0.0 0.0 
8.571428571428571 4.285714285714286 0.0 -138 -175.8276587566543 0.0 0.0 
8.571428571428571 5.0 0.0 -131 -367.17233490454754 0.0 0.0 
8.571428571428571 5.714285714285714 0.0 -27 -6.619784750477237 0.0 0.0 
8.571428571428571 6.428571428571429 0.0 -49 -206.4778167816903 0.0 0.0 
8.571428571428571 7.142857142857143 0.0 19 37.00249282475444 0.0 0.0 
8.571428571428571 7.857142857142858 0.0 7 -117.517199803144 0.0 0.0 
8.571428571428571 8.571428571428571 0.0 8 -118.20748382895896 0.0 0.0 
8.571428571428571 9.285714285714286 0.0 -91 -248.62085515354164 0.0 0.0 
10.714285714285714 -9.285714285714286 0.0 -33 132.2917282661973 0.0 0.0 
10.714285714285714 -8.571428571428571 0.0 -18 76.59026109630403 0.0 0.0 
10.714285714285714 -7.857142857142858 0.0 -22 147.29898189396 0.0 0.0 
10.714285714285714 -7.142857142857143 0.0 -23 79.68586888562696 0.0 0.0 
10.714285714285714 -6.428571428571429 0.0 -32 108.29584545446193 0.0 0.0 
10.714285714285714 -5.714285714285714 0.0 -34 42.237573190680436 0.0 0.0 
10.714285714285714 -5.0 0.0 -36 49.776148109110515 0.0 0.0 
10.714285714285714 -4.285714285714286 0.0 -24 2.414087986498643 0.0 0.0 
10.714285714285714 -3.5714285714285716 0.0 -9 16.496533717412518 0.0 0.0 
10.714285714285714 -2.857142857142857 0.0 5 -14.792195496432246 0.0 0.0 
10.714285714285714 -2.142857142857143 0.0 13 -5.082333598210422 0.0 0.0 
10.714285714285714 -1.4285714285714286 0.0 1 -76.97021582031992 0.0 0.0 
10.714285714285714 -0.7142857142857143 0.0 14 -79.9378346146292 0.0 0.0 
10.714285714285714 -0.0 0.0 77 3.965480897501763 0.0 0.0 
10.714285714285714 0.0 0.0 76 -48.384376456316375 0.0 0.0 
10.714285714285714 0.7142857142857143 0.0 59 -82.31138182118613 0.0 0.0 
10.714285714285714 1.4285714285714286 0.0 131 308.23430597053004 0.0 0.0 
10.714285714285714 2.142857142857143 0.0 27 -22.353793474298598 0.0 0.0 
10.714285714285714 5.0 0.0 50 2747.561610302383 0.0 0.0 
10.714285714285714 5.714285714285714 0.0 26 -6130.625308457945 0.0 0.0 
10.714285714285714 6.428571428571429 0.0 28 1431.3555978104796 0.0 0.0 
10.714285714285714 7.142857142857143 0.0 25 -4606.545149733171 0.0 0.0 
10.714285714285714 7.857142857142858 0.0 42 329.833775864501 0.0 0.0 
10.714285714285714 8.571428571428571 0.0 3 -4196.557504298808 0.0 0.0 
10.714285714285714 9.285714285714286 0.0 -62 -2185.210754460094 0.0 0.0 
12.857142857142858 -9.285714285714286 0.0 -24 69.69145960163887 0.0 0.0 
12.857142857142858 -8.571428571428571 0.0 -1 -29.342537215396217 0.0 0.0 
12.857142857142858 -7.857142857142858 0.0 0 -8.316158408663913 0.0 0.0 
12.857142857142858 -7.142857142857143 0.0 10 -110.82374050637335 0.0 0.0 
12.857142857142858 -6.428571428571429 0.0 15 -114.8942448315828 0.0 0.0 
12.857142857142858 -5.714285714285714 0.0 31 -204.602291869848 0.0 0.0 
12.857142857142858 -5.0 0.0 42 -225.64634650224204 0.0 0.0 
12.857142857142858 -4.285714285714286 0.0 58 -313.2888406079133 0.0 0.0 
12.857142857142858 -3.5714285714285716 0.0 70 -360.9850193507615 0.0 0.0 
12.857142857142858 -2.857142857142857 0.0 83 -465.0024560185144 0.0 0.0 
12.857142857142858 -2.142857142857143 0.0 101 -535.1458294539334 0.0 0.0 
12.857142857142858 -1.4285714285714286 0.0 122 -660.516115939727 0.0 0.0 
12.857142857142858 -0.7142857142857143 0.0 138 -795.2146203963707 0.0 0.0 
12.857142857142858 -0.0 0.0 186 -929.2365696681195 0.0 0.0 
12.857142857142858 0.0 0.0 234 -1159.7690933667843 0.0 0.0 
12.857142857142858 0.7142857142857143 0.0 327 -1549.2224884761579 0.0 0.0 
12.857142857142858 1.4285714285714286 0.0 765 -1116.5155173772791 0.0 0.0 
12.857142857142858 2.142857142857143 0.0 1834 994.3328724778144 0.0 0.0 
12.857142857142858 4.285714285714286 0.0 -842 -3919.189280978566 0.0 0.0 
12.857142857142858 5.0 0.0 -1371 455.8106719518123 0.0 0.0 
12.857142857142858 5.714285714285714 0.0 -84 -1899.7349622679126 0.0 0.0 
12.857142857142858 6.428571428571429 0.0 -446 703.9906448984711 0.0 0.0 
12.857142857142858 7.142857142857143 0.0 298 -1123.9270963777226 0.0 0.0 
12.857142857142858 7.857142857142858 0.0 55 1161.8477164986812 0.0 0.0 
12.857142857142858 8.571428571428571 0.0 446 148.62309896178022 0.0 0.0 
12.857142857142858 9.285714285714286 0.0 -1307 -1516.6737717203569 0.0 0.0 
15.0 -9.285714285714286 0.0 67 -255.35910012457512 0.0 0.0 
15.0 -8.571428571428571 0.0 108 -273.4020625002219 0.0 0.0 
15.0 -7.857142857142858 0.0 127 -444.1779743517535 0.0 0.0 
15.0 -7.142857142857143 0.0 151 -468.4545119848118 0.0 0.0 
15.0 -6.428571428571429 0.0 173 -590.8103710305021 0.0 0.0 
15.0 -5.714285714285714 0.0 201 -615.8984760044955 0.0 0.0 
15.0 -5.0 0.0 228 -709.3076610925223 0.0 0.0 
15.0 -4.285714285714286 0.0 260 -739.1341742379502 0.0 0.0 
15.0 -3.5714285714285716 0.0 294 -810.7991601724079 0.0 0.0 
15.0 -2.857142857142857 0.0 335 -835.3139810685138 0.0 0.0 
15.0 -2.142857142857143 0.0 385 -874.8143209669577 0.0 0.0 
15.0 -1.4285714285714286 0.0 447 -861.0362794683464 0.0 0.0 
15.0 -0.7142857142857143 0.0 519 -835.2914329965796 0.0 0.0 
15.0 -0.0 0.0 625 -655.7948853932619 0.0 0.0 
15.0 0.0 0.0 737 -339.56905097563754 0.0 0.0 
15.0 0.7142857142857143 0.0 730 -199.2609834867178 0.0 0.0 
15.0 1.4285714285714286 0.0 665 6.018484475755031 0.0 0.0 
15.0 2.142857142857143 0.0 1066 2268.7809293475007 0.0 0.0 
15.0 2.857142857142857 0.0 -2344 -2383.4899986446894 0.0 0.0 
15.0 3.5714285714285716 0.0 -1491 -1626.5351134506163 0.0 0.0 
15.0 4.285714285714286 0.0 29 688.7247243919544 0.0 0.0 
15.0 5.0 0.0 -349 -323.0395898626373 0.0 0.0 
15.0 5.714285714285714 0.0 208 563.0316137093789 0.0 0.0 
15.0 6.428571428571429 0.0 -216 -104.23201827521413 0.0 0.0 
15.0 7.142857142857143 0.0 -1 194.90406502975046 0.0 0.0 
15.0 7.857142857142858 0.0 -381 -384.44720290837125 0.0 0.0 
15.0 8.571428571428571 0.0 67 327.64156256476645 0.0 0.0 
15.0 9.285714285714286 0.0 -505 -809.9030083987797 0.0 0.0 
17.142857142857142 -9.285714285714286 0.0 289 -463.48868157939086 0.0 0.0 
17.142857142857142 -8.571428571428571 0.0 306 -260.09131237580056 0.0 0.0 
17.142857142857142 -7.857142857142858 0.0 326 -642.8896781930431 0.0 0.0 
17.142857142857142 -7.142857142857143 0.0 324 -470.6938786294252 0.0 0.0 
17.142857142857142 -6.428571428571429 0.0 345 -698.4857175582082 0.0 0.0 
17.142857142857142 -5.714285714285714 0.0 353 -542.9849335217411 0.0 0.0 
17.142857142857142 -5.0 0.0 377 -663.7740123557257 0.0 0.0 
17.142857142857142 -4.285714285714286 0.0 388 -512.3991250392955 0.0 0.0 
17.142857142857142 -3.5714285714285716 0.0 408 -539.7357247040854 0.0 0.0 
17.142857142857142 -2.857142857142857 0.0 414 -364.5150507530909 0.0 0.0 
17.142857142857142 -2.142857142857143 0.0 418 -297.1223720758351 0.0 0.0 
17.142857142857142 -1.4285714285714286 0.0 397 -74.34197010513492 0.0 0.0 
17.142857142857142 -0.7142857142857143 0.0 346 40.60855978011216 0.0 0.0 
17.142857142857142 -0.0 0.0 252 235.50212903848984 0.0 0.0 
17.142857142857142 0.0 0.0 148 439.16014952167683 0.0 0.0 
17.142857142857142 0.7142857142857143 0.0 -49 587.9374337676321 0.0 0.0 
17.142857142857142 1.4285714285714286 0.0 -480 41.34963226966477 0.0 0.0 
17.142857142857142 2.142857142857143 0.0 -423 275.99682767605566 0.0 0.0 
17.142857142857142 2.857142857142857 0.0 -366 -57.43605616813596 0.0 0.0 
17.142857142857142 3.5714285714285716 0.0 -164 -184.21051041555663 0.0 0.0 
17.142857142857142 4.285714285714286 0.0 -23 47.87575256514121 0.0 0.0 
17.142857142857142 5.0 0.0 -82 -129.8694730208275 0.0 0.0 
17.142857142857142 5.714285714285714 0.0 -38 -28.78063028878525 0.0 0.0 
17.142857142857142 6.428571428571429 0.0 -86 -126.46247599200241 0.0 0.0 
17.142857142857142 7.142857142857143 0.0 -27 -48.77351847684602 0.0 0.0 
17.142857142857142 7.857142857142858 0.0 -105 -255.7034591165612 0.0 0.0 
17.142857142857142 8.571428571428571 0.0 39 -68.68071876368825 0.0 0.0 
17.142857142857142 9.285714285714286 0.0 -120 -423.71404167893706 0.0 0.0 
19.285714285714285 -9.285714285714286 0.0 456 -387.33534537221817 0.0 0.0 
19.285714285714285 -8.571428571428571 0.0 395 -4.6845332569134825 0.0 0.0 
19.285714285714285 -7.857142857142858 0.0 392 -459.9291714400714 0.0 0.0 
19.285714285714285 -7.142857142857143 0.0 329 -121.55810488971082 0.0 0.0 
19.285714285714285 -6.428571428571429 0.0 326 -374.6069158593314 0.0 0.0 
19.285714285714285 -5.714285714285714 0.0 277 -77.0142503529105 0.0 0.0 
19.285714285714285 -5.0 0.0 261 -205.53216884485317 0.0 0.0 
19.285714285714285 -4.285714285714286 0.0 205 47.88143719445702 0.0 0.0 
19.285714285714285 -3.5714285714285716 0.0 162 -7.335517199332969 0.0 0.0 
19.285714285714285 -2.857142857142857 0.0 86 193.45705664575786 0.0 0.0 
19.285714285714285 -2.142857142857143 0.0 13 158.1317307671427 0.0 0.0 
19.285714285714285 -1.4285714285714286 0.0 -83 296.0800238361086 0.0 0.0 
19.285714285714285 -0.7142857142857143 0.0 -183 232.34407690809854 0.0 0.0 
19.285714285714285 -0.0 0.0 -314 199.8771345003512 0.0 0.0 
19.285714285714285 0.0 0.0 -423 -38.5987248330656 0.0 0.0 
19.285714285714285 0.7142857142857143 0.0 -441 -143.08978070322883 0.0 0.0 
19.285714285714285 1.4285714285714286 0.0 -414 -439.509692278255 0.0 0.0 
19.285714285714285 2.142857142857143 0.0 -115 -160.35507393170485 0.0 0.0 
19.285714285714285 2.857142857142857 0.0 20 -22.977389337926038 0.0 0.0 
19.285714285714285 3.5714285714285716 0.0 -3 -70.29045111953205 0.0 0.0 
19.285714285714285 4.285714285714286 0.0 3 -49.447723755609395 0.0 0.0 
19.285714285714285 5.0 0.0 -30 -98.8196518285753 0.0 0.0 
19.285714285714285 5.714285714285714 0.0 -17 -99.81147479223976 0.0 0.0 
19.285714285714285 6.428571428571429 0.0 -29 -137.5765630938165 0.0 0.0 
19.285714285714285 7.142857142857143 0.0 13 -86.50459839643091 0.0 0.0 
19.285714285714285 7.857142857142858 0.0 1 -103.414109483692 0.0 0.0 
19.285714285714285 8.571428571428571 0.0 37 -33.324883259945004 0.0 0.0 
19.285714285714285 9.285714285714286 0.0 -93 -295.18173978664606 0.0 0.0 
21.428571428571427 -9.285714285714286 0.0 419 -96.03384009647448 0.0 0.0 
21.428571428571427 -8.571428571428571 0.0 269 240.28223864011008 0.0 0.0 
21.428571428571427 -7.857142857142858 0.0 235 -106.21872729315953 0.0 0.0 
21.428571428571427 -7.142857142857143 0.0 126 194.6253656918456 0.0 0.0 
21.428571428571427 -6.428571428571429 0.0 94 -17.411554892640737 0.0 0.0 
21.428571428571427 -5.714285714285714 0.0 6 222.41983384924964 0.0 0.0 
21.428571428571427 -5.0 0.0 -35 73.42160850889341 0.0 0.0 
21.428571428571427 -4.285714285714286 0.0 -116 239.2281565884601 0.0 0.0 
21.428571428571427 -3.5714285714285716 0.0 -164 107.59563315146352 0.0 0.0 
21.428571428571427 -2.857142857142857 0.0 -237 189.63449565881126 0.0 0.0 
21.428571428571427 -2.142857142857143 0.0 -282 30.301091589629834 0.0 0.0 
21.428571428571427 -1.4285714285714286 0.0 -326 12.975078148772013 0.0 0.0 
21.428571428571427 -0.7142857142857143 0.0 -316 -156.44737921503173 0.0 0.0 
21.428571428571427 -0.0 0.0 -261 -158.8487831996456 0.0 0.0 
21.428571428571427 0.0 0.0 -144 -198.7782758756896 0.0 0.0 
21.428571428571427 0.7142857142857143 0.0 -1 -28.74827100690355 0.0 0.0 
21.428571428571427 1.4285714285714286 0.0 53 -34.30523381158632 0.0 0.0 
21.428571428571427 2.142857142857143 0.0 45 -10.233979229128252 0.0 0.0 
21.428571428571427 2.857142857142857 0.0 24 -40.118937090079264 0.0 0.0 
21.428571428571427 3.5714285714285716 0.0 0 -46.00093676232263 0.0 0.0 
21.428571428571427 4.285714285714286 0.0 -1 -63.89280617990644 0.0 0.0 
21.428571428571427 5.0 0.0 -2 -53.68226948378828 0.0 0.0 
21.428571428571427 5.714285714285714 0.0 8 -49.134753515315346 0.0 0.0 
21.428571428571427 6.428571428571429 0.0 4 -41.419766848520446 0.0 0.0 
21.428571428571427 7.142857142857143 0.0 7 -40.72549266901758 0.0 0.0 
21.428571428571427 7.857142857142858 0.0 -3 -40.304731518770325 0.0 0.0 
21.428571428571427 8.571428571428571 0.0 12 -5.3848907324246085 0.0 0.0 
21.428571428571427 9.285714285714286 0.0 -56 -148.95177397803604 0.0 0.0 
23.57142857142857 -9.285714285714286 0.0 194 130.1809355431653 0.0 0.0 
23.57142857142857 -8.571428571428571 0.0 30 228.88515622509686 0.0 0.0 
23.57142857142857 -7.857142857142858 0.0 -12 79.23595519305817 0.0 0.0 
23.57142857142857 -7.142857142857143 0.0 -109 183.06803823001087 0.0 0.0 
23.57142857142857 -6.428571428571429 0.0 -135 66.38402169270987 0.0 0.0 
23.57142857142857 -5.714285714285714 0.0 -198 134.56772333061582 0.0 0.0 
23.57142857142857 -5.0 0.0 -212 22.773763099904045 0.0 0.0 
23.57142857142857 -4.285714285714286 0.0 -244 48.991422394958306 0.0 0.0 
23.57142857142857 -3.5714285714285716 0.0 -232 -61.893346723086836 0.0 0.0 
23.57142857142857 -2.857142857142857 0.0 -218 -51.254007039615374 0.0 0.0 
23.57142857142857 -2.142857142857143 0.0 -156 -119.3517001600839 0.0 0.0 
23.57142857142857 -1.4285714285714286 0.0 -92 -67.44112574419448 0.0 0.0 
23.57142857142857 -0.7142857142857143 0.0 -8 -65.28007564523135 0.0 0.0 
23.57142857142857 -0.0 0.0 42 8.295558257522444 0.0 0.0 
23.57142857142857 0.0 0.0 61 -5.70102022250839 0.0 0.0 
23.57142857142857 0.7142857142857143 0.0 51 29.475994207886316 0.0 0.0 
23.57142857142857 1.4285714285714286 0.0 32 1.6165826745040945 0.0 0.0 
23.57142857142857 2.142857142857143 0.0 9 2.616225962834184 0.0 0.0 
23.57142857142857 2.857142857142857 0.0 5 -14.919650994593264 0.0 0.0 
23.57142857142857 3.5714285714285716 0.0 1 -3.0865719185281586 0.0 0.0 
23.57142857142857 4.285714285714286 0.0 5 -8.654258767775323 0.0 0.0 
23.57142857142857 5.0 0.0 2 0.44106981521103483 0.0 0.0 
23.57142857142857 5.714285714285714 0.0 2 -4.035104704932522 0.0 0.0 
23.57142857142857 6.428571428571429 0.0 -3 0.4053696889263856 0.0 0.0 
23.57142857142857 7.142857142857143 0.0 -4 -7.293210148041595 0.0 0.0 
23.57142857142857 7.857142857142858 0.0 -9 -9.146165468717594 0.0 0.0 
23.57142857142857 8.571428571428571 0.0 4 13.231818537665522 0.0 0.0 
23.57142857142857 9.285714285714286 0.0 -26 -46.040265260433046 0.0 0.0 
25.714285714285715 -9.285714285714286 0.0 -38 125.90184925139764 0.0 0.0 
25.714285714285715 -8.571428571428571 0.0 -138 23.765158353672348 0.0 0.0 
25.714285714285715 -7.857142857142858 0.0 -157 29.027162695096564 0.0 0.0 
25.714285714285715 -7.142857142857143 0.0 -191 -22.93165785878773 0.0 0.0 
25.714285714285715 -6.428571428571429 0.0 -181 -28.83907407800899 0.0 0.0 
25.714285714285715 -5.714285714285714 0.0 -179 -60.2197882707292 0.0 0.0 
25.714285714285715 -5.0 0.0 -140 -62.49458552220412 0.0 0.0 
25.714285714285715 -4.285714285714286 0.0 -106 -66.21675229399257 0.0 0.0 
25.714285714285715 -3.5714285714285716 0.0 -47 -48.33381875353126 0.0 0.0 
25.714285714285715 -2.857142857142857 0.0 -5 -25.514259340074908 0.0 0.0 
25.714285714285715 -2.142857142857143 0.0 39 -0.07054579074567613 0.0 0.0 
25.714285714285715 -1.4285714285714286 0.0 52 19.985187197659165 0.0 0.0 
25.714285714285715 -0.7142857142857143 0.0 57 27.507974847869143 0.0 0.0 
25.714285714285715 -0.0 0.0 41 30.920225662048935 0.0 0.0 
25.714285714285715 0.0 0.0 25 17.988914747912197 0.0 0.0 
25.714285714285715 0.7142857142857143 0.0 7 8.662529658622972 0.0 0.0 
25.714285714285715 1.4285714285714286 0.0 3 1.9686898921950888 0.0 0.0 
25.714285714285715 2.142857142857143 0.0 0 3.029006701945292 0.0 0.0 
25.714285714285715 2.857142857142857 0.0 1 2.6106605643043794 0.0 0.0 
25.714285714285715 3.5714285714285716 0.0 0 4.747429154041717 0.0 0.0 
25.714285714285715 4.285714285714286 0.0 0 3.4994141603868165 0.0 0.0 
25.714285714285715 5.0 0.0 -4 3.504716575501158 0.0 0.0 
25.714285714285715 5.714285714285714 0.0 -4 1.2845788234716506 0.0 0.0 
25.714285714285715 6.428571428571429 0.0 -5 2.6135625475377307 0.0 0.0 
25.714285714285715 7.142857142857143 0.0 -3 0.9945127649311543 0.0 0.0 
25.714285714285715 7.857142857142858 0.0 -5 -3.782404592059354 0.0 0.0 
25.714285714285715 8.571428571428571 0.0 0 6.032738956420785 0.0 0.0 
25.714285714285715 9.285714285714286 0.0 -7 -7.915549606152815 0.0 0.0 
27.857142857142858 -9.285714285714286 0.0 -145 -35.13234948020292 0.0 0.0 
27.857142857142858 -8.571428571428571 0.0 -155 -142.1790725188382 0.0 0.0 
27.857142857142858 -7.857142857142858 0.0 -148 -92.33921411949774 0.0 0.0 
27.857142857142858 -7.142857142857143 0.0 -121 -123.36981133118843 0.0 0.0 
27.857142857142858 -6.428571428571429 0.0 -88 -72.32011891822508 0.0 0.0 
27.857142857142858 -5.714285714285714 0.0 -50 -71.22323020089856 0.0 0.0 
27.857142857142858 -5.0 0.0 -13 -23.600511545327223 0.0 0.0 
27.857142857142858 -4.285714285714286 0.0 17 -11.865627525483138 0.0 0.0 
27.857142857142858 -3.5714285714285716 0.0 38 19.658901725666453 0.0 0.0 
27.857142857142858 -2.857142857142857 0.0 44 21.577145003703194 0.0 0.0 
27.857142857142858 -2.142857142857143 0.0 39 30.827168538568714 0.0 0.0 
27.857142857142858 -1.4285714285714286 0.0 28 19.32471788511474 0.0 0.0 
27.857142857142858 -0.7142857142857143 0.0 15 13.073189162441885 0.0 0.0 
27.857142857142858 -0.0 0.0 4 1.950183716186996 0.0 0.0 
27.857142857142858 0.0 0.0 0 0.6192938340257023 0.0 0.0 
27.857142857142858 0.7142857142857143 0.0 -2 -1.9105094718392812 0.0 0.0 
27.857142857142858 1.4285714285714286 0.0 -1 0.3239569237540303 0.0 0.0 
27.857142857142858 2.142857142857143 0.0 -2 -0.43677587971162657 0.0 0.0 
27.857142857142858 2.857142857142857 0.0 -1 0.30112247987436325 0.0 0.0 
27.857142857142858 3.5714285714285716 0.0 -3 -1.1523541860588788 0.0 0.0 
27.857142857142858 4.285714285714286 0.0 -3 -1.0475345223341934 0.0 0.0 
27.857142857142858 5.0 0.0 -4 -1.715509040696884 0.0 0.0 
27.857142857142858 5.714285714285714 0.0 -3 -1.5658280086553167 0.0 0.0 
27.857142857142858 6.428571428571429 0.0 -2 -1.1589508521301677 0.0 0.0 
27.857142857142858 7.142857142857143 0.0 -1 0.011406683924398475 0.0 0.0 
27.857142857142858 7.857142857142858 0.0 -2 -1.8705251540462622 0.0 0.0 
27.857142857142858 8.571428571428571 0.0 0 0.9892596275967096 0.0 0.0 
27.857142857142858 9.285714285714286 0.0 -2 -1.5224670725482077 0.0 0.0 
