-27.857142857142858 -9.285714285714286 0.0 0 -2.094369990102102 0.0 0.0 
-27.857142857142858 -8.571428571428571 0.0 -2 -3.3446101622130464 0.0 0.0 
-27.857142857142858 -7.857142857142858 0.0 -1 -3.8309401255154194 0.0 0.0 
-27.857142857142858 -7.142857142857143 0.0 -2 -3.2532151067709387 0.0 0.0 
-27.857142857142858 -6.428571428571429 0.0 -1 -2.255035068646613 0.0 0.0 
-27.857142857142858 -5.714285714285714 0.0 -1 -0.22477430311002644 0.0 0.0 
-27.857142857142858 -5.0 0.0 -1 1.3926723659039113 0.0 0.0 
-27.857142857142858 -4.285714285714286 0.0 0 3.32980709139876 0.0 0.0 
-27.857142857142858 -3.5714285714285716 0.0 0 4.964246930598548 0.0 0.0 
-27.857142857142858 -2.857142857142857 0.0 1 6.55897554668668 0.0 0.0 
-27.857142857142858 -2.142857142857143 0.0 1 7.718443543364458 0.0 0.0 
-27.857142857142858 -1.4285714285714286 0.0 1 8.307980893723444 0.0 0.0 
-27.857142857142858 -0.7142857142857143 0.0 2 8.46905199980522 0.0 0.0 
-27.857142857142858 -0.0 0.0 2 8.245772692382978 0.0 0.0 
-27.857142857142858 0.0 0.0 3 7.488815759209802 0.0 0.0 
-27.857142857142858 0.7142857142857143 0.0 2 6.834906644928302 0.0 0.0 
-27.857142857142858 1.4285714285714286 0.0 2 5.854347454795392 0.0 0.0 
-27.857142857142858 2.142857142857143 0.0 2 4.5840855378596705 0.0 0.0 
-27.857142857142858 2.857142857142857 0.0 2 3.4700001559575573 0.0 0.0 
-27.857142857142858 3.5714285714285716 0.0 1 2.2799214672349946 0.0 0.0 
-27.857142857142858 4.285714285714286 0.0 1 0.9609590312328682 0.0 0.0 
-27.857142857142858 5.0 0.0 0 0.436759370318232 0.0 0.0 
-27.857142857142858 5.714285714285714 0.0 1 -0.5992915215176327 0.0 0.0 
-27.857142857142858 6.428571428571429 0.0 1 -1.9630989992973211 0.0 0.0 
-27.857142857142858 7.142857142857143 0.0 0 -1.950385751166408 0.0 0.0 
-27.857142857142858 7.857142857142858 0.0 0 -1.0227122873909988 0.0 0.0 
-27.857142857142858 8.571428571428571 0.0 0 -1.6257646257854539 0.0 0.0 
-27.857142857142858 9.285714285714286 0.0 0 -2.1332265655949327 0.0 0.0 
-25.714285714285715 -9.285714285714286 0.0 -1 -2.7838007911184794 0.0 0.0 
-25.714285714285715 -8.571428571428571 0.0 -2 -3.355909312805644 0.0 0.0 
-25.714285714285715 -7.857142857142858 0.0 -2 -3.0673923376013463 0.0 0.0 
-25.714285714285715 -7.142857142857143 0.0 -1 -1.295305070671469 0.0 0.0 
-25.714285714285715 -6.428571428571429 0.0 -1 0.733932957201894 0.0 0.0 
-25.714285714285715 -5.714285714285714 0.0 0 3.231908840294113 0.0 0.0 
-25.714285714285715 -5.0 0.0 0 4.839195363361545 0.0 0.0 
-25.714285714285715 -4.285714285714286 0.0 0 6.738480360760133 0.0 0.0 
-25.714285714285715 -3.5714285714285716 0.0 1 7.918475374566778 0.0 0.0 
-25.714285714285715 -2.857142857142857 0.0 2 8.613090421559273 0.0 0.0 
-25.714285714285715 -2.142857142857143 0.0 3 8.2329794702949 0.0 0.0 
-25.714285714285715 -1.4285714285714286 0.0 4 7.984870336809348 0.0 0.0 
-25.714285714285715 -0.7142857142857143 0.0 4 8.281540725346867 0.0 0.0 
-25.714285714285715 -0.0 0.0 3 7.567435239770903 0.0 0.0 
-25.714285714285715 0.0 0.0 3 6.529989430904026 0.0 0.0 
-25.714285714285715 0.7142857142857143 0.0 2 5.154722249660847 0.0 0.0 
-25.714285714285715 1.4285714285714286 0.0 2 3.650772621574067 0.0 0.0 
-25.714285714285715 2.142857142857143 0.0 1 1.8437505979338265 0.0 0.0 
-25.714285714285715 2.857142857142857 0.0 0 0.8042178370230326 0.0 0.0 
-25.714285714285715 3.5714285714285716 0.0 0 -0.4338616473786403 0.0 0.0 
-25.714285714285715 4.285714285714286 0.0 0 -2.2173225136739156 0.0 0.0 
-25.714285714285715 5.0 0.0 0 -2.7817126170943407 0.0 0.0 
-25.714285714285715 5.714285714285714 0.0 0 -2.7341958165586293 0.0 0.0 
-25.714285714285715 6.428571428571429 0.0 0 -4.533800981060171 0.0 0.0 
-25.714285714285715 7.142857142857143 0.0 -1 -4.255617640127422 0.0 0.0 
-25.714285714285715 7.857142857142858 0.0 0 -2.5583619504853714 0.0 0.0 
-25.714285714285715 8.571428571428571 0.0 0 -3.392732226925052 0.0 0.0 
-25.714285714285715 9.285714285714286 0.0 -1 -3.9701524381436553 0.0 0.0 
-23.57142857142857 -9.285714285714286 0.0 -3 -2.963551352677694 0.0 0.0 
-23.57142857142857 -8.571428571428571 0.0 -2 -3.0643840899192796 0.0 0.0 
-23.57142857142857 -7.857142857142858 0.0 -2 -1.7816446612118657 0.0 0.0 
-23.57142857142857 -7.142857142857143 0.0 -1 1.044970112119989 0.0 0.0 
-23.57142857142857 -6.428571428571429 0.0 0 2.402200047224237 0.0 0.0 
-23.57142857142857 -5.714285714285714 0.0 0 5.756275825416322 0.0 0.0 
-23.57142857142857 -5.0 0.0 1 6.201097472498584 0.0 0.0 
-23.57142857142857 -4.285714285714286 0.0 2 7.318930756669898 0.0 0.0 
-23.57142857142857 -3.5714285714285716 0.0 3 7.215181208425437 0.0 0.0 
-23.57142857142857 -2.857142857142857 0.0 4 7.707026437652505 0.0 0.0 
-23.57142857142857 -2.142857142857143 0.0 4 7.276031163249472 0.0 0.0 
-23.57142857142857 -1.4285714285714286 0.0 4 7.450140632467287 0.0 0.0 
-23.57142857142857 -0.7142857142857143 0.0 4 6.648120975706301 0.0 0.0 
-23.57142857142857 -0.0 0.0 2 6.081778834255461 0.0 0.0 
-23.57142857142857 0.0 0.0 2 3.9327240140838127 0.0 0.0 
-23.57142857142857 0.7142857142857143 0.0 1 3.0995077910365376 0.0 0.0 
-23.57142857142857 1.4285714285714286 0.0 1 0.9672196551510961 0.0 0.0 
-23.57142857142857 2.142857142857143 0.0 1 -0.7361940814769903 0.0 0.0 
-23.57142857142857 2.857142857142857 0.0 0 -2.3415778506570497 0.0 0.0 
-23.57142857142857 3.5714285714285716 0.0 0 -3.145400080857018 0.0 0.0 
-23.57142857142857 4.285714285714286 0.0 0 -5.1042914385505185 0.0 0.0 
-23.57142857142857 5.0 0.0 0 -4.9299373528955925 0.0 0.0 
-23.57142857142857 5.714285714285714 0.0 0 -5.280913896866887 0.0 0.0 
-23.57142857142857 6.428571428571429 0.0 -1 -6.405056922183098 0.0 0.0 
-23.57142857142857 7.142857142857143 0.0 -2 -6.01204095803855 0.0 0.0 
-23.57142857142857 7.857142857142858 0.0 0 -3.7213363320008606 0.0 0.0 
-23.57142857142857 8.571428571428571 0.0 0 -3.9801984249575355 0.0 0.0 
-23.57142857142857 9.285714285714286 0.0 -1 -5.435367273835072 0.0 0.0 
-21.428571428571427 -9.285714285714286 0.0 -4 -4.236866751278058 0.0 0.0 
-21.428571428571427 -8.571428571428571 0.0 -2 -3.3720312018252185 0.0 0.0 
-21.428571428571427 -7.857142857142858 0.0 -2 -0.5816044680413288 0.0 0.0 
-21.428571428571427 -7.142857142857143 0.0 -1 2.160475615531187 0.0 0.0 
-21.428571428571427 -6.428571428571429 0.0 0 3.953851411760276 0.0 0.0 
-21.428571428571427 -5.714285714285714 0.0 1 6.2669977775330725 0.0 0.0 
-21.428571428571427 -5.0 0.0 3 6.497861112388458 0.0 0.0 
-21.428571428571427 -4.285714285714286 0.0 4 7.4204696256238405 0.0 0.0 
-21.428571428571427 -3.5714285714285716 0.0 5 6.68416237363941 0.0 0.0 
-21.428571428571427 -2.857142857142857 0.0 5 6.4159521996282844 0.0 0.0 
-21.428571428571427 -2.142857142857143 0.0 4 5.414908555818062 0.0 0.0 
-21.428571428571427 -1.4285714285714286 0.0 4 5.497906432389141 0.0 0.0 
-21.428571428571427 -0.7142857142857143 0.0 3 4.672163931832999 0.0 0.0 
-21.428571428571427 -0.0 0.0 2 3.30888203716231 0.0 0.0 
-21.428571428571427 0.0 0.0 2 1.1276024367020883 0.0 0.0 
-21.428571428571427 0.7142857142857143 0.0 1 0.3111448019941605 0.0 0.0 
-21.428571428571427 1.4285714285714286 0.0 0 -1.3905114787019217 0.0 0.0 
-21.428571428571427 2.142857142857143 0.0 0 -2.3585528905055364 0.0 0.0 
-21.428571428571427 2.857142857142857 0.0 0 -3.9546321715074244 0.0 0.0 
-21.428571428571427 3.5714285714285716 0.0 -1 -4.658509201711129 0.0 0.0 
-21.428571428571427 4.285714285714286 0.0 -1 -6.334593199157692 0.0 0.0 
-21.428571428571427 5.0 0.0 -1 -6.0737361914711006 0.0 0.0 
-21.428571428571427 5.714285714285714 0.0 -1 -5.499513908358858 0.0 0.0 
-21.428571428571427 6.428571428571429 0.0 -2 -6.425363409585998 0.0 0.0 
-21.428571428571427 7.142857142857143 0.0 -2 -6.240322444857457 0.0 0.0 
-21.428571428571427 7.857142857142858 0.0 0 -4.722660142229008 0.0 0.0 
-21.428571428571427 8.571428571428571 0.0 0 -3.240333825331418 0.0 0.0 
-21.428571428571427 9.285714285714286 0.0 -1 -6.054489756652448 0.0 0.0 
-19.285714285714285 -9.285714285714286 0.0 -3 -5.30687933163788 0.0 0.0 
-19.285714285714285 -8.571428571428571 0.0 -2 -2.763071154566166 0.0 0.0 
-19.285714285714285 -7.857142857142858 0.0 0 0.46041806164395904 0.0 0.0 
-19.285714285714285 -7.142857142857143 0.0 1 2.5919247251313378 0.0 0.0 
-19.285714285714285 -6.428571428571429 0.0 2 5.228862378512531 0.0 0.0 
-19.285714285714285 -5.714285714285714 0.0 4 5.157769631805622 0.0 0.0 
-19.285714285714285 -5.0 0.0 4 5.443375976108275 0.0 0.0 
-19.285714285714285 -4.285714285714286 0.0 4 4.481159702581165 0.0 0.0 
-19.285714285714285 -3.5714285714285716 0.0 4 4.724484352306869 0.0 0.0 
-19.285714285714285 -2.857142857142857 0.0 4 4.781340003112769 0.0 0.0 
-19.285714285714285 -2.142857142857143 0.0 4 4.479242435171615 0.0 0.0 
-19.285714285714285 -1.4285714285714286 0.0 2 3.5991037209279835 0.0 0.0 
-19.285714285714285 -0.7142857142857143 0.0 1 3.1583239889434562 0.0 0.0 
-19.285714285714285 -0.0 0.0 1 1.390620707404091 0.0 0.0 
-19.285714285714285 0.0 0.0 1 0.03342694576454619 0.0 0.0 
-19.285714285714285 0.7142857142857143 0.0 1 -1.3755193554381373 0.0 0.0 
-19.285714285714285 1.4285714285714286 0.0 0 -1.8002402638895254 0.0 0.0 
-19.285714285714285 2.142857142857143 0.0 0 -3.4978636174094717 0.0 0.0 
-19.285714285714285 2.857142857142857 0.0 0 -4.304251824335044 0.0 0.0 
-19.285714285714285 3.5714285714285716 0.0 -1 -4.997735529917916 0.0 0.0 
-19.285714285714285 4.285714285714286 0.0 -1 -6.163579775922496 0.0 0.0 
-19.285714285714285 5.0 0.0 -2 -5.8716081495397425 0.0 0.0 
-19.285714285714285 5.714285714285714 0.0 -2 -4.972105912060558 0.0 0.0 
-19.285714285714285 6.428571428571429 0.0 -2 -6.018189569513783 0.0 0.0 
-19.285714285714285 7.142857142857143 0.0 -2 -6.692513470023469 0.0 0.0 
-19.285714285714285 7.857142857142858 0.0 -1 -4.6173322536983905 0.0 0.0 
-19.285714285714285 8.571428571428571 0.0 0 -1.3460920182182703 0.0 0.0 
-19.285714285714285 9.285714285714286 0.0 -1 -5.119527540714896 0.0 0.0 
-17.142857142857142 -9.285714285714286 0.0 -2 -5.259760236415442 0.0 0.0 
-17.142857142857142 -8.571428571428571 0.0 0 -1.7303780497433663 0.0 0.0 
-17.142857142857142 -7.857142857142858 0.0 1 0.7339283560827708 0.0 0.0 
-17.142857142857142 -7.142857142857143 0.0 3 1.6008059101960554 0.0 0.0 
-17.142857142857142 -6.428571428571429 0.0 3 2.5200210552552273 0.0 0.0 
-17.142857142857142 -5.714285714285714 0.0 5 2.6682730787605378 0.0 0.0 
-17.142857142857142 -5.0 0.0 4 3.468647447351932 0.0 0.0 
-17.142857142857142 -4.285714285714286 0.0 5 3.071942235051343 0.0 0.0 
-17.142857142857142 -3.5714285714285716 0.0 5 3.904239701360793 0.0 0.0 
-17.142857142857142 -2.857142857142857 0.0 4 3.432514763729798 0.0 0.0 
-17.142857142857142 -2.142857142857143 0.0 2 3.465857208416235 0.0 0.0 
-17.142857142857142 -1.4285714285714286 0.0 2 2.400678327656001 0.0 0.0 
-17.142857142857142 -0.7142857142857143 0.0 1 1.8328790398449488 0.0 0.0 
-17.142857142857142 -0.0 0.0 1 0.050514804060143526 0.0 0.0 
-17.142857142857142 0.0 0.0 0 -0.7692067351547887 0.0 0.0 
-17.142857142857142 0.7142857142857143 0.0 0 -1.5666206972657624 0.0 0.0 
-17.142857142857142 1.4285714285714286 0.0 0 -1.972299551718835 0.0 0.0 
-17.142857142857142 2.142857142857143 0.0 0 -3.797707414329748 0.0 0.0 
-17.142857142857142 2.857142857142857 0.0 -1 -4.805238286502396 0.0 0.0 
-17.142857142857142 3.5714285714285716 0.0 -1 -4.625733228580055 0.0 0.0 
-17.142857142857142 4.285714285714286 0.0 -2 -6.5540627233061475 0.0 0.0 
-17.142857142857142 5.0 0.0 -3 -6.04162570600487 0.0 0.0 
-17.142857142857142 5.714285714285714 0.0 -2 -5.070815087401314 0.0 0.0 
-17.142857142857142 6.428571428571429 0.0 -2 -6.020924485233545 0.0 0.0 
-17.142857142857142 7.142857142857143 0.0 -3 -6.826523503353041 0.0 0.0 
-17.142857142857142 7.857142857142858 0.0 -1 -4.709142762527026 0.0 0.0 
-17.142857142857142 8.571428571428571 0.0 0 -0.5971082729762722 0.0 0.0 
-17.142857142857142 9.285714285714286 0.0 0 -3.9672756386404693 0.0 0.0 
-15.0 -9.285714285714286 0.0 1 -4.206672964547623 0.0 0.0 
-15.0 -8.571428571428571 0.0 1 -1.0089188177575381 0.0 0.0 
-15.0 -7.857142857142858 0.0 3 -0.36795539058376736 0.0 0.0 
-15.0 -7.142857142857143 0.0 4 0.927301662566185 0.0 0.0 
-15.0 -6.428571428571429 0.0 4 0.2677353942830827 0.0 0.0 
-15.0 -5.714285714285714 0.0 4 1.6260123358269354 0.0 0.0 
-15.0 -5.0 0.0 3 0.19273529161341152 0.0 0.0 
-15.0 -4.285714285714286 0.0 3 1.5020982761048751 0.0 0.0 
-15.0 -3.5714285714285716 0.0 3 1.6572390656475378 0.0 0.0 
-15.0 -2.857142857142857 0.0 2 2.7849561597939694 0.0 0.0 
-15.0 -2.142857142857143 0.0 1 2.1198348640745177 0.0 0.0 
-15.0 -1.4285714285714286 0.0 2 2.4790433263361056 0.0 0.0 
-15.0 1.4285714285714286 0.0 0 -2.4070496396981937 0.0 0.0 
-15.0 2.142857142857143 0.0 0 -3.9805191832612126 0.0 0.0 
-15.0 2.857142857142857 0.0 -2 -5.063820017973812 0.0 0.0 
-15.0 3.5714285714285716 0.0 -2 -5.561540713940733 0.0 0.0 
-15.0 4.285714285714286 0.0 -3 -7.183507866782529 0.0 0.0 
-15.0 5.0 0.0 -4 -6.922755317593433 0.0 0.0 
-15.0 5.714285714285714 0.0 -2 -4.616204707241366 0.0 0.0 
-15.0 6.428571428571429 0.0 -2 -6.9891414820316164 0.0 0.0 
-15.0 7.142857142857143 0.0 -3 -7.452574232686814 0.0 0.0 
-15.0 7.857142857142858 0.0 -1 -4.863753202268091 0.0 0.0 
-15.0 8.571428571428571 0.0 0 -0.6602736583264586 0.0 0.0 
-15.0 9.285714285714286 0.0 0 -3.644882032847621 0.0 0.0 
-12.857142857142858 -9.285714285714286 0.0 1 -2.8295415882369266 0.0 0.0 
-12.857142857142858 -8.571428571428571 0.0 3 -0.5129289056652038 0.0 0.0 
-12.857142857142858 -7.857142857142858 0.0 4 -2.3386309661667735 0.0 0.0 
-12.857142857142858 -7.142857142857143 0.0 3 -0.6264862576707264 0.0 0.0 
-12.857142857142858 -6.428571428571429 0.0 4 -1.73552471118869 0.0 0.0 
-12.857142857142858 -5.714285714285714 0.0 4 -0.6111491423620112 0.0 0.0 
-12.857142857142858 -5.0 0.0 2 -1.3004931512317235 0.0 0.0 
-12.857142857142858 -4.285714285714286 0.0 3 1.224928197511412 0.0 0.0 
-12.857142857142858 -3.5714285714285716 0.0 4 1.8373362936733777 0.0 0.0 
-12.857142857142858 -2.857142857142857 0.0 3 3.375999660131602 0.0 0.0 
-12.857142857142858 -2.142857142857143 0.0 1 2.0138150935305283 0.0 0.0 
-12.857142857142858 2.142857142857143 0.0 -1 -6.435537285265523 0.0 0.0 
-12.857142857142858 2.857142857142857 0.0 -2 -7.172661058383074 0.0 0.0 
-12.857142857142858 3.5714285714285716 0.0 -2 -8.088083665640253 0.0 0.0 
-12.857142857142858 4.285714285714286 0.0 -3 -8.537966550550415 0.0 0.0 
-12.857142857142858 5.0 0.0 -4 -8.370114392665286 0.0 0.0 
-12.857142857142858 5.714285714285714 0.0 -1 -5.967167151182226 0.0 0.0 
-12.857142857142858 6.428571428571429 0.0 -3 -8.542303412083937 0.0 0.0 
-12.857142857142858 7.142857142857143 0.0 -4 -9.322545564868761 0.0 0.0 
-12.857142857142858 7.857142857142858 0.0 -1 -5.593207180255472 0.0 0.0 
-12.857142857142858 8.571428571428571 0.0 0 -2.3599151110268917 0.0 0.0 
-12.857142857142858 9.285714285714286 0.0 0 -5.017650562353412 0.0 0.0 
-10.714285714285714 -9.285714285714286 0.0 4 -3.4669273399759426 0.0 0.0 
-10.714285714285714 -8.571428571428571 0.0 5 0.36465656732264495 0.0 0.0 
-10.714285714285714 -7.857142857142858 0.0 5 -1.857108988576762 0.0 0.0 
-10.714285714285714 -7.142857142857143 0.0 4 0.6143546112344573 0.0 0.0 
-10.714285714285714 -6.428571428571429 0.0 4 -1.5094913070689762 0.0 0.0 
-10.714285714285714 -5.714285714285714 0.0 3 0.5629561120243114 0.0 0.0 
-10.714285714285714 -5.0 0.0 3 -0.4338811226775805 0.0 0.0 
-10.714285714285714 -4.285714285714286 0.0 3 1.407384164874058 0.0 0.0 
-10.714285714285714 -3.5714285714285716 0.0 2 1.4900864961070077 0.0 0.0 
-10.714285714285714 -2.857142857142857 0.0 0 2.1877833625718623 0.0 0.0 
-10.714285714285714 -2.142857142857143 0.0 0 -0.43926835838614764 0.0 0.0 
-10.714285714285714 2.142857142857143 0.0 -3 -8.293682215979928 0.0 0.0 
-10.714285714285714 2.857142857142857 0.0 -3 -9.49880886025301 0.0 0.0 
-10.714285714285714 3.5714285714285716 0.0 -3 -9.053252582584708 0.0 0.0 
-10.714285714285714 4.285714285714286 0.0 -4 -10.544605954819605 0.0 0.0 
-10.714285714285714 5.0 0.0 -3 -9.921703587817946 0.0 0.0 
-10.714285714285714 5.714285714285714 0.0 -1 -7.614391771624316 0.0 0.0 
-10.714285714285714 6.428571428571429 0.0 -3 -9.335318699949518 0.0 0.0 
-10.714285714285714 7.142857142857143 0.0 -3 -11.791386829029225 0.0 0.0 
-10.714285714285714 7.857142857142858 0.0 -1 -5.800440581035805 0.0 0.0 
-10.714285714285714 8.571428571428571 0.0 0 -3.610254811972169 0.0 0.0 
-10.714285714285714 9.285714285714286 0.0 -1 -6.807006617843313 0.0 0.0 
-8.571428571428571 -9.285714285714286 0.0 5 0.3514299393626956 0.0 0.0 
-8.571428571428571 -8.571428571428571 0.0 4 4.296200078961343 0.0 0.0 
-8.571428571428571 -7.857142857142858 0.0 3 -0.2971387226548998 0.0 0.0 
-8.571428571428571 -7.142857142857143 0.0 2 1.6322677727453878 0.0 0.0 
-8.571428571428571 -6.428571428571429 0.0 1 -1.939654936912863 0.0 0.0 
-8.571428571428571 -5.714285714285714 0.0 0 0.5849729357430214 0.0 0.0 
-8.571428571428571 -5.0 0.0 0 -1.0049236151829972 0.0 0.0 
-8.571428571428571 -4.285714285714286 0.0 1 1.934452688593283 0.0 0.0 
-8.571428571428571 -3.5714285714285716 0.0 1 2.384537735541807 0.0 0.0 
-8.571428571428571 -2.857142857142857 0.0 2 3.263552660119098 0.0 0.0 
-8.571428571428571 -2.142857142857143 0.0 2 0.23392295882026204 0.0 0.0 
-8.571428571428571 2.142857142857143 0.0 -3 -9.280422429987233 0.0 0.0 
-8.571428571428571 2.857142857142857 0.0 -4 -10.016297154155495 0.0 0.0 
-8.571428571428571 3.5714285714285716 0.0 -3 -8.491409314798451 0.0 0.0 
-8.571428571428571 4.285714285714286 0.0 -4 -10.626101344875835 0.0 0.0 
-8.571428571428571 5.0 0.0 -4 -9.426605856583441 0.0 0.0 
-8.571428571428571 5.714285714285714 0.0 -2 -7.627720286691028 0.0 0.0 
-8.571428571428571 6.428571428571429 0.0 -3 -10.146372143717382 0.0 0.0 
-8.571428571428571 7.142857142857143 0.0 -4 -12.529571028745593 0.0 0.0 
-8.571428571428571 7.857142857142858 0.0 0 -5.328009871374909 0.0 0.0 
-8.571428571428571 8.571428571428571 0.0 0 -2.1080140482623984 0.0 0.0 
-8.571428571428571 9.285714285714286 0.0 -1 -5.742601621279261 0.0 0.0 
-6.428571428571429 -9.285714285714286 0.0 3 0.9201829933189494 0.0 0.0 
-6.428571428571429 -8.571428571428571 0.0 2 0.6815912899007412 0.0 0.0 
-6.428571428571429 -7.857142857142858 0.0 2 -1.7624358943538865 0.0 0.0 
-6.428571428571429 -7.142857142857143 0.0 0 -1.9402497506180998 0.0 0.0 
-6.428571428571429 -6.428571428571429 0.0 0 -2.600958278529041 0.0 0.0 
-6.428571428571429 -5.714285714285714 0.0 2 0.22722456608831365 0.0 0.0 
-6.428571428571429 -5.0 0.0 3 -0.348421951469045 0.0 0.0 
-6.428571428571429 -4.285714285714286 0.0 3 1.4004214633948564 0.0 0.0 
-6.428571428571429 -3.5714285714285716 0.0 3 1.2563795564479072 0.0 0.0 
-6.428571428571429 -2.857142857142857 0.0 2 1.564414960357528 0.0 0.0 
-6.428571428571429 -2.142857142857143 0.0 1 -0.06884600577516586 0.0 0.0 
-6.428571428571429 2.142857142857143 0.0 -4 -10.614067934670137 0.0 0.0 
-6.428571428571429 2.857142857142857 0.0 -4 -9.874373377481547 0.0 0.0 
-6.428571428571429 3.5714285714285716 0.0 -3 -8.70813012521667 0.0 0.0 
-6.428571428571429 4.285714285714286 0.0 -4 -10.50015545490964 0.0 0.0 
-6.428571428571429 5.0 0.0 -4 -10.405176010734207 0.0 0.0 
-6.428571428571429 5.714285714285714 0.0 -3 -8.614478217045285 0.0 0.0 
-6.428571428571429 6.428571428571429 0.0 -4 -11.15062314754843 0.0 0.0 
-6.428571428571429 7.142857142857143 0.0 -4 -12.338521379647165 0.0 0.0 
-6.428571428571429 7.857142857142858 0.0 0 -4.9303473801743465 0.0 0.0 
-6.428571428571429 8.571428571428571 0.0 1 -1.048886898354749 0.0 0.0 
-6.428571428571429 9.285714285714286 0.0 0 -4.98633445306611 0.0 0.0 
-4.285714285714286 -9.285714285714286 0.0 3 -1.4902111552861728 0.0 0.0 
-4.285714285714286 -8.571428571428571 0.0 3 -0.052970060038623146 0.0 0.0 
-4.285714285714286 -7.857142857142858 0.0 3 -1.7597030950137862 0.0 0.0 
-4.285714285714286 -7.142857142857143 0.0 3 -1.5574765467561118 0.0 0.0 
-4.285714285714286 -6.428571428571429 0.0 2 -2.2189338392963975 0.0 0.0 
-4.285714285714286 -5.714285714285714 0.0 3 -0.7659451699297941 0.0 0.0 
-4.285714285714286 -5.0 0.0 3 -1.463632198601033 0.0 0.0 
-4.285714285714286 -4.285714285714286 0.0 2 0.6727004444690499 0.0 0.0 
-4.285714285714286 -3.5714285714285716 0.0 2 1.3518529239113377 0.0 0.0 
-4.285714285714286 -2.857142857142857 0.0 1 1.5983247995098466 0.0 0.0 
-4.285714285714286 -2.142857142857143 0.0 2 0.22129603873280423 0.0 0.0 
-4.285714285714286 2.142857142857143 0.0 -5 -11.948736070927332 0.0 0.0 
-4.285714285714286 2.857142857142857 0.0 -4 -10.309378914413388 0.0 0.0 
-4.285714285714286 3.5714285714285716 0.0 -3 -8.460414254820737 0.0 0.0 
-4.285714285714286 4.285714285714286 0.0 -4 -10.762130163366034 0.0 0.0 
-4.285714285714286 5.0 0.0 -4 -11.523515150367558 0.0 0.0 
-4.285714285714286 5.714285714285714 0.0 -3 -9.127569391847665 0.0 0.0 
-4.285714285714286 6.428571428571429 0.0 -3 -11.504320347032813 0.0 0.0 
-4.285714285714286 7.142857142857143 0.0 -3 -11.923479504615337 0.0 0.0 
-4.285714285714286 7.857142857142858 0.0 0 -3.021198223345539 0.0 0.0 
-4.285714285714286 8.571428571428571 0.0 3 0.9724667064580705 0.0 0.0 
-4.285714285714286 9.285714285714286 0.0 0 -5.98005328502032 0.0 0.0 
-2.142857142857143 -9.285714285714286 0.0 5 0.38148408024402425 0.0 0.0 
-2.142857142857143 -8.571428571428571 0.0 4 3.131615774758542 0.0 0.0 
-2.142857142857143 -7.857142857142858 0.0 3 -1.743812351598769 0.0 0.0 
-2.142857142857143 -7.142857142857143 0.0 1 -1.0261291112272535 0.0 0.0 
-2.142857142857143 -6.428571428571429 0.0 2 -2.0120484121162807 0.0 0.0 
-2.142857142857143 -5.714285714285714 0.0 3 0.6527291974328833 0.0 0.0 
-2.142857142857143 -5.0 0.0 1 0.873484778669142 0.0 0.0 
-2.142857142857143 -4.285714285714286 0.0 2 3.2571327599766176 0.0 0.0 
-2.142857142857143 -3.5714285714285716 0.0 2 2.751246034610716 0.0 0.0 
-2.142857142857143 -2.857142857142857 0.0 2 3.0749140623614784 0.0 0.0 
-2.142857142857143 -2.142857142857143 0.0 1 1.856922736893952 0.0 0.0 
-2.142857142857143 2.142857142857143 0.0 -5 -11.354254540708535 0.0 0.0 
-2.142857142857143 2.857142857142857 0.0 -4 -8.169948492082149 0.0 0.0 
-2.142857142857143 3.5714285714285716 0.0 -3 -6.470281233853701 0.0 0.0 
-2.142857142857143 4.285714285714286 0.0 -5 -11.157339470937188 0.0 0.0 
-2.142857142857143 5.0 0.0 -5 -11.618767625895172 0.0 0.0 
-2.142857142857143 5.714285714285714 0.0 -2 -7.624557884856246 0.0 0.0 
-2.142857142857143 6.428571428571429 0.0 -2 -9.191537550761506 0.0 0.0 
-2.142857142857143 7.142857142857143 0.0 -1 -7.553867045948565 0.0 0.0 
-2.142857142857143 7.857142857142858 0.0 2 1.2214064680089418 0.0 0.0 
-2.142857142857143 8.571428571428571 0.0 4 4.90596271223265 0.0 0.0 
-2.142857142857143 9.285714285714286 0.0 0 -3.176849821531798 0.0 0.0 
-0.0 -9.285714285714286 0.0 4 1.0379321582709267 0.0 0.0 
-0.0 -8.571428571428571 0.0 1 0.8696040186923368 0.0 0.0 
-0.0 -7.857142857142858 0.0 1 -1.816100684836727 0.0 0.0 
-0.0 -7.142857142857143 0.0 1 -1.0726433559697095 0.0 0.0 
-0.0 -6.428571428571429 0.0 2 -1.6074744888468997 0.0 0.0 
-0.0 -5.714285714285714 0.0 2 1.2877866392028547 0.0 0.0 
-0.0 -5.0 0.0 2 2.524187384077133 0.0 0.0 
-0.0 -4.285714285714286 0.0 3 3.897980772592712 0.0 0.0 
-0.0 -3.5714285714285716 0.0 1 3.7759975136472157 0.0 0.0 
-0.0 -2.857142857142857 0.0 2 3.9381292982267224 0.0 0.0 
-0.0 -2.142857142857143 0.0 2 1.8092323664816012 0.0 0.0 
-0.0 2.142857142857143 0.0 -5 -10.209944987565605 0.0 0.0 
-0.0 2.857142857142857 0.0 -2 -6.691634827449618 0.0 0.0 
-0.0 3.5714285714285716 0.0 -3 -6.260145869553778 0.0 0.0 
-0.0 4.285714285714286 0.0 -6 -11.91830030739271 0.0 0.0 
-0.0 5.0 0.0 -5 -10.80188778881023 0.0 0.0 
-0.0 5.714285714285714 0.0 -1 -5.915612879316297 0.0 0.0 
-0.0 6.428571428571429 0.0 -1 -6.67542975227549 0.0 0.0 
-0.0 7.142857142857143 0.0 0 -3.172796874169535 0.0 0.0 
-0.0 7.857142857142858 0.0 4 6.090348178987016 0.0 0.0 
-0.0 8.571428571428571 0.0 6 6.49545185378875 0.0 0.0 
-0.0 9.285714285714286 0.0 0 -0.7011247885032064 0.0 0.0 
0.0 -9.285714285714286 0.0 2 1.120312347346439 0.0 0.0 
0.0 -8.571428571428571 0.0 2 1.5284920018847545 0.0 0.0 
0.0 -7.857142857142858 0.0 2 -2.058658326218278 0.0 0.0 
0.0 -7.142857142857143 0.0 1 0.04612320179401452 0.0 0.0 
0.0 -6.428571428571429 0.0 2 -0.6341533348946427 0.0 0.0 
0.0 -5.714285714285714 0.0 2 2.605281885911686 0.0 0.0 
0.0 -5.0 0.0 3 4.197973608160527 0.0 0.0 
0.0 -4.285714285714286 0.0 3 5.10962033692773 0.0 0.0 
0.0 -3.5714285714285716 0.0 1 4.788728235547616 0.0 0.0 
0.0 -2.857142857142857 0.0 1 4.87382113787674 0.0 0.0 
0.0 -2.142857142857143 0.0 1 2.6539657807650343 0.0 0.0 
0.0 2.142857142857143 0.0 -4 -9.058716237086852 0.0 0.0 
0.0 2.857142857142857 0.0 -3 -5.540634773436323 0.0 0.0 
0.0 3.5714285714285716 0.0 -4 -7.815850622723702 0.0 0.0 
0.0 4.285714285714286 0.0 -7 -13.699940224162294 0.0 0.0 
0.0 5.0 0.0 -4 -11.113694772201297 0.0 0.0 
0.0 5.714285714285714 0.0 0 -3.3139449197599173 0.0 0.0 
0.0 6.428571428571429 0.0 1 -1.1351317823888434 0.0 0.0 
0.0 7.142857142857143 0.0 2 2.1054887462944354 0.0 0.0 
0.0 7.857142857142858 0.0 6 9.353122814781251 0.0 0.0 
0.0 8.571428571428571 0.0 5 6.122451107250146 0.0 0.0 
0.0 9.285714285714286 0.0 0 -2.2127362872444225 0.0 0.0 
2.142857142857143 -9.285714285714286 0.0 2 1.1769848581271103 0.0 0.0 
2.142857142857143 -8.571428571428571 0.0 0 -0.0727600948097129 0.0 0.0 
2.142857142857143 -7.857142857142858 0.0 0 -0.5305827075251 0.0 0.0 
2.142857142857143 -7.142857142857143 0.0 0 0.31980720783407834 0.0 0.0 
2.142857142857143 -6.428571428571429 0.0 0 1.5261791619405218 0.0 0.0 
2.142857142857143 -5.714285714285714 0.0 2 3.9725057691078334 0.0 0.0 
2.142857142857143 -5.0 0.0 4 7.417945218484515 0.0 0.0 
2.142857142857143 -4.285714285714286 0.0 2 7.156149146601118 0.0 0.0 
2.142857142857143 -3.5714285714285716 0.0 0 5.375979558882983 0.0 0.0 
2.142857142857143 -2.857142857142857 0.0 2 5.759202177973542 0.0 0.0 
2.142857142857143 -2.142857142857143 0.0 0 1.9818808755547197 0.0 0.0 
2.142857142857143 1.4285714285714286 0.0 -6 -10.15703440986082 0.0 0.0 
2.142857142857143 2.142857142857143 0.0 -3 -5.51507450485818 0.0 0.0 
2.142857142857143 2.857142857142857 0.0 -3 -4.71274232154804 0.0 0.0 
2.142857142857143 3.5714285714285716 0.0 -6 -9.601542460646275 0.0 0.0 
2.142857142857143 4.285714285714286 0.0 -6 -13.062138608948365 0.0 0.0 
2.142857142857143 5.0 0.0 -1 -5.851023407744642 0.0 0.0 
2.142857142857143 5.714285714285714 0.0 3 3.728607665192824 0.0 0.0 
2.142857142857143 6.428571428571429 0.0 4 6.8343883055007755 0.0 0.0 
2.142857142857143 7.142857142857143 0.0 4 5.911442868237367 0.0 0.0 
2.142857142857143 7.857142857142858 0.0 7 10.687580436655352 0.0 0.0 
2.142857142857143 8.571428571428571 0.0 5 5.7273770575064775 0.0 0.0 
2.142857142857143 9.285714285714286 0.0 -1 -3.8880688585639436 0.0 0.0 
4.285714285714286 -9.285714285714286 0.0 0 0.7100053762284873 0.0 0.0 
4.285714285714286 -8.571428571428571 0.0 0 0.1215011297171921 0.0 0.0 
4.285714285714286 -7.857142857142858 0.0 0 0.9441917202141058 0.0 0.0 
4.285714285714286 -7.142857142857143 0.0 0 1.9048357452322495 0.0 0.0 
4.285714285714286 -6.428571428571429 0.0 1 2.573371645156201 0.0 0.0 
4.285714285714286 -5.714285714285714 0.0 1 4.990843210917934 0.0 0.0 
4.285714285714286 -5.0 0.0 2 8.253360241573281 0.0 0.0 
4.285714285714286 -4.285714285714286 0.0 1 5.9227414574269 0.0 0.0 
4.285714285714286 -3.5714285714285716 0.0 0 5.110427672004358 0.0 0.0 
4.285714285714286 -2.857142857142857 0.0 2 7.293928247881721 0.0 0.0 
4.285714285714286 -2.142857142857143 0.0 0 1.2752083653249784 0.0 0.0 
4.285714285714286 -1.4285714285714286 0.0 -4 -2.9946124742429268 0.0 0.0 
4.285714285714286 1.4285714285714286 0.0 -5 -7.704993905878308 0.0 0.0 
4.285714285714286 2.142857142857143 0.0 -3 -3.1389058849472176 0.0 0.0 
4.285714285714286 2.857142857142857 0.0 -4 -5.896074303421154 0.0 0.0 
4.285714285714286 3.5714285714285716 0.0 -3 -6.996990060660564 0.0 0.0 
4.285714285714286 4.285714285714286 0.0 -2 -7.661203264952233 0.0 0.0 
4.285714285714286 5.0 0.0 2 2.447229125087879 0.0 0.0 
4.285714285714286 5.714285714285714 0.0 7 11.910088219155725 0.0 0.0 
4.285714285714286 6.428571428571429 0.0 6 8.948822459406593 0.0 0.0 
4.285714285714286 7.142857142857143 0.0 5 6.441707382389907 0.0 0.0 
4.285714285714286 7.857142857142858 0.0 5 7.37022009105203 0.0 0.0 
4.285714285714286 8.571428571428571 0.0 3 5.657922430869233 0.0 0.0 
4.285714285714286 9.285714285714286 0.0 -1 -4.413504483261723 0.0 0.0 
6.428571428571429 -9.285714285714286 0.0 0 1.059580476188124 0.0 0.0 
6.428571428571429 -8.571428571428571 0.0 -1 1.1226601152155387 0.0 0.0 
6.428571428571429 -7.857142857142858 0.0 0 1.2548756982061595 0.0 0.0 
6.428571428571429 -7.142857142857143 0.0 0 4.040085747963903 0.0 0.0 
6.428571428571429 -6.428571428571429 0.0 1 3.2556458409296805 0.0 0.0 
6.428571428571429 -5.714285714285714 0.0 1 7.296269767505221 0.0 0.0 
6.428571428571429 -5.0 0.0 2 8.00971156062961 0.0 0.0 
6.428571428571429 -4.285714285714286 0.0 0 6.212096577503066 0.0 0.0 
6.428571428571429 -3.5714285714285716 0.0 0 6.261637906837417 0.0 0.0 
6.428571428571429 -2.857142857142857 0.0 2 7.519165375620603 0.0 0.0 
6.428571428571429 -2.142857142857143 0.0 0 1.2079962192566391 0.0 0.0 
6.428571428571429 -1.4285714285714286 0.0 -4 -1.188918152863633 0.0 0.0 
6.428571428571429 -0.7142857142857143 0.0 0 0.5495270911555394 0.0 0.0 
6.428571428571429 -0.0 0.0 -3 -5.1991866681502 0.0 0.0 
6.428571428571429 0.0 0.0 -10 -13.107279821329563 0.0 0.0 
6.428571428571429 2.142857142857143 0.0 -4 -5.350535075738527 0.0 0.0 
6.428571428571429 2.857142857142857 0.0 -4 -7.990229734571814 0.0 0.0 
6.428571428571429 3.5714285714285716 0.0 -1 -5.182913408407105 0.0 0.0 
6.428571428571429 4.285714285714286 0.0 3 0.38317219195818986 0.0 0.0 
6.428571428571429 5.0 0.0 6 8.820094895389953 0.0 0.0 
6.428571428571429 5.714285714285714 0.0 13 19.905900809669618 0.0 0.0 
6.428571428571429 6.428571428571429 0.0 6 3.6787646075934735 0.0 0.0 
6.428571428571429 7.142857142857143 0.0 0 3.1284442635171366 0.0 0.0 
6.428571428571429 7.857142857142858 0.0 0 -0.7968801855371437 0.0 0.0 
6.428571428571429 8.571428571428571 0.0 0 1.2642548075491087 0.0 0.0 
6.428571428571429 9.285714285714286 0.0 0 -3.8982619485814256 0.0 0.0 
8.571428571428571 -9.285714285714286 0.0 -1 0.2741116527126235 0.0 0.0 
8.571428571428571 -8.571428571428571 0.0 0 1.3186728351669847 0.0 0.0 
8.571428571428571 -7.857142857142858 0.0 0 3.497817336016626 0.0 0.0 
8.571428571428571 -7.142857142857143 0.0 1 6.59760382057165 0.0 0.0 
8.571428571428571 -6.428571428571429 0.0 1 4.893259598364855 0.0 0.0 
8.571428571428571 -5.714285714285714 0.0 0 6.877766096101434 0.0 0.0 
8.571428571428571 -5.0 0.0 0 6.854174921430895 0.0 0.0 
8.571428571428571 -4.285714285714286 0.0 -3 3.6603784109129363 0.0 0.0 
8.571428571428571 -3.5714285714285716 0.0 -1 4.1419383936503165 0.0 0.0 
8.571428571428571 -2.857142857142857 0.0 0 3.804945507850126 0.0 0.0 
8.571428571428571 -2.142857142857143 0.0 -2 -1.3431495064879315 0.0 0.0 
8.571428571428571 -1.4285714285714286 0.0 0 3.213404309650744 0.0 0.0 
8.571428571428571 -0.7142857142857143 0.0 2 3.4324722453646928 0.0 0.0 
8.571428571428571 -0.0 0.0 -2 -2.3431592986101633 0.0 0.0 
8.571428571428571 0.0 0.0 -7 -7.5386758599617 0.0 0.0 
8.571428571428571 0.7142857142857143 0.0 -1 -5.350370147277997 0.0 0.0 
8.571428571428571 1.4285714285714286 0.0 -3 -6.545724285966531 0.0 0.0 
8.571428571428571 3.5714285714285716 0.0 2 0.5433071982774926 0.0 0.0 
8.571428571428571 4.285714285714286 0.0 9 8.11849144175097 0.0 0.0 
8.571428571428571 5.0 0.0 10 13.551687203439064 0.0 0.0 
8.571428571428571 5.714285714285714 0.0 15 16.303818765453492 0.0 0.0 
8.571428571428571 6.428571428571429 0.0 1 -0.9016439100562117 0.0 0.0 
8.571428571428571 7.142857142857143 0.0 -4 -6.730458604279981 0.0 0.0 
8.571428571428571 7.857142857142858 0.0 1 1.9155534243613825 0.0 0.0 
8.571428571428571 8.571428571428571 0.0 -5 -6.961478127646882 0.0 0.0 
8.571428571428571 9.285714285714286 0.0 -1 -1.9723281346233956 0.0 0.0 
10.714285714285714 -9.285714285714286 0.0 -3 -0.10538055876190189 0.0 0.0 
10.714285714285714 -8.571428571428571 0.0 -1 0.6495382985699623 0.0 0.0 
10.714285714285714 -7.857142857142858 0.0 0 3.545015543650856 0.0 0.0 
10.714285714285714 -7.142857142857143 0.0 1 5.926526578433284 0.0 0.0 
10.714285714285714 -6.428571428571429 0.0 0 5.841839395484164 0.0 0.0 
10.714285714285714 -5.714285714285714 0.0 0 7.595826188441767 0.0 0.0 
10.714285714285714 -5.0 0.0 1 8.96172346759057 0.0 0.0 
10.714285714285714 -4.285714285714286 0.0 1 5.674008588487611 0.0 0.0 
10.714285714285714 -3.5714285714285716 0.0 1 6.537593023214491 0.0 0.0 
10.714285714285714 -2.857142857142857 0.0 0 3.8528604957660546 0.0 0.0 
10.714285714285714 -2.142857142857143 0.0 -5 -2.060444582895018 0.0 0.0 
10.714285714285714 -1.4285714285714286 0.0 -1 0.8505684880399871 0.0 0.0 
10.714285714285714 -0.7142857142857143 0.0 -1 -1.2879857271144814 0.0 0.0 
10.714285714285714 -0.0 0.0 -6 -9.852444213721846 0.0 0.0 
10.714285714285714 0.0 0.0 1 -3.387274964067201 0.0 0.0 
10.714285714285714 0.7142857142857143 0.0 1 -6.0138734841793715 0.0 0.0 
10.714285714285714 1.4285714285714286 0.0 0 0.48806221945658557 0.0 0.0 
10.714285714285714 2.142857142857143 0.0 -4 -8.588257448580478 0.0 0.0 
10.714285714285714 4.285714285714286 0.0 7 4.780514130001347 0.0 0.0 
10.714285714285714 5.0 0.0 10 14.667865903225149 0.0 0.0 
10.714285714285714 5.714285714285714 0.0 6 3.786905219328734 0.0 0.0 
10.714285714285714 6.428571428571429 0.0 1 -0.09562126583731212 0.0 0.0 
10.714285714285714 7.142857142857143 0.0 -6 -11.071775458611999 0.0 0.0 
10.714285714285714 7.857142857142858 0.0 4 8.704983630397631 0.0 0.0 
10.714285714285714 8.571428571428571 0.0 -2 -5.960845284148456 0.0 0.0 
10.714285714285714 9.285714285714286 0.0 -11 -9.98410925499706 0.0 0.0 
12.857142857142858 -9.285714285714286 0.0 -4 -2.552359069252193 0.0 0.0 
12.857142857142858 -8.571428571428571 0.0 -1 -0.4325950800523044 0.0 0.0 
12.857142857142858 -7.857142857142858 0.0 0 2.2332054625585824 0.0 0.0 
12.857142857142858 -7.142857142857143 0.0 0 4.29110372363389 0.0 0.0 
12.857142857142858 -6.428571428571429 0.0 0 4.573290492084768 0.0 0.0 
12.857142857142858 -5.714285714285714 0.0 1 6.187805767130891 0.0 0.0 
12.857142857142858 -5.0 0.0 3 11.098622978429244 0.0 0.0 
12.857142857142858 -4.285714285714286 0.0 4 10.642175947284334 0.0 0.0 
12.857142857142858 -3.5714285714285716 0.0 4 13.267741624025213 0.0 0.0 
12.857142857142858 -2.857142857142857 0.0 3 8.081188947365565 0.0 0.0 
12.857142857142858 -2.142857142857143 0.0 -1 2.856096584723607 0.0 0.0 
12.857142857142858 -1.4285714285714286 0.0 -2 -1.9797913120140294 0.0 0.0 
12.857142857142858 -0.7142857142857143 0.0 -6 -6.09544589786587 0.0 0.0 
12.857142857142858 -0.0 0.0 -14 -18.752576335747335 0.0 0.0 
12.857142857142858 0.0 0.0 -3 -8.066336095170959 0.0 0.0 
12.857142857142858 0.7142857142857143 0.0 -2 -8.72047405559899 0.0 0.0 
12.857142857142858 1.4285714285714286 0.0 5 -1.464726816521556 0.0 0.0 
12.857142857142858 2.142857142857143 0.0 17 9.02686292764126 0.0 0.0 
12.857142857142858 3.5714285714285716 0.0 13 16.871326322537918 0.0 0.0 
12.857142857142858 4.285714285714286 0.0 2 1.0909668780412627 0.0 0.0 
12.857142857142858 5.0 0.0 4 9.79922762410553 0.0 0.0 
12.857142857142858 5.714285714285714 0.0 -5 -6.140808121948432 0.0 0.0 
12.857142857142858 6.428571428571429 0.0 -9 -10.28808409738519 0.0 0.0 
12.857142857142858 7.142857142857143 0.0 0 -0.6920169508341854 0.0 0.0 
12.857142857142858 7.857142857142858 0.0 4 3.1249522400444087 0.0 0.0 
12.857142857142858 8.571428571428571 0.0 15 14.532584053029517 0.0 0.0 
12.857142857142858 9.285714285714286 0.0 -8 -9.857670231654469 0.0 0.0 
15.0 -9.285714285714286 0.0 -2 -1.9749417775105509 0.0 0.0 
15.0 -8.571428571428571 0.0 0 2.79040163020938 0.0 0.0 
15.0 -7.857142857142858 0.0 1 6.3846102855302975 0.0 0.0 
15.0 -7.142857142857143 0.0 1 7.2532161055546975 0.0 0.0 
15.0 -6.428571428571429 0.0 0 5.750218835029208 0.0 0.0 
15.0 -5.714285714285714 0.0 0 5.943542970255603 0.0 0.0 
15.0 -5.0 0.0 0 7.48592956037452 0.0 0.0 
15.0 -4.285714285714286 0.0 0 3.948746918906181 0.0 0.0 
15.0 -3.5714285714285716 0.0 1 5.847349596803211 0.0 0.0 
15.0 -2.857142857142857 0.0 1 1.6762054071279848 0.0 0.0 
15.0 -2.142857142857143 0.0 1 -0.07770445999014641 0.0 0.0 
15.0 -1.4285714285714286 0.0 0 -4.130166546142453 0.0 0.0 
15.0 -0.7142857142857143 0.0 -1 -8.919953314389865 0.0 0.0 
15.0 -0.0 0.0 -6 -14.591219435578878 0.0 0.0 
15.0 0.0 0.0 -4 -11.77262722821084 0.0 0.0 
15.0 0.7142857142857143 0.0 -1 -4.175397690820297 0.0 0.0 
15.0 1.4285714285714286 0.0 -1 -4.352253432710396 0.0 0.0 
15.0 2.142857142857143 0.0 16 15.062198640258034 0.0 0.0 
15.0 2.857142857142857 0.0 15 14.380680218162093 0.0 0.0 
15.0 3.5714285714285716 0.0 8 13.33739078860548 0.0 0.0 
15.0 4.285714285714286 0.0 0 2.2023953381747026 0.0 0.0 
15.0 5.0 0.0 -2 1.3321845795287475 0.0 0.0 
15.0 5.714285714285714 0.0 -5 -2.8411920688438514 0.0 0.0 
15.0 6.428571428571429 0.0 -16 -18.156116617015858 0.0 0.0 
15.0 7.142857142857143 0.0 1 7.501335689677099 0.0 0.0 
15.0 7.857142857142858 0.0 -2 1.044247479943659 0.0 0.0 
15.0 8.571428571428571 0.0 8 11.473089704120246 0.0 0.0 
15.0 9.285714285714286 0.0 13 12.361156968869741 0.0 0.0 
17.142857142857142 -9.285714285714286 0.0 0 2.642488607078998 0.0 0.0 
17.142857142857142 -8.571428571428571 0.0 0 4.393384021100599 0.0 0.0 
17.142857142857142 -7.857142857142858 0.0 -1 5.849145665399464 0.0 0.0 
17.142857142857142 -7.142857142857143 0.0 -1 6.757763196716898 0.0 0.0 
17.142857142857142 -6.428571428571429 0.0 0 4.736092504622613 0.0 0.0 
17.142857142857142 -5.714285714285714 0.0 1 7.154669011968526 0.0 0.0 
17.142857142857142 -5.0 0.0 4 8.00631394270825 0.0 0.0 
17.142857142857142 -4.285714285714286 0.0 3 4.837375667104174 0.0 0.0 
17.142857142857142 -3.5714285714285716 0.0 2 3.8818461419171815 0.0 0.0 
17.142857142857142 -2.857142857142857 0.0 1 -1.6653738922764596 0.0 0.0 
17.142857142857142 -2.142857142857143 0.0 1 -1.7920380940800822 0.0 0.0 
17.142857142857142 -1.4285714285714286 0.0 3 -1.1736246296487938 0.0 0.0 
17.142857142857142 -0.7142857142857143 0.0 2 -4.9627979235964235 0.0 0.0 
17.142857142857142 -0.0 0.0 5 -0.7426012909361859 0.0 0.0 
17.142857142857142 0.0 0.0 2 -5.772540176821047 0.0 0.0 
17.142857142857142 0.7142857142857143 0.0 5 2.642980139306318 0.0 0.0 
17.142857142857142 1.4285714285714286 0.0 0 -5.050731855182274 0.0 0.0 
17.142857142857142 2.142857142857143 0.0 0 1.6834476491041421 0.0 0.0 
17.142857142857142 2.857142857142857 0.0 5 4.164588632495928 0.0 0.0 
17.142857142857142 3.5714285714285716 0.0 -1 -3.3065281538895537 0.0 0.0 
17.142857142857142 4.285714285714286 0.0 -2 -2.8912894075795754 0.0 0.0 
17.142857142857142 5.0 0.0 -3 -6.709956422200738 0.0 0.0 
17.142857142857142 5.714285714285714 0.0 0 0.14911390643546607 0.0 0.0 
17.142857142857142 6.428571428571429 0.0 -7 -10.648421600894554 0.0 0.0 
17.142857142857142 7.142857142857143 0.0 3 4.603945175211276 0.0 0.0 
17.142857142857142 7.857142857142858 0.0 -1 -1.0516357951242528 0.0 0.0 
17.142857142857142 8.571428571428571 0.0 -14 -11.815848079520077 0.0 0.0 
17.142857142857142 9.285714285714286 0.0 7 0.42599127708526074 0.0 0.0 
19.285714285714285 -9.285714285714286 0.0 -5 -7.046363974219385 0.0 0.0 
19.285714285714285 -8.571428571428571 0.0 -4 -9.487856635704905 0.0 0.0 
19.285714285714285 -7.857142857142858 0.0 0 0.3244824380588329 0.0 0.0 
19.285714285714285 -7.142857142857143 0.0 5 1.5044108366686348 0.0 0.0 
19.285714285714285 -6.428571428571429 0.0 8 8.268515596673264 0.0 0.0 
19.285714285714285 -5.714285714285714 0.0 13 10.488616376370315 0.0 0.0 
19.285714285714285 -5.0 0.0 16 15.691148340360977 0.0 0.0 
19.285714285714285 -4.285714285714286 0.0 13 12.995906048813685 0.0 0.0 
19.285714285714285 -3.5714285714285716 0.0 11 11.504678961732836 0.0 0.0 
19.285714285714285 -2.857142857142857 0.0 4 1.9440128657805316 0.0 0.0 
19.285714285714285 -2.142857142857143 0.0 -5 -8.586872159939539 0.0 0.0 
19.285714285714285 -1.4285714285714286 0.0 -7 -12.335388991677666 0.0 0.0 
19.285714285714285 -0.7142857142857143 0.0 -10 -19.938045822562497 0.0 0.0 
19.285714285714285 -0.0 0.0 -1 -8.065059445116573 0.0 0.0 
19.285714285714285 0.0 0.0 2 -2.580876645550819 0.0 0.0 
19.285714285714285 0.7142857142857143 0.0 9 8.902201064197865 0.0 0.0 
19.285714285714285 1.4285714285714286 0.0 11 12.223620633522337 0.0 0.0 
19.285714285714285 2.142857142857143 0.0 0 2.4215766149806814 0.0 0.0 
19.285714285714285 2.857142857142857 0.0 -2 3.424938153507677 0.0 0.0 
19.285714285714285 3.5714285714285716 0.0 -12 -11.655303076592592 0.0 0.0 
19.285714285714285 4.285714285714286 0.0 -6 -2.7928165750739904 0.0 0.0 
19.285714285714285 5.0 0.0 -5 -5.71453394452989 0.0 0.0 
19.285714285714285 5.714285714285714 0.0 0 3.5733762605759343 0.0 0.0 
19.285714285714285 6.428571428571429 0.0 3 5.400870907069981 0.0 0.0 
19.285714285714285 7.142857142857143 0.0 7 10.314750361317813 0.0 0.0 
19.285714285714285 7.857142857142858 0.0 7 11.59379402199651 0.0 0.0 
19.285714285714285 8.571428571428571 0.0 -8 -6.409474948891652 0.0 0.0 
19.285714285714285 9.285714285714286 0.0 -5 -3.516390799815886 0.0 0.0 
21.428571428571427 -9.285714285714286 0.0 4 -8.80001883601077 0.0 0.0 
21.428571428571427 -8.571428571428571 0.0 12 10.491011615913013 0.0 0.0 
21.428571428571427 -7.857142857142858 0.0 11 7.526146499837818 0.0 0.0 
21.428571428571427 -7.142857142857143 0.0 12 14.830040773512664 0.0 0.0 
21.428571428571427 -6.428571428571429 0.0 9 7.766188809226104 0.0 0.0 
21.428571428571427 -5.714285714285714 0.0 9 13.9167520931003 0.0 0.0 
21.428571428571427 -5.0 0.0 5 7.843194164427302 0.0 0.0 
21.428571428571427 -4.285714285714286 0.0 1 6.735595678606394 0.0 0.0 
21.428571428571427 -3.5714285714285716 0.0 -2 -3.565881624477559 0.0 0.0 
21.428571428571427 -2.857142857142857 0.0 -3 -4.96754348839697 0.0 0.0 
21.428571428571427 -2.142857142857143 0.0 -6 -11.119381460850134 0.0 0.0 
21.428571428571427 -1.4285714285714286 0.0 -3 -6.536706096251618 0.0 0.0 
21.428571428571427 -0.7142857142857143 0.0 -6 -11.594203049306822 0.0 0.0 
21.428571428571427 -0.0 0.0 -4 -8.51352229571902 0.0 0.0 
21.428571428571427 0.0 0.0 0 -4.615443629166961 0.0 0.0 
21.428571428571427 0.7142857142857143 0.0 -1 -4.666597369356708 0.0 0.0 
21.428571428571427 1.4285714285714286 0.0 4 4.4411411784228445 0.0 0.0 
21.428571428571427 2.142857142857143 0.0 -2 -3.429732029337634 0.0 0.0 
21.428571428571427 2.857142857142857 0.0 -1 0.7752474465539978 0.0 0.0 
21.428571428571427 3.5714285714285716 0.0 -6 -10.722055882247922 0.0 0.0 
21.428571428571427 4.285714285714286 0.0 -4 -6.531170328867127 0.0 0.0 
21.428571428571427 5.0 0.0 -3 -8.00615339242244 0.0 0.0 
21.428571428571427 5.714285714285714 0.0 -4 -12.37422276796436 0.0 0.0 
21.428571428571427 6.428571428571429 0.0 1 -1.4346794491610126 0.0 0.0 
21.428571428571427 7.142857142857143 0.0 1 -4.388353647178542 0.0 0.0 
21.428571428571427 7.857142857142858 0.0 4 4.001888903138645 0.0 0.0 
21.428571428571427 8.571428571428571 0.0 2 -2.7938699332302033 0.0 0.0 
21.428571428571427 9.285714285714286 0.0 0 -2.8362517630132684 0.0 0.0 
23.57142857142857 -9.285714285714286 0.0 8 12.56833954393584 0.0 0.0 
23.57142857142857 -8.571428571428571 0.0 4 12.931090363525126 0.0 0.0 
23.57142857142857 -7.857142857142858 0.0 3 14.0128909694285 0.0 0.0 
23.57142857142857 -7.142857142857143 0.0 4 16.641365425527916 0.0 0.0 
23.57142857142857 -6.428571428571429 0.0 3 10.02898669557903 0.0 0.0 
23.57142857142857 -5.714285714285714 0.0 1 8.930852934312426 0.0 0.0 
23.57142857142857 -5.0 0.0 -1 -2.197418059585683 0.0 0.0 
23.57142857142857 -4.285714285714286 0.0 -3 -2.8884139963690076 0.0 0.0 
23.57142857142857 -3.5714285714285716 0.0 -5 -8.819979491406233 0.0 0.0 
23.57142857142857 -2.857142857142857 0.0 -4 -5.856648952329893 0.0 0.0 
23.57142857142857 -2.142857142857143 0.0 -3 -8.954691054805792 0.0 0.0 
23.57142857142857 -1.4285714285714286 0.0 0 -7.153878146167606 0.0 0.0 
23.57142857142857 -0.7142857142857143 0.0 3 -3.365249653410598 0.0 0.0 
23.57142857142857 -0.0 0.0 5 -0.6310868993305387 0.0 0.0 
23.57142857142857 0.0 0.0 10 8.832681666597411 0.0 0.0 
23.57142857142857 0.7142857142857143 0.0 3 3.6454360754953417 0.0 0.0 
23.57142857142857 1.4285714285714286 0.0 0 3.941514140018921 0.0 0.0 
23.57142857142857 2.142857142857143 0.0 -6 -4.760879975482783 0.0 0.0 
23.57142857142857 2.857142857142857 0.0 -6 -7.933357484852036 0.0 0.0 
23.57142857142857 3.5714285714285716 0.0 -4 -7.943074841605157 0.0 0.0 
23.57142857142857 4.285714285714286 0.0 -1 -7.395344293629958 0.0 0.0 
23.57142857142857 5.0 0.0 3 4.179480227897729 0.0 0.0 
23.57142857142857 5.714285714285714 0.0 0 -4.418447577292376 0.0 0.0 
23.57142857142857 6.428571428571429 0.0 2 5.722041336684153 0.0 0.0 
23.57142857142857 7.142857142857143 0.0 -2 -4.270569729741132 0.0 0.0 
23.57142857142857 7.857142857142858 0.0 -3 -2.6639868853740203 0.0 0.0 
23.57142857142857 8.571428571428571 0.0 -2 -5.313043895408466 0.0 0.0 
23.57142857142857 9.285714285714286 0.0 0 -1.9765276592811358 0.0 0.0 
25.714285714285715 -9.285714285714286 0.0 0 1.341187083800798 0.0 0.0 
25.714285714285715 -8.571428571428571 0.0 8 10.134899143020181 0.0 0.0 
25.714285714285715 -7.857142857142858 0.0 10 10.933657645653003 0.0 0.0 
25.714285714285715 -7.142857142857143 0.0 8 -3.5866906395349396 0.0 0.0 
25.714285714285715 -6.428571428571429 0.0 4 -7.634122270269827 0.0 0.0 
25.714285714285715 -5.714285714285714 0.0 5 -9.023086244453424 0.0 0.0 
25.714285714285715 -5.0 0.0 6 -4.299104996387618 0.0 0.0 
25.714285714285715 -4.285714285714286 0.0 2 -7.209315458060512 0.0 0.0 
25.714285714285715 -3.5714285714285716 0.0 0 -11.19863049311741 0.0 0.0 
25.714285714285715 -2.857142857142857 0.0 -4 -21.18968309086594 0.0 0.0 
25.714285714285715 -2.142857142857143 0.0 -3 -18.162447867382447 0.0 0.0 
25.714285714285715 -1.4285714285714286 0.0 -3 -18.921960124369257 0.0 0.0 
25.714285714285715 -0.7142857142857143 0.0 1 -7.221192765459564 0.0 0.0 
25.714285714285715 -0.0 0.0 0 -9.520870618963855 0.0 0.0 
25.714285714285715 0.0 0.0 -1 -2.849296883239669 0.0 0.0 
25.714285714285715 0.7142857142857143 0.0 -5 -11.2639474507677 0.0 0.0 
25.714285714285715 1.4285714285714286 0.0 -9 -15.361296183002786 0.0 0.0 
25.714285714285715 2.142857142857143 0.0 -9 -16.542161670573254 0.0 0.0 
25.714285714285715 2.857142857142857 0.0 -7 -17.732445636299612 0.0 0.0 
25.714285714285715 3.5714285714285716 0.0 -2 -7.736044111961913 0.0 0.0 
25.714285714285715 4.285714285714286 0.0 -1 -9.369963011264966 0.0 0.0 
25.714285714285715 5.0 0.0 2 0.8692890987674 0.0 0.0 
25.714285714285715 5.714285714285714 0.0 1 -3.4623548661992576 0.0 0.0 
25.714285714285715 6.428571428571429 0.0 1 0.49304472997624194 0.0 0.0 
25.714285714285715 7.142857142857143 0.0 0 -3.245706459125263 0.0 0.0 
25.714285714285715 7.857142857142858 0.0 -3 -7.092359318996161 0.0 0.0 
25.714285714285715 8.571428571428571 0.0 -2 -6.222232970428 0.0 0.0 
25.714285714285715 9.285714285714286 0.0 -1 -8.658860737893338 0.0 0.0 
27.857142857142858 -9.285714285714286 0.0 6 16.618697774020433 0.0 0.0 
27.857142857142858 -8.571428571428571 0.0 6 13.34759632100169 0.0 0.0 
27.857142857142858 -7.857142857142858 0.0 6 1.9660748297694113 0.0 0.0 
27.857142857142858 -7.142857142857143 0.0 7 1.2889728238927063 0.0 0.0 
27.857142857142858 -6.428571428571429 0.0 6 -0.39261136567817445 0.0 0.0 
27.857142857142858 -5.714285714285714 0.0 6 1.0179039217972932 0.0 0.0 
27.857142857142858 -5.0 0.0 2 -3.818098904749183 0.0 0.0 
27.857142857142858 -4.285714285714286 0.0 -1 -7.150917102385372 0.0 0.0 
27.857142857142858 -3.5714285714285716 0.0 -2 -7.251517860159932 0.0 0.0 
27.857142857142858 -2.857142857142857 0.0 -4 -7.109668033927662 0.0 0.0 
27.857142857142858 -2.142857142857143 0.0 -4 -3.6345670078239465 0.0 0.0 
27.857142857142858 -1.4285714285714286 0.0 -6 -4.777781394956106 0.0 0.0 
27.857142857142858 -0.7142857142857143 0.0 -5 -2.0657984019454236 0.0 0.0 
27.857142857142858 -0.0 0.0 -5 -0.4804693484369533 0.0 0.0 
27.857142857142858 0.0 0.0 -2 0.4272505790564747 0.0 0.0 
27.857142857142858 0.7142857142857143 0.0 0 3.75392396406386 0.0 0.0 
27.857142857142858 1.4285714285714286 0.0 -1 1.6198706303850097 0.0 0.0 
27.857142857142858 2.142857142857143 0.0 0 6.115154092388053 0.0 0.0 
27.857142857142858 2.857142857142857 0.0 0 2.397769624024911 0.0 0.0 
27.857142857142858 3.5714285714285716 0.0 1 5.865920948061332 0.0 0.0 
27.857142857142858 4.285714285714286 0.0 1 4.706610344076859 0.0 0.0 
27.857142857142858 5.0 0.0 1 5.266833959069235 0.0 0.0 
27.857142857142858 5.714285714285714 0.0 2 8.208267602900479 0.0 0.0 
27.857142857142858 6.428571428571429 0.0 1 3.2218149823752795 0.0 0.0 
27.857142857142858 7.142857142857143 0.0 2 7.531978182414708 0.0 0.0 
27.857142857142858 7.857142857142858 0.0 0 -0.45637001242862313 0.0 0.0 
27.857142857142858 8.571428571428571 0.0 1 5.756028154845596 0.0 0.0 
27.857142857142858 9.285714285714286 0.0 0 -3.069665009439722 0.0 0.0 
