-27.857142857142858 -9.285714285714286 0.0 4 11.04295926299205 0.0 0.0 
-27.857142857142858 -8.571428571428571 0.0 9 22.77569860233376 0.0 0.0 
-27.857142857142858 -7.857142857142858 0.0 9 22.582061687894324 0.0 0.0 
-27.857142857142858 -7.142857142857143 0.0 7 14.003041704588332 0.0 0.0 
-27.857142857142858 -6.428571428571429 0.0 4 1.2091309372668952 0.0 0.0 
-27.857142857142858 -5.714285714285714 0.0 0 -10.092750885494324 0.0 0.0 
-27.857142857142858 -5.0 0.0 -2 -19.235604916452544 0.0 0.0 
-27.857142857142858 -4.285714285714286 0.0 -3 -26.810510970555562 0.0 0.0 
-27.857142857142858 -3.5714285714285716 0.0 -6 -32.886324093536025 0.0 0.0 
-27.857142857142858 -2.857142857142857 0.0 -8 -36.14868377975078 0.0 0.0 
-27.857142857142858 -2.142857142857143 0.0 -10 -39.50845024985989 0.0 0.0 
-27.857142857142858 -1.4285714285714286 0.0 -11 -43.406789077421905 0.0 0.0 
-27.857142857142858 -0.7142857142857143 0.0 -13 -43.64600363682892 0.0 0.0 
-27.857142857142858 -0.0 0.0 -14 -41.61139871786119 0.0 0.0 
-27.857142857142858 0.0 0.0 -13 -37.86526450875081 0.0 0.0 
-27.857142857142858 0.7142857142857143 0.0 -12 -33.00134372681774 0.0 0.0 
-27.857142857142858 1.4285714285714286 0.0 -10 -25.801903020526186 0.0 0.0 
-27.857142857142858 2.142857142857143 0.0 -8 -20.516050992387594 0.0 0.0 
-27.857142857142858 2.857142857142857 0.0 -7 -12.738948004727746 0.0 0.0 
-27.857142857142858 3.5714285714285716 0.0 -4 -2.5660954421383693 0.0 0.0 
-27.857142857142858 4.285714285714286 0.0 -1 3.4433209854274818 0.0 0.0 
-27.857142857142858 5.0 0.0 0 6.262996507208987 0.0 0.0 
-27.857142857142858 5.714285714285714 0.0 0 12.499146455680057 0.0 0.0 
-27.857142857142858 6.428571428571429 0.0 2 17.040497765989667 0.0 0.0 
-27.857142857142858 7.142857142857143 0.0 3 13.81369104289913 0.0 0.0 
-27.857142857142858 7.857142857142858 0.0 0 6.792720740366242 0.0 0.0 
-27.857142857142858 8.571428571428571 0.0 0 9.827918839605527 0.0 0.0 
-27.857142857142858 9.285714285714286 0.0 5 12.98957020028976 0.0 0.0 
-25.714285714285715 -9.285714285714286 0.0 10 18.084779540766682 0.0 0.0 
-25.714285714285715 -8.571428571428571 0.0 13 20.420863812892186 0.0 0.0 
-25.714285714285715 -7.857142857142858 0.0 9 13.194317769265098 0.0 0.0 
-25.714285714285715 -7.142857142857143 0.0 3 -6.928374479813094 0.0 0.0 
-25.714285714285715 -6.428571428571429 0.0 -5 -22.630778098305502 0.0 0.0 
-25.714285714285715 -5.714285714285714 0.0 -11 -36.96404033610385 0.0 0.0 
-25.714285714285715 -5.0 0.0 -14 -41.68871780966273 0.0 0.0 
-25.714285714285715 -4.285714285714286 0.0 -17 -46.86578306987214 0.0 0.0 
-25.714285714285715 -3.5714285714285716 0.0 -18 -46.643218228628456 0.0 0.0 
-25.714285714285715 -2.857142857142857 0.0 -17 -45.12953535847886 0.0 0.0 
-25.714285714285715 -2.142857142857143 0.0 -16 -42.610371221452084 0.0 0.0 
-25.714285714285715 -1.4285714285714286 0.0 -17 -41.39961830680598 0.0 0.0 
-25.714285714285715 -0.7142857142857143 0.0 -15 -35.69528843577314 0.0 0.0 
-25.714285714285715 -0.0 0.0 -12 -28.49893733374229 0.0 0.0 
-25.714285714285715 0.0 0.0 -10 -21.18462203954011 0.0 0.0 
-25.714285714285715 0.7142857142857143 0.0 -10 -13.269294931935722 0.0 0.0 
-25.714285714285715 1.4285714285714286 0.0 -8 -3.9436992449220547 0.0 0.0 
-25.714285714285715 2.142857142857143 0.0 -6 2.1615456428682904 0.0 0.0 
-25.714285714285715 2.857142857142857 0.0 -6 8.040108260091689 0.0 0.0 
-25.714285714285715 3.5714285714285716 0.0 -1 18.339355375777203 0.0 0.0 
-25.714285714285715 4.285714285714286 0.0 1 24.149720154776126 0.0 0.0 
-25.714285714285715 5.0 0.0 0 22.777413341213695 0.0 0.0 
-25.714285714285715 5.714285714285714 0.0 0 23.01253580914195 0.0 0.0 
-25.714285714285715 6.428571428571429 0.0 5 28.799527876488128 0.0 0.0 
-25.714285714285715 7.142857142857143 0.0 7 26.588033054681766 0.0 0.0 
-25.714285714285715 7.857142857142858 0.0 1 19.491862499848907 0.0 0.0 
-25.714285714285715 8.571428571428571 0.0 1 24.77204534328732 0.0 0.0 
-25.714285714285715 9.285714285714286 0.0 9 33.24436402050058 0.0 0.0 
-23.57142857142857 -9.285714285714286 0.0 16 22.16089901063761 0.0 0.0 
-23.57142857142857 -8.571428571428571 0.0 14 10.247135573843071 0.0 0.0 
-23.57142857142857 -7.857142857142858 0.0 6 -6.094184062177742 0.0 0.0 
-23.57142857142857 -7.142857142857143 0.0 -5 -30.69174838490268 0.0 0.0 
-23.57142857142857 -6.428571428571429 0.0 -13 -42.93001298016311 0.0 0.0 
-23.57142857142857 -5.714285714285714 0.0 -18 -50.674212789740515 0.0 0.0 
-23.57142857142857 -5.0 0.0 -19 -46.073951293979476 0.0 0.0 
-23.57142857142857 -4.285714285714286 0.0 -16 -43.31374859710386 0.0 0.0 
-23.57142857142857 -3.5714285714285716 0.0 -16 -37.94301731004303 0.0 0.0 
-23.57142857142857 -2.857142857142857 0.0 -14 -33.50801861998403 0.0 0.0 
-23.57142857142857 -2.142857142857143 0.0 -12 -29.77479751059862 0.0 0.0 
-23.57142857142857 -1.4285714285714286 0.0 -12 -25.92853795292463 0.0 0.0 
-23.57142857142857 -0.7142857142857143 0.0 -11 -20.32359337387586 0.0 0.0 
-23.57142857142857 -0.0 0.0 -10 -10.803206926405895 0.0 0.0 
-23.57142857142857 0.0 0.0 -8 -5.891403414796752 0.0 0.0 
-23.57142857142857 0.7142857142857143 0.0 -7 0.3475899742669739 0.0 0.0 
-23.57142857142857 1.4285714285714286 0.0 -4 6.563129526253192 0.0 0.0 
-23.57142857142857 2.142857142857143 0.0 -2 11.719231004371766 0.0 0.0 
-23.57142857142857 2.857142857142857 0.0 -1 13.640352045225464 0.0 0.0 
-23.57142857142857 3.5714285714285716 0.0 3 23.26348980535048 0.0 0.0 
-23.57142857142857 4.285714285714286 0.0 8 27.47835951078298 0.0 0.0 
-23.57142857142857 5.0 0.0 8 24.7103382784759 0.0 0.0 
-23.57142857142857 5.714285714285714 0.0 8 23.164943237555534 0.0 0.0 
-23.57142857142857 6.428571428571429 0.0 11 32.918591486930644 0.0 0.0 
-23.57142857142857 7.142857142857143 0.0 9 26.612380417613256 0.0 0.0 
-23.57142857142857 7.857142857142858 0.0 2 12.266598567433885 0.0 0.0 
-23.57142857142857 8.571428571428571 0.0 1 13.437686081528165 0.0 0.0 
-23.57142857142857 9.285714285714286 0.0 10 26.570573972703766 0.0 0.0 
-21.428571428571427 -9.285714285714286 0.0 20 17.278935428670763 0.0 0.0 
-21.428571428571427 -8.571428571428571 0.0 11 -0.8871564918043262 0.0 0.0 
-21.428571428571427 -7.857142857142858 0.0 -3 -26.068847662214246 0.0 0.0 
-21.428571428571427 -7.142857142857143 0.0 -14 -39.03966731568622 0.0 0.0 
-21.428571428571427 -6.428571428571429 0.0 -20 -45.45240446860262 0.0 0.0 
-21.428571428571427 -5.714285714285714 0.0 -20 -39.10730409513017 0.0 0.0 
-21.428571428571427 -5.0 0.0 -16 -31.963926101191017 0.0 0.0 
-21.428571428571427 -4.285714285714286 0.0 -13 -23.354864922686758 0.0 0.0 
-21.428571428571427 -3.5714285714285716 0.0 -12 -20.792997592460146 0.0 0.0 
-21.428571428571427 -2.857142857142857 0.0 -9 -15.944739007524777 0.0 0.0 
-21.428571428571427 -2.142857142857143 0.0 -11 -13.83365268279718 0.0 0.0 
-21.428571428571427 -1.4285714285714286 0.0 -10 -9.983952802730116 0.0 0.0 
-21.428571428571427 -0.7142857142857143 0.0 -9 -7.262050893165551 0.0 0.0 
-21.428571428571427 -0.0 0.0 -6 -0.35471676565477495 0.0 0.0 
-21.428571428571427 0.0 0.0 -5 0.46402061376494075 0.0 0.0 
-21.428571428571427 0.7142857142857143 0.0 -3 2.6530398406205933 0.0 0.0 
-21.428571428571427 1.4285714285714286 0.0 0 6.951578981019468 0.0 0.0 
-21.428571428571427 2.142857142857143 0.0 4 11.52171617897109 0.0 0.0 
-21.428571428571427 2.857142857142857 0.0 6 13.18487641290265 0.0 0.0 
-21.428571428571427 3.5714285714285716 0.0 11 23.234339161871283 0.0 0.0 
-21.428571428571427 4.285714285714286 0.0 16 29.486944697536533 0.0 0.0 
-21.428571428571427 5.0 0.0 13 21.946015281009842 0.0 0.0 
-21.428571428571427 5.714285714285714 0.0 8 17.960646934315598 0.0 0.0 
-21.428571428571427 6.428571428571429 0.0 13 27.290989934479654 0.0 0.0 
-21.428571428571427 7.142857142857143 0.0 12 24.03669427530394 0.0 0.0 
-21.428571428571427 7.857142857142858 0.0 4 5.693839837071581 0.0 0.0 
-21.428571428571427 8.571428571428571 0.0 1 3.7557698252337266 0.0 0.0 
-21.428571428571427 9.285714285714286 0.0 2 5.1304590656366535 0.0 0.0 
-19.285714285714285 -9.285714285714286 0.0 14 15.228610535858188 0.0 0.0 
-19.285714285714285 -8.571428571428571 0.0 -1 -0.892963642829784 0.0 0.0 
-19.285714285714285 -7.857142857142858 0.0 -17 -27.65390828674594 0.0 0.0 
-19.285714285714285 -7.142857142857143 0.0 -26 -27.239253835319843 0.0 0.0 
-19.285714285714285 -6.428571428571429 0.0 -27 -32.95929360289198 0.0 0.0 
-19.285714285714285 -5.714285714285714 0.0 -23 -18.128805548067056 0.0 0.0 
-19.285714285714285 -5.0 0.0 -16 -10.956220970598118 0.0 0.0 
-19.285714285714285 -4.285714285714286 0.0 -12 -1.276145706848613 0.0 0.0 
-19.285714285714285 -3.5714285714285716 0.0 -10 -4.980185042875462 0.0 0.0 
-19.285714285714285 -2.857142857142857 0.0 -9 -0.752484347977763 0.0 0.0 
-19.285714285714285 -2.142857142857143 0.0 -7 -0.6481680650861072 0.0 0.0 
-19.285714285714285 -1.4285714285714286 0.0 -5 2.0524845021602687 0.0 0.0 
-19.285714285714285 -0.7142857142857143 0.0 -3 2.169223653551118 0.0 0.0 
-19.285714285714285 -0.0 0.0 0 7.8462284717749835 0.0 0.0 
-19.285714285714285 0.0 0.0 3 6.581866100145822 0.0 0.0 
-19.285714285714285 0.7142857142857143 0.0 2 6.381613262705213 0.0 0.0 
-19.285714285714285 1.4285714285714286 0.0 5 11.82210455737097 0.0 0.0 
-19.285714285714285 2.142857142857143 0.0 10 16.102883365764484 0.0 0.0 
-19.285714285714285 2.857142857142857 0.0 10 16.15629384327171 0.0 0.0 
-19.285714285714285 3.5714285714285716 0.0 13 25.802164252678274 0.0 0.0 
-19.285714285714285 4.285714285714286 0.0 18 30.49037384726629 0.0 0.0 
-19.285714285714285 5.0 0.0 11 20.9414560546455 0.0 0.0 
-19.285714285714285 5.714285714285714 0.0 6 14.434188917957124 0.0 0.0 
-19.285714285714285 6.428571428571429 0.0 14 27.394455146004134 0.0 0.0 
-19.285714285714285 7.142857142857143 0.0 13 26.980353072006455 0.0 0.0 
-19.285714285714285 7.857142857142858 0.0 4 5.661327249091162 0.0 0.0 
-19.285714285714285 8.571428571428571 0.0 1 3.7234994086417244 0.0 0.0 
-19.285714285714285 9.285714285714286 0.0 0 -0.5137289074972422 0.0 0.0 
-17.142857142857142 -9.285714285714286 0.0 -6 11.458254805303156 0.0 0.0 
-17.142857142857142 -8.571428571428571 0.0 -27 -14.85503262784789 0.0 0.0 
-17.142857142857142 -7.857142857142858 0.0 -37 -21.739223017130357 0.0 0.0 
-17.142857142857142 -7.142857142857143 0.0 -33 -19.387346557797464 0.0 0.0 
-17.142857142857142 -6.428571428571429 0.0 -25 -8.514078817091956 0.0 0.0 
-17.142857142857142 -5.714285714285714 0.0 -15 3.0380232933538593 0.0 0.0 
-17.142857142857142 -5.0 0.0 -6 14.039320905560295 0.0 0.0 
-17.142857142857142 -4.285714285714286 0.0 -2 13.170205619646772 0.0 0.0 
-17.142857142857142 -3.5714285714285716 0.0 -2 10.179278199590534 0.0 0.0 
-17.142857142857142 -2.857142857142857 0.0 0 9.850190226002498 0.0 0.0 
-17.142857142857142 -2.142857142857143 0.0 1 10.543067367446545 0.0 0.0 
-17.142857142857142 -1.4285714285714286 0.0 0 8.524194491490956 0.0 0.0 
-17.142857142857142 -0.7142857142857143 0.0 1 10.707192329990496 0.0 0.0 
-17.142857142857142 -0.0 0.0 4 13.200864244176332 0.0 0.0 
-17.142857142857142 0.0 0.0 4 12.291443773380456 0.0 0.0 
-17.142857142857142 0.7142857142857143 0.0 2 6.798634081979773 0.0 0.0 
-17.142857142857142 1.4285714285714286 0.0 5 14.77215246184945 0.0 0.0 
-17.142857142857142 2.142857142857143 0.0 9 20.66711504447479 0.0 0.0 
-17.142857142857142 2.857142857142857 0.0 9 21.735989372148328 0.0 0.0 
-17.142857142857142 3.5714285714285716 0.0 14 31.928520158002822 0.0 0.0 
-17.142857142857142 4.285714285714286 0.0 18 37.12857340227013 0.0 0.0 
-17.142857142857142 5.0 0.0 9 24.329148069764827 0.0 0.0 
-17.142857142857142 5.714285714285714 0.0 4 18.467012721534182 0.0 0.0 
-17.142857142857142 6.428571428571429 0.0 13 32.884440177010575 0.0 0.0 
-17.142857142857142 7.142857142857143 0.0 13 34.530878410411226 0.0 0.0 
-17.142857142857142 7.857142857142858 0.0 1 8.6645251679175 0.0 0.0 
-17.142857142857142 8.571428571428571 0.0 0 9.52285414298249 0.0 0.0 
-17.142857142857142 9.285714285714286 0.0 2 9.622913604160521 0.0 0.0 
-15.0 -9.285714285714286 0.0 -29 -12.137410388532487 0.0 0.0 
-15.0 -8.571428571428571 0.0 -38 -22.002891065739497 0.0 0.0 
-15.0 -7.857142857142858 0.0 -30 -10.482213800263523 0.0 0.0 
-15.0 -7.142857142857143 0.0 -20 -3.1512601253791175 0.0 0.0 
-15.0 -6.428571428571429 0.0 -9 11.890754093551223 0.0 0.0 
-15.0 -5.714285714285714 0.0 -1 18.27813721923431 0.0 0.0 
-15.0 -5.0 0.0 4 27.30439893197448 0.0 0.0 
-15.0 -4.285714285714286 0.0 5 20.175702863315767 0.0 0.0 
-15.0 -3.5714285714285716 0.0 1 16.08603647273739 0.0 0.0 
-15.0 -2.857142857142857 0.0 0 13.517784416731347 0.0 0.0 
-15.0 -2.142857142857143 0.0 0 13.196225719264719 0.0 0.0 
-15.0 -1.4285714285714286 0.0 -1 6.706887969596167 0.0 0.0 
-15.0 1.4285714285714286 0.0 5 21.092541531624995 0.0 0.0 
-15.0 2.142857142857143 0.0 12 30.298990946785512 0.0 0.0 
-15.0 2.857142857142857 0.0 13 32.052755598153084 0.0 0.0 
-15.0 3.5714285714285716 0.0 16 40.14830159658762 0.0 0.0 
-15.0 4.285714285714286 0.0 17 46.88886941572353 0.0 0.0 
-15.0 5.0 0.0 7 29.248775915709214 0.0 0.0 
-15.0 5.714285714285714 0.0 4 27.32364947674018 0.0 0.0 
-15.0 6.428571428571429 0.0 13 40.842334816339275 0.0 0.0 
-15.0 7.142857142857143 0.0 12 42.25532579526149 0.0 0.0 
-15.0 7.857142857142858 0.0 -2 11.475603849608515 0.0 0.0 
-15.0 8.571428571428571 0.0 -3 15.368743506538904 0.0 0.0 
-15.0 9.285714285714286 0.0 7 28.13405362093838 0.0 0.0 
-12.857142857142858 -9.285714285714286 0.0 -37 -15.139563262312258 0.0 0.0 
-12.857142857142858 -8.571428571428571 0.0 -31 -16.85233348693142 0.0 0.0 
-12.857142857142858 -7.857142857142858 0.0 -20 -0.8239594116769595 0.0 0.0 
-12.857142857142858 -7.142857142857143 0.0 -8 9.998219039115547 0.0 0.0 
-12.857142857142858 -6.428571428571429 0.0 0 22.043772031546045 0.0 0.0 
-12.857142857142858 -5.714285714285714 0.0 6 26.991487943676432 0.0 0.0 
-12.857142857142858 -5.0 0.0 6 28.945547795455425 0.0 0.0 
-12.857142857142858 -4.285714285714286 0.0 3 18.904839242172468 0.0 0.0 
-12.857142857142858 -3.5714285714285716 0.0 -2 11.730206523176356 0.0 0.0 
-12.857142857142858 -2.857142857142857 0.0 -3 6.390850644623997 0.0 0.0 
-12.857142857142858 -2.142857142857143 0.0 -7 3.2465280534255214 0.0 0.0 
-12.857142857142858 2.142857142857143 0.0 17 43.69978023817396 0.0 0.0 
-12.857142857142858 2.857142857142857 0.0 14 42.04902422114306 0.0 0.0 
-12.857142857142858 3.5714285714285716 0.0 14 46.50998910742026 0.0 0.0 
-12.857142857142858 4.285714285714286 0.0 15 51.34918705443299 0.0 0.0 
-12.857142857142858 5.0 0.0 3 29.98096949377797 0.0 0.0 
-12.857142857142858 5.714285714285714 0.0 3 32.50154656708513 0.0 0.0 
-12.857142857142858 6.428571428571429 0.0 13 47.94146955107669 0.0 0.0 
-12.857142857142858 7.142857142857143 0.0 9 44.54669274889582 0.0 0.0 
-12.857142857142858 7.857142857142858 0.0 -5 13.537381012679464 0.0 0.0 
-12.857142857142858 8.571428571428571 0.0 -6 16.385756707217283 0.0 0.0 
-12.857142857142858 9.285714285714286 0.0 11 40.87495200103875 0.0 0.0 
-10.714285714285714 -9.285714285714286 0.0 -30 -20.732135031802613 0.0 0.0 
-10.714285714285714 -8.571428571428571 0.0 -19 -21.881290041582567 0.0 0.0 
-10.714285714285714 -7.857142857142858 0.0 -9 2.258241570286984 0.0 0.0 
-10.714285714285714 -7.142857142857143 0.0 2 7.450610124937985 0.0 0.0 
-10.714285714285714 -6.428571428571429 0.0 4 16.91916402855871 0.0 0.0 
-10.714285714285714 -5.714285714285714 0.0 4 12.302180119643673 0.0 0.0 
-10.714285714285714 -5.0 0.0 0 11.565820783834836 0.0 0.0 
-10.714285714285714 -4.285714285714286 0.0 -3 -0.06723815690180146 0.0 0.0 
-10.714285714285714 -3.5714285714285716 0.0 -5 -0.1994583629148945 0.0 0.0 
-10.714285714285714 -2.857142857142857 0.0 -3 -2.3231131780167518 0.0 0.0 
-10.714285714285714 -2.142857142857143 0.0 -4 1.3616329031273606 0.0 0.0 
-10.714285714285714 2.142857142857143 0.0 18 43.64621107567763 0.0 0.0 
-10.714285714285714 2.857142857142857 0.0 10 38.54646228496779 0.0 0.0 
-10.714285714285714 3.5714285714285716 0.0 11 40.537751060051846 0.0 0.0 
-10.714285714285714 4.285714285714286 0.0 14 45.74619422143978 0.0 0.0 
-10.714285714285714 5.0 0.0 3 26.523646443912973 0.0 0.0 
-10.714285714285714 5.714285714285714 0.0 3 29.861719788114087 0.0 0.0 
-10.714285714285714 6.428571428571429 0.0 14 47.595116731813555 0.0 0.0 
-10.714285714285714 7.142857142857143 0.0 7 33.37475708451756 0.0 0.0 
-10.714285714285714 7.857142857142858 0.0 -9 1.4119373052305009 0.0 0.0 
-10.714285714285714 8.571428571428571 0.0 -10 2.8060310157125823 0.0 0.0 
-10.714285714285714 9.285714285714286 0.0 7 29.872149814622208 0.0 0.0 
-8.571428571428571 -9.285714285714286 0.0 -19 -22.25321300269023 0.0 0.0 
-8.571428571428571 -8.571428571428571 0.0 -16 -33.80942095134354 0.0 0.0 
-8.571428571428571 -7.857142857142858 0.0 -7 -10.248997905209933 0.0 0.0 
-8.571428571428571 -7.142857142857143 0.0 0 -11.644489422295445 0.0 0.0 
-8.571428571428571 -6.428571428571429 0.0 3 4.146815327879673 0.0 0.0 
-8.571428571428571 -5.714285714285714 0.0 7 1.6785616021399967 0.0 0.0 
-8.571428571428571 -5.0 0.0 7 12.487130249413724 0.0 0.0 
-8.571428571428571 -4.285714285714286 0.0 6 3.2323063759515396 0.0 0.0 
-8.571428571428571 -3.5714285714285716 0.0 2 5.384967355093554 0.0 0.0 
-8.571428571428571 -2.857142857142857 0.0 0 -4.027859859453672 0.0 0.0 
-8.571428571428571 -2.142857142857143 0.0 -6 -5.47863378808346 0.0 0.0 
-8.571428571428571 2.142857142857143 0.0 21 36.33415839254522 0.0 0.0 
-8.571428571428571 2.857142857142857 0.0 10 28.088719145796922 0.0 0.0 
-8.571428571428571 3.5714285714285716 0.0 11 27.776894332373296 0.0 0.0 
-8.571428571428571 4.285714285714286 0.0 12 35.455494585891316 0.0 0.0 
-8.571428571428571 5.0 0.0 2 16.00597518512339 0.0 0.0 
-8.571428571428571 5.714285714285714 0.0 3 20.63557939105126 0.0 0.0 
-8.571428571428571 6.428571428571429 0.0 13 35.84712441212072 0.0 0.0 
-8.571428571428571 7.142857142857143 0.0 2 16.22496841094172 0.0 0.0 
-8.571428571428571 7.857142857142858 0.0 -13 -19.342784416160114 0.0 0.0 
-8.571428571428571 8.571428571428571 0.0 -11 -14.335756845414146 0.0 0.0 
-8.571428571428571 9.285714285714286 0.0 1 7.908425776486226 0.0 0.0 
-6.428571428571429 -9.285714285714286 0.0 -15 -49.78766535981995 0.0 0.0 
-6.428571428571429 -8.571428571428571 0.0 -4 -39.00102973884215 0.0 0.0 
-6.428571428571429 -7.857142857142858 0.0 8 -9.135537367597209 0.0 0.0 
-6.428571428571429 -7.142857142857143 0.0 18 1.9293001011254525 0.0 0.0 
-6.428571428571429 -6.428571428571429 0.0 17 15.722810423373726 0.0 0.0 
-6.428571428571429 -5.714285714285714 0.0 15 8.426564075027969 0.0 0.0 
-6.428571428571429 -5.0 0.0 7 5.910747903407224 0.0 0.0 
-6.428571428571429 -4.285714285714286 0.0 0 -10.610896967138416 0.0 0.0 
-6.428571428571429 -3.5714285714285716 0.0 -4 -12.069323632299858 0.0 0.0 
-6.428571428571429 -2.857142857142857 0.0 -8 -22.74393375098599 0.0 0.0 
-6.428571428571429 -2.142857142857143 0.0 -8 -19.060023684341395 0.0 0.0 
-6.428571428571429 2.142857142857143 0.0 18 22.152728775034063 0.0 0.0 
-6.428571428571429 2.857142857142857 0.0 2 6.839179686700868 0.0 0.0 
-6.428571428571429 3.5714285714285716 0.0 5 8.114077745906522 0.0 0.0 
-6.428571428571429 4.285714285714286 0.0 11 22.32240194795651 0.0 0.0 
-6.428571428571429 5.0 0.0 4 2.2161281857814785 0.0 0.0 
-6.428571428571429 5.714285714285714 0.0 3 5.8883429057844285 0.0 0.0 
-6.428571428571429 6.428571428571429 0.0 9 13.28171244766775 0.0 0.0 
-6.428571428571429 7.142857142857143 0.0 -3 -11.859727699457416 0.0 0.0 
-6.428571428571429 7.857142857142858 0.0 -19 -45.00862703099254 0.0 0.0 
-6.428571428571429 8.571428571428571 0.0 -15 -33.241414772200145 0.0 0.0 
-6.428571428571429 9.285714285714286 0.0 0 -16.536537790088786 0.0 0.0 
-4.285714285714286 -9.285714285714286 0.0 7 -24.247230580250736 0.0 0.0 
-4.285714285714286 -8.571428571428571 0.0 12 17.663586686292533 0.0 0.0 
-4.285714285714286 -7.857142857142858 0.0 11 5.4758509941110365 0.0 0.0 
-4.285714285714286 -7.142857142857143 0.0 9 25.150659187148946 0.0 0.0 
-4.285714285714286 -6.428571428571429 0.0 6 8.200346366521607 0.0 0.0 
-4.285714285714286 -5.714285714285714 0.0 2 15.11635174957836 0.0 0.0 
-4.285714285714286 -5.0 0.0 -2 -2.955871439695156 0.0 0.0 
-4.285714285714286 -4.285714285714286 0.0 -3 1.4349438654305526 0.0 0.0 
-4.285714285714286 -3.5714285714285716 0.0 -5 -11.83912377472924 0.0 0.0 
-4.285714285714286 -2.857142857142857 0.0 -8 -15.744592532140738 0.0 0.0 
-4.285714285714286 -2.142857142857143 0.0 -7 -18.667204093051044 0.0 0.0 
-4.285714285714286 2.142857142857143 0.0 13 19.98413922597652 0.0 0.0 
-4.285714285714286 2.857142857142857 0.0 0 0.003974165154740916 0.0 0.0 
-4.285714285714286 3.5714285714285716 0.0 7 11.227690174362928 0.0 0.0 
-4.285714285714286 4.285714285714286 0.0 14 25.651219713500925 0.0 0.0 
-4.285714285714286 5.0 0.0 5 3.9027016860029953 0.0 0.0 
-4.285714285714286 5.714285714285714 0.0 0 2.0512619319757217 0.0 0.0 
-4.285714285714286 6.428571428571429 0.0 3 3.4421358624306606 0.0 0.0 
-4.285714285714286 7.142857142857143 0.0 -14 -26.089661348313005 0.0 0.0 
-4.285714285714286 7.857142857142858 0.0 -29 -52.22757021715455 0.0 0.0 
-4.285714285714286 8.571428571428571 0.0 -18 -27.531716357225505 0.0 0.0 
-4.285714285714286 9.285714285714286 0.0 -7 -13.379447235185022 0.0 0.0 
-2.142857142857143 -9.285714285714286 0.0 -1 -12.078876479071498 0.0 0.0 
-2.142857142857143 -8.571428571428571 0.0 -6 -8.357232257232408 0.0 0.0 
-2.142857142857143 -7.857142857142858 0.0 2 1.886692901839897 0.0 0.0 
-2.142857142857143 -7.142857142857143 0.0 5 15.418900090025094 0.0 0.0 
-2.142857142857143 -6.428571428571429 0.0 12 17.68708100540534 0.0 0.0 
-2.142857142857143 -5.714285714285714 0.0 8 11.397431217968471 0.0 0.0 
-2.142857142857143 -5.0 0.0 3 -2.610326051074254 0.0 0.0 
-2.142857142857143 -4.285714285714286 0.0 1 -6.11939210125351 0.0 0.0 
-2.142857142857143 -3.5714285714285716 0.0 -1 -17.4086296983553 0.0 0.0 
-2.142857142857143 -2.857142857142857 0.0 -7 -27.075874308840923 0.0 0.0 
-2.142857142857143 -2.142857142857143 0.0 -4 -22.929449726546764 0.0 0.0 
-2.142857142857143 2.142857142857143 0.0 8 6.94097096755614 0.0 0.0 
-2.142857142857143 2.857142857142857 0.0 -4 -8.661516608719378 0.0 0.0 
-2.142857142857143 3.5714285714285716 0.0 8 12.741967674097419 0.0 0.0 
-2.142857142857143 4.285714285714286 0.0 14 26.41393057399475 0.0 0.0 
-2.142857142857143 5.0 0.0 0 -3.0408745635414824 0.0 0.0 
-2.142857142857143 5.714285714285714 0.0 -10 -14.908098033126404 0.0 0.0 
-2.142857142857143 6.428571428571429 0.0 -12 -21.602882853080484 0.0 0.0 
-2.142857142857143 7.142857142857143 0.0 -28 -46.99698222725523 0.0 0.0 
-2.142857142857143 7.857142857142858 0.0 -37 -64.0292792632513 0.0 0.0 
-2.142857142857143 8.571428571428571 0.0 -15 -27.90400783908969 0.0 0.0 
-2.142857142857143 9.285714285714286 0.0 0 1.065546674902762 0.0 0.0 
-0.0 -9.285714285714286 0.0 -3 -28.385562097900703 0.0 0.0 
-0.0 -8.571428571428571 0.0 6 -2.1925739917512796 0.0 0.0 
-0.0 -7.857142857142858 0.0 16 8.006538060006609 0.0 0.0 
-0.0 -7.142857142857143 0.0 21 16.43868173406022 0.0 0.0 
-0.0 -6.428571428571429 0.0 22 10.45608608904682 0.0 0.0 
-0.0 -5.714285714285714 0.0 11 -5.521285658023952 0.0 0.0 
-0.0 -5.0 0.0 6 -18.07259736260491 0.0 0.0 
-0.0 -4.285714285714286 0.0 5 -21.482455290257715 0.0 0.0 
-0.0 -3.5714285714285716 0.0 0 -34.349708300028226 0.0 0.0 
-0.0 -2.857142857142857 0.0 -9 -44.784329626105674 0.0 0.0 
-0.0 -2.142857142857143 0.0 0 -28.89814228035436 0.0 0.0 
-0.0 2.142857142857143 0.0 -1 -12.216862650080639 0.0 0.0 
-0.0 2.857142857142857 0.0 -6 -16.67801464250502 0.0 0.0 
-0.0 3.5714285714285716 0.0 7 8.12567010278252 0.0 0.0 
-0.0 4.285714285714286 0.0 6 12.994387154110772 0.0 0.0 
-0.0 5.0 0.0 -15 -30.38498103690828 0.0 0.0 
-0.0 5.714285714285714 0.0 -28 -48.222214687988824 0.0 0.0 
-0.0 6.428571428571429 0.0 -27 -51.38087069869519 0.0 0.0 
-0.0 7.142857142857143 0.0 -33 -59.680897572655965 0.0 0.0 
-0.0 7.857142857142858 0.0 -29 -56.7576312536039 0.0 0.0 
-0.0 8.571428571428571 0.0 -2 -16.47520178163397 0.0 0.0 
-0.0 9.285714285714286 0.0 7 5.556584403847056 0.0 0.0 
0.0 -9.285714285714286 0.0 12 -11.267054284802967 0.0 0.0 
0.0 -8.571428571428571 0.0 23 16.96685915537934 0.0 0.0 
0.0 -7.857142857142858 0.0 26 8.969177063128935 0.0 0.0 
0.0 -7.142857142857143 0.0 26 20.883956434386967 0.0 0.0 
0.0 -6.428571428571429 0.0 22 3.46454027600727 0.0 0.0 
0.0 -5.714285714285714 0.0 8 -12.713789357333901 0.0 0.0 
0.0 -5.0 0.0 4 -25.611307801604454 0.0 0.0 
0.0 -4.285714285714286 0.0 5 -24.16949788218035 0.0 0.0 
0.0 -3.5714285714285716 0.0 -6 -42.73309218166987 0.0 0.0 
0.0 -2.857142857142857 0.0 -11 -44.6883755722497 0.0 0.0 
0.0 -2.142857142857143 0.0 0 -27.267487621792583 0.0 0.0 
0.0 2.142857142857143 0.0 -7 -19.03271814106862 0.0 0.0 
0.0 2.857142857142857 0.0 -6 -16.932289234000237 0.0 0.0 
0.0 3.5714285714285716 0.0 4 7.626398265553846 0.0 0.0 
0.0 4.285714285714286 0.0 0 1.677162709716967 0.0 0.0 
0.0 5.0 0.0 -28 -54.43030730788635 0.0 0.0 
0.0 5.714285714285714 0.0 -41 -66.08110707256952 0.0 0.0 
0.0 6.428571428571429 0.0 -30 -51.12845206505104 0.0 0.0 
0.0 7.142857142857143 0.0 -24 -44.087689285366196 0.0 0.0 
0.0 7.857142857142858 0.0 -12 -30.634083187020323 0.0 0.0 
0.0 8.571428571428571 0.0 7 3.3561999983907143 0.0 0.0 
0.0 9.285714285714286 0.0 8 7.265230249498317 0.0 0.0 
2.142857142857143 -9.285714285714286 0.0 23 2.276917755528711 0.0 0.0 
2.142857142857143 -8.571428571428571 0.0 30 21.493693955453445 0.0 0.0 
2.142857142857143 -7.857142857142858 0.0 28 11.489105959355925 0.0 0.0 
2.142857142857143 -7.142857142857143 0.0 25 15.118679198006035 0.0 0.0 
2.142857142857143 -6.428571428571429 0.0 16 -3.6431320844084567 0.0 0.0 
2.142857142857143 -5.714285714285714 0.0 1 -25.824441308903214 0.0 0.0 
2.142857142857143 -5.0 0.0 2 -28.256834944224707 0.0 0.0 
2.142857142857143 -4.285714285714286 0.0 -2 -36.16767724404948 0.0 0.0 
2.142857142857143 -3.5714285714285716 0.0 -18 -58.489559593004955 0.0 0.0 
2.142857142857143 -2.857142857142857 0.0 -16 -53.389549613934115 0.0 0.0 
2.142857142857143 -2.142857142857143 0.0 -3 -36.798278052480654 0.0 0.0 
2.142857142857143 1.4285714285714286 0.0 -3 -12.218596551633622 0.0 0.0 
2.142857142857143 2.142857142857143 0.0 -2 -14.386622372549096 0.0 0.0 
2.142857142857143 2.857142857142857 0.0 -1 -12.703548414111765 0.0 0.0 
2.142857142857143 3.5714285714285716 0.0 0 3.918563059174815 0.0 0.0 
2.142857142857143 4.285714285714286 0.0 -11 -25.127570647126042 0.0 0.0 
2.142857142857143 5.0 0.0 -49 -83.82225438306563 0.0 0.0 
2.142857142857143 5.714285714285714 0.0 -52 -80.2417696427876 0.0 0.0 
2.142857142857143 6.428571428571429 0.0 -19 -35.92375841559852 0.0 0.0 
2.142857142857143 7.142857142857143 0.0 -6 -21.966802145696732 0.0 0.0 
2.142857142857143 7.857142857142858 0.0 7 -5.372908802751592 0.0 0.0 
2.142857142857143 8.571428571428571 0.0 20 13.447153251683966 0.0 0.0 
2.142857142857143 9.285714285714286 0.0 8 -2.652535445255996 0.0 0.0 
4.285714285714286 -9.285714285714286 0.0 33 16.180389831164405 0.0 0.0 
4.285714285714286 -8.571428571428571 0.0 36 27.907942551312402 0.0 0.0 
4.285714285714286 -7.857142857142858 0.0 28 8.106328790366376 0.0 0.0 
4.285714285714286 -7.142857142857143 0.0 18 5.743069240555577 0.0 0.0 
4.285714285714286 -6.428571428571429 0.0 8 -19.588962427657584 0.0 0.0 
4.285714285714286 -5.714285714285714 0.0 -7 -38.622892672913764 0.0 0.0 
4.285714285714286 -5.0 0.0 -4 -40.19832199069977 0.0 0.0 
4.285714285714286 -4.285714285714286 0.0 -12 -53.50556703750764 0.0 0.0 
4.285714285714286 -3.5714285714285716 0.0 -27 -77.88385200689333 0.0 0.0 
4.285714285714286 -2.857142857142857 0.0 -18 -59.19058324067015 0.0 0.0 
4.285714285714286 -2.142857142857143 0.0 -10 -54.481627453429724 0.0 0.0 
4.285714285714286 -1.4285714285714286 0.0 -28 -69.07702387281505 0.0 0.0 
4.285714285714286 1.4285714285714286 0.0 -3 -8.310185735094223 0.0 0.0 
4.285714285714286 2.142857142857143 0.0 -1 -7.806355117642652 0.0 0.0 
4.285714285714286 2.857142857142857 0.0 -13 -26.664800307421523 0.0 0.0 
4.285714285714286 3.5714285714285716 0.0 -14 -17.810955047207102 0.0 0.0 
4.285714285714286 4.285714285714286 0.0 -31 -58.0434684235592 0.0 0.0 
4.285714285714286 5.0 0.0 -60 -94.02879802845408 0.0 0.0 
4.285714285714286 5.714285714285714 0.0 -36 -58.61405769177088 0.0 0.0 
4.285714285714286 6.428571428571429 0.0 9 2.9284782565682477 0.0 0.0 
4.285714285714286 7.142857142857143 0.0 19 10.93383232964142 0.0 0.0 
4.285714285714286 7.857142857142858 0.0 22 17.01192252007727 0.0 0.0 
4.285714285714286 8.571428571428571 0.0 28 18.922301438884254 0.0 0.0 
4.285714285714286 9.285714285714286 0.0 1 -19.13187595458312 0.0 0.0 
6.428571428571429 -9.285714285714286 0.0 39 24.11330685341406 0.0 0.0 
6.428571428571429 -8.571428571428571 0.0 33 27.522449094960493 0.0 0.0 
6.428571428571429 -7.857142857142858 0.0 23 0.37259822337392023 0.0 0.0 
6.428571428571429 -7.142857142857143 0.0 14 -1.480655993448316 0.0 0.0 
6.428571428571429 -6.428571428571429 0.0 4 -31.825540038271136 0.0 0.0 
6.428571428571429 -5.714285714285714 0.0 -9 -41.84126420768793 0.0 0.0 
6.428571428571429 -5.0 0.0 -9 -52.0844098862422 0.0 0.0 
6.428571428571429 -4.285714285714286 0.0 -24 -69.7830609743782 0.0 0.0 
6.428571428571429 -3.5714285714285716 0.0 -37 -89.09839978153528 0.0 0.0 
6.428571428571429 -2.857142857142857 0.0 -21 -61.01301279132368 0.0 0.0 
6.428571428571429 -2.142857142857143 0.0 -21 -67.34978263188395 0.0 0.0 
6.428571428571429 -1.4285714285714286 0.0 -35 -63.649769163581674 0.0 0.0 
6.428571428571429 -0.7142857142857143 0.0 -10 -30.34112712923122 0.0 0.0 
6.428571428571429 -0.0 0.0 3 -2.673882212274747 0.0 0.0 
6.428571428571429 0.0 0.0 -10 -7.2080419892483905 0.0 0.0 
6.428571428571429 2.142857142857143 0.0 -13 -22.630583119591805 0.0 0.0 
6.428571428571429 2.857142857142857 0.0 -28 -46.25556337310422 0.0 0.0 
6.428571428571429 3.5714285714285716 0.0 -24 -33.79110880636901 0.0 0.0 
6.428571428571429 4.285714285714286 0.0 -32 -58.529755447580385 0.0 0.0 
6.428571428571429 5.0 0.0 -44 -72.95644273921391 0.0 0.0 
6.428571428571429 5.714285714285714 0.0 4 -3.167341156262573 0.0 0.0 
6.428571428571429 6.428571428571429 0.0 37 36.36856339891205 0.0 0.0 
6.428571428571429 7.142857142857143 0.0 30 33.110441648849985 0.0 0.0 
6.428571428571429 7.857142857142858 0.0 20 12.180067084544007 0.0 0.0 
6.428571428571429 8.571428571428571 0.0 17 7.550875060693233 0.0 0.0 
6.428571428571429 9.285714285714286 0.0 -2 -35.29216452335663 0.0 0.0 
8.571428571428571 -9.285714285714286 0.0 41 36.063133334676294 0.0 0.0 
8.571428571428571 -8.571428571428571 0.0 33 40.22298482798446 0.0 0.0 
8.571428571428571 -7.857142857142858 0.0 16 -0.05274583827025481 0.0 0.0 
8.571428571428571 -7.142857142857143 0.0 7 0.02326420574267729 0.0 0.0 
8.571428571428571 -6.428571428571429 0.0 -6 -36.85077121274472 0.0 0.0 
8.571428571428571 -5.714285714285714 0.0 -19 -42.84363973994813 0.0 0.0 
8.571428571428571 -5.0 0.0 -24 -58.467801281847855 0.0 0.0 
8.571428571428571 -4.285714285714286 0.0 -41 -74.9771047409546 0.0 0.0 
8.571428571428571 -3.5714285714285716 0.0 -47 -84.07615367071648 0.0 0.0 
8.571428571428571 -2.857142857142857 0.0 -32 -54.05254263141073 0.0 0.0 
8.571428571428571 -2.142857142857143 0.0 -40 -65.82046600544238 0.0 0.0 
8.571428571428571 -1.4285714285714286 0.0 -38 -46.78340648391047 0.0 0.0 
8.571428571428571 -0.7142857142857143 0.0 -8 -14.573708229458369 0.0 0.0 
8.571428571428571 -0.0 0.0 -2 5.583702560521815 0.0 0.0 
8.571428571428571 0.0 0.0 -11 -4.437511043555624 0.0 0.0 
8.571428571428571 0.7142857142857143 0.0 -5 -3.457692386133158 0.0 0.0 
8.571428571428571 1.4285714285714286 0.0 -5 0.9300339014394448 0.0 0.0 
8.571428571428571 3.5714285714285716 0.0 -29 -33.70382759565745 0.0 0.0 
8.571428571428571 4.285714285714286 0.0 -18 -42.34111468428337 0.0 0.0 
8.571428571428571 5.0 0.0 -13 -31.342392693585943 0.0 0.0 
8.571428571428571 5.714285714285714 0.0 48 47.69482406769852 0.0 0.0 
8.571428571428571 6.428571428571429 0.0 52 59.45881699328764 0.0 0.0 
8.571428571428571 7.142857142857143 0.0 26 27.271255451086034 0.0 0.0 
8.571428571428571 7.857142857142858 0.0 15 7.440709613630716 0.0 0.0 
8.571428571428571 8.571428571428571 0.0 -5 -19.272621097949017 0.0 0.0 
8.571428571428571 9.285714285714286 0.0 -13 -41.429516104579065 0.0 0.0 
10.714285714285714 -9.285714285714286 0.0 31 47.34953941321781 0.0 0.0 
10.714285714285714 -8.571428571428571 0.0 18 31.21632517745688 0.0 0.0 
10.714285714285714 -7.857142857142858 0.0 1 -1.6096229540779632 0.0 0.0 
10.714285714285714 -7.142857142857143 0.0 -6 -7.5566705139804995 0.0 0.0 
10.714285714285714 -6.428571428571429 0.0 -18 -34.30093313848835 0.0 0.0 
10.714285714285714 -5.714285714285714 0.0 -29 -43.7300628585177 0.0 0.0 
10.714285714285714 -5.0 0.0 -35 -57.018226937727775 0.0 0.0 
10.714285714285714 -4.285714285714286 0.0 -52 -79.87930652036991 0.0 0.0 
10.714285714285714 -3.5714285714285716 0.0 -56 -80.73596296922454 0.0 0.0 
10.714285714285714 -2.857142857142857 0.0 -48 -62.89542922644579 0.0 0.0 
10.714285714285714 -2.142857142857143 0.0 -56 -72.87980729964998 0.0 0.0 
10.714285714285714 -1.4285714285714286 0.0 -34 -39.76715864926754 0.0 0.0 
10.714285714285714 -0.7142857142857143 0.0 -3 -0.49589860820319664 0.0 0.0 
10.714285714285714 -0.0 0.0 0 16.707866213838273 0.0 0.0 
10.714285714285714 0.0 0.0 7 21.05044841608417 0.0 0.0 
10.714285714285714 0.7142857142857143 0.0 -2 3.7920364192320157 0.0 0.0 
10.714285714285714 1.4285714285714286 0.0 -7 0.5194115299193385 0.0 0.0 
10.714285714285714 2.142857142857143 0.0 -37 -50.720105746710956 0.0 0.0 
10.714285714285714 4.285714285714286 0.0 8 -8.683379236045612 0.0 0.0 
10.714285714285714 5.0 0.0 26 17.31627877240609 0.0 0.0 
10.714285714285714 5.714285714285714 0.0 62 65.6949098061626 0.0 0.0 
10.714285714285714 6.428571428571429 0.0 51 60.49918238503669 0.0 0.0 
10.714285714285714 7.142857142857143 0.0 2 -5.753361040614976 0.0 0.0 
10.714285714285714 7.857142857142858 0.0 9 -1.1491594756167949 0.0 0.0 
10.714285714285714 8.571428571428571 0.0 -13 -38.939332211425594 0.0 0.0 
10.714285714285714 9.285714285714286 0.0 -32 -52.714562140520655 0.0 0.0 
12.857142857142858 -9.285714285714286 0.0 24 54.633700090249164 0.0 0.0 
12.857142857142858 -8.571428571428571 0.0 12 37.49936402682959 0.0 0.0 
12.857142857142858 -7.857142857142858 0.0 -7 1.7887253523559856 0.0 0.0 
12.857142857142858 -7.142857142857143 0.0 -21 -11.030330506268811 0.0 0.0 
12.857142857142858 -6.428571428571429 0.0 -39 -45.95159011184235 0.0 0.0 
12.857142857142858 -5.714285714285714 0.0 -57 -63.03995815260904 0.0 0.0 
12.857142857142858 -5.0 0.0 -64 -81.92122265337443 0.0 0.0 
12.857142857142858 -4.285714285714286 0.0 -71 -96.17271484417934 0.0 0.0 
12.857142857142858 -3.5714285714285716 0.0 -59 -80.08431249376012 0.0 0.0 
12.857142857142858 -2.857142857142857 0.0 -37 -49.01378684937695 0.0 0.0 
12.857142857142858 -2.142857142857143 0.0 -29 -33.780104843317574 0.0 0.0 
12.857142857142858 -1.4285714285714286 0.0 -7 3.2166017070112076 0.0 0.0 
12.857142857142858 -0.7142857142857143 0.0 2 25.687122945550694 0.0 0.0 
12.857142857142858 -0.0 0.0 -11 11.261312596867533 0.0 0.0 
12.857142857142858 0.0 0.0 0 10.063648110259926 0.0 0.0 
12.857142857142858 0.7142857142857143 0.0 -9 -8.398296812895168 0.0 0.0 
12.857142857142858 1.4285714285714286 0.0 0 -5.626896103287599 0.0 0.0 
12.857142857142858 2.142857142857143 0.0 -4 -26.849628478936168 0.0 0.0 
12.857142857142858 3.5714285714285716 0.0 32 40.173502663631524 0.0 0.0 
12.857142857142858 4.285714285714286 0.0 22 11.139008094553734 0.0 0.0 
12.857142857142858 5.0 0.0 44 55.9882615557177 0.0 0.0 
12.857142857142858 5.714285714285714 0.0 40 50.676755656861566 0.0 0.0 
12.857142857142858 6.428571428571429 0.0 16 35.22046702546604 0.0 0.0 
12.857142857142858 7.142857142857143 0.0 -8 -18.288800038689175 0.0 0.0 
12.857142857142858 7.857142857142858 0.0 -4 -9.977647664178797 0.0 0.0 
12.857142857142858 8.571428571428571 0.0 11 -9.453469700890182 0.0 0.0 
12.857142857142858 9.285714285714286 0.0 -27 -35.57290216989179 0.0 0.0 
15.0 -9.285714285714286 0.0 13 67.14900089265174 0.0 0.0 
15.0 -8.571428571428571 0.0 -8 15.421249908688571 0.0 0.0 
15.0 -7.857142857142858 0.0 -34 -13.018354899666097 0.0 0.0 
15.0 -7.142857142857143 0.0 -47 -44.38366683807542 0.0 0.0 
15.0 -6.428571428571429 0.0 -63 -67.70387324104888 0.0 0.0 
15.0 -5.714285714285714 0.0 -69 -82.41084355242222 0.0 0.0 
15.0 -5.0 0.0 -66 -78.6775470030895 0.0 0.0 
15.0 -4.285714285714286 0.0 -62 -78.61550185806834 0.0 0.0 
15.0 -3.5714285714285716 0.0 -42 -47.43650601597861 0.0 0.0 
15.0 -2.857142857142857 0.0 -25 -25.31334537508677 0.0 0.0 
15.0 -2.142857142857143 0.0 -7 -3.583544547262427 0.0 0.0 
15.0 -1.4285714285714286 0.0 12 24.28319585977716 0.0 0.0 
15.0 -0.7142857142857143 0.0 25 44.39045365779866 0.0 0.0 
15.0 -0.0 0.0 8 34.06478275889952 0.0 0.0 
15.0 0.0 0.0 -1 14.940291651052483 0.0 0.0 
15.0 0.7142857142857143 0.0 -19 -4.795731683371692 0.0 0.0 
15.0 1.4285714285714286 0.0 -26 -24.53914066605499 0.0 0.0 
15.0 2.142857142857143 0.0 -3 -7.77707968976739 0.0 0.0 
15.0 2.857142857142857 0.0 17 22.482373306738516 0.0 0.0 
15.0 3.5714285714285716 0.0 53 69.52925188040342 0.0 0.0 
15.0 4.285714285714286 0.0 38 52.78194989689838 0.0 0.0 
15.0 5.0 0.0 46 73.32625936551251 0.0 0.0 
15.0 5.714285714285714 0.0 27 60.36654627379072 0.0 0.0 
15.0 6.428571428571429 0.0 -23 2.791155007875666 0.0 0.0 
15.0 7.142857142857143 0.0 -17 -1.1641829446886902 0.0 0.0 
15.0 7.857142857142858 0.0 -23 -12.250931617349497 0.0 0.0 
15.0 8.571428571428571 0.0 1 12.337782681913783 0.0 0.0 
15.0 9.285714285714286 0.0 11 28.377835269071003 0.0 0.0 
17.142857142857142 -9.285714285714286 0.0 -18 19.754819406199033 0.0 0.0 
17.142857142857142 -8.571428571428571 0.0 -38 -41.665498750161206 0.0 0.0 
17.142857142857142 -7.857142857142858 0.0 -47 -39.22112539052053 0.0 0.0 
17.142857142857142 -7.142857142857143 0.0 -45 -59.98185611340983 0.0 0.0 
17.142857142857142 -6.428571428571429 0.0 -47 -52.51860982675153 0.0 0.0 
17.142857142857142 -5.714285714285714 0.0 -47 -65.85472019386337 0.0 0.0 
17.142857142857142 -5.0 0.0 -42 -56.423313221207984 0.0 0.0 
17.142857142857142 -4.285714285714286 0.0 -40 -64.13612302912466 0.0 0.0 
17.142857142857142 -3.5714285714285716 0.0 -25 -25.793837091966168 0.0 0.0 
17.142857142857142 -2.857142857142857 0.0 -13 -13.77895482634446 0.0 0.0 
17.142857142857142 -2.142857142857143 0.0 -2 16.20193880006984 0.0 0.0 
17.142857142857142 -1.4285714285714286 0.0 7 30.01209138550216 0.0 0.0 
17.142857142857142 -0.7142857142857143 0.0 6 31.407208021489332 0.0 0.0 
17.142857142857142 -0.0 0.0 1 20.0007583023984 0.0 0.0 
17.142857142857142 0.0 0.0 -16 -10.336817326850127 0.0 0.0 
17.142857142857142 0.7142857142857143 0.0 -9 0.9201991069934436 0.0 0.0 
17.142857142857142 1.4285714285714286 0.0 -11 -8.225885310192549 0.0 0.0 
17.142857142857142 2.142857142857143 0.0 9 25.72008767246672 0.0 0.0 
17.142857142857142 2.857142857142857 0.0 44 63.19237780902657 0.0 0.0 
17.142857142857142 3.5714285714285716 0.0 54 83.14773542746617 0.0 0.0 
17.142857142857142 4.285714285714286 0.0 33 62.943391814657346 0.0 0.0 
17.142857142857142 5.0 0.0 22 54.35873751241085 0.0 0.0 
17.142857142857142 5.714285714285714 0.0 13 45.47109161750072 0.0 0.0 
17.142857142857142 6.428571428571429 0.0 -32 -16.16201840237828 0.0 0.0 
17.142857142857142 7.142857142857143 0.0 -14 5.770251191354639 0.0 0.0 
17.142857142857142 7.857142857142858 0.0 -18 -5.351127036276651 0.0 0.0 
17.142857142857142 8.571428571428571 0.0 -28 2.6863248067550707 0.0 0.0 
17.142857142857142 9.285714285714286 0.0 23 51.87613834619618 0.0 0.0 
19.285714285714285 -9.285714285714286 0.0 -18 -4.25634038160776 0.0 0.0 
19.285714285714285 -8.571428571428571 0.0 -18 4.516153851716297 0.0 0.0 
19.285714285714285 -7.857142857142858 0.0 -33 -26.268875263123476 0.0 0.0 
19.285714285714285 -7.142857142857143 0.0 -35 -31.074112463627806 0.0 0.0 
19.285714285714285 -6.428571428571429 0.0 -51 -55.00872090257418 0.0 0.0 
19.285714285714285 -5.714285714285714 0.0 -50 -52.23024766165169 0.0 0.0 
19.285714285714285 -5.0 0.0 -51 -53.14862009664546 0.0 0.0 
19.285714285714285 -4.285714285714286 0.0 -52 -44.82513814557558 0.0 0.0 
19.285714285714285 -3.5714285714285716 0.0 -38 -25.69046282175131 0.0 0.0 
19.285714285714285 -2.857142857142857 0.0 -32 -15.465094584312567 0.0 0.0 
19.285714285714285 -2.142857142857143 0.0 -25 -3.4932892019290094 0.0 0.0 
19.285714285714285 -1.4285714285714286 0.0 -9 18.346321749426217 0.0 0.0 
19.285714285714285 -0.7142857142857143 0.0 -6 20.213413095254495 0.0 0.0 
19.285714285714285 -0.0 0.0 11 38.108430338343126 0.0 0.0 
19.285714285714285 0.0 0.0 7 22.663019382963757 0.0 0.0 
19.285714285714285 0.7142857142857143 0.0 29 48.57888502439612 0.0 0.0 
19.285714285714285 1.4285714285714286 0.0 37 53.33110272775773 0.0 0.0 
19.285714285714285 2.142857142857143 0.0 38 70.04202489797572 0.0 0.0 
19.285714285714285 2.857142857142857 0.0 51 94.50319583259066 0.0 0.0 
19.285714285714285 3.5714285714285716 0.0 19 69.85507890593013 0.0 0.0 
19.285714285714285 4.285714285714286 0.0 7 58.340964769940456 0.0 0.0 
19.285714285714285 5.0 0.0 -11 27.41070648121566 0.0 0.0 
19.285714285714285 5.714285714285714 0.0 -8 30.110985934329857 0.0 0.0 
19.285714285714285 6.428571428571429 0.0 -19 0.7023917706916762 0.0 0.0 
19.285714285714285 7.142857142857143 0.0 0 25.441640278912757 0.0 0.0 
19.285714285714285 7.857142857142858 0.0 8 28.319092349816657 0.0 0.0 
19.285714285714285 8.571428571428571 0.0 -14 22.026899309103705 0.0 0.0 
19.285714285714285 9.285714285714286 0.0 20 70.62776980699408 0.0 0.0 
21.428571428571427 -9.285714285714286 0.0 1 76.32198469004625 0.0 0.0 
21.428571428571427 -8.571428571428571 0.0 -39 18.836110778335097 0.0 0.0 
21.428571428571427 -7.857142857142858 0.0 -74 -24.260365740361976 0.0 0.0 
21.428571428571427 -7.142857142857143 0.0 -91 -45.94535520273388 0.0 0.0 
21.428571428571427 -6.428571428571429 0.0 -107 -73.45041818571002 0.0 0.0 
21.428571428571427 -5.714285714285714 0.0 -103 -74.89269966824072 0.0 0.0 
21.428571428571427 -5.0 0.0 -84 -68.45558867055631 0.0 0.0 
21.428571428571427 -4.285714285714286 0.0 -48 -26.003819600780076 0.0 0.0 
21.428571428571427 -3.5714285714285716 0.0 -2 20.363979268193965 0.0 0.0 
21.428571428571427 -2.857142857142857 0.0 33 75.49565874637823 0.0 0.0 
21.428571428571427 -2.142857142857143 0.0 43 91.63251911977804 0.0 0.0 
21.428571428571427 -1.4285714285714286 0.0 50 112.5300414349311 0.0 0.0 
21.428571428571427 -0.7142857142857143 0.0 26 78.56135575601468 0.0 0.0 
21.428571428571427 -0.0 0.0 17 68.60980261057713 0.0 0.0 
21.428571428571427 0.0 0.0 7 46.10349398127444 0.0 0.0 
21.428571428571427 0.7142857142857143 0.0 18 62.383074789462235 0.0 0.0 
21.428571428571427 1.4285714285714286 0.0 39 84.65977920210094 0.0 0.0 
21.428571428571427 2.142857142857143 0.0 37 89.97998328417785 0.0 0.0 
21.428571428571427 2.857142857142857 0.0 45 111.05470781111232 0.0 0.0 
21.428571428571427 3.5714285714285716 0.0 11 72.569550776238 0.0 0.0 
21.428571428571427 4.285714285714286 0.0 6 65.31631705476404 0.0 0.0 
21.428571428571427 5.0 0.0 -9 38.46524866727968 0.0 0.0 
21.428571428571427 5.714285714285714 0.0 -17 23.75752495575746 0.0 0.0 
21.428571428571427 6.428571428571429 0.0 -11 21.202109204025227 0.0 0.0 
21.428571428571427 7.142857142857143 0.0 -6 24.375012344046798 0.0 0.0 
21.428571428571427 7.857142857142858 0.0 3 33.883690461818446 0.0 0.0 
21.428571428571427 8.571428571428571 0.0 -2 36.472999741881196 0.0 0.0 
21.428571428571427 9.285714285714286 0.0 23 83.43989941569501 0.0 0.0 
23.57142857142857 -9.285714285714286 0.0 -82 -18.24653350380919 0.0 0.0 
23.57142857142857 -8.571428571428571 0.0 -123 -171.2129733719077 0.0 0.0 
23.57142857142857 -7.857142857142858 0.0 -109 -98.77689917732465 0.0 0.0 
23.57142857142857 -7.142857142857143 0.0 -82 -145.68950601932897 0.0 0.0 
23.57142857142857 -6.428571428571429 0.0 -41 -57.20661006053764 0.0 0.0 
23.57142857142857 -5.714285714285714 0.0 -1 -45.77628280365309 0.0 0.0 
23.57142857142857 -5.0 0.0 27 37.26683637997527 0.0 0.0 
23.57142857142857 -4.285714285714286 0.0 42 45.90254184112411 0.0 0.0 
23.57142857142857 -3.5714285714285716 0.0 38 78.12565876113729 0.0 0.0 
23.57142857142857 -2.857142857142857 0.0 35 65.12992020877958 0.0 0.0 
23.57142857142857 -2.142857142857143 0.0 25 68.47535831282795 0.0 0.0 
23.57142857142857 -1.4285714285714286 0.0 28 61.70195108894335 0.0 0.0 
23.57142857142857 -0.7142857142857143 0.0 26 65.28592747835087 0.0 0.0 
23.57142857142857 -0.0 0.0 22 51.69415566751994 0.0 0.0 
23.57142857142857 0.0 0.0 31 67.07340004311422 0.0 0.0 
23.57142857142857 0.7142857142857143 0.0 24 61.94715147478621 0.0 0.0 
23.57142857142857 1.4285714285714286 0.0 36 92.32324233557355 0.0 0.0 
23.57142857142857 2.142857142857143 0.0 26 81.69074656445686 0.0 0.0 
23.57142857142857 2.857142857142857 0.0 28 99.83002159126005 0.0 0.0 
23.57142857142857 3.5714285714285716 0.0 13 66.77608817814297 0.0 0.0 
23.57142857142857 4.285714285714286 0.0 9 55.703544524824835 0.0 0.0 
23.57142857142857 5.0 0.0 8 44.605749729221394 0.0 0.0 
23.57142857142857 5.714285714285714 0.0 -9 18.37281511819171 0.0 0.0 
23.57142857142857 6.428571428571429 0.0 0 27.182383873200592 0.0 0.0 
23.57142857142857 7.142857142857143 0.0 -7 14.250037667333148 0.0 0.0 
23.57142857142857 7.857142857142858 0.0 -6 17.603938842097648 0.0 0.0 
23.57142857142857 8.571428571428571 0.0 -1 21.73122829064025 0.0 0.0 
23.57142857142857 9.285714285714286 0.0 20 67.60699320852382 0.0 0.0 
25.714285714285715 -9.285714285714286 0.0 -65 -140.56353396559945 0.0 0.0 
25.714285714285715 -8.571428571428571 0.0 -32 -94.47041263515602 0.0 0.0 
25.714285714285715 -7.857142857142858 0.0 -9 -56.848651428431424 0.0 0.0 
25.714285714285715 -7.142857142857143 0.0 15 -3.406351074959934 0.0 0.0 
25.714285714285715 -6.428571428571429 0.0 8 13.409004768056498 0.0 0.0 
25.714285714285715 -5.714285714285714 0.0 5 24.96621181839984 0.0 0.0 
25.714285714285715 -5.0 0.0 -5 22.168831424002647 0.0 0.0 
25.714285714285715 -4.285714285714286 0.0 4 42.23055887870209 0.0 0.0 
25.714285714285715 -3.5714285714285716 0.0 12 65.56442850336137 0.0 0.0 
25.714285714285715 -2.857142857142857 0.0 22 82.7015920731078 0.0 0.0 
25.714285714285715 -2.142857142857143 0.0 23 90.34527320075992 0.0 0.0 
25.714285714285715 -1.4285714285714286 0.0 16 65.30235529060155 0.0 0.0 
25.714285714285715 -0.7142857142857143 0.0 18 64.0174960128216 0.0 0.0 
25.714285714285715 -0.0 0.0 15 40.8976446936792 0.0 0.0 
25.714285714285715 0.0 0.0 35 76.17215205119436 0.0 0.0 
25.714285714285715 0.7142857142857143 0.0 41 81.11980115379576 0.0 0.0 
25.714285714285715 1.4285714285714286 0.0 47 105.16401744649886 0.0 0.0 
25.714285714285715 2.142857142857143 0.0 34 81.97516066275918 0.0 0.0 
25.714285714285715 2.857142857142857 0.0 15 54.76444198307967 0.0 0.0 
25.714285714285715 3.5714285714285716 0.0 4 20.953403332953283 0.0 0.0 
25.714285714285715 4.285714285714286 0.0 -11 -11.296077405598508 0.0 0.0 
25.714285714285715 5.0 0.0 0 -4.141413264704342 0.0 0.0 
25.714285714285715 5.714285714285714 0.0 -3 -20.05123127680613 0.0 0.0 
25.714285714285715 6.428571428571429 0.0 7 0.9160894061151197 0.0 0.0 
25.714285714285715 7.142857142857143 0.0 8 1.3894940761219612 0.0 0.0 
25.714285714285715 7.857142857142858 0.0 2 -9.671889100912935 0.0 0.0 
25.714285714285715 8.571428571428571 0.0 5 0.6741714331948803 0.0 0.0 
25.714285714285715 9.285714285714286 0.0 2 -6.125084113225288 0.0 0.0 
27.857142857142858 -9.285714285714286 0.0 10 -3.560914783621582 0.0 0.0 
27.857142857142858 -8.571428571428571 0.0 -14 33.1608957801475 0.0 0.0 
27.857142857142858 -7.857142857142858 0.0 -36 -6.407242143374859 0.0 0.0 
27.857142857142858 -7.142857142857143 0.0 -52 8.410691945575735 0.0 0.0 
27.857142857142858 -6.428571428571429 0.0 -49 -7.291281645883288 0.0 0.0 
27.857142857142858 -5.714285714285714 0.0 -26 38.72570806153621 0.0 0.0 
27.857142857142858 -5.0 0.0 2 70.25259983737575 0.0 0.0 
27.857142857142858 -4.285714285714286 0.0 29 118.35042388517225 0.0 0.0 
27.857142857142858 -3.5714285714285716 0.0 45 123.83028300062145 0.0 0.0 
27.857142857142858 -2.857142857142857 0.0 46 112.5563861458118 0.0 0.0 
27.857142857142858 -2.142857142857143 0.0 49 85.6075978956646 0.0 0.0 
27.857142857142858 -1.4285714285714286 0.0 44 61.804096001151265 0.0 0.0 
27.857142857142858 -0.7142857142857143 0.0 49 54.019088190379584 0.0 0.0 
27.857142857142858 -0.0 0.0 49 56.07538913291013 0.0 0.0 
27.857142857142858 0.0 0.0 51 58.15003446560677 0.0 0.0 
27.857142857142858 0.7142857142857143 0.0 44 58.45785290166143 0.0 0.0 
27.857142857142858 1.4285714285714286 0.0 24 27.570772594978735 0.0 0.0 
27.857142857142858 2.142857142857143 0.0 13 12.453002571647819 0.0 0.0 
27.857142857142858 2.857142857142857 0.0 -2 -26.109871817339524 0.0 0.0 
27.857142857142858 3.5714285714285716 0.0 -3 -28.79192470236116 0.0 0.0 
27.857142857142858 4.285714285714286 0.0 -11 -43.88179192277731 0.0 0.0 
27.857142857142858 5.0 0.0 -7 -37.90310731138191 0.0 0.0 
27.857142857142858 5.714285714285714 0.0 -6 -34.08522898271027 0.0 0.0 
27.857142857142858 6.428571428571429 0.0 -5 -30.93735499354431 0.0 0.0 
27.857142857142858 7.142857142857143 0.0 3 -10.653852654288315 0.0 0.0 
27.857142857142858 7.857142857142858 0.0 -4 -23.566180008096104 0.0 0.0 
27.857142857142858 8.571428571428571 0.0 5 -6.873499060910753 0.0 0.0 
27.857142857142858 9.285714285714286 0.0 -4 -18.162746810947507 0.0 0.0 
