-27.857142857142858 -9.285714285714286 0.0 0 -0.21011992989676972 0.0 0.0 
-27.857142857142858 -8.571428571428571 0.0 0 -0.043110229892929064 0.0 0.0 
-27.857142857142858 -7.857142857142858 0.0 0 -0.21585783067990777 0.0 0.0 
-27.857142857142858 -7.142857142857143 0.0 0 -0.04165205214541315 0.0 0.0 
-27.857142857142858 -6.428571428571429 0.0 0 -0.15409353252468386 0.0 0.0 
-27.857142857142858 -5.714285714285714 0.0 0 0.017295001910397616 0.0 0.0 
-27.857142857142858 -5.0 0.0 0 -0.05532007514880834 0.0 0.0 
-27.857142857142858 -4.285714285714286 0.0 0 0.09468521895627817 0.0 0.0 
-27.857142857142858 -3.5714285714285716 0.0 0 0.04233097165343443 0.0 0.0 
-27.857142857142858 -2.857142857142857 0.0 0 0.16123385694100645 0.0 0.0 
-27.857142857142858 -2.142857142857143 0.0 0 0.11658389790767129 0.0 0.0 
-27.857142857142858 -1.4285714285714286 0.0 0 0.2021610661004798 0.0 0.0 
-27.857142857142858 -0.7142857142857143 0.0 0 0.1589964636727036 0.0 0.0 
-27.857142857142858 -0.0 0.0 0 0.21515944534640608 0.0 0.0 
-27.857142857142858 0.0 0.0 0 0.1726690793408537 0.0 0.0 
-27.857142857142858 0.7142857142857143 0.0 0 0.20631974710587508 0.0 0.0 
-27.857142857142858 1.4285714285714286 0.0 0 0.1660251846643516 0.0 0.0 
-27.857142857142858 2.142857142857143 0.0 0 0.18373505940106016 0.0 0.0 
-27.857142857142858 2.857142857142857 0.0 0 0.1455786077163478 0.0 0.0 
-27.857142857142858 3.5714285714285716 0.0 0 0.15023886814198856 0.0 0.0 
-27.857142857142858 4.285714285714286 0.0 0 0.11405354580734015 0.0 0.0 
-27.857142857142858 5.0 0.0 0 0.10328012039155696 0.0 0.0 
-27.857142857142858 5.714285714285714 0.0 0 0.07971746585335696 0.0 0.0 
-27.857142857142858 6.428571428571429 0.0 0 0.07150815583612169 0.0 0.0 
-27.857142857142858 7.142857142857143 0.0 0 -0.0008201865333288469 0.0 0.0 
-27.857142857142858 7.857142857142858 0.0 0 0.044888098018331005 0.0 0.0 
-27.857142857142858 8.571428571428571 0.0 0 0.021236183165782237 0.0 0.0 
-27.857142857142858 9.285714285714286 0.0 0 0.03117435462662268 0.0 0.0 
-25.714285714285715 -9.285714285714286 0.0 0 -0.1280074741096916 0.0 0.0 
-25.714285714285715 -8.571428571428571 0.0 0 -0.04471027102830454 0.0 0.0 
-25.714285714285715 -7.857142857142858 0.0 0 -0.14405137160635945 0.0 0.0 
-25.714285714285715 -7.142857142857143 0.0 0 -0.04237351256099405 0.0 0.0 
-25.714285714285715 -6.428571428571429 0.0 0 -0.08242657530486339 0.0 0.0 
-25.714285714285715 -5.714285714285714 0.0 0 0.017955583940431515 0.0 0.0 
-25.714285714285715 -5.0 0.0 0 0.004323225358512699 0.0 0.0 
-25.714285714285715 -4.285714285714286 0.0 0 0.08587216300549197 0.0 0.0 
-25.714285714285715 -3.5714285714285716 0.0 0 0.077883160106529 0.0 0.0 
-25.714285714285715 -2.857142857142857 0.0 0 0.1338845964913936 0.0 0.0 
-25.714285714285715 -2.142857142857143 0.0 0 0.12112313722606882 0.0 0.0 
-25.714285714285715 -1.4285714285714286 0.0 0 0.15084821211313357 0.0 0.0 
-25.714285714285715 -0.7142857142857143 0.0 0 0.1300512882650242 0.0 0.0 
-25.714285714285715 -0.0 0.0 0 0.13967712312322406 0.0 0.0 
-25.714285714285715 0.0 0.0 0 0.11425156495148031 0.0 0.0 
-25.714285714285715 0.7142857142857143 0.0 0 0.11203383720496098 0.0 0.0 
-25.714285714285715 1.4285714285714286 0.0 0 0.08627237755387752 0.0 0.0 
-25.714285714285715 2.142857142857143 0.0 0 0.07759598356817893 0.0 0.0 
-25.714285714285715 2.857142857142857 0.0 0 0.05133557317172251 0.0 0.0 
-25.714285714285715 3.5714285714285716 0.0 0 0.038194903570873184 0.0 0.0 
-25.714285714285715 4.285714285714286 0.0 0 0.017872680244098466 0.0 0.0 
-25.714285714285715 5.0 0.0 0 -0.021154166086510287 0.0 0.0 
-25.714285714285715 5.714285714285714 0.0 0 -0.024581713683778678 0.0 0.0 
-25.714285714285715 6.428571428571429 0.0 0 -0.04474547747209899 0.0 0.0 
-25.714285714285715 7.142857142857143 0.0 0 -0.11724610683768916 0.0 0.0 
-25.714285714285715 7.857142857142858 0.0 0 -0.08348189965392797 0.0 0.0 
-25.714285714285715 8.571428571428571 0.0 0 -0.05859676863141091 0.0 0.0 
-25.714285714285715 9.285714285714286 0.0 0 -0.11269835754459859 0.0 0.0 
-23.57142857142857 -9.285714285714286 0.0 0 -0.1902464687720343 0.0 0.0 
-23.57142857142857 -8.571428571428571 0.0 0 -0.09104252383289194 0.0 0.0 
-23.57142857142857 -7.857142857142858 0.0 0 -0.17100439416981705 0.0 0.0 
-23.57142857142857 -7.142857142857143 0.0 0 -0.039505066115316206 0.0 0.0 
-23.57142857142857 -6.428571428571429 0.0 0 -0.06030491910950184 0.0 0.0 
-23.57142857142857 -5.714285714285714 0.0 0 0.06092488064090297 0.0 0.0 
-23.57142857142857 -5.0 0.0 0 0.057094140674461426 0.0 0.0 
-23.57142857142857 -4.285714285714286 0.0 0 0.14903974625966876 0.0 0.0 
-23.57142857142857 -3.5714285714285716 0.0 0 0.14181903228950332 0.0 0.0 
-23.57142857142857 -2.857142857142857 0.0 0 0.19961750537215517 0.0 0.0 
-23.57142857142857 -2.142857142857143 0.0 0 0.1800147973575667 0.0 0.0 
-23.57142857142857 -1.4285714285714286 0.0 0 0.20299029384178024 0.0 0.0 
-23.57142857142857 -0.7142857142857143 0.0 0 0.16962222387867898 0.0 0.0 
-23.57142857142857 -0.0 0.0 0 0.1685710084428676 0.0 0.0 
-23.57142857142857 0.0 0.0 0 0.12870171727502377 0.0 0.0 
-23.57142857142857 0.7142857142857143 0.0 0 0.11518883845761553 0.0 0.0 
-23.57142857142857 1.4285714285714286 0.0 0 0.07703164809313062 0.0 0.0 
-23.57142857142857 2.142857142857143 0.0 0 0.05892459065380845 0.0 0.0 
-23.57142857142857 2.857142857142857 0.0 0 0.019094075939027372 0.0 0.0 
-23.57142857142857 3.5714285714285716 0.0 0 -0.010059557105188188 0.0 0.0 
-23.57142857142857 4.285714285714286 0.0 0 -0.04155376442692245 0.0 0.0 
-23.57142857142857 5.0 0.0 0 -0.10253930236638083 0.0 0.0 
-23.57142857142857 5.714285714285714 0.0 0 -0.0985424456785557 0.0 0.0 
-23.57142857142857 6.428571428571429 0.0 0 -0.12489821916360919 0.0 0.0 
-23.57142857142857 7.142857142857143 0.0 0 -0.19263782241128677 0.0 0.0 
-23.57142857142857 7.857142857142858 0.0 0 -0.16368821848120158 0.0 0.0 
-23.57142857142857 8.571428571428571 0.0 0 -0.10847394355016758 0.0 0.0 
-23.57142857142857 9.285714285714286 0.0 0 -0.2179627481981893 0.0 0.0 
-21.428571428571427 -9.285714285714286 0.0 0 -0.2500642955017767 0.0 0.0 
-21.428571428571427 -8.571428571428571 0.0 0 -0.10705709547642389 0.0 0.0 
-21.428571428571427 -7.857142857142858 0.0 0 -0.1939247040655882 0.0 0.0 
-21.428571428571427 -7.142857142857143 0.0 0 -0.024475540388961436 0.0 0.0 
-21.428571428571427 -6.428571428571429 0.0 0 -0.05745829233550023 0.0 0.0 
-21.428571428571427 -5.714285714285714 0.0 0 0.08521950951724955 0.0 0.0 
-21.428571428571427 -5.0 0.0 0 0.06430171452679073 0.0 0.0 
-21.428571428571427 -4.285714285714286 0.0 0 0.1664805109093746 0.0 0.0 
-21.428571428571427 -3.5714285714285716 0.0 0 0.14000283082132373 0.0 0.0 
-21.428571428571427 -2.857142857142857 0.0 0 0.20138406960247793 0.0 0.0 
-21.428571428571427 -2.142857142857143 0.0 0 0.16019902539071862 0.0 0.0 
-21.428571428571427 -1.4285714285714286 0.0 0 0.1769475977407663 0.0 0.0 
-21.428571428571427 -0.7142857142857143 0.0 0 0.11968880685810696 0.0 0.0 
-21.428571428571427 -0.0 0.0 0 0.11045412329909543 0.0 0.0 
-21.428571428571427 0.0 0.0 0 0.049493731820879766 0.0 0.0 
-21.428571428571427 0.7142857142857143 0.0 0 0.029247839125300795 0.0 0.0 
-21.428571428571427 1.4285714285714286 0.0 0 -0.025258866045484524 0.0 0.0 
-21.428571428571427 2.142857142857143 0.0 0 -0.04751414183146932 0.0 0.0 
-21.428571428571427 2.857142857142857 0.0 0 -0.09495731436216498 0.0 0.0 
-21.428571428571427 3.5714285714285716 0.0 0 -0.11755169327493262 0.0 0.0 
-21.428571428571427 4.285714285714286 0.0 0 -0.1376124839045379 0.0 0.0 
-21.428571428571427 5.0 0.0 0 -0.19834115084527476 0.0 0.0 
-21.428571428571427 5.714285714285714 0.0 0 -0.18876878083844117 0.0 0.0 
-21.428571428571427 6.428571428571429 0.0 0 -0.22593733501289628 0.0 0.0 
-21.428571428571427 7.142857142857143 0.0 0 -0.29333493755145595 0.0 0.0 
-21.428571428571427 7.857142857142858 0.0 0 -0.26786061234639424 0.0 0.0 
-21.428571428571427 8.571428571428571 0.0 0 -0.1658665898210253 0.0 0.0 
-21.428571428571427 9.285714285714286 0.0 0 -0.3342173285363101 0.0 0.0 
-19.285714285714285 -9.285714285714286 0.0 0 -0.29089441778069314 0.0 0.0 
-19.285714285714285 -8.571428571428571 0.0 0 -0.09742388622408077 0.0 0.0 
-19.285714285714285 -7.857142857142858 0.0 0 -0.17665950048371898 0.0 0.0 
-19.285714285714285 -7.142857142857143 0.0 0 0.023171261203977125 0.0 0.0 
-19.285714285714285 -6.428571428571429 0.0 0 -0.019108079026241183 0.0 0.0 
-19.285714285714285 -5.714285714285714 0.0 0 0.1350310464795368 0.0 0.0 
-19.285714285714285 -5.0 0.0 0 0.09767567482821644 0.0 0.0 
-19.285714285714285 -4.285714285714286 0.0 0 0.20128542875047464 0.0 0.0 
-19.285714285714285 -3.5714285714285716 0.0 0 0.156003899055172 0.0 0.0 
-19.285714285714285 -2.857142857142857 0.0 0 0.21660417128280685 0.0 0.0 
-19.285714285714285 -2.142857142857143 0.0 0 0.15402827747331482 0.0 0.0 
-19.285714285714285 -1.4285714285714286 0.0 0 0.15830315216658064 0.0 0.0 
-19.285714285714285 -0.7142857142857143 0.0 0 0.07855039346544904 0.0 0.0 
-19.285714285714285 -0.0 0.0 0 0.0603782457562011 0.0 0.0 
-19.285714285714285 0.0 0.0 0 -0.0168656083309148 0.0 0.0 
-19.285714285714285 0.7142857142857143 0.0 0 -0.0341973245419801 0.0 0.0 
-19.285714285714285 1.4285714285714286 0.0 0 -0.08538542129022539 0.0 0.0 
-19.285714285714285 2.142857142857143 0.0 0 -0.09517622665892722 0.0 0.0 
-19.285714285714285 2.857142857142857 0.0 0 -0.13975851845379356 0.0 0.0 
-19.285714285714285 3.5714285714285716 0.0 0 -0.16578844592518116 0.0 0.0 
-19.285714285714285 4.285714285714286 0.0 0 -0.19163433542828773 0.0 0.0 
-19.285714285714285 5.0 0.0 0 -0.2694535102653718 0.0 0.0 
-19.285714285714285 5.714285714285714 0.0 0 -0.2507424864295319 0.0 0.0 
-19.285714285714285 6.428571428571429 0.0 0 -0.2961110192575779 0.0 0.0 
-19.285714285714285 7.142857142857143 0.0 0 -0.3466148118105509 0.0 0.0 
-19.285714285714285 7.857142857142858 0.0 0 -0.35057509285853033 0.0 0.0 
-19.285714285714285 8.571428571428571 0.0 0 -0.17902604386928267 0.0 0.0 
-19.285714285714285 9.285714285714286 0.0 0 -0.4286126163758814 0.0 0.0 
-17.142857142857142 -9.285714285714286 0.0 0 -0.33771566285779114 0.0 0.0 
-17.142857142857142 -8.571428571428571 0.0 0 -0.11642732390804797 0.0 0.0 
-17.142857142857142 -7.857142857142858 0.0 0 -0.18517583439935625 0.0 0.0 
-17.142857142857142 -7.142857142857143 0.0 0 0.017600175311625 0.0 0.0 
-17.142857142857142 -6.428571428571429 0.0 0 -0.032331557819635016 0.0 0.0 
-17.142857142857142 -5.714285714285714 0.0 0 0.1125607914758491 0.0 0.0 
-17.142857142857142 -5.0 0.0 0 0.0644176491649075 0.0 0.0 
-17.142857142857142 -4.285714285714286 0.0 0 0.15595015210348034 0.0 0.0 
-17.142857142857142 -3.5714285714285716 0.0 0 0.10379761640959617 0.0 0.0 
-17.142857142857142 -2.857142857142857 0.0 0 0.16631424340696946 0.0 0.0 
-17.142857142857142 -2.142857142857143 0.0 0 0.08714048920281775 0.0 0.0 
-17.142857142857142 -1.4285714285714286 0.0 0 0.10745348410607744 0.0 0.0 
-17.142857142857142 -0.7142857142857143 0.0 0 0.0274486430682791 0.0 0.0 
-17.142857142857142 -0.0 0.0 0 0.012661886393066035 0.0 0.0 
-17.142857142857142 0.0 0.0 0 -0.054288145260924014 0.0 0.0 
-17.142857142857142 0.7142857142857143 0.0 0 -0.09010004201211141 0.0 0.0 
-17.142857142857142 1.4285714285714286 0.0 0 -0.13913190595262262 0.0 0.0 
-17.142857142857142 2.142857142857143 0.0 0 -0.15997210067605822 0.0 0.0 
-17.142857142857142 2.857142857142857 0.0 0 -0.20845400005230116 0.0 0.0 
-17.142857142857142 3.5714285714285716 0.0 0 -0.24053593291925832 0.0 0.0 
-17.142857142857142 4.285714285714286 0.0 0 -0.2547605418584899 0.0 0.0 
-17.142857142857142 5.0 0.0 0 -0.3428376080511528 0.0 0.0 
-17.142857142857142 5.714285714285714 0.0 0 -0.3038894852876915 0.0 0.0 
-17.142857142857142 6.428571428571429 0.0 0 -0.3666356854326941 0.0 0.0 
-17.142857142857142 7.142857142857143 0.0 0 -0.38714943166401505 0.0 0.0 
-17.142857142857142 7.857142857142858 0.0 0 -0.42713030949376496 0.0 0.0 
-17.142857142857142 8.571428571428571 0.0 0 -0.16394630653088144 0.0 0.0 
-17.142857142857142 9.285714285714286 0.0 0 -0.47552048537539215 0.0 0.0 
-15.0 -9.285714285714286 0.0 0 -0.427384592354607 0.0 0.0 
-15.0 -8.571428571428571 0.0 0 -0.16084927620686734 0.0 0.0 
-15.0 -7.857142857142858 0.0 0 -0.24449765111475807 0.0 0.0 
-15.0 -7.142857142857143 0.0 0 -0.02875464452223004 0.0 0.0 
-15.0 -6.428571428571429 0.0 0 -0.09397419486957996 0.0 0.0 
-15.0 -5.714285714285714 0.0 0 0.05563817821751074 0.0 0.0 
-15.0 -5.0 0.0 0 0.000728763012830258 0.0 0.0 
-15.0 -4.285714285714286 0.0 0 0.08945093557699829 0.0 0.0 
-15.0 -3.5714285714285716 0.0 0 0.04748966973698576 0.0 0.0 
-15.0 -2.857142857142857 0.0 0 0.09417564783414367 0.0 0.0 
-15.0 -2.142857142857143 0.0 0 0.04310912875107209 0.0 0.0 
-15.0 -1.4285714285714286 0.0 0 0.03263538207845179 0.0 0.0 
-15.0 1.4285714285714286 0.0 0 -0.17229376631324578 0.0 0.0 
-15.0 2.142857142857143 0.0 0 -0.17412305126845112 0.0 0.0 
-15.0 2.857142857142857 0.0 0 -0.23366987047390625 0.0 0.0 
-15.0 3.5714285714285716 0.0 0 -0.2595642719911238 0.0 0.0 
-15.0 4.285714285714286 0.0 0 -0.27776005190120856 0.0 0.0 
-15.0 5.0 0.0 0 -0.38507675653193063 0.0 0.0 
-15.0 5.714285714285714 0.0 0 -0.3370874511126322 0.0 0.0 
-15.0 6.428571428571429 0.0 0 -0.4197650238274173 0.0 0.0 
-15.0 7.142857142857143 0.0 0 -0.4179289629002749 0.0 0.0 
-15.0 7.857142857142858 0.0 0 -0.4726550736304151 0.0 0.0 
-15.0 8.571428571428571 0.0 0 -0.14297981897558343 0.0 0.0 
-15.0 9.285714285714286 0.0 0 -0.4514408792283765 0.0 0.0 
-12.857142857142858 -9.285714285714286 0.0 0 -0.5188683109994399 0.0 0.0 
-12.857142857142858 -8.571428571428571 0.0 0 -0.1558921926482248 0.0 0.0 
-12.857142857142858 -7.857142857142858 0.0 0 -0.2982216458547865 0.0 0.0 
-12.857142857142858 -7.142857142857143 0.0 0 -0.025932615599249448 0.0 0.0 
-12.857142857142858 -6.428571428571429 0.0 0 -0.13279313702425682 0.0 0.0 
-12.857142857142858 -5.714285714285714 0.0 0 0.056026364184949606 0.0 0.0 
-12.857142857142858 -5.0 0.0 0 -0.029484681491824982 0.0 0.0 
-12.857142857142858 -4.285714285714286 0.0 0 0.07745552299819097 0.0 0.0 
-12.857142857142858 -3.5714285714285716 0.0 0 0.01593293943427243 0.0 0.0 
-12.857142857142858 -2.857142857142857 0.0 0 0.05425348214919967 0.0 0.0 
-12.857142857142858 -2.142857142857143 0.0 0 -0.030599739791982827 0.0 0.0 
-12.857142857142858 2.142857142857143 0.0 0 -0.26759290876667663 0.0 0.0 
-12.857142857142858 2.857142857142857 0.0 0 -0.2818551930803991 0.0 0.0 
-12.857142857142858 3.5714285714285716 0.0 0 -0.35681154144434934 0.0 0.0 
-12.857142857142858 4.285714285714286 0.0 0 -0.33134387064341175 0.0 0.0 
-12.857142857142858 5.0 0.0 0 -0.49083671718850436 0.0 0.0 
-12.857142857142858 5.714285714285714 0.0 0 -0.4010125917333821 0.0 0.0 
-12.857142857142858 6.428571428571429 0.0 0 -0.5209880463242678 0.0 0.0 
-12.857142857142858 7.142857142857143 0.0 0 -0.4941626888319296 0.0 0.0 
-12.857142857142858 7.857142857142858 0.0 0 -0.5555595600328516 0.0 0.0 
-12.857142857142858 8.571428571428571 0.0 0 -0.18862958178159392 0.0 0.0 
-12.857142857142858 9.285714285714286 0.0 0 -0.47787745082532507 0.0 0.0 
-10.714285714285714 -9.285714285714286 0.0 0 -0.5423943222791161 0.0 0.0 
-10.714285714285714 -8.571428571428571 0.0 0 -0.10208317118362738 0.0 0.0 
-10.714285714285714 -7.857142857142858 0.0 0 -0.30975605611266877 0.0 0.0 
-10.714285714285714 -7.142857142857143 0.0 0 0.013756248260378662 0.0 0.0 
-10.714285714285714 -6.428571428571429 0.0 0 -0.144925903197555 0.0 0.0 
-10.714285714285714 -5.714285714285714 0.0 0 0.07865995776371304 0.0 0.0 
-10.714285714285714 -5.0 0.0 0 -0.05753950416371606 0.0 0.0 
-10.714285714285714 -4.285714285714286 0.0 0 0.0611804220959517 0.0 0.0 
-10.714285714285714 -3.5714285714285716 0.0 0 -0.055248986201018535 0.0 0.0 
-10.714285714285714 -2.857142857142857 0.0 0 -0.01075560213051241 0.0 0.0 
-10.714285714285714 -2.142857142857143 0.0 0 -0.16681484597028 0.0 0.0 
-10.714285714285714 2.142857142857143 0.0 0 -0.36927848181653455 0.0 0.0 
-10.714285714285714 2.857142857142857 0.0 0 -0.3833412494632344 0.0 0.0 
-10.714285714285714 3.5714285714285716 0.0 0 -0.4578268110380557 0.0 0.0 
-10.714285714285714 4.285714285714286 0.0 0 -0.43363760551540587 0.0 0.0 
-10.714285714285714 5.0 0.0 0 -0.6117202664301463 0.0 0.0 
-10.714285714285714 5.714285714285714 0.0 0 -0.5205410336582128 0.0 0.0 
-10.714285714285714 6.428571428571429 0.0 0 -0.6382331991354315 0.0 0.0 
-10.714285714285714 7.142857142857143 0.0 0 -0.6140017107557942 0.0 0.0 
-10.714285714285714 7.857142857142858 0.0 0 -0.6436402850615525 0.0 0.0 
-10.714285714285714 8.571428571428571 0.0 0 -0.2613361503096088 0.0 0.0 
-10.714285714285714 9.285714285714286 0.0 0 -0.5784800682873023 0.0 0.0 
-8.571428571428571 -9.285714285714286 0.0 0 -0.5433756263824981 0.0 0.0 
-8.571428571428571 -8.571428571428571 0.0 0 -0.07927067731598914 0.0 0.0 
-8.571428571428571 -7.857142857142858 0.0 0 -0.3166890436435914 0.0 0.0 
-8.571428571428571 -7.142857142857143 0.0 0 0.02822672546231464 0.0 0.0 
-8.571428571428571 -6.428571428571429 0.0 0 -0.16125988274023967 0.0 0.0 
-8.571428571428571 -5.714285714285714 0.0 0 0.07263995416758351 0.0 0.0 
-8.571428571428571 -5.0 0.0 0 -0.09878257041975746 0.0 0.0 
-8.571428571428571 -4.285714285714286 0.0 0 0.03103045883443467 0.0 0.0 
-8.571428571428571 -3.5714285714285716 0.0 0 -0.11197340521982346 0.0 0.0 
-8.571428571428571 -2.857142857142857 0.0 0 -0.052083323730965914 0.0 0.0 
-8.571428571428571 -2.142857142857143 0.0 0 -0.25531242523137937 0.0 0.0 
-8.571428571428571 2.142857142857143 0.0 0 -0.4813477748846689 0.0 0.0 
-8.571428571428571 2.857142857142857 0.0 0 -0.4912544265398774 0.0 0.0 
-8.571428571428571 3.5714285714285716 0.0 0 -0.5637458796559073 0.0 0.0 
-8.571428571428571 4.285714285714286 0.0 0 -0.54600732441376 0.0 0.0 
-8.571428571428571 5.0 0.0 0 -0.7429818877976763 0.0 0.0 
-8.571428571428571 5.714285714285714 0.0 0 -0.6515024671688954 0.0 0.0 
-8.571428571428571 6.428571428571429 0.0 0 -0.7626153504633327 0.0 0.0 
-8.571428571428571 7.142857142857143 0.0 0 -0.727588516070852 0.0 0.0 
-8.571428571428571 7.857142857142858 0.0 0 -0.7229949277182357 0.0 0.0 
-8.571428571428571 8.571428571428571 0.0 0 -0.29657166232401877 0.0 0.0 
-8.571428571428571 9.285714285714286 0.0 0 -0.6879230617053439 0.0 0.0 
-6.428571428571429 -9.285714285714286 0.0 0 -0.5840366991237507 0.0 0.0 
-6.428571428571429 -8.571428571428571 0.0 0 -0.08872229095178726 0.0 0.0 
-6.428571428571429 -7.857142857142858 0.0 0 -0.3393350218460083 0.0 0.0 
-6.428571428571429 -7.142857142857143 0.0 0 0.03975261400037966 0.0 0.0 
-6.428571428571429 -6.428571428571429 0.0 0 -0.1565332940499618 0.0 0.0 
-6.428571428571429 -5.714285714285714 0.0 0 0.10258524757480159 0.0 0.0 
-6.428571428571429 -5.0 0.0 0 -0.09482652181982021 0.0 0.0 
-6.428571428571429 -4.285714285714286 0.0 0 0.023067686903197382 0.0 0.0 
-6.428571428571429 -3.5714285714285716 0.0 0 -0.1720187568005216 0.0 0.0 
-6.428571428571429 -2.857142857142857 0.0 0 -0.14140990301491946 0.0 0.0 
-6.428571428571429 -2.142857142857143 0.0 0 -0.3877952177817135 0.0 0.0 
-6.428571428571429 2.142857142857143 0.0 0 -0.6045411135559203 0.0 0.0 
-6.428571428571429 2.857142857142857 0.0 0 -0.6034137306978765 0.0 0.0 
-6.428571428571429 3.5714285714285716 0.0 0 -0.6792217038882857 0.0 0.0 
-6.428571428571429 4.285714285714286 0.0 0 -0.6733398692054422 0.0 0.0 
-6.428571428571429 5.0 0.0 0 -0.8964531497518867 0.0 0.0 
-6.428571428571429 5.714285714285714 0.0 0 -0.7960337484628612 0.0 0.0 
-6.428571428571429 6.428571428571429 0.0 0 -0.8975476967501481 0.0 0.0 
-6.428571428571429 7.142857142857143 0.0 0 -0.8294180191707574 0.0 0.0 
-6.428571428571429 7.857142857142858 0.0 0 -0.788899482917934 0.0 0.0 
-6.428571428571429 8.571428571428571 0.0 0 -0.30041244076339285 0.0 0.0 
-6.428571428571429 9.285714285714286 0.0 0 -0.7751256055073915 0.0 0.0 
-4.285714285714286 -9.285714285714286 0.0 0 -0.60569327690684 0.0 0.0 
-4.285714285714286 -8.571428571428571 0.0 0 -0.020652880865996925 0.0 0.0 
-4.285714285714286 -7.857142857142858 0.0 0 -0.29836477336046513 0.0 0.0 
-4.285714285714286 -7.142857142857143 0.0 0 0.13834159646350608 0.0 0.0 
-4.285714285714286 -6.428571428571429 0.0 0 -0.10536629068515957 0.0 0.0 
-4.285714285714286 -5.714285714285714 0.0 0 0.16789034528405544 0.0 0.0 
-4.285714285714286 -5.0 0.0 0 -0.09845728165152778 0.0 0.0 
-4.285714285714286 -4.285714285714286 0.0 0 0.002456921450192495 0.0 0.0 
-4.285714285714286 -3.5714285714285716 0.0 0 -0.2503039935824737 0.0 0.0 
-4.285714285714286 -2.857142857142857 0.0 0 -0.2397102880275348 0.0 0.0 
-4.285714285714286 -2.142857142857143 0.0 0 -0.5427914346113464 0.0 0.0 
-4.285714285714286 2.142857142857143 0.0 0 -0.7164310566605212 0.0 0.0 
-4.285714285714286 2.857142857142857 0.0 0 -0.701644035462587 0.0 0.0 
-4.285714285714286 3.5714285714285716 0.0 0 -0.7867786594662418 0.0 0.0 
-4.285714285714286 4.285714285714286 0.0 0 -0.8050316071915251 0.0 0.0 
-4.285714285714286 5.0 0.0 0 -1.0532599144983958 0.0 0.0 
-4.285714285714286 5.714285714285714 0.0 0 -0.9283539467821906 0.0 0.0 
-4.285714285714286 6.428571428571429 0.0 0 -1.0027269747545584 0.0 0.0 
-4.285714285714286 7.142857142857143 0.0 0 -0.8806357393511176 0.0 0.0 
-4.285714285714286 7.857142857142858 0.0 0 -0.792974168418765 0.0 0.0 
-4.285714285714286 8.571428571428571 0.0 0 -0.24438389008494998 0.0 0.0 
-4.285714285714286 9.285714285714286 0.0 0 -0.8163912954670123 0.0 0.0 
-2.142857142857143 -9.285714285714286 0.0 0 -0.5639614082859254 0.0 0.0 
-2.142857142857143 -8.571428571428571 0.0 0 0.0504180317858324 0.0 0.0 
-2.142857142857143 -7.857142857142858 0.0 0 -0.23816472767035574 0.0 0.0 
-2.142857142857143 -7.142857142857143 0.0 0 0.22060344331776627 0.0 0.0 
-2.142857142857143 -6.428571428571429 0.0 0 -0.04802298206111 0.0 0.0 
-2.142857142857143 -5.714285714285714 0.0 0 0.23288282478538458 0.0 0.0 
-2.142857142857143 -5.0 0.0 0 -0.07675513534745204 0.0 0.0 
-2.142857142857143 -4.285714285714286 0.0 0 -0.008155343190398345 0.0 0.0 
-2.142857142857143 -3.5714285714285716 0.0 0 -0.3091302394541493 0.0 0.0 
-2.142857142857143 -2.857142857142857 0.0 0 -0.3357911111122186 0.0 0.0 
-2.142857142857143 -2.142857142857143 0.0 0 -0.7107395120370398 0.0 0.0 
-2.142857142857143 2.142857142857143 0.0 0 -0.8155966898780079 0.0 0.0 
-2.142857142857143 2.857142857142857 0.0 0 -0.7798752433495092 0.0 0.0 
-2.142857142857143 3.5714285714285716 0.0 0 -0.897585929128413 0.0 0.0 
-2.142857142857143 4.285714285714286 0.0 0 -0.9563576344760318 0.0 0.0 
-2.142857142857143 5.0 0.0 0 -1.2227750644384223 0.0 0.0 
-2.142857142857143 5.714285714285714 0.0 0 -1.040167851204801 0.0 0.0 
-2.142857142857143 6.428571428571429 0.0 0 -1.0605142078358016 0.0 0.0 
-2.142857142857143 7.142857142857143 0.0 0 -0.8622804623816713 0.0 0.0 
-2.142857142857143 7.857142857142858 0.0 0 -0.7130393880742579 0.0 0.0 
-2.142857142857143 8.571428571428571 0.0 0 -0.1238005165076773 0.0 0.0 
-2.142857142857143 9.285714285714286 0.0 0 -0.8110787005543445 0.0 0.0 
-0.0 -9.285714285714286 0.0 0 -0.5381061870633588 0.0 0.0 
-0.0 -8.571428571428571 0.0 0 0.09901973268730563 0.0 0.0 
-0.0 -7.857142857142858 0.0 0 -0.15908614084127082 0.0 0.0 
-0.0 -7.142857142857143 0.0 0 0.32028158437418514 0.0 0.0 
-0.0 -6.428571428571429 0.0 0 0.04573126106566128 0.0 0.0 
-0.0 -5.714285714285714 0.0 0 0.31821965835668886 0.0 0.0 
-0.0 -5.0 0.0 0 -0.03509458788813946 0.0 0.0 
-0.0 -4.285714285714286 0.0 0 -0.024393616308395982 0.0 0.0 
-0.0 -3.5714285714285716 0.0 0 -0.35911747223031254 0.0 0.0 
-0.0 -2.857142857142857 0.0 0 -0.45123536528619723 0.0 0.0 
-0.0 -2.142857142857143 0.0 0 -0.8976338762120745 0.0 0.0 
-0.0 2.142857142857143 0.0 0 -0.9090949968880985 0.0 0.0 
-0.0 2.857142857142857 0.0 0 -0.8443282321833473 0.0 0.0 
-0.0 3.5714285714285716 0.0 0 -1.0406942932446277 0.0 0.0 
-0.0 4.285714285714286 0.0 0 -1.159247967532952 0.0 0.0 
-0.0 5.0 0.0 0 -1.4150560897515967 0.0 0.0 
-0.0 5.714285714285714 0.0 0 -1.1124684458580827 0.0 0.0 
-0.0 6.428571428571429 0.0 0 -1.0437624835572914 0.0 0.0 
-0.0 7.142857142857143 0.0 0 -0.7497467929043722 0.0 0.0 
-0.0 7.857142857142858 0.0 0 -0.526873129419146 0.0 0.0 
-0.0 8.571428571428571 0.0 0 0.07889385237049434 0.0 0.0 
-0.0 9.285714285714286 0.0 0 -0.7789984790716812 0.0 0.0 
0.0 -9.285714285714286 0.0 0 -0.4808213719027094 0.0 0.0 
0.0 -8.571428571428571 0.0 0 0.20639452448980655 0.0 0.0 
0.0 -7.857142857142858 0.0 0 -0.02628868192490763 0.0 0.0 
0.0 -7.142857142857143 0.0 0 0.4771065039233175 0.0 0.0 
0.0 -6.428571428571429 0.0 0 0.1739937617987526 0.0 0.0 
0.0 -5.714285714285714 0.0 0 0.43685606518627385 0.0 0.0 
0.0 -5.0 0.0 0 0.00976516304343833 0.0 0.0 
0.0 -4.285714285714286 0.0 0 -0.006967627579389513 0.0 0.0 
0.0 -3.5714285714285716 0.0 0 -0.4015854541369954 0.0 0.0 
0.0 -2.857142857142857 0.0 0 -0.5536385495343461 0.0 0.0 
0.0 -2.142857142857143 0.0 0 -1.0320372503422097 0.0 0.0 
0.0 2.142857142857143 0.0 0 -0.9856607130730474 0.0 0.0 
0.0 2.857142857142857 0.0 0 -0.8756009347095892 0.0 0.0 
0.0 3.5714285714285716 0.0 0 -1.2273727259442897 0.0 0.0 
0.0 4.285714285714286 0.0 0 -1.4196755396376326 0.0 0.0 
0.0 5.0 0.0 0 -1.5776774541798324 0.0 0.0 
0.0 5.714285714285714 0.0 0 -1.0673803224824683 0.0 0.0 
0.0 6.428571428571429 0.0 0 -0.8653015740385542 0.0 0.0 
0.0 7.142857142857143 0.0 0 -0.5175424236521243 0.0 0.0 
0.0 7.857142857142858 0.0 0 -0.1012185092351796 0.0 0.0 
0.0 8.571428571428571 0.0 0 0.29339499566378396 0.0 0.0 
0.0 9.285714285714286 0.0 0 -0.7523921235995807 0.0 0.0 
2.142857142857143 -9.285714285714286 0.0 0 -0.3610263671862209 0.0 0.0 
2.142857142857143 -8.571428571428571 0.0 0 0.3580246360963679 0.0 0.0 
2.142857142857143 -7.857142857142858 0.0 0 0.16992265912954518 0.0 0.0 
2.142857142857143 -7.142857142857143 0.0 0 0.6776036114741492 0.0 0.0 
2.142857142857143 -6.428571428571429 0.0 0 0.3435443012179791 0.0 0.0 
2.142857142857143 -5.714285714285714 0.0 0 0.5685619226373608 0.0 0.0 
2.142857142857143 -5.0 0.0 0 0.050735239670391286 0.0 0.0 
2.142857142857143 -4.285714285714286 0.0 0 0.03814318491578983 0.0 0.0 
2.142857142857143 -3.5714285714285716 0.0 0 -0.5250129410675083 0.0 0.0 
2.142857142857143 -2.857142857142857 0.0 0 -0.6023870673431676 0.0 0.0 
2.142857142857143 -2.142857142857143 0.0 0 -1.131273770501006 0.0 0.0 
2.142857142857143 1.4285714285714286 0.0 0 -1.6642180042429544 0.0 0.0 
2.142857142857143 2.142857142857143 0.0 0 -0.9610651526094292 0.0 0.0 
2.142857142857143 2.857142857142857 0.0 0 -1.0015940619905996 0.0 0.0 
2.142857142857143 3.5714285714285716 0.0 0 -1.4370813368419402 0.0 0.0 
2.142857142857143 4.285714285714286 0.0 0 -1.8180820935734228 0.0 0.0 
2.142857142857143 5.0 0.0 -1 -1.6302006671565952 0.0 0.0 
2.142857142857143 5.714285714285714 0.0 0 -0.886659849102275 0.0 0.0 
2.142857142857143 6.428571428571429 0.0 0 -0.6080821968153214 0.0 0.0 
2.142857142857143 7.142857142857143 0.0 0 -0.050384801948490765 0.0 0.0 
2.142857142857143 7.857142857142858 0.0 0 0.3295008586761567 0.0 0.0 
2.142857142857143 8.571428571428571 0.0 0 0.7246118017050914 0.0 0.0 
2.142857142857143 9.285714285714286 0.0 0 -0.9686090094365225 0.0 0.0 
4.285714285714286 -9.285714285714286 0.0 0 -0.18712805673523147 0.0 0.0 
4.285714285714286 -8.571428571428571 0.0 0 0.5323704853344133 0.0 0.0 
4.285714285714286 -7.857142857142858 0.0 0 0.4278309330474499 0.0 0.0 
4.285714285714286 -7.142857142857143 0.0 1 0.8836858180306906 0.0 0.0 
4.285714285714286 -6.428571428571429 0.0 1 0.5379727877262479 0.0 0.0 
4.285714285714286 -5.714285714285714 0.0 1 0.6709491081962377 0.0 0.0 
4.285714285714286 -5.0 0.0 1 0.145123578935211 0.0 0.0 
4.285714285714286 -4.285714285714286 0.0 0 0.07972342002669008 0.0 0.0 
4.285714285714286 -3.5714285714285716 0.0 0 -0.537940800063141 0.0 0.0 
4.285714285714286 -2.857142857142857 0.0 0 -0.8058192512636588 0.0 0.0 
4.285714285714286 -2.142857142857143 0.0 0 -1.1607149923065128 0.0 0.0 
4.285714285714286 -1.4285714285714286 0.0 0 -1.7883398973314542 0.0 0.0 
4.285714285714286 1.4285714285714286 0.0 -1 -2.064650262541924 0.0 0.0 
4.285714285714286 2.142857142857143 0.0 0 -0.5067200326047471 0.0 0.0 
4.285714285714286 2.857142857142857 0.0 0 -0.9121672421468285 0.0 0.0 
4.285714285714286 3.5714285714285716 0.0 0 -1.5783539038510952 0.0 0.0 
4.285714285714286 4.285714285714286 0.0 -1 -1.8515925116080918 0.0 0.0 
4.285714285714286 5.0 0.0 -1 -1.2316266747322668 0.0 0.0 
4.285714285714286 5.714285714285714 0.0 0 -0.18801038820295246 0.0 0.0 
4.285714285714286 6.428571428571429 0.0 0 -0.22883577912793257 0.0 0.0 
4.285714285714286 7.142857142857143 0.0 0 0.6681778421424527 0.0 0.0 
4.285714285714286 7.857142857142858 0.0 0 0.8263112599358009 0.0 0.0 
4.285714285714286 8.571428571428571 0.0 1 1.0366512994222408 0.0 0.0 
4.285714285714286 9.285714285714286 0.0 0 -0.5131835607750761 0.0 0.0 
6.428571428571429 -9.285714285714286 0.0 0 0.009474088846614936 0.0 0.0 
6.428571428571429 -8.571428571428571 0.0 0 0.727098413476604 0.0 0.0 
6.428571428571429 -7.857142857142858 0.0 1 0.6747830633708386 0.0 0.0 
6.428571428571429 -7.142857142857143 0.0 1 1.0515872964090198 0.0 0.0 
6.428571428571429 -6.428571428571429 0.0 1 0.680259356083049 0.0 0.0 
6.428571428571429 -5.714285714285714 0.0 1 0.7037698484875694 0.0 0.0 
6.428571428571429 -5.0 0.0 1 0.2152638264376734 0.0 0.0 
6.428571428571429 -4.285714285714286 0.0 0 0.14646235717032152 0.0 0.0 
6.428571428571429 -3.5714285714285716 0.0 0 -0.2772119606407142 0.0 0.0 
6.428571428571429 -2.857142857142857 0.0 0 -0.5251175055587745 0.0 0.0 
6.428571428571429 -2.142857142857143 0.0 0 -0.5836808123898358 0.0 0.0 
6.428571428571429 -1.4285714285714286 0.0 0 -1.5277032282962857 0.0 0.0 
6.428571428571429 -0.7142857142857143 0.0 0 -2.1203253983003045 0.0 0.0 
6.428571428571429 -0.0 0.0 0 -1.6573179213555935 0.0 0.0 
6.428571428571429 0.0 0.0 0 -3.2935768588526226 0.0 0.0 
6.428571428571429 2.142857142857143 0.0 0 -1.4917855118221939 0.0 0.0 
6.428571428571429 2.857142857142857 0.0 0 -1.935194444160961 0.0 0.0 
6.428571428571429 3.5714285714285716 0.0 -1 -2.210704175038834 0.0 0.0 
6.428571428571429 4.285714285714286 0.0 -1 -1.2613697450382975 0.0 0.0 
6.428571428571429 5.0 0.0 0 -0.823773214124327 0.0 0.0 
6.428571428571429 5.714285714285714 0.0 0 0.5495147026344467 0.0 0.0 
6.428571428571429 6.428571428571429 0.0 0 -0.41580473944052393 0.0 0.0 
6.428571428571429 7.142857142857143 0.0 0 0.6493433927950374 0.0 0.0 
6.428571428571429 7.857142857142858 0.0 0 0.0810515081228591 0.0 0.0 
6.428571428571429 8.571428571428571 0.0 0 0.19093410582855674 0.0 0.0 
6.428571428571429 9.285714285714286 0.0 0 -0.6077508470730297 0.0 0.0 
8.571428571428571 -9.285714285714286 0.0 0 0.5393309526169147 0.0 0.0 
8.571428571428571 -8.571428571428571 0.0 0 1.127053980704683 0.0 0.0 
8.571428571428571 -7.857142857142858 0.0 1 1.135226610855139 0.0 0.0 
8.571428571428571 -7.142857142857143 0.0 1 1.166689180867348 0.0 0.0 
8.571428571428571 -6.428571428571429 0.0 1 0.7097982200631608 0.0 0.0 
8.571428571428571 -5.714285714285714 0.0 1 0.44728906596997753 0.0 0.0 
8.571428571428571 -5.0 0.0 0 -0.01973767167885554 0.0 0.0 
8.571428571428571 -4.285714285714286 0.0 0 -0.13093574464642954 0.0 0.0 
8.571428571428571 -3.5714285714285716 0.0 0 -0.3773909158024151 0.0 0.0 
8.571428571428571 -2.857142857142857 0.0 0 -0.3429801652607974 0.0 0.0 
8.571428571428571 -2.142857142857143 0.0 0 0.07073625254626825 0.0 0.0 
8.571428571428571 -1.4285714285714286 0.0 0 -0.14891348974386134 0.0 0.0 
8.571428571428571 -0.7142857142857143 0.0 0 0.10254642490759969 0.0 0.0 
8.571428571428571 -0.0 0.0 0 0.5262190545378902 0.0 0.0 
8.571428571428571 0.0 0.0 0 -1.4843375901444151 0.0 0.0 
8.571428571428571 0.7142857142857143 0.0 -1 -2.24563634582415 0.0 0.0 
8.571428571428571 1.4285714285714286 0.0 0 -1.233516597105763 0.0 0.0 
8.571428571428571 3.5714285714285716 0.0 -2 -2.585328925539782 0.0 0.0 
8.571428571428571 4.285714285714286 0.0 0 -0.9352845572434534 0.0 0.0 
8.571428571428571 5.0 0.0 0 0.26532142413359994 0.0 0.0 
8.571428571428571 5.714285714285714 0.0 0 0.15312651118361198 0.0 0.0 
8.571428571428571 6.428571428571429 0.0 0 0.8509434491357012 0.0 0.0 
8.571428571428571 7.142857142857143 0.0 0 -1.2228726617580816 0.0 0.0 
8.571428571428571 7.857142857142858 0.0 0 0.3189994763436219 0.0 0.0 
8.571428571428571 8.571428571428571 0.0 0 -2.471353769231577 0.0 0.0 
8.571428571428571 9.285714285714286 0.0 0 -1.1418526462540615 0.0 0.0 
10.714285714285714 -9.285714285714286 0.0 0 0.8632000621398098 0.0 0.0 
10.714285714285714 -8.571428571428571 0.0 1 1.0461767577494925 0.0 0.0 
10.714285714285714 -7.857142857142858 0.0 1 1.4183786366029218 0.0 0.0 
10.714285714285714 -7.142857142857143 0.0 1 1.057014768125859 0.0 0.0 
10.714285714285714 -6.428571428571429 0.0 1 0.91636537634309 0.0 0.0 
10.714285714285714 -5.714285714285714 0.0 0 0.28718506321743065 0.0 0.0 
10.714285714285714 -5.0 0.0 0 -0.14485971616245474 0.0 0.0 
10.714285714285714 -4.285714285714286 0.0 0 -0.7112931955645763 0.0 0.0 
10.714285714285714 -3.5714285714285716 0.0 0 -1.140309352327867 0.0 0.0 
10.714285714285714 -2.857142857142857 0.0 0 -1.4119794789280018 0.0 0.0 
10.714285714285714 -2.142857142857143 0.0 0 -0.972386995081361 0.0 0.0 
10.714285714285714 -1.4285714285714286 0.0 0 -1.3710408047186933 0.0 0.0 
10.714285714285714 -0.7142857142857143 0.0 0 0.6638553442804369 0.0 0.0 
10.714285714285714 -0.0 0.0 0 0.4767323816201153 0.0 0.0 
10.714285714285714 0.0 0.0 0 2.138506579703596 0.0 0.0 
10.714285714285714 0.7142857142857143 0.0 0 0.1994404428714427 0.0 0.0 
10.714285714285714 1.4285714285714286 0.0 0 2.3721299214650267 0.0 0.0 
10.714285714285714 2.142857142857143 0.0 -1 -3.029791790583349 0.0 0.0 
10.714285714285714 5.0 0.0 2 1.7167576317361812 0.0 0.0 
10.714285714285714 5.714285714285714 0.0 1 -1.895459565005421 0.0 0.0 
10.714285714285714 6.428571428571429 0.0 1 1.634182444846132 0.0 0.0 
10.714285714285714 7.142857142857143 0.0 0 -3.2177479758428804 0.0 0.0 
10.714285714285714 7.857142857142858 0.0 0 -0.4090674729377234 0.0 0.0 
10.714285714285714 8.571428571428571 0.0 0 -3.162853814706861 0.0 0.0 
10.714285714285714 9.285714285714286 0.0 -2 -6.1319190253733895 0.0 0.0 
12.857142857142858 -9.285714285714286 0.0 1 1.4991034018968372 0.0 0.0 
12.857142857142858 -8.571428571428571 0.0 1 1.6772763576051477 0.0 0.0 
12.857142857142858 -7.857142857142858 0.0 1 1.6747266672230006 0.0 0.0 
12.857142857142858 -7.142857142857143 0.0 1 0.9968809249023323 0.0 0.0 
12.857142857142858 -6.428571428571429 0.0 0 1.1935479078994873 0.0 0.0 
12.857142857142858 -5.714285714285714 0.0 0 0.9225794781719927 0.0 0.0 
12.857142857142858 -5.0 0.0 0 0.7925570433020335 0.0 0.0 
12.857142857142858 -4.285714285714286 0.0 0 0.10488802380133116 0.0 0.0 
12.857142857142858 -3.5714285714285716 0.0 0 -0.50845574659555 0.0 0.0 
12.857142857142858 -2.857142857142857 0.0 -1 -0.9790153079539408 0.0 0.0 
12.857142857142858 -2.142857142857143 0.0 -1 -1.2393519881973991 0.0 0.0 
12.857142857142858 -1.4285714285714286 0.0 -2 -2.4711661064967188 0.0 0.0 
12.857142857142858 -0.7142857142857143 0.0 -1 -1.4380363462113734 0.0 0.0 
12.857142857142858 -0.0 0.0 -1 -2.3891262430453617 0.0 0.0 
12.857142857142858 0.0 0.0 0 -0.6300508568864434 0.0 0.0 
12.857142857142858 0.7142857142857143 0.0 1 1.59201074979386 0.0 0.0 
12.857142857142858 1.4285714285714286 0.0 3 1.9078581183374714 0.0 0.0 
12.857142857142858 2.142857142857143 0.0 4 4.455670122347652 0.0 0.0 
12.857142857142858 4.285714285714286 0.0 0 0.35125413805291494 0.0 0.0 
12.857142857142858 5.0 0.0 1 0.43920325424930495 0.0 0.0 
12.857142857142858 5.714285714285714 0.0 1 1.188590417343512 0.0 0.0 
12.857142857142858 6.428571428571429 0.0 1 -0.6764934932003666 0.0 0.0 
12.857142857142858 7.142857142857143 0.0 1 2.6608912544596404 0.0 0.0 
12.857142857142858 7.857142857142858 0.0 0 -1.1717653320889851 0.0 0.0 
12.857142857142858 8.571428571428571 0.0 2 4.971689655539498 0.0 0.0 
12.857142857142858 9.285714285714286 0.0 -3 -7.342371308600586 0.0 0.0 
15.0 -9.285714285714286 0.0 0 1.6356557551272308 0.0 0.0 
15.0 -8.571428571428571 0.0 1 0.7285116192941503 0.0 0.0 
15.0 -7.857142857142858 0.0 0 1.74583835223332 0.0 0.0 
15.0 -7.142857142857143 0.0 0 0.8293379698323442 0.0 0.0 
15.0 -6.428571428571429 0.0 0 1.0806517009804364 0.0 0.0 
15.0 -5.714285714285714 0.0 0 0.06850572482546136 0.0 0.0 
15.0 -5.0 0.0 0 -0.24553220698566794 0.0 0.0 
15.0 -4.285714285714286 0.0 -1 -1.0100126808784538 0.0 0.0 
15.0 -3.5714285714285716 0.0 -1 -1.1533014367020098 0.0 0.0 
15.0 -2.857142857142857 0.0 0 -1.9437123942196095 0.0 0.0 
15.0 -2.142857142857143 0.0 0 -1.7936790659991393 0.0 0.0 
15.0 -1.4285714285714286 0.0 -1 -2.5243893728972635 0.0 0.0 
15.0 -0.7142857142857143 0.0 -1 -3.0166131032862613 0.0 0.0 
15.0 -0.0 0.0 -1 -3.3806035248994153 0.0 0.0 
15.0 0.0 0.0 -2 -5.285780849613537 0.0 0.0 
15.0 0.7142857142857143 0.0 -1 -1.0177179872898052 0.0 0.0 
15.0 1.4285714285714286 0.0 -1 -2.8521327033176003 0.0 0.0 
15.0 2.142857142857143 0.0 2 3.5398593447791913 0.0 0.0 
15.0 2.857142857142857 0.0 5 5.369964745294212 0.0 0.0 
15.0 3.5714285714285716 0.0 1 3.6413358455907914 0.0 0.0 
15.0 4.285714285714286 0.0 1 5.1784752410201245 0.0 0.0 
15.0 5.0 0.0 0 1.7183141895836542 0.0 0.0 
15.0 5.714285714285714 0.0 0 4.410914434114186 0.0 0.0 
15.0 6.428571428571429 0.0 0 -0.3257052236858289 0.0 0.0 
15.0 7.142857142857143 0.0 0 4.864800090007094 0.0 0.0 
15.0 7.857142857142858 0.0 0 2.448243106570919 0.0 0.0 
15.0 8.571428571428571 0.0 2 6.272933679851991 0.0 0.0 
15.0 9.285714285714286 0.0 1 7.514614523046019 0.0 0.0 
17.142857142857142 -9.285714285714286 0.0 1 0.6227008141511226 0.0 0.0 
17.142857142857142 -8.571428571428571 0.0 1 1.051531231995477 0.0 0.0 
17.142857142857142 -7.857142857142858 0.0 0 0.38101504788207796 0.0 0.0 
17.142857142857142 -7.142857142857143 0.0 0 -0.19830650905676173 0.0 0.0 
17.142857142857142 -6.428571428571429 0.0 0 -0.7814177758193412 0.0 0.0 
17.142857142857142 -5.714285714285714 0.0 0 -0.8482967902922502 0.0 0.0 
17.142857142857142 -5.0 0.0 0 -1.8832066634360356 0.0 0.0 
17.142857142857142 -4.285714285714286 0.0 0 -1.8090391268421084 0.0 0.0 
17.142857142857142 -3.5714285714285716 0.0 0 -2.553766127644483 0.0 0.0 
17.142857142857142 -2.857142857142857 0.0 -1 -2.155450206773315 0.0 0.0 
17.142857142857142 -2.142857142857143 0.0 -1 -2.347106241568614 0.0 0.0 
17.142857142857142 -1.4285714285714286 0.0 0 -1.3848992240238585 0.0 0.0 
17.142857142857142 -0.7142857142857143 0.0 0 -1.932301234730884 0.0 0.0 
17.142857142857142 -0.0 0.0 -1 0.11971409667533583 0.0 0.0 
17.142857142857142 0.0 0.0 -1 -2.6545570249032964 0.0 0.0 
17.142857142857142 0.7142857142857143 0.0 -1 -1.488211812005354 0.0 0.0 
17.142857142857142 1.4285714285714286 0.0 -1 -5.094216239932498 0.0 0.0 
17.142857142857142 2.142857142857143 0.0 -2 -4.89172172596572 0.0 0.0 
17.142857142857142 2.857142857142857 0.0 1 0.09307804195341518 0.0 0.0 
17.142857142857142 3.5714285714285716 0.0 1 -1.5033455291178837 0.0 0.0 
17.142857142857142 4.285714285714286 0.0 1 -0.22944150705342947 0.0 0.0 
17.142857142857142 5.0 0.0 0 -2.730329896383297 0.0 0.0 
17.142857142857142 5.714285714285714 0.0 0 -1.2038575063626062 0.0 0.0 
17.142857142857142 6.428571428571429 0.0 0 -3.7518393162539527 0.0 0.0 
17.142857142857142 7.142857142857143 0.0 0 -3.1299169740776804 0.0 0.0 
17.142857142857142 7.857142857142858 0.0 0 -1.0511296695261796 0.0 0.0 
17.142857142857142 8.571428571428571 0.0 -1 -5.129697970876341 0.0 0.0 
17.142857142857142 9.285714285714286 0.0 2 2.2484782407105484 0.0 0.0 
19.285714285714285 -9.285714285714286 0.0 2 1.6749856338481577 0.0 0.0 
19.285714285714285 -8.571428571428571 0.0 2 2.30021648111227 0.0 0.0 
19.285714285714285 -7.857142857142858 0.0 1 0.8805636466985938 0.0 0.0 
19.285714285714285 -7.142857142857143 0.0 0 1.0443103173141397 0.0 0.0 
19.285714285714285 -6.428571428571429 0.0 0 0.13118212274527252 0.0 0.0 
19.285714285714285 -5.714285714285714 0.0 0 0.6672645772420635 0.0 0.0 
19.285714285714285 -5.0 0.0 -1 -0.5877006561370834 0.0 0.0 
19.285714285714285 -4.285714285714286 0.0 -2 -0.7022560353540568 0.0 0.0 
19.285714285714285 -3.5714285714285716 0.0 -2 -2.579393240950132 0.0 0.0 
19.285714285714285 -2.857142857142857 0.0 -1 -2.168413707250377 0.0 0.0 
19.285714285714285 -2.142857142857143 0.0 -2 -2.6606113377172753 0.0 0.0 
19.285714285714285 -1.4285714285714286 0.0 -1 -1.915589467624828 0.0 0.0 
19.285714285714285 -0.7142857142857143 0.0 -1 -2.4881947554071076 0.0 0.0 
19.285714285714285 -0.0 0.0 0 -0.7195221970945895 0.0 0.0 
19.285714285714285 0.0 0.0 0 0.37729421165787225 0.0 0.0 
19.285714285714285 0.7142857142857143 0.0 1 1.479861242772698 0.0 0.0 
19.285714285714285 1.4285714285714286 0.0 2 2.669138000572863 0.0 0.0 
19.285714285714285 2.142857142857143 0.0 0 -0.9279480754013898 0.0 0.0 
19.285714285714285 2.857142857142857 0.0 1 0.22580974802991238 0.0 0.0 
19.285714285714285 3.5714285714285716 0.0 0 -1.0618618131803417 0.0 0.0 
19.285714285714285 4.285714285714286 0.0 0 -0.7221473240497245 0.0 0.0 
19.285714285714285 5.0 0.0 0 -0.8708758134915298 0.0 0.0 
19.285714285714285 5.714285714285714 0.0 0 -0.5046083568178598 0.0 0.0 
19.285714285714285 6.428571428571429 0.0 0 0.4242617293205033 0.0 0.0 
19.285714285714285 7.142857142857143 0.0 0 -1.7950012065344785 0.0 0.0 
19.285714285714285 7.857142857142858 0.0 0 1.8006532213422215 0.0 0.0 
19.285714285714285 8.571428571428571 0.0 -2 -4.556918185825765 0.0 0.0 
19.285714285714285 9.285714285714286 0.0 -1 -3.3308872792526163 0.0 0.0 
21.428571428571427 -9.285714285714286 0.0 0 3.2902085670097225 0.0 0.0 
21.428571428571427 -8.571428571428571 0.0 0 1.4129973357407786 0.0 0.0 
21.428571428571427 -7.857142857142858 0.0 -1 1.8338524744356683 0.0 0.0 
21.428571428571427 -7.142857142857143 0.0 -1 -0.34822000800892305 0.0 0.0 
21.428571428571427 -6.428571428571429 0.0 -1 -0.06445253402819173 0.0 0.0 
21.428571428571427 -5.714285714285714 0.0 0 -1.09426139180992 0.0 0.0 
21.428571428571427 -5.0 0.0 0 -0.8464111752015937 0.0 0.0 
21.428571428571427 -4.285714285714286 0.0 0 -0.5231196012258859 0.0 0.0 
21.428571428571427 -3.5714285714285716 0.0 0 -0.023345406418680992 0.0 0.0 
21.428571428571427 -2.857142857142857 0.0 0 -0.9222462985487856 0.0 0.0 
21.428571428571427 -2.142857142857143 0.0 -1 -1.6035740005855454 0.0 0.0 
21.428571428571427 -1.4285714285714286 0.0 -1 -2.857418366178717 0.0 0.0 
21.428571428571427 -0.7142857142857143 0.0 -1 -2.766786536874741 0.0 0.0 
21.428571428571427 -0.0 0.0 -1 -2.961997202292693 0.0 0.0 
21.428571428571427 0.0 0.0 0 -0.6859422743584545 0.0 0.0 
21.428571428571427 0.7142857142857143 0.0 0 -1.8601577937794262 0.0 0.0 
21.428571428571427 1.4285714285714286 0.0 1 1.3561654294942387 0.0 0.0 
21.428571428571427 2.142857142857143 0.0 1 0.14588311861311265 0.0 0.0 
21.428571428571427 2.857142857142857 0.0 0 0.6445856933637362 0.0 0.0 
21.428571428571427 3.5714285714285716 0.0 0 -0.4070853048165092 0.0 0.0 
21.428571428571427 4.285714285714286 0.0 0 -0.6986021937652138 0.0 0.0 
21.428571428571427 5.0 0.0 0 -0.39211775260651177 0.0 0.0 
21.428571428571427 5.714285714285714 0.0 0 -1.1960796368059812 0.0 0.0 
21.428571428571427 6.428571428571429 0.0 0 0.7333204730693699 0.0 0.0 
21.428571428571427 7.142857142857143 0.0 0 -0.6120017162879474 0.0 0.0 
21.428571428571427 7.857142857142858 0.0 1 2.4149399799084788 0.0 0.0 
21.428571428571427 8.571428571428571 0.0 0 0.10738209372517703 0.0 0.0 
21.428571428571427 9.285714285714286 0.0 -1 -1.5597110954231677 0.0 0.0 
23.57142857142857 -9.285714285714286 0.0 0 -0.31369052990944835 0.0 0.0 
23.57142857142857 -8.571428571428571 0.0 0 -0.6504264737957115 0.0 0.0 
23.57142857142857 -7.857142857142858 0.0 1 -0.7709446972522138 0.0 0.0 
23.57142857142857 -7.142857142857143 0.0 2 -1.6461904301739203 0.0 0.0 
23.57142857142857 -6.428571428571429 0.0 1 -0.4276702939491832 0.0 0.0 
23.57142857142857 -5.714285714285714 0.0 1 -0.7480439175167731 0.0 0.0 
23.57142857142857 -5.0 0.0 0 -1.554174356695519 0.0 0.0 
23.57142857142857 -4.285714285714286 0.0 -2 -3.4053461058930323 0.0 0.0 
23.57142857142857 -3.5714285714285716 0.0 -3 -4.817347255888354 0.0 0.0 
23.57142857142857 -2.857142857142857 0.0 -2 -4.490072718234174 0.0 0.0 
23.57142857142857 -2.142857142857143 0.0 -2 -2.576951797089225 0.0 0.0 
23.57142857142857 -1.4285714285714286 0.0 0 -1.449730820273504 0.0 0.0 
23.57142857142857 -0.7142857142857143 0.0 0 0.7280677619368957 0.0 0.0 
23.57142857142857 -0.0 0.0 1 -0.001343819791463724 0.0 0.0 
23.57142857142857 0.0 0.0 1 1.2278185836384417 0.0 0.0 
23.57142857142857 0.7142857142857143 0.0 0 0.15427401221268333 0.0 0.0 
23.57142857142857 1.4285714285714286 0.0 0 0.6778097116207591 0.0 0.0 
23.57142857142857 2.142857142857143 0.0 0 0.2691771827449725 0.0 0.0 
23.57142857142857 2.857142857142857 0.0 0 0.1837532852431546 0.0 0.0 
23.57142857142857 3.5714285714285716 0.0 0 0.33332327762397473 0.0 0.0 
23.57142857142857 4.285714285714286 0.0 0 -0.11267925914411403 0.0 0.0 
23.57142857142857 5.0 0.0 0 0.8889682233046942 0.0 0.0 
23.57142857142857 5.714285714285714 0.0 0 -0.4041535825128363 0.0 0.0 
23.57142857142857 6.428571428571429 0.0 0 0.44445677247569043 0.0 0.0 
23.57142857142857 7.142857142857143 0.0 0 -0.467889371107343 0.0 0.0 
23.57142857142857 7.857142857142858 0.0 0 -0.2358647576711135 0.0 0.0 
23.57142857142857 8.571428571428571 0.0 0 0.3550376299056786 0.0 0.0 
23.57142857142857 9.285714285714286 0.0 0 0.05441137654030917 0.0 0.0 
25.714285714285715 -9.285714285714286 0.0 3 3.115596877562526 0.0 0.0 
25.714285714285715 -8.571428571428571 0.0 2 5.959885683603044 0.0 0.0 
25.714285714285715 -7.857142857142858 0.0 0 2.124321949352546 0.0 0.0 
25.714285714285715 -7.142857142857143 0.0 -1 0.6100545150448289 0.0 0.0 
25.714285714285715 -6.428571428571429 0.0 -3 -3.6788503643757267 0.0 0.0 
25.714285714285715 -5.714285714285714 0.0 -3 -4.257243753499809 0.0 0.0 
25.714285714285715 -5.0 0.0 -3 -5.775978113466418 0.0 0.0 
25.714285714285715 -4.285714285714286 0.0 -2 -3.3170392755487166 0.0 0.0 
25.714285714285715 -3.5714285714285716 0.0 -1 -2.7551084604781937 0.0 0.0 
25.714285714285715 -2.857142857142857 0.0 0 -0.9440663340411974 0.0 0.0 
25.714285714285715 -2.142857142857143 0.0 0 -1.4764096299442142 0.0 0.0 
25.714285714285715 -1.4285714285714286 0.0 0 -1.4623041026392247 0.0 0.0 
25.714285714285715 -0.7142857142857143 0.0 0 -1.4833323847773783 0.0 0.0 
25.714285714285715 -0.0 0.0 0 -0.8201932074920651 0.0 0.0 
25.714285714285715 0.0 0.0 0 0.421691248473147 0.0 0.0 
25.714285714285715 0.7142857142857143 0.0 0 0.8410784822633396 0.0 0.0 
25.714285714285715 1.4285714285714286 0.0 0 0.22515215687580797 0.0 0.0 
25.714285714285715 2.142857142857143 0.0 0 0.4159348137180872 0.0 0.0 
25.714285714285715 2.857142857142857 0.0 0 -0.2924383424206735 0.0 0.0 
25.714285714285715 3.5714285714285716 0.0 0 0.36071862283047285 0.0 0.0 
25.714285714285715 4.285714285714286 0.0 0 -0.453269515875632 0.0 0.0 
25.714285714285715 5.0 0.0 0 0.756543059975581 0.0 0.0 
25.714285714285715 5.714285714285714 0.0 0 -0.007825331043023243 0.0 0.0 
25.714285714285715 6.428571428571429 0.0 0 0.47770044415849855 0.0 0.0 
25.714285714285715 7.142857142857143 0.0 0 0.4979329776795998 0.0 0.0 
25.714285714285715 7.857142857142858 0.0 0 -0.6191351738857869 0.0 0.0 
25.714285714285715 8.571428571428571 0.0 0 0.19566480894973348 0.0 0.0 
25.714285714285715 9.285714285714286 0.0 0 -0.14050572448350754 0.0 0.0 
27.857142857142858 -9.285714285714286 0.0 -1 2.221719705971872 0.0 0.0 
27.857142857142858 -8.571428571428571 0.0 -2 -2.976605059821281 0.0 0.0 
27.857142857142858 -7.857142857142858 0.0 -1 -3.112457751190315 0.0 0.0 
27.857142857142858 -7.142857142857143 0.0 -1 -4.901568648906535 0.0 0.0 
27.857142857142858 -6.428571428571429 0.0 0 -2.6582980609463096 0.0 0.0 
27.857142857142858 -5.714285714285714 0.0 1 -2.247332596467517 0.0 0.0 
27.857142857142858 -5.0 0.0 0 -0.42015687038364247 0.0 0.0 
27.857142857142858 -4.285714285714286 0.0 0 -0.8613433116409663 0.0 0.0 
27.857142857142858 -3.5714285714285716 0.0 0 -0.8704351351392661 0.0 0.0 
27.857142857142858 -2.857142857142857 0.0 0 -1.134077082894808 0.0 0.0 
27.857142857142858 -2.142857142857143 0.0 0 -0.26221211632014807 0.0 0.0 
27.857142857142858 -1.4285714285714286 0.0 0 -0.13740000055109314 0.0 0.0 
27.857142857142858 -0.7142857142857143 0.0 0 1.0805116712573528 0.0 0.0 
27.857142857142858 -0.0 0.0 0 1.2228110485350967 0.0 0.0 
27.857142857142858 0.0 0.0 1 1.3992566145252663 0.0 0.0 
27.857142857142858 0.7142857142857143 0.0 1 0.9779112937498655 0.0 0.0 
27.857142857142858 1.4285714285714286 0.0 0 0.33656928168457323 0.0 0.0 
27.857142857142858 2.142857142857143 0.0 0 -0.15769763071374146 0.0 0.0 
27.857142857142858 2.857142857142857 0.0 0 -0.7830702745357222 0.0 0.0 
27.857142857142858 3.5714285714285716 0.0 0 -0.6521125353156002 0.0 0.0 
27.857142857142858 4.285714285714286 0.0 0 -1.3254637769795816 0.0 0.0 
27.857142857142858 5.0 0.0 0 -1.0230736671403264 0.0 0.0 
27.857142857142858 5.714285714285714 0.0 0 -1.3663721036639689 0.0 0.0 
27.857142857142858 6.428571428571429 0.0 0 -1.7382860052534652 0.0 0.0 
27.857142857142858 7.142857142857143 0.0 0 -1.2234887860278256 0.0 0.0 
27.857142857142858 7.857142857142858 0.0 0 -2.3885608588734284 0.0 0.0 
27.857142857142858 8.571428571428571 0.0 0 -1.4364625831730593 0.0 0.0 
27.857142857142858 9.285714285714286 0.0 0 -1.8184343453764242 0.0 0.0 
