-27.857142857142858 -9.285714285714286 0.0 0 0.0 0.0 0.0 
-27.857142857142858 -8.571428571428571 0.0 0 -0.0008630854437481371 0.0 0.0 
-27.857142857142858 -7.857142857142858 0.0 0 -0.0010594330024963703 0.0 0.0 
-27.857142857142858 -7.142857142857143 0.0 0 -0.0012032128491449216 0.0 0.0 
-27.857142857142858 -6.428571428571429 0.0 0 -0.00119831505699159 0.0 0.0 
-27.857142857142858 -5.714285714285714 0.0 0 -0.0012378242847576933 0.0 0.0 
-27.857142857142858 -5.0 0.0 0 -0.0012141936929613824 0.0 0.0 
-27.857142857142858 -4.285714285714286 0.0 0 -0.0012263950116221094 0.0 0.0 
-27.857142857142858 -3.5714285714285716 0.0 0 -0.0012054544112181085 0.0 0.0 
-27.857142857142858 -2.857142857142857 0.0 0 -0.0012079096865222465 0.0 0.0 
-27.857142857142858 -2.142857142857143 0.0 0 -0.0011919752971396376 0.0 0.0 
-27.857142857142858 -1.4285714285714286 0.0 0 -0.0011906903993552731 0.0 0.0 
-27.857142857142858 -0.7142857142857143 0.0 0 -0.001179055368556152 0.0 0.0 
-27.857142857142858 -0.0 0.0 0 -0.0011764944556053889 0.0 0.0 
-27.857142857142858 0.0 0.0 0 -0.0011680990898100087 0.0 0.0 
-27.857142857142858 0.7142857142857143 0.0 0 -0.0011652991797394944 0.0 0.0 
-27.857142857142858 1.4285714285714286 0.0 0 -0.0011591898916630521 0.0 0.0 
-27.857142857142858 2.142857142857143 0.0 0 -0.001156453508462332 0.0 0.0 
-27.857142857142858 2.857142857142857 0.0 0 -0.0011516818493821908 0.0 0.0 
-27.857142857142858 3.5714285714285716 0.0 0 -0.0011486025593824905 0.0 0.0 
-27.857142857142858 4.285714285714286 0.0 0 -0.0011435720197499818 0.0 0.0 
-27.857142857142858 5.0 0.0 0 -0.001137899740366649 0.0 0.0 
-27.857142857142858 5.714285714285714 0.0 0 -0.0011274579752208714 0.0 0.0 
-27.857142857142858 6.428571428571429 0.0 0 -0.00110825382225381 0.0 0.0 
-27.857142857142858 7.142857142857143 0.0 0 -0.0010645971103878963 0.0 0.0 
-27.857142857142858 7.857142857142858 0.0 0 -0.0009526695245240921 0.0 0.0 
-27.857142857142858 8.571428571428571 0.0 0 -0.0006155533519264086 0.0 0.0 
-27.857142857142858 9.285714285714286 0.0 0 0.0007001985202815559 0.0 0.0 
-25.714285714285715 -9.285714285714286 0.0 0 -0.001790727215282449 0.0 0.0 
-25.714285714285715 -8.571428571428571 0.0 0 -0.0016797958015883755 0.0 0.0 
-25.714285714285715 -7.857142857142858 0.0 0 -0.0020049421764977613 0.0 0.0 
-25.714285714285715 -7.142857142857143 0.0 0 -0.0018323376112820951 0.0 0.0 
-25.714285714285715 -6.428571428571429 0.0 0 -0.001983725118919109 0.0 0.0 
-25.714285714285715 -5.714285714285714 0.0 0 -0.0018263622636656407 0.0 0.0 
-25.714285714285715 -5.0 0.0 0 -0.0019035178695014704 0.0 0.0 
-25.714285714285715 -4.285714285714286 0.0 0 -0.0017776801482753293 0.0 0.0 
-25.714285714285715 -3.5714285714285716 0.0 0 -0.0018142808898903937 0.0 0.0 
-25.714285714285715 -2.857142857142857 0.0 0 -0.0017143077842329715 0.0 0.0 
-25.714285714285715 -2.142857142857143 0.0 0 -0.001725359831827282 0.0 0.0 
-25.714285714285715 -1.4285714285714286 0.0 0 -0.0016434641442725397 0.0 0.0 
-25.714285714285715 -0.7142857142857143 0.0 0 -0.0016367350242372071 0.0 0.0 
-25.714285714285715 -0.0 0.0 0 -0.0015659030616615088 0.0 0.0 
-25.714285714285715 0.0 0.0 0 -0.0015450793061558576 0.0 0.0 
-25.714285714285715 0.7142857142857143 0.0 0 -0.001478867463990431 0.0 0.0 
-25.714285714285715 1.4285714285714286 0.0 0 -0.0014444296626535788 0.0 0.0 
-25.714285714285715 2.142857142857143 0.0 0 -0.0013758752234478721 0.0 0.0 
-25.714285714285715 2.857142857142857 0.0 0 -0.001324688754697787 0.0 0.0 
-25.714285714285715 3.5714285714285716 0.0 0 -0.0012443098512421832 0.0 0.0 
-25.714285714285715 4.285714285714286 0.0 0 -0.0011676649574971483 0.0 0.0 
-25.714285714285715 5.0 0.0 0 -0.001060080878787424 0.0 0.0 
-25.714285714285715 5.714285714285714 0.0 0 -0.0009409898478219619 0.0 0.0 
-25.714285714285715 6.428571428571429 0.0 0 -0.0007860205243391307 0.0 0.0 
-25.714285714285715 7.142857142857143 0.0 0 -0.0006169508409754957 0.0 0.0 
-25.714285714285715 7.857142857142858 0.0 0 -0.00043796056571050463 0.0 0.0 
-25.714285714285715 8.571428571428571 0.0 0 -0.00016241683473607884 0.0 0.0 
-25.714285714285715 9.285714285714286 0.0 0 0.0023405167686567935 0.0 0.0 
-23.57142857142857 -9.285714285714286 0.0 0 -0.0002961354269892946 0.0 0.0 
-23.57142857142857 -8.571428571428571 0.0 0 0.00024958255293699614 0.0 0.0 
-23.57142857142857 -7.857142857142858 0.0 0 -0.0003746581273900029 0.0 0.0 
-23.57142857142857 -7.142857142857143 0.0 0 2.853827207576203e-05 0.0 0.0 
-23.57142857142857 -6.428571428571429 0.0 0 -0.0003706963618369648 0.0 0.0 
-23.57142857142857 -5.714285714285714 0.0 0 -5.846136565635794e-05 0.0 0.0 
-23.57142857142857 -5.0 0.0 0 -0.00032061309988239053 0.0 0.0 
-23.57142857142857 -4.285714285714286 0.0 0 -8.564516970690041e-05 0.0 0.0 
-23.57142857142857 -3.5714285714285716 0.0 0 -0.000256619369225976 0.0 0.0 
-23.57142857142857 -2.857142857142857 0.0 0 -7.821987356785112e-05 0.0 0.0 
-23.57142857142857 -2.142857142857143 0.0 0 -0.00018544518609262092 0.0 0.0 
-23.57142857142857 -1.4285714285714286 0.0 0 -4.615363351424394e-05 0.0 0.0 
-23.57142857142857 -0.7142857142857143 0.0 0 -0.0001068714024075124 0.0 0.0 
-23.57142857142857 -0.0 0.0 0 7.3357497351974514e-06 0.0 0.0 
-23.57142857142857 0.0 0.0 0 -1.7349719460312127e-05 0.0 0.0 
-23.57142857142857 0.7142857142857143 0.0 0 8.338676758625477e-05 0.0 0.0 
-23.57142857142857 1.4285714285714286 0.0 0 8.918283241652068e-05 0.0 0.0 
-23.57142857142857 2.142857142857143 0.0 0 0.00018641364580671287 0.0 0.0 
-23.57142857142857 2.857142857142857 0.0 0 0.00022016947122956469 0.0 0.0 
-23.57142857142857 3.5714285714285716 0.0 0 0.00032114941233858945 0.0 0.0 
-23.57142857142857 4.285714285714286 0.0 0 0.00037893289327977996 0.0 0.0 
-23.57142857142857 5.0 0.0 0 0.0004827184077840547 0.0 0.0 
-23.57142857142857 5.714285714285714 0.0 0 0.0005514218656309818 0.0 0.0 
-23.57142857142857 6.428571428571429 0.0 0 0.0006454798904809711 0.0 0.0 
-23.57142857142857 7.142857142857143 0.0 0 0.0006983115206792882 0.0 0.0 
-23.57142857142857 7.857142857142858 0.0 0 0.0006517424957605504 0.0 0.0 
-23.57142857142857 8.571428571428571 0.0 0 3.694670577875531e-05 0.0 0.0 
-23.57142857142857 9.285714285714286 0.0 0 0.0015242315879044645 0.0 0.0 
-21.428571428571427 -9.285714285714286 0.0 0 -0.0004792752884274922 0.0 0.0 
-21.428571428571427 -8.571428571428571 0.0 0 -7.077474290840581e-05 0.0 0.0 
-21.428571428571427 -7.857142857142858 0.0 0 -0.0006021271927900518 0.0 0.0 
-21.428571428571427 -7.142857142857143 0.0 0 -0.00025264957080457095 0.0 0.0 
-21.428571428571427 -6.428571428571429 0.0 0 -0.0005954589326170528 0.0 0.0 
-21.428571428571427 -5.714285714285714 0.0 0 -0.0003191721623128475 0.0 0.0 
-21.428571428571427 -5.0 0.0 0 -0.0005449428865620069 0.0 0.0 
-21.428571428571427 -4.285714285714286 0.0 0 -0.0003323965042005253 0.0 0.0 
-21.428571428571427 -3.5714285714285716 0.0 0 -0.00047859191602060724 0.0 0.0 
-21.428571428571427 -2.857142857142857 0.0 0 -0.00031232939642156666 0.0 0.0 
-21.428571428571427 -2.142857142857143 0.0 0 -0.00040116587812701613 0.0 0.0 
-21.428571428571427 -1.4285714285714286 0.0 0 -0.0002663979037993238 0.0 0.0 
-21.428571428571427 -0.7142857142857143 0.0 0 -0.00031231807503458934 0.0 0.0 
-21.428571428571427 -0.0 0.0 0 -0.00019784713027047788 0.0 0.0 
-21.428571428571427 0.0 0.0 0 -0.000211237191358324 0.0 0.0 
-21.428571428571427 0.7142857142857143 0.0 0 -0.00011002812676564293 0.0 0.0 
-21.428571428571427 1.4285714285714286 0.0 0 -0.0001004219480010696 0.0 0.0 
-21.428571428571427 2.142857142857143 0.0 0 -1.110256434723831e-05 0.0 0.0 
-21.428571428571427 2.857142857142857 0.0 0 9.234235090459618e-06 0.0 0.0 
-21.428571428571427 3.5714285714285716 0.0 0 8.02783644736314e-05 0.0 0.0 
-21.428571428571427 4.285714285714286 0.0 0 9.358041320795808e-05 0.0 0.0 
-21.428571428571427 5.0 0.0 0 0.0001315284000862749 0.0 0.0 
-21.428571428571427 5.714285714285714 0.0 0 0.00011486169811563908 0.0 0.0 
-21.428571428571427 6.428571428571429 0.0 0 0.0001103757384646854 0.0 0.0 
-21.428571428571427 7.142857142857143 0.0 0 0.00011774454870751497 0.0 0.0 
-21.428571428571427 7.857142857142858 0.0 0 0.00028705928575125576 0.0 0.0 
-21.428571428571427 8.571428571428571 0.0 0 -2.1538069242995624e-05 0.0 0.0 
-21.428571428571427 9.285714285714286 0.0 0 0.0007549947753329796 0.0 0.0 
-19.285714285714285 -9.285714285714286 0.0 0 -0.0003078475875657599 0.0 0.0 
-19.285714285714285 -8.571428571428571 0.0 0 1.9986589624790177e-05 0.0 0.0 
-19.285714285714285 -7.857142857142858 0.0 0 -0.0004014707527269491 0.0 0.0 
-19.285714285714285 -7.142857142857143 0.0 0 -0.0001137700272958828 0.0 0.0 
-19.285714285714285 -6.428571428571429 0.0 0 -0.0003830005529443402 0.0 0.0 
-19.285714285714285 -5.714285714285714 0.0 0 -0.000151329883063309 0.0 0.0 
-19.285714285714285 -5.0 0.0 0 -0.0003257208613504348 0.0 0.0 
-19.285714285714285 -4.285714285714286 0.0 0 -0.0001443328182648947 0.0 0.0 
-19.285714285714285 -3.5714285714285716 0.0 0 -0.0002548660219739642 0.0 0.0 
-19.285714285714285 -2.857142857142857 0.0 0 -0.00011134024004569656 0.0 0.0 
-19.285714285714285 -2.142857142857143 0.0 0 -0.00017748132401732193 0.0 0.0 
-19.285714285714285 -1.4285714285714286 0.0 0 -6.25028687583012e-05 0.0 0.0 
-19.285714285714285 -0.7142857142857143 0.0 0 -9.88175646944408e-05 0.0 0.0 
-19.285714285714285 -0.0 0.0 0 -7.201203590167214e-06 0.0 0.0 
-19.285714285714285 0.0 0.0 0 -2.6261538896088654e-05 0.0 0.0 
-19.285714285714285 0.7142857142857143 0.0 0 4.3201686102825455e-05 0.0 0.0 
-19.285714285714285 1.4285714285714286 0.0 0 2.9888734757379545e-05 0.0 0.0 
-19.285714285714285 2.142857142857143 0.0 0 7.619620477424597e-05 0.0 0.0 
-19.285714285714285 2.857142857142857 0.0 0 6.006989550532704e-05 0.0 0.0 
-19.285714285714285 3.5714285714285716 0.0 0 8.506624409722018e-05 0.0 0.0 
-19.285714285714285 4.285714285714286 0.0 0 6.723930917488253e-05 0.0 0.0 
-19.285714285714285 5.0 0.0 0 8.549307286468192e-05 0.0 0.0 
-19.285714285714285 5.714285714285714 0.0 0 8.081039258264714e-05 0.0 0.0 
-19.285714285714285 6.428571428571429 0.0 0 9.172189651380136e-05 0.0 0.0 
-19.285714285714285 7.142857142857143 0.0 0 5.28864773524163e-05 0.0 0.0 
-19.285714285714285 7.857142857142858 0.0 0 0.00014439474721254542 0.0 0.0 
-19.285714285714285 8.571428571428571 0.0 0 -4.223132966188288e-05 0.0 0.0 
-19.285714285714285 9.285714285714286 0.0 0 0.0003459743883549734 0.0 0.0 
-17.142857142857142 -9.285714285714286 0.0 0 -0.00019307088236079635 0.0 0.0 
-17.142857142857142 -8.571428571428571 0.0 0 5.667431802703851e-05 0.0 0.0 
-17.142857142857142 -7.857142857142858 0.0 0 -0.00025239448184438234 0.0 0.0 
-17.142857142857142 -7.142857142857143 0.0 0 -2.792653717521989e-05 0.0 0.0 
-17.142857142857142 -6.428571428571429 0.0 0 -0.0002232665366015447 0.0 0.0 
-17.142857142857142 -5.714285714285714 0.0 0 -4.2086101529762126e-05 0.0 0.0 
-17.142857142857142 -5.0 0.0 0 -0.00016905639357128142 0.0 0.0 
-17.142857142857142 -4.285714285714286 0.0 0 -2.9107585728749565e-05 0.0 0.0 
-17.142857142857142 -3.5714285714285716 0.0 0 -0.00011262200952850309 0.0 0.0 
-17.142857142857142 -2.857142857142857 0.0 0 -6.319724775609969e-06 0.0 0.0 
-17.142857142857142 -2.142857142857143 0.0 0 -6.239801540275963e-05 0.0 0.0 
-17.142857142857142 -1.4285714285714286 0.0 0 1.5954993410308814e-05 0.0 0.0 
-17.142857142857142 -0.7142857142857143 0.0 0 -2.4224428433380584e-05 0.0 0.0 
-17.142857142857142 -0.0 0.0 0 3.0336236122074054e-05 0.0 0.0 
-17.142857142857142 0.0 0.0 0 -1.6907524420309303e-06 0.0 0.0 
-17.142857142857142 0.7142857142857143 0.0 0 3.342083939453502e-05 0.0 0.0 
-17.142857142857142 1.4285714285714286 0.0 0 6.320674706930514e-06 0.0 0.0 
-17.142857142857142 2.142857142857143 0.0 0 2.8350627331033547e-05 0.0 0.0 
-17.142857142857142 2.857142857142857 0.0 0 7.407632818676904e-06 0.0 0.0 
-17.142857142857142 3.5714285714285716 0.0 0 2.3331011650146773e-05 0.0 0.0 
-17.142857142857142 4.285714285714286 0.0 0 8.640845237697533e-06 0.0 0.0 
-17.142857142857142 5.0 0.0 0 1.965871107120058e-05 0.0 0.0 
-17.142857142857142 5.714285714285714 0.0 0 1.235499060584708e-05 0.0 0.0 
-17.142857142857142 6.428571428571429 0.0 0 3.0362360279389223e-05 0.0 0.0 
-17.142857142857142 7.142857142857143 0.0 0 4.258716576165367e-06 0.0 0.0 
-17.142857142857142 7.857142857142858 0.0 0 5.749333060668108e-05 0.0 0.0 
-17.142857142857142 8.571428571428571 0.0 0 -3.8040631031081286e-05 0.0 0.0 
-17.142857142857142 9.285714285714286 0.0 0 0.00012422471136139073 0.0 0.0 
-15.0 -9.285714285714286 0.0 0 -6.434812235006128e-05 0.0 0.0 
-15.0 -8.571428571428571 0.0 0 8.836600096681925e-05 0.0 0.0 
-15.0 -7.857142857142858 0.0 0 -9.881810311783388e-05 0.0 0.0 
-15.0 -7.142857142857143 0.0 0 4.332600119211781e-05 0.0 0.0 
-15.0 -6.428571428571429 0.0 0 -7.633639275696654e-05 0.0 0.0 
-15.0 -5.714285714285714 0.0 0 3.6529138188352493e-05 0.0 0.0 
-15.0 -5.0 0.0 0 -4.50795120316305e-05 0.0 0.0 
-15.0 -4.285714285714286 0.0 0 3.84362381247149e-05 0.0 0.0 
-15.0 -3.5714285714285716 0.0 0 -2.043919888325386e-05 0.0 0.0 
-15.0 -2.857142857142857 0.0 0 3.8755993503306314e-05 0.0 0.0 
-15.0 -2.142857142857143 0.0 0 -5.935061338678132e-06 0.0 0.0 
-15.0 -1.4285714285714286 0.0 0 3.41860856397162e-05 0.0 0.0 
-15.0 1.4285714285714286 0.0 0 -3.147603340345763e-06 0.0 0.0 
-15.0 2.142857142857143 0.0 0 1.0603587935988338e-05 0.0 0.0 
-15.0 2.857142857142857 0.0 0 -2.6021872025652117e-06 0.0 0.0 
-15.0 3.5714285714285716 0.0 0 8.685280774750496e-06 0.0 0.0 
-15.0 4.285714285714286 0.0 0 5.235922774613104e-07 0.0 0.0 
-15.0 5.0 0.0 0 8.255691139099317e-06 0.0 0.0 
-15.0 5.714285714285714 0.0 0 -2.756990752486845e-07 0.0 0.0 
-15.0 6.428571428571429 0.0 0 1.0211213642876896e-05 0.0 0.0 
-15.0 7.142857142857143 0.0 0 -5.90113211232691e-06 0.0 0.0 
-15.0 7.857142857142858 0.0 0 2.2886860844674692e-05 0.0 0.0 
-15.0 8.571428571428571 0.0 0 -1.845892733138451e-05 0.0 0.0 
-15.0 9.285714285714286 0.0 0 3.6990185696020575e-05 0.0 0.0 
-12.857142857142858 -9.285714285714286 0.0 0 1.3015681838658596e-05 0.0 0.0 
-12.857142857142858 -8.571428571428571 0.0 0 7.234148270449415e-05 0.0 0.0 
-12.857142857142858 -7.857142857142858 0.0 0 -1.1603749297912322e-05 0.0 0.0 
-12.857142857142858 -7.142857142857143 0.0 0 5.0339077962072155e-05 0.0 0.0 
-12.857142857142858 -6.428571428571429 0.0 0 -5.618133131787129e-06 0.0 0.0 
-12.857142857142858 -5.714285714285714 0.0 0 4.230707751508884e-05 0.0 0.0 
-12.857142857142858 -5.0 0.0 0 1.0432886520483416e-06 0.0 0.0 
-12.857142857142858 -4.285714285714286 0.0 0 3.4862796226965104e-05 0.0 0.0 
-12.857142857142858 -3.5714285714285716 0.0 0 2.8300440091910194e-06 0.0 0.0 
-12.857142857142858 -2.857142857142857 0.0 0 2.5987573317564972e-05 0.0 0.0 
-12.857142857142858 -2.142857142857143 0.0 0 1.1241050445429761e-06 0.0 0.0 
-12.857142857142858 2.142857142857143 0.0 0 6.423842239320742e-06 0.0 0.0 
-12.857142857142858 2.857142857142857 0.0 0 2.4139416156802816e-07 0.0 0.0 
-12.857142857142858 3.5714285714285716 0.0 0 5.607615816674861e-06 0.0 0.0 
-12.857142857142858 4.285714285714286 0.0 0 1.1337583469364262e-06 0.0 0.0 
-12.857142857142858 5.0 0.0 0 5.6210312924012e-06 0.0 0.0 
-12.857142857142858 5.714285714285714 0.0 0 1.2422937309761846e-06 0.0 0.0 
-12.857142857142858 6.428571428571429 0.0 0 7.369705271718168e-06 0.0 0.0 
-12.857142857142858 7.142857142857143 0.0 0 -9.278615592768038e-07 0.0 0.0 
-12.857142857142858 7.857142857142858 0.0 0 1.2044599372888978e-05 0.0 0.0 
-12.857142857142858 8.571428571428571 0.0 0 -1.874390036875445e-06 0.0 0.0 
-12.857142857142858 9.285714285714286 0.0 0 1.625405466900574e-05 0.0 0.0 
-10.714285714285714 -9.285714285714286 0.0 0 2.9672859109116597e-05 0.0 0.0 
-10.714285714285714 -8.571428571428571 0.0 0 3.128372380794918e-05 0.0 0.0 
-10.714285714285714 -7.857142857142858 0.0 0 1.0898045892344496e-05 0.0 0.0 
-10.714285714285714 -7.142857142857143 0.0 0 2.1897040724940463e-05 0.0 0.0 
-10.714285714285714 -6.428571428571429 0.0 0 7.1648142417297035e-06 0.0 0.0 
-10.714285714285714 -5.714285714285714 0.0 0 1.5978497561008137e-05 0.0 0.0 
-10.714285714285714 -5.0 0.0 0 4.094758138652729e-06 0.0 0.0 
-10.714285714285714 -4.285714285714286 0.0 0 1.0606372914695857e-05 0.0 0.0 
-10.714285714285714 -3.5714285714285716 0.0 0 1.246526416370465e-06 0.0 0.0 
-10.714285714285714 -2.857142857142857 0.0 0 6.514360602529032e-06 0.0 0.0 
-10.714285714285714 -2.142857142857143 0.0 0 -2.593064801085102e-07 0.0 0.0 
-10.714285714285714 2.142857142857143 0.0 0 4.7641839686477425e-06 0.0 0.0 
-10.714285714285714 2.857142857142857 0.0 0 3.0209381253229244e-06 0.0 0.0 
-10.714285714285714 3.5714285714285716 0.0 0 4.898193819156267e-06 0.0 0.0 
-10.714285714285714 4.285714285714286 0.0 0 3.4541409869748544e-06 0.0 0.0 
-10.714285714285714 5.0 0.0 0 5.230998320937499e-06 0.0 0.0 
-10.714285714285714 5.714285714285714 0.0 0 3.5358393995919693e-06 0.0 0.0 
-10.714285714285714 6.428571428571429 0.0 0 6.287334584142969e-06 0.0 0.0 
-10.714285714285714 7.142857142857143 0.0 0 2.728436364783156e-06 0.0 0.0 
-10.714285714285714 7.857142857142858 0.0 0 6.845769171018384e-06 0.0 0.0 
-10.714285714285714 8.571428571428571 0.0 0 2.5645101867616445e-06 0.0 0.0 
-10.714285714285714 9.285714285714286 0.0 0 1.2970922825381635e-05 0.0 0.0 
-8.571428571428571 -9.285714285714286 0.0 0 1.3970061405737527e-05 0.0 0.0 
-8.571428571428571 -8.571428571428571 0.0 0 9.5961689467138e-07 0.0 0.0 
-8.571428571428571 -7.857142857142858 0.0 0 4.010385936071233e-06 0.0 0.0 
-8.571428571428571 -7.142857142857143 0.0 0 -1.0537486289935133e-06 0.0 0.0 
-8.571428571428571 -6.428571428571429 0.0 0 8.304977286944465e-07 0.0 0.0 
-8.571428571428571 -5.714285714285714 0.0 0 -2.1074198162235344e-06 0.0 0.0 
-8.571428571428571 -5.0 0.0 0 -8.89487565251555e-07 0.0 0.0 
-8.571428571428571 -4.285714285714286 0.0 0 -2.215199124955132e-06 0.0 0.0 
-8.571428571428571 -3.5714285714285716 0.0 0 -1.1930148084823528e-06 0.0 0.0 
-8.571428571428571 -2.857142857142857 0.0 0 -1.3870959495364097e-06 0.0 0.0 
-8.571428571428571 -2.142857142857143 0.0 0 -4.778080358041633e-07 0.0 0.0 
-8.571428571428571 2.142857142857143 0.0 0 2.05929755371916e-06 0.0 0.0 
-8.571428571428571 2.857142857142857 0.0 0 2.0471987604959994e-06 0.0 0.0 
-8.571428571428571 3.5714285714285716 0.0 0 2.3434329009854417e-06 0.0 0.0 
-8.571428571428571 4.285714285714286 0.0 0 2.2015393675988398e-06 0.0 0.0 
-8.571428571428571 5.0 0.0 0 2.578376689282596e-06 0.0 0.0 
-8.571428571428571 5.714285714285714 0.0 0 2.0043209000353353e-06 0.0 0.0 
-8.571428571428571 6.428571428571429 0.0 0 2.8432463481912606e-06 0.0 0.0 
-8.571428571428571 7.142857142857143 0.0 0 1.739178753303832e-06 0.0 0.0 
-8.571428571428571 7.857142857142858 0.0 0 2.6407123623178793e-06 0.0 0.0 
-8.571428571428571 8.571428571428571 0.0 0 2.1485711382634185e-07 0.0 0.0 
-8.571428571428571 9.285714285714286 0.0 0 7.645306059347151e-06 0.0 0.0 
-6.428571428571429 -9.285714285714286 0.0 0 -9.334307189456598e-08 0.0 0.0 
-6.428571428571429 -8.571428571428571 0.0 0 -5.892348426926358e-06 0.0 0.0 
-6.428571428571429 -7.857142857142858 0.0 0 -2.0873699116775437e-06 0.0 0.0 
-6.428571428571429 -7.142857142857143 0.0 0 -5.011477914973199e-06 0.0 0.0 
-6.428571428571429 -6.428571428571429 0.0 0 -2.144774398621428e-06 0.0 0.0 
-6.428571428571429 -5.714285714285714 0.0 0 -3.828453683375691e-06 0.0 0.0 
-6.428571428571429 -5.0 0.0 0 -1.6013997877517856e-06 0.0 0.0 
-6.428571428571429 -4.285714285714286 0.0 0 -2.4678306160866405e-06 0.0 0.0 
-6.428571428571429 -3.5714285714285716 0.0 0 -8.036468543837239e-07 0.0 0.0 
-6.428571428571429 -2.857142857142857 0.0 0 -1.2717969013413834e-06 0.0 0.0 
-6.428571428571429 -2.142857142857143 0.0 0 -1.4896409336696797e-07 0.0 0.0 
-6.428571428571429 2.142857142857143 0.0 0 1.7704695455505225e-07 0.0 0.0 
-6.428571428571429 2.857142857142857 0.0 0 2.7931267664705455e-07 0.0 0.0 
-6.428571428571429 3.5714285714285716 0.0 0 1.8079144324515072e-07 0.0 0.0 
-6.428571428571429 4.285714285714286 0.0 0 1.6164174476271636e-07 0.0 0.0 
-6.428571428571429 5.0 0.0 0 1.687568389772803e-07 0.0 0.0 
-6.428571428571429 5.714285714285714 0.0 0 -5.443533259505871e-08 0.0 0.0 
-6.428571428571429 6.428571428571429 0.0 0 1.088663695100306e-07 0.0 0.0 
-6.428571428571429 7.142857142857143 0.0 0 -1.1944802437454532e-07 0.0 0.0 
-6.428571428571429 7.857142857142858 0.0 0 3.9041119212030446e-07 0.0 0.0 
-6.428571428571429 8.571428571428571 0.0 0 -1.4360908281774528e-06 0.0 0.0 
-6.428571428571429 9.285714285714286 0.0 0 1.8523047803599043e-06 0.0 0.0 
-4.285714285714286 -9.285714285714286 0.0 0 -2.6095946815184206e-06 0.0 0.0 
-4.285714285714286 -8.571428571428571 0.0 0 -1.5444966151796496e-06 0.0 0.0 
-4.285714285714286 -7.857142857142858 0.0 0 -1.6701702030842278e-06 0.0 0.0 
-4.285714285714286 -7.142857142857143 0.0 0 -9.239511082179806e-07 0.0 0.0 
-4.285714285714286 -6.428571428571429 0.0 0 -8.948660943255128e-07 0.0 0.0 
-4.285714285714286 -5.714285714285714 0.0 0 -3.208727226580181e-07 0.0 0.0 
-4.285714285714286 -5.0 0.0 0 -2.891356298653857e-07 0.0 0.0 
-4.285714285714286 -4.285714285714286 0.0 0 6.72960208513329e-08 0.0 0.0 
-4.285714285714286 -3.5714285714285716 0.0 0 1.924777099905899e-08 0.0 0.0 
-4.285714285714286 -2.857142857142857 0.0 0 1.8223173544268944e-07 0.0 0.0 
-4.285714285714286 -2.142857142857143 0.0 0 6.434286090370009e-08 0.0 0.0 
-4.285714285714286 2.142857142857143 0.0 0 -2.9213110248685065e-07 0.0 0.0 
-4.285714285714286 2.857142857142857 0.0 0 -3.8350073405759245e-07 0.0 0.0 
-4.285714285714286 3.5714285714285716 0.0 0 -3.9193734482937274e-07 0.0 0.0 
-4.285714285714286 4.285714285714286 0.0 0 -4.819696906980448e-07 0.0 0.0 
-4.285714285714286 5.0 0.0 0 -4.2806628320495197e-07 0.0 0.0 
-4.285714285714286 5.714285714285714 0.0 0 -5.208344043118197e-07 0.0 0.0 
-4.285714285714286 6.428571428571429 0.0 0 -4.472694693768987e-07 0.0 0.0 
-4.285714285714286 7.142857142857143 0.0 0 -5.630643395829756e-07 0.0 0.0 
-4.285714285714286 7.857142857142858 0.0 0 -2.0318119346975736e-08 0.0 0.0 
-4.285714285714286 8.571428571428571 0.0 0 -8.560578332271738e-07 0.0 0.0 
-4.285714285714286 9.285714285714286 0.0 0 -5.148321647760853e-07 0.0 0.0 
-2.142857142857143 -9.285714285714286 0.0 0 -2.919230215333115e-07 0.0 0.0 
-2.142857142857143 -8.571428571428571 0.0 0 1.3874624265094678e-06 0.0 0.0 
-2.142857142857143 -7.857142857142858 0.0 0 1.467411205333401e-07 0.0 0.0 
-2.142857142857143 -7.142857142857143 0.0 0 1.2180596610054758e-06 0.0 0.0 
-2.142857142857143 -6.428571428571429 0.0 0 3.2919765812010973e-07 0.0 0.0 
-2.142857142857143 -5.714285714285714 0.0 0 1.0382718657329386e-06 0.0 0.0 
-2.142857142857143 -5.0 0.0 0 3.526302274314306e-07 0.0 0.0 
-2.142857142857143 -4.285714285714286 0.0 0 7.845283499335562e-07 0.0 0.0 
-2.142857142857143 -3.5714285714285716 0.0 0 2.4976091743533854e-07 0.0 0.0 
-2.142857142857143 -2.857142857142857 0.0 0 5.125353671418285e-07 0.0 0.0 
-2.142857142857143 -2.142857142857143 0.0 0 1.1112498387104768e-07 0.0 0.0 
-2.142857142857143 2.142857142857143 0.0 0 -8.21868243585463e-08 0.0 0.0 
-2.142857142857143 2.857142857142857 0.0 0 -1.721149739519091e-07 0.0 0.0 
-2.142857142857143 3.5714285714285716 0.0 0 -1.0234075023028057e-07 0.0 0.0 
-2.142857142857143 4.285714285714286 0.0 0 -1.6358865994527122e-07 0.0 0.0 
-2.142857142857143 5.0 0.0 0 -8.540492259799086e-08 0.0 0.0 
-2.142857142857143 5.714285714285714 0.0 0 -1.1468035943134382e-07 0.0 0.0 
-2.142857142857143 6.428571428571429 0.0 0 -3.123590259268051e-08 0.0 0.0 
-2.142857142857143 7.142857142857143 0.0 0 -1.6519970851288927e-07 0.0 0.0 
-2.142857142857143 7.857142857142858 0.0 0 1.27498038804047e-07 0.0 0.0 
-2.142857142857143 8.571428571428571 0.0 0 3.787095792428481e-08 0.0 0.0 
-2.142857142857143 9.285714285714286 0.0 0 -2.8631916492127176e-07 0.0 0.0 
-0.0 -9.285714285714286 0.0 0 8.28212860685762e-07 0.0 0.0 
-0.0 -8.571428571428571 0.0 0 9.338731620646755e-07 0.0 0.0 
-0.0 -7.857142857142858 0.0 0 5.388028139472627e-07 0.0 0.0 
-0.0 -7.142857142857143 0.0 0 6.619071695164082e-07 0.0 0.0 
-0.0 -6.428571428571429 0.0 0 3.595848488181861e-07 0.0 0.0 
-0.0 -5.714285714285714 0.0 0 4.390400698979299e-07 0.0 0.0 
-0.0 -5.0 0.0 0 2.0529660482116174e-07 0.0 0.0 
-0.0 -4.285714285714286 0.0 0 2.6053668422815305e-07 0.0 0.0 
-0.0 -3.5714285714285716 0.0 0 9.106891330873814e-08 0.0 0.0 
-0.0 -2.857142857142857 0.0 0 1.4051478395701723e-07 0.0 0.0 
-0.0 -2.142857142857143 0.0 0 2.62246625792079e-08 0.0 0.0 
-0.0 2.142857142857143 0.0 0 7.737084600764832e-08 0.0 0.0 
-0.0 2.857142857142857 0.0 0 6.886380036804716e-08 0.0 0.0 
-0.0 3.5714285714285716 0.0 0 1.1128054233028002e-07 0.0 0.0 
-0.0 4.285714285714286 0.0 0 1.0453238337779415e-07 0.0 0.0 
-0.0 5.0 0.0 0 1.3572873967691532e-07 0.0 0.0 
-0.0 5.714285714285714 0.0 0 1.2669338593764912e-07 0.0 0.0 
-0.0 6.428571428571429 0.0 0 1.78689065641758e-07 0.0 0.0 
-0.0 7.142857142857143 0.0 0 9.987212167540724e-08 0.0 0.0 
-0.0 7.857142857142858 0.0 0 1.334069033235647e-07 0.0 0.0 
-0.0 8.571428571428571 0.0 0 2.194606157405395e-07 0.0 0.0 
-0.0 9.285714285714286 0.0 0 2.1925431355112628e-07 0.0 0.0 
0.0 -9.285714285714286 0.0 0 4.003326795223856e-07 0.0 0.0 
0.0 -8.571428571428571 0.0 0 -8.260635262429581e-08 0.0 0.0 
0.0 -7.857142857142858 0.0 0 1.3289675212157888e-07 0.0 0.0 
0.0 -7.142857142857143 0.0 0 -1.3045747032014187e-07 0.0 0.0 
0.0 -6.428571428571429 0.0 0 2.157390935640586e-08 0.0 0.0 
0.0 -5.714285714285714 0.0 0 -1.5069282392813077e-07 0.0 0.0 
0.0 -5.0 0.0 0 -3.6896491334733765e-08 0.0 0.0 
0.0 -4.285714285714286 0.0 0 -1.4061279124653386e-07 0.0 0.0 
0.0 -3.5714285714285716 0.0 0 -5.085269502454293e-08 0.0 0.0 
0.0 -2.857142857142857 0.0 0 -1.0795988691007783e-07 0.0 0.0 
0.0 -2.142857142857143 0.0 0 -3.59867475586132e-08 0.0 0.0 
0.0 2.142857142857143 0.0 0 5.906833195339892e-08 0.0 0.0 
0.0 2.857142857142857 0.0 0 7.866095449329998e-08 0.0 0.0 
0.0 3.5714285714285716 0.0 0 7.731845546442978e-08 0.0 0.0 
0.0 4.285714285714286 0.0 0 8.6819283611149e-08 0.0 0.0 
0.0 5.0 0.0 0 8.190059976900347e-08 0.0 0.0 
0.0 5.714285714285714 0.0 0 7.47197400396627e-08 0.0 0.0 
0.0 6.428571428571429 0.0 0 8.661677036117366e-08 0.0 0.0 
0.0 7.142857142857143 0.0 0 7.476268825515327e-08 0.0 0.0 
0.0 7.857142857142858 0.0 0 3.640257992010533e-08 0.0 0.0 
0.0 8.571428571428571 0.0 0 4.0275084313699494e-08 0.0 0.0 
0.0 9.285714285714286 0.0 0 2.1010916561556622e-07 0.0 0.0 
2.142857142857143 -9.285714285714286 0.0 0 -9.09402561625125e-08 0.0 0.0 
2.142857142857143 -8.571428571428571 0.0 0 -2.829358535997188e-07 0.0 0.0 
2.142857142857143 -7.857142857142858 0.0 0 -1.1265045647087575e-07 0.0 0.0 
2.142857142857143 -7.142857142857143 0.0 0 -2.290349713129249e-07 0.0 0.0 
2.142857142857143 -6.428571428571429 0.0 0 -1.0189504889099313e-07 0.0 0.0 
2.142857142857143 -5.714285714285714 0.0 0 -1.7688265018823567e-07 0.0 0.0 
2.142857142857143 -5.0 0.0 0 -7.921586513863933e-08 0.0 0.0 
2.142857142857143 -4.285714285714286 0.0 0 -1.2464623046967194e-07 0.0 0.0 
2.142857142857143 -3.5714285714285716 0.0 0 -5.002804983274956e-08 0.0 0.0 
2.142857142857143 -2.857142857142857 0.0 0 -7.750709748290025e-08 0.0 0.0 
2.142857142857143 -2.142857142857143 0.0 0 -2.210025557747807e-08 0.0 0.0 
2.142857142857143 1.4285714285714286 0.0 0 -0.34004203051475496 0.0 0.0 
2.142857142857143 2.142857142857143 0.0 0 -0.8042952068549337 0.0 0.0 
2.142857142857143 2.857142857142857 0.0 0 -0.34542486550841073 0.0 0.0 
2.142857142857143 3.5714285714285716 0.0 0 -0.6787012373008726 0.0 0.0 
2.142857142857143 4.285714285714286 0.0 0 -0.36158990361329396 0.0 0.0 
2.142857142857143 5.0 0.0 0 -0.5986950090114442 0.0 0.0 
2.142857142857143 5.714285714285714 0.0 0 -0.3813097038886641 0.0 0.0 
2.142857142857143 6.428571428571429 0.0 0 -0.5555052200427282 0.0 0.0 
2.142857142857143 7.142857142857143 0.0 0 -0.41811122154250674 0.0 0.0 
2.142857142857143 7.857142857142858 0.0 0 -0.5698748271771422 0.0 0.0 
2.142857142857143 8.571428571428571 0.0 0 -0.540064450334088 0.0 0.0 
2.142857142857143 9.285714285714286 0.0 0 -0.8290873567529775 0.0 0.0 
4.285714285714286 -9.285714285714286 0.0 0 -0.07518214668508541 0.0 0.0 
4.285714285714286 -8.571428571428571 0.0 0 -0.07217863636954922 0.0 0.0 
4.285714285714286 -7.857142857142858 0.0 0 -0.12007540488803697 0.0 0.0 
4.285714285714286 -7.142857142857143 0.0 0 -0.12679149430575642 0.0 0.0 
4.285714285714286 -6.428571428571429 0.0 0 -0.17285532596449962 0.0 0.0 
4.285714285714286 -5.714285714285714 0.0 0 -0.19400671428584387 0.0 0.0 
4.285714285714286 -5.0 0.0 0 -0.24728664258147223 0.0 0.0 
4.285714285714286 -4.285714285714286 0.0 0 -0.2865570147834991 0.0 0.0 
4.285714285714286 -3.5714285714285716 0.0 0 -0.34097825516284486 0.0 0.0 
4.285714285714286 -2.857142857142857 0.0 0 -0.31537332056949074 0.0 0.0 
4.285714285714286 -2.142857142857143 0.0 0 0.10191545003592245 0.0 0.0 
4.285714285714286 -1.4285714285714286 0.0 0 0.1990782948428758 0.0 0.0 
4.285714285714286 1.4285714285714286 0.0 0 2.4475103335395483 0.0 0.0 
4.285714285714286 2.142857142857143 0.0 0 3.422387237377951 0.0 0.0 
4.285714285714286 2.857142857142857 0.0 0 2.251025186278737 0.0 0.0 
4.285714285714286 3.5714285714285716 0.0 0 2.960486050690262 0.0 0.0 
4.285714285714286 4.285714285714286 0.0 0 2.1607732393786563 0.0 0.0 
4.285714285714286 5.0 0.0 0 2.671852038317213 0.0 0.0 
4.285714285714286 5.714285714285714 0.0 0 2.1425397432079616 0.0 0.0 
4.285714285714286 6.428571428571429 0.0 0 2.5534602059797042 0.0 0.0 
4.285714285714286 7.142857142857143 0.0 0 2.294514154617714 0.0 0.0 
4.285714285714286 7.857142857142858 0.0 0 2.8010800107489673 0.0 0.0 
4.285714285714286 8.571428571428571 0.0 0 3.0196494886420617 0.0 0.0 
4.285714285714286 9.285714285714286 0.0 0 3.818502861500148 0.0 0.0 
6.428571428571429 -9.285714285714286 0.0 0 0.163612590381694 0.0 0.0 
6.428571428571429 -8.571428571428571 0.0 0 0.21876850718638866 0.0 0.0 
6.428571428571429 -7.857142857142858 0.0 0 0.32475506542916843 0.0 0.0 
6.428571428571429 -7.142857142857143 0.0 0 0.4127936135334064 0.0 0.0 
6.428571428571429 -6.428571428571429 0.0 0 0.5583103693700215 0.0 0.0 
6.428571428571429 -5.714285714285714 0.0 0 0.7190549692505516 0.0 0.0 
6.428571428571429 -5.0 0.0 0 0.9561766628992593 0.0 0.0 
6.428571428571429 -4.285714285714286 0.0 0 1.2437765450059572 0.0 0.0 
6.428571428571429 -3.5714285714285716 0.0 0 1.5842854953086232 0.0 0.0 
6.428571428571429 -2.857142857142857 0.0 0 1.775112576196712 0.0 0.0 
6.428571428571429 -2.142857142857143 0.0 0 1.592026893495146 0.0 0.0 
6.428571428571429 -1.4285714285714286 0.0 -2 -1.0547796582700824 0.0 0.0 
6.428571428571429 -0.7142857142857143 0.0 -2 -1.7406431715935613 0.0 0.0 
6.428571428571429 -0.0 0.0 -1 -1.8188173305217528 0.0 0.0 
6.428571428571429 0.0 0.0 0 -2.2303984634466163 0.0 0.0 
6.428571428571429 2.142857142857143 0.0 0 1.3214992134896932 0.0 0.0 
6.428571428571429 2.857142857142857 0.0 0 2.0093485957981945 0.0 0.0 
6.428571428571429 3.5714285714285716 0.0 0 1.116713279624035 0.0 0.0 
6.428571428571429 4.285714285714286 0.0 0 1.6888205856198357 0.0 0.0 
6.428571428571429 5.0 0.0 0 1.116722792110958 0.0 0.0 
6.428571428571429 5.714285714285714 0.0 0 1.5178704222283228 0.0 0.0 
6.428571428571429 6.428571428571429 0.0 0 1.0633724389834487 0.0 0.0 
6.428571428571429 7.142857142857143 0.0 0 1.1677134066547907 0.0 0.0 
6.428571428571429 7.857142857142858 0.0 0 0.5288897887895053 0.0 0.0 
6.428571428571429 8.571428571428571 0.0 0 0.4765173439716925 0.0 0.0 
6.428571428571429 9.285714285714286 0.0 0 3.0273470761432426 0.0 0.0 
8.571428571428571 -9.285714285714286 0.0 0 0.7670251726164641 0.0 0.0 
8.571428571428571 -8.571428571428571 0.0 0 0.5858994368615539 0.0 0.0 
8.571428571428571 -7.857142857142858 0.0 0 1.0349835651838912 0.0 0.0 
8.571428571428571 -7.142857142857143 0.0 0 0.904592856309148 0.0 0.0 
8.571428571428571 -6.428571428571429 0.0 0 1.1973343552642015 0.0 0.0 
8.571428571428571 -5.714285714285714 0.0 0 1.0427882328796967 0.0 0.0 
8.571428571428571 -5.0 0.0 0 1.1132910525544404 0.0 0.0 
8.571428571428571 -4.285714285714286 0.0 0 0.7727527309323521 0.0 0.0 
8.571428571428571 -3.5714285714285716 0.0 0 0.5310017889988992 0.0 0.0 
8.571428571428571 -2.857142857142857 0.0 0 0.1191409897457405 0.0 0.0 
8.571428571428571 -2.142857142857143 0.0 0 0.6305966046708666 0.0 0.0 
8.571428571428571 -1.4285714285714286 0.0 0 0.9623758314502606 0.0 0.0 
8.571428571428571 -0.7142857142857143 0.0 0 1.3287618561064354 0.0 0.0 
8.571428571428571 -0.0 0.0 0 1.2429714516339598 0.0 0.0 
8.571428571428571 0.0 0.0 -1 -2.2815016374525556 0.0 0.0 
8.571428571428571 0.7142857142857143 0.0 -1 -2.768275230571975 0.0 0.0 
8.571428571428571 1.4285714285714286 0.0 0 0.39205810753658665 0.0 0.0 
8.571428571428571 3.5714285714285716 0.0 0 -3.5610167976797173 0.0 0.0 
8.571428571428571 4.285714285714286 0.0 0 -4.9626447887293645 0.0 0.0 
8.571428571428571 5.0 0.0 0 -3.2118862542204436 0.0 0.0 
8.571428571428571 5.714285714285714 0.0 0 -4.331697089444089 0.0 0.0 
8.571428571428571 6.428571428571429 0.0 0 -3.1840965329184456 0.0 0.0 
8.571428571428571 7.142857142857143 0.0 0 -3.9944940702595995 0.0 0.0 
8.571428571428571 7.857142857142858 0.0 0 -3.38794178854357 0.0 0.0 
8.571428571428571 8.571428571428571 0.0 0 -5.107317719370564 0.0 0.0 
8.571428571428571 9.285714285714286 0.0 0 -4.8589294775020155 0.0 0.0 
10.714285714285714 -9.285714285714286 0.0 0 0.7171074135307891 0.0 0.0 
10.714285714285714 -8.571428571428571 0.0 0 0.10698207318262043 0.0 0.0 
10.714285714285714 -7.857142857142858 0.0 0 0.6377294222624841 0.0 0.0 
10.714285714285714 -7.142857142857143 0.0 0 0.07877587582134515 0.0 0.0 
10.714285714285714 -6.428571428571429 0.0 0 0.3056092670859375 0.0 0.0 
10.714285714285714 -5.714285714285714 0.0 0 -0.22598615931581334 0.0 0.0 
10.714285714285714 -5.0 0.0 0 -0.15793982996776412 0.0 0.0 
10.714285714285714 -4.285714285714286 0.0 0 -0.5612397094154424 0.0 0.0 
10.714285714285714 -3.5714285714285716 0.0 0 -0.5228554670086427 0.0 0.0 
10.714285714285714 -2.857142857142857 0.0 0 -1.0350788266486173 0.0 0.0 
10.714285714285714 -2.142857142857143 0.0 0 -1.2983843194492186 0.0 0.0 
10.714285714285714 -1.4285714285714286 0.0 0 -2.0130646456608976 0.0 0.0 
10.714285714285714 -0.7142857142857143 0.0 0 -2.523345360385477 0.0 0.0 
10.714285714285714 -0.0 0.0 0 -2.168870817410247 0.0 0.0 
10.714285714285714 0.0 0.0 1 -1.909712864649359 0.0 0.0 
10.714285714285714 0.7142857142857143 0.0 2 -1.6270739300652668 0.0 0.0 
10.714285714285714 1.4285714285714286 0.0 5 5.551573698180201 0.0 0.0 
10.714285714285714 2.142857142857143 0.0 3 6.323436931436181 0.0 0.0 
10.714285714285714 5.0 0.0 0 -6.337401397020871 0.0 0.0 
10.714285714285714 5.714285714285714 0.0 0 -45.57056475133709 0.0 0.0 
10.714285714285714 6.428571428571429 0.0 0 -9.138384156819019 0.0 0.0 
10.714285714285714 7.142857142857143 0.0 0 -37.670388825553815 0.0 0.0 
10.714285714285714 7.857142857142858 0.0 0 -13.196040285610167 0.0 0.0 
10.714285714285714 8.571428571428571 0.0 0 -35.74463128134947 0.0 0.0 
10.714285714285714 9.285714285714286 0.0 -1 -33.65031020119662 0.0 0.0 
12.857142857142858 -9.285714285714286 0.0 0 -0.8844966334713997 0.0 0.0 
12.857142857142858 -8.571428571428571 0.0 0 -1.3604859331203283 0.0 0.0 
12.857142857142858 -7.857142857142858 0.0 0 -1.624464848696027 0.0 0.0 
12.857142857142858 -7.142857142857143 0.0 0 -2.1523217151407867 0.0 0.0 
12.857142857142858 -6.428571428571429 0.0 0 -2.5423274939028704 0.0 0.0 
12.857142857142858 -5.714285714285714 0.0 0 -3.157191824958585 0.0 0.0 
12.857142857142858 -5.0 0.0 0 -3.7114027307977624 0.0 0.0 
12.857142857142858 -4.285714285714286 0.0 0 -4.477728106317676 0.0 0.0 
12.857142857142858 -3.5714285714285716 0.0 1 -5.189299828918531 0.0 0.0 
12.857142857142858 -2.857142857142857 0.0 1 -6.085068105157557 0.0 0.0 
12.857142857142858 -2.142857142857143 0.0 1 -6.933437294108351 0.0 0.0 
12.857142857142858 -1.4285714285714286 0.0 2 -7.904716077887586 0.0 0.0 
12.857142857142858 -0.7142857142857143 0.0 2 -9.147130681241215 0.0 0.0 
12.857142857142858 -0.0 0.0 3 -10.495252157955907 0.0 0.0 
12.857142857142858 0.0 0.0 3 -12.327049774996983 0.0 0.0 
12.857142857142858 0.7142857142857143 0.0 4 -16.167327872090535 0.0 0.0 
12.857142857142858 1.4285714285714286 0.0 9 -14.396935100353586 0.0 0.0 
12.857142857142858 2.142857142857143 0.0 26 19.39062405471909 0.0 0.0 
12.857142857142858 4.285714285714286 0.0 -7 -34.62322225766255 0.0 0.0 
12.857142857142858 5.0 0.0 -7 -52.01695455577858 0.0 0.0 
12.857142857142858 5.714285714285714 0.0 -1 -26.18024539868248 0.0 0.0 
12.857142857142858 6.428571428571429 0.0 -2 -41.076304121341295 0.0 0.0 
12.857142857142858 7.142857142857143 0.0 1 -24.21981040176674 0.0 0.0 
12.857142857142858 7.857142857142858 0.0 0 -33.940204464349854 0.0 0.0 
12.857142857142858 8.571428571428571 0.0 2 -21.921164065291965 0.0 0.0 
12.857142857142858 9.285714285714286 0.0 -13 -68.96133086202096 0.0 0.0 
15.0 -9.285714285714286 0.0 0 -5.414578468796117 0.0 0.0 
15.0 -8.571428571428571 0.0 1 -4.196359329591646 0.0 0.0 
15.0 -7.857142857142858 0.0 1 -7.2961222098627765 0.0 0.0 
15.0 -7.142857142857143 0.0 2 -6.624107423165583 0.0 0.0 
15.0 -6.428571428571429 0.0 2 -9.017576040806954 0.0 0.0 
15.0 -5.714285714285714 0.0 3 -8.823308781335937 0.0 0.0 
15.0 -5.0 0.0 3 -10.82736902399964 0.0 0.0 
15.0 -4.285714285714286 0.0 4 -11.074424486783734 0.0 0.0 
15.0 -3.5714285714285716 0.0 4 -12.889763290457598 0.0 0.0 
15.0 -2.857142857142857 0.0 5 -13.505570916390571 0.0 0.0 
15.0 -2.142857142857143 0.0 6 -15.225290393623071 0.0 0.0 
15.0 -1.4285714285714286 0.0 7 -15.99220276257191 0.0 0.0 
15.0 -0.7142857142857143 0.0 8 -17.375655081200016 0.0 0.0 
15.0 -0.0 0.0 10 -17.528188106461833 0.0 0.0 
15.0 0.0 0.0 13 -16.656335939057545 0.0 0.0 
15.0 0.7142857142857143 0.0 16 -15.096634003209033 0.0 0.0 
15.0 1.4285714285714286 0.0 20 -12.78485421786899 0.0 0.0 
15.0 2.142857142857143 0.0 48 53.85102021938866 0.0 0.0 
15.0 2.857142857142857 0.0 25 59.01395081628004 0.0 0.0 
15.0 3.5714285714285716 0.0 -22 -7.917565380690267 0.0 0.0 
15.0 4.285714285714286 0.0 -12 -1.778312572003312 0.0 0.0 
15.0 5.0 0.0 -6 3.904952057839049 0.0 0.0 
15.0 5.714285714285714 0.0 -3 3.6330757491796017 0.0 0.0 
15.0 6.428571428571429 0.0 -1 5.958636545374041 0.0 0.0 
15.0 7.142857142857143 0.0 0 5.626902241560446 0.0 0.0 
15.0 7.857142857142858 0.0 0 9.131036744485362 0.0 0.0 
15.0 8.571428571428571 0.0 3 20.21334724238971 0.0 0.0 
15.0 9.285714285714286 0.0 -12 -6.615796109044105 0.0 0.0 
17.142857142857142 -9.285714285714286 0.0 3 -10.179495770351124 0.0 0.0 
17.142857142857142 -8.571428571428571 0.0 4 -5.140900357570672 0.0 0.0 
17.142857142857142 -7.857142857142858 0.0 5 -12.088853473457686 0.0 0.0 
17.142857142857142 -7.142857142857143 0.0 5 -8.244341014120804 0.0 0.0 
17.142857142857142 -6.428571428571429 0.0 6 -12.793256902796175 0.0 0.0 
17.142857142857142 -5.714285714285714 0.0 6 -9.723655906041968 0.0 0.0 
17.142857142857142 -5.0 0.0 7 -12.521906119649469 0.0 0.0 
17.142857142857142 -4.285714285714286 0.0 8 -9.84084544926407 0.0 0.0 
17.142857142857142 -3.5714285714285716 0.0 8 -11.090186092285256 0.0 0.0 
17.142857142857142 -2.857142857142857 0.0 9 -8.193554360750628 0.0 0.0 
17.142857142857142 -2.142857142857143 0.0 10 -7.667140475309681 0.0 0.0 
17.142857142857142 -1.4285714285714286 0.0 10 -3.6646331892098907 0.0 0.0 
17.142857142857142 -0.7142857142857143 0.0 11 -0.6912854614092048 0.0 0.0 
17.142857142857142 -0.0 0.0 11 5.317597228768191 0.0 0.0 
17.142857142857142 0.0 0.0 10 11.469829634317707 0.0 0.0 
17.142857142857142 0.7142857142857143 0.0 6 17.550509185059134 0.0 0.0 
17.142857142857142 1.4285714285714286 0.0 -8 0.28226469101612395 0.0 0.0 
17.142857142857142 2.142857142857143 0.0 -16 -10.378581008766782 0.0 0.0 
17.142857142857142 2.857142857142857 0.0 -10 -0.2847798773915411 0.0 0.0 
17.142857142857142 3.5714285714285716 0.0 -4 2.58346799408452 0.0 0.0 
17.142857142857142 4.285714285714286 0.0 -1 2.911456608269997 0.0 0.0 
17.142857142857142 5.0 0.0 0 3.682422637011029 0.0 0.0 
17.142857142857142 5.714285714285714 0.0 0 3.3835283775878473 0.0 0.0 
17.142857142857142 6.428571428571429 0.0 0 3.331539171562426 0.0 0.0 
17.142857142857142 7.142857142857143 0.0 -1 1.3479521329836 0.0 0.0 
17.142857142857142 7.857142857142858 0.0 -3 -3.448913965535299 0.0 0.0 
17.142857142857142 8.571428571428571 0.0 0 1.4600446901729585 0.0 0.0 
17.142857142857142 9.285714285714286 0.0 1 3.8987773007576267 0.0 0.0 
19.285714285714285 -9.285714285714286 0.0 7 -8.750506454123348 0.0 0.0 
19.285714285714285 -8.571428571428571 0.0 7 -0.7406611432371921 0.0 0.0 
19.285714285714285 -7.857142857142858 0.0 7 -9.051424749623418 0.0 0.0 
19.285714285714285 -7.142857142857143 0.0 6 -2.5258982138863377 0.0 0.0 
19.285714285714285 -6.428571428571429 0.0 7 -7.503159443822222 0.0 0.0 
19.285714285714285 -5.714285714285714 0.0 6 -1.9853841815506499 0.0 0.0 
19.285714285714285 -5.0 0.0 6 -4.656622982366461 0.0 0.0 
19.285714285714285 -4.285714285714286 0.0 6 0.11607951837161323 0.0 0.0 
19.285714285714285 -3.5714285714285716 0.0 5 -0.9085901798280309 0.0 0.0 
19.285714285714285 -2.857142857142857 0.0 4 3.2452647746604724 0.0 0.0 
19.285714285714285 -2.142857142857143 0.0 3 3.009701235514763 0.0 0.0 
19.285714285714285 -1.4285714285714286 0.0 1 5.840089121786345 0.0 0.0 
19.285714285714285 -0.7142857142857143 0.0 0 4.488963824711511 0.0 0.0 
19.285714285714285 -0.0 0.0 -4 3.640431526945319 0.0 0.0 
19.285714285714285 0.0 0.0 -6 -0.6140026589542895 0.0 0.0 
19.285714285714285 0.7142857142857143 0.0 -5 1.948703154636898 0.0 0.0 
19.285714285714285 1.4285714285714286 0.0 -4 1.6573648401030487 0.0 0.0 
19.285714285714285 2.142857142857143 0.0 -3 -0.2002229344055655 0.0 0.0 
19.285714285714285 2.857142857142857 0.0 0 0.3706894855650624 0.0 0.0 
19.285714285714285 3.5714285714285716 0.0 0 0.9529537917933175 0.0 0.0 
19.285714285714285 4.285714285714286 0.0 0 0.3018532583944537 0.0 0.0 
19.285714285714285 5.0 0.0 0 0.1673242489122046 0.0 0.0 
19.285714285714285 5.714285714285714 0.0 0 -0.5765811360210603 0.0 0.0 
19.285714285714285 6.428571428571429 0.0 0 -0.30611724979568516 0.0 0.0 
19.285714285714285 7.142857142857143 0.0 0 0.6233531894846474 0.0 0.0 
19.285714285714285 7.857142857142858 0.0 0 -0.4497151661254 0.0 0.0 
19.285714285714285 8.571428571428571 0.0 0 -0.6649565329428753 0.0 0.0 
19.285714285714285 9.285714285714286 0.0 0 -0.113932600237583 0.0 0.0 
21.428571428571427 -9.285714285714286 0.0 8 -3.3550197317721793 0.0 0.0 
21.428571428571427 -8.571428571428571 0.0 5 3.6131813942131092 0.0 0.0 
21.428571428571427 -7.857142857142858 0.0 5 -2.8158060851247573 0.0 0.0 
21.428571428571427 -7.142857142857143 0.0 4 3.006274770021493 0.0 0.0 
21.428571428571427 -6.428571428571429 0.0 3 -0.9560537787103911 0.0 0.0 
21.428571428571427 -5.714285714285714 0.0 2 3.6412626183833443 0.0 0.0 
21.428571428571427 -5.0 0.0 1 0.9730815505055395 0.0 0.0 
21.428571428571427 -4.285714285714286 0.0 0 4.167526751121773 0.0 0.0 
21.428571428571427 -3.5714285714285716 0.0 0 1.900938596188889 0.0 0.0 
21.428571428571427 -2.857142857142857 0.0 -2 3.549630247340629 0.0 0.0 
21.428571428571427 -2.142857142857143 0.0 -3 1.1212271987972109 0.0 0.0 
21.428571428571427 -1.4285714285714286 0.0 -4 1.598373439555612 0.0 0.0 
21.428571428571427 -0.7142857142857143 0.0 -3 -0.24290667254721576 0.0 0.0 
21.428571428571427 -0.0 0.0 -3 0.5192566354065029 0.0 0.0 
21.428571428571427 0.0 0.0 -2 -1.5372871311625094 0.0 0.0 
21.428571428571427 0.7142857142857143 0.0 -1 -0.9541992020508522 0.0 0.0 
21.428571428571427 1.4285714285714286 0.0 0 -0.37565028362420205 0.0 0.0 
21.428571428571427 2.142857142857143 0.0 0 0.2904494828318024 0.0 0.0 
21.428571428571427 2.857142857142857 0.0 0 -0.28537605177112957 0.0 0.0 
21.428571428571427 3.5714285714285716 0.0 0 -0.08157357845458699 0.0 0.0 
21.428571428571427 4.285714285714286 0.0 0 -0.477044442535866 0.0 0.0 
21.428571428571427 5.0 0.0 0 -0.1951493831494988 0.0 0.0 
21.428571428571427 5.714285714285714 0.0 0 -0.4552816540301604 0.0 0.0 
21.428571428571427 6.428571428571429 0.0 0 -0.5077657758281442 0.0 0.0 
21.428571428571427 7.142857142857143 0.0 0 -0.23332870259267313 0.0 0.0 
21.428571428571427 7.857142857142858 0.0 0 -0.031727602095001306 0.0 0.0 
21.428571428571427 8.571428571428571 0.0 0 -0.3193634333791577 0.0 0.0 
21.428571428571427 9.285714285714286 0.0 0 -0.5826261780632138 0.0 0.0 
23.57142857142857 -9.285714285714286 0.0 4 1.024954853161021 0.0 0.0 
23.57142857142857 -8.571428571428571 0.0 2 3.8716094587195498 0.0 0.0 
23.57142857142857 -7.857142857142858 0.0 1 0.7573342791707511 0.0 0.0 
23.57142857142857 -7.142857142857143 0.0 0 3.18565435808931 0.0 0.0 
23.57142857142857 -6.428571428571429 0.0 0 0.9136462076901032 0.0 0.0 
23.57142857142857 -5.714285714285714 0.0 -1 2.516889698555003 0.0 0.0 
23.57142857142857 -5.0 0.0 -1 0.5838457054167554 0.0 0.0 
23.57142857142857 -4.285714285714286 0.0 -2 1.4432069388176876 0.0 0.0 
23.57142857142857 -3.5714285714285716 0.0 -2 -0.19964969668111587 0.0 0.0 
23.57142857142857 -2.857142857142857 0.0 -2 0.32542970914653235 0.0 0.0 
23.57142857142857 -2.142857142857143 0.0 -1 -0.8193635649785251 0.0 0.0 
23.57142857142857 -1.4285714285714286 0.0 -1 -0.3367186265282909 0.0 0.0 
23.57142857142857 -0.7142857142857143 0.0 0 -0.9887820361866558 0.0 0.0 
23.57142857142857 -0.0 0.0 0 -0.0051628979325478025 0.0 0.0 
23.57142857142857 0.0 0.0 0 -0.11038115733163445 0.0 0.0 
23.57142857142857 0.7142857142857143 0.0 0 0.1828892715277569 0.0 0.0 
23.57142857142857 1.4285714285714286 0.0 0 -0.1545430351221877 0.0 0.0 
23.57142857142857 2.142857142857143 0.0 0 0.027251346297715306 0.0 0.0 
23.57142857142857 2.857142857142857 0.0 0 -0.25085416209263467 0.0 0.0 
23.57142857142857 3.5714285714285716 0.0 0 -0.075069857820371 0.0 0.0 
23.57142857142857 4.285714285714286 0.0 0 -0.2342707205769256 0.0 0.0 
23.57142857142857 5.0 0.0 0 -0.04263427041128147 0.0 0.0 
23.57142857142857 5.714285714285714 0.0 0 -0.05308575407044974 0.0 0.0 
23.57142857142857 6.428571428571429 0.0 0 -0.047241660560763496 0.0 0.0 
23.57142857142857 7.142857142857143 0.0 0 -0.15275107902305318 0.0 0.0 
23.57142857142857 7.857142857142858 0.0 0 -0.04079173386961341 0.0 0.0 
23.57142857142857 8.571428571428571 0.0 0 -0.004023175434963153 0.0 0.0 
23.57142857142857 9.285714285714286 0.0 0 -0.29857795089289013 0.0 0.0 
25.714285714285715 -9.285714285714286 0.0 1 1.6520001425369397 0.0 0.0 
25.714285714285715 -8.571428571428571 0.0 0 1.1773222144913644 0.0 0.0 
25.714285714285715 -7.857142857142858 0.0 0 0.594187271418718 0.0 0.0 
25.714285714285715 -7.142857142857143 0.0 -1 0.44685880152350066 0.0 0.0 
25.714285714285715 -6.428571428571429 0.0 -1 -0.04413307718767445 0.0 0.0 
25.714285714285715 -5.714285714285714 0.0 -1 -0.14621399915335864 0.0 0.0 
25.714285714285715 -5.0 0.0 -1 -0.4961541406825951 0.0 0.0 
25.714285714285715 -4.285714285714286 0.0 -1 -0.47026118305855946 0.0 0.0 
25.714285714285715 -3.5714285714285716 0.0 0 -0.6059237678131701 0.0 0.0 
25.714285714285715 -2.857142857142857 0.0 0 -0.4113295744292517 0.0 0.0 
25.714285714285715 -2.142857142857143 0.0 0 -0.3338107430656526 0.0 0.0 
25.714285714285715 -1.4285714285714286 0.0 0 -0.04903879620754037 0.0 0.0 
25.714285714285715 -0.7142857142857143 0.0 0 -0.08114855445701119 0.0 0.0 
25.714285714285715 -0.0 0.0 0 0.0008654665981988052 0.0 0.0 
25.714285714285715 0.0 0.0 0 -0.03566986175970355 0.0 0.0 
25.714285714285715 0.7142857142857143 0.0 0 -0.029803721751208767 0.0 0.0 
25.714285714285715 1.4285714285714286 0.0 0 -0.1049863616162851 0.0 0.0 
25.714285714285715 2.142857142857143 0.0 0 -0.06478134959308421 0.0 0.0 
25.714285714285715 2.857142857142857 0.0 0 -0.08199710047015389 0.0 0.0 
25.714285714285715 3.5714285714285716 0.0 0 -0.028607956349014942 0.0 0.0 
25.714285714285715 4.285714285714286 0.0 0 -0.05232442374284251 0.0 0.0 
25.714285714285715 5.0 0.0 0 -0.05168949758582554 0.0 0.0 
25.714285714285715 5.714285714285714 0.0 0 -0.04950840458214685 0.0 0.0 
25.714285714285715 6.428571428571429 0.0 0 -0.03115966712145043 0.0 0.0 
25.714285714285715 7.142857142857143 0.0 0 -0.058217777750320096 0.0 0.0 
25.714285714285715 7.857142857142858 0.0 0 -0.06701237540328076 0.0 0.0 
25.714285714285715 8.571428571428571 0.0 0 0.007052586190450192 0.0 0.0 
25.714285714285715 9.285714285714286 0.0 0 -0.12433736142875204 0.0 0.0 
27.857142857142858 -9.285714285714286 0.0 0 0.21236373801740316 0.0 0.0 
27.857142857142858 -8.571428571428571 0.0 -1 -0.8577875845531969 0.0 0.0 
27.857142857142858 -7.857142857142858 0.0 -1 -0.5704486481422019 0.0 0.0 
27.857142857142858 -7.142857142857143 0.0 -1 -1.0026692163198092 0.0 0.0 
27.857142857142858 -6.428571428571429 0.0 0 -0.6842290632623066 0.0 0.0 
27.857142857142858 -5.714285714285714 0.0 0 -0.8269623040488505 0.0 0.0 
27.857142857142858 -5.0 0.0 0 -0.4896684741344406 0.0 0.0 
27.857142857142858 -4.285714285714286 0.0 0 -0.4697423386092889 0.0 0.0 
27.857142857142858 -3.5714285714285716 0.0 0 -0.18122241983335247 0.0 0.0 
27.857142857142858 -2.857142857142857 0.0 0 -0.16145389567461546 0.0 0.0 
27.857142857142858 -2.142857142857143 0.0 0 -0.01576941662940362 0.0 0.0 
27.857142857142858 -1.4285714285714286 0.0 0 -0.03853190746881291 0.0 0.0 
27.857142857142858 -0.7142857142857143 0.0 0 0.014512469803668354 0.0 0.0 
27.857142857142858 -0.0 0.0 0 -0.05962696594671959 0.0 0.0 
27.857142857142858 0.0 0.0 0 -0.03476990870205148 0.0 0.0 
27.857142857142858 0.7142857142857143 0.0 0 -0.06323631156725881 0.0 0.0 
27.857142857142858 1.4285714285714286 0.0 0 -0.029835326635763156 0.0 0.0 
27.857142857142858 2.142857142857143 0.0 0 -0.04328880641656176 0.0 0.0 
27.857142857142858 2.857142857142857 0.0 0 -0.025057611343216362 0.0 0.0 
27.857142857142858 3.5714285714285716 0.0 0 -0.03800451111214357 0.0 0.0 
27.857142857142858 4.285714285714286 0.0 0 -0.02187791523078455 0.0 0.0 
27.857142857142858 5.0 0.0 0 -0.039435158651850336 0.0 0.0 
27.857142857142858 5.714285714285714 0.0 0 -0.031075533506811467 0.0 0.0 
27.857142857142858 6.428571428571429 0.0 0 -0.031907468822530434 0.0 0.0 
27.857142857142858 7.142857142857143 0.0 0 -0.016787339368553988 0.0 0.0 
27.857142857142858 7.857142857142858 0.0 0 -0.03983238689041779 0.0 0.0 
27.857142857142858 8.571428571428571 0.0 0 0.004651364250855861 0.0 0.0 
27.857142857142858 9.285714285714286 0.0 0 -0.05479888110931206 0.0 0.0 
