-27.857142857142858 -9.285714285714286 0.0 0 -0.19206002990091134 0.0 0.0 
-27.857142857142858 -8.571428571428571 0.0 0 -0.2592059482662762 0.0 0.0 
-27.857142857142858 -7.857142857142858 0.0 0 -0.39010496684434715 0.0 0.0 
-27.857142857142858 -7.142857142857143 0.0 0 -0.45620665397378674 0.0 0.0 
-27.857142857142858 -6.428571428571429 0.0 0 -0.5578932198338933 0.0 0.0 
-27.857142857142858 -5.714285714285714 0.0 0 -0.6180002394503734 0.0 0.0 
-27.857142857142858 -5.0 0.0 0 -0.6953742464709263 0.0 0.0 
-27.857142857142858 -4.285714285714286 0.0 0 -0.7437890653840284 0.0 0.0 
-27.857142857142858 -3.5714285714285716 0.0 0 -0.797723711874853 0.0 0.0 
-27.857142857142858 -2.857142857142857 0.0 0 -0.8295196401043121 0.0 0.0 
-27.857142857142858 -2.142857142857143 0.0 0 -0.8593784760808383 0.0 0.0 
-27.857142857142858 -1.4285714285714286 0.0 0 -0.8707724486973343 0.0 0.0 
-27.857142857142858 -0.7142857142857143 0.0 0 -0.8756332112207967 0.0 0.0 
-27.857142857142858 -0.0 0.0 0 -0.8642874949743737 0.0 0.0 
-27.857142857142858 0.0 0.0 0 -0.8441139025425269 0.0 0.0 
-27.857142857142858 0.7142857142857143 0.0 0 -0.8099101509945104 0.0 0.0 
-27.857142857142858 1.4285714285714286 0.0 0 -0.766793292641862 0.0 0.0 
-27.857142857142858 2.142857142857143 0.0 0 -0.7126060733607108 0.0 0.0 
-27.857142857142858 2.857142857142857 0.0 0 -0.6514135272917232 0.0 0.0 
-27.857142857142858 3.5714285714285716 0.0 0 -0.5829814522043169 0.0 0.0 
-27.857142857142858 4.285714285714286 0.0 0 -0.5106733172125973 0.0 0.0 
-27.857142857142858 5.0 0.0 0 -0.4351318761668119 0.0 0.0 
-27.857142857142858 5.714285714285714 0.0 0 -0.35891418650142753 0.0 0.0 
-27.857142857142858 6.428571428571429 0.0 0 -0.2827440850242493 0.0 0.0 
-27.857142857142858 7.142857142857143 0.0 0 -0.2082661402860439 0.0 0.0 
-27.857142857142858 7.857142857142858 0.0 0 -0.13568027165138438 0.0 0.0 
-27.857142857142858 8.571428571428571 0.0 0 -0.0647912667682195 0.0 0.0 
-27.857142857142858 9.285714285714286 0.0 0 0.023892074299043303 0.0 0.0 
-25.714285714285715 -9.285714285714286 0.0 0 -0.22345703075935944 0.0 0.0 
-25.714285714285715 -8.571428571428571 0.0 0 -0.2502366556333019 0.0 0.0 
-25.714285714285715 -7.857142857142858 0.0 0 -0.4247149933953188 0.0 0.0 
-25.714285714285715 -7.142857142857143 0.0 0 -0.45380898997423524 0.0 0.0 
-25.714285714285715 -6.428571428571429 0.0 0 -0.5843175249117444 0.0 0.0 
-25.714285714285715 -5.714285714285714 0.0 0 -0.6119704621571951 0.0 0.0 
-25.714285714285715 -5.0 0.0 0 -0.7077324410964141 0.0 0.0 
-25.714285714285715 -4.285714285714286 0.0 0 -0.7289698369486813 0.0 0.0 
-25.714285714285715 -3.5714285714285716 0.0 0 -0.7939752244935607 0.0 0.0 
-25.714285714285715 -2.857142857142857 0.0 0 -0.8035817734381124 0.0 0.0 
-25.714285714285715 -2.142857142857143 0.0 0 -0.8395686311856242 0.0 0.0 
-25.714285714285715 -1.4285714285714286 0.0 0 -0.8331594093115133 0.0 0.0 
-25.714285714285715 -0.7142857142857143 0.0 0 -0.8409047616996244 0.0 0.0 
-25.714285714285715 -0.0 0.0 0 -0.8153776076113735 0.0 0.0 
-25.714285714285715 0.0 0.0 0 -0.7959593450223308 0.0 0.0 
-25.714285714285715 0.7142857142857143 0.0 0 -0.7504526336866021 0.0 0.0 
-25.714285714285715 1.4285714285714286 0.0 0 -0.7068263165509657 0.0 0.0 
-25.714285714285715 2.142857142857143 0.0 0 -0.643876853384608 0.0 0.0 
-25.714285714285715 2.857142857142857 0.0 0 -0.582015406871974 0.0 0.0 
-25.714285714285715 3.5714285714285716 0.0 0 -0.5077708154588133 0.0 0.0 
-25.714285714285715 4.285714285714286 0.0 0 -0.43622919598838755 0.0 0.0 
-25.714285714285715 5.0 0.0 0 -0.35893407010011563 0.0 0.0 
-25.714285714285715 5.714285714285714 0.0 0 -0.2868361420675702 0.0 0.0 
-25.714285714285715 6.428571428571429 0.0 0 -0.2144026962331385 0.0 0.0 
-25.714285714285715 7.142857142857143 0.0 0 -0.14891798510851423 0.0 0.0 
-25.714285714285715 7.857142857142858 0.0 0 -0.08471707078474541 0.0 0.0 
-25.714285714285715 8.571428571428571 0.0 0 -0.023413573460054377 0.0 0.0 
-25.714285714285715 9.285714285714286 0.0 0 0.11929192887986795 0.0 0.0 
-23.57142857142857 -9.285714285714286 0.0 0 -0.3028829718234224 0.0 0.0 
-23.57142857142857 -8.571428571428571 0.0 0 -0.28839239408746953 0.0 0.0 
-23.57142857142857 -7.857142857142858 0.0 0 -0.5322461448121802 0.0 0.0 
-23.57142857142857 -7.142857142857143 0.0 0 -0.5284703446682315 0.0 0.0 
-23.57142857142857 -6.428571428571429 0.0 0 -0.7064120967807601 0.0 0.0 
-23.57142857142857 -5.714285714285714 0.0 0 -0.7078741624033007 0.0 0.0 
-23.57142857142857 -5.0 0.0 0 -0.8361485684391641 0.0 0.0 
-23.57142857142857 -4.285714285714286 0.0 0 -0.8366283871519995 0.0 0.0 
-23.57142857142857 -3.5714285714285716 0.0 0 -0.9233809375386898 0.0 0.0 
-23.57142857142857 -2.857142857142857 0.0 0 -0.9160099358225249 0.0 0.0 
-23.57142857142857 -2.142857142857143 0.0 0 -0.9656165311820808 0.0 0.0 
-23.57142857142857 -1.4285714285714286 0.0 0 -0.9444313704082947 0.0 0.0 
-23.57142857142857 -0.7142857142857143 0.0 0 -0.9591213396818192 0.0 0.0 
-23.57142857142857 -0.0 0.0 0 -0.919405022976102 0.0 0.0 
-23.57142857142857 0.0 0.0 0 -0.9009237063361645 0.0 0.0 
-23.57142857142857 0.7142857142857143 0.0 0 -0.8405033237194746 0.0 0.0 
-23.57142857142857 1.4285714285714286 0.0 0 -0.7925586641739406 0.0 0.0 
-23.57142857142857 2.142857142857143 0.0 0 -0.7137977244582822 0.0 0.0 
-23.57142857142857 2.857142857142857 0.0 0 -0.6441796131023223 0.0 0.0 
-23.57142857142857 3.5714285714285716 0.0 0 -0.5546791838894093 0.0 0.0 
-23.57142857142857 4.285714285714286 0.0 0 -0.47480355011592335 0.0 0.0 
-23.57142857142857 5.0 0.0 0 -0.38488608229279464 0.0 0.0 
-23.57142857142857 5.714285714285714 0.0 0 -0.30592723944705413 0.0 0.0 
-23.57142857142857 6.428571428571429 0.0 0 -0.22363792374962743 0.0 0.0 
-23.57142857142857 7.142857142857143 0.0 0 -0.15226723296418504 0.0 0.0 
-23.57142857142857 7.857142857142858 0.0 0 -0.08126266403285339 0.0 0.0 
-23.57142857142857 8.571428571428571 0.0 0 -0.030226750859408957 0.0 0.0 
-23.57142857142857 9.285714285714286 0.0 0 0.16002840034259544 0.0 0.0 
-21.428571428571427 -9.285714285714286 0.0 0 -0.36652515083452764 0.0 0.0 
-21.428571428571427 -8.571428571428571 0.0 0 -0.31373319863094123 0.0 0.0 
-21.428571428571427 -7.857142857142858 0.0 0 -0.6233643824247218 0.0 0.0 
-21.428571428571427 -7.142857142857143 0.0 0 -0.5877083335174468 0.0 0.0 
-21.428571428571427 -6.428571428571429 0.0 0 -0.8096466378326934 0.0 0.0 
-21.428571428571427 -5.714285714285714 0.0 0 -0.786099187990988 0.0 0.0 
-21.428571428571427 -5.0 0.0 0 -0.9444801593181069 0.0 0.0 
-21.428571428571427 -4.285714285714286 0.0 0 -0.926369424864892 0.0 0.0 
-21.428571428571427 -3.5714285714285716 0.0 0 -1.034051793674596 0.0 0.0 
-21.428571428571427 -2.857142857142857 0.0 0 -1.0130303489634522 0.0 0.0 
-21.428571428571427 -2.142857142857143 0.0 0 -1.0771324486868807 0.0 0.0 
-21.428571428571427 -1.4285714285714286 0.0 0 -1.045525313546802 0.0 0.0 
-21.428571428571427 -0.7142857142857143 0.0 0 -1.069372275264161 0.0 0.0 
-21.428571428571427 -0.0 0.0 0 -1.0202747801455492 0.0 0.0 
-21.428571428571427 0.0 0.0 0 -1.0054484964814088 0.0 0.0 
-21.428571428571427 0.7142857142857143 0.0 0 -0.9344630127126781 0.0 0.0 
-21.428571428571427 1.4285714285714286 0.0 0 -0.8844280952770681 0.0 0.0 
-21.428571428571427 2.142857142857143 0.0 0 -0.7929299635356054 0.0 0.0 
-21.428571428571427 2.857142857142857 0.0 0 -0.7166146465037936 0.0 0.0 
-21.428571428571427 3.5714285714285716 0.0 0 -0.6132964602634096 0.0 0.0 
-21.428571428571427 4.285714285714286 0.0 0 -0.524831958255898 0.0 0.0 
-21.428571428571427 5.0 0.0 0 -0.42246310385594416 0.0 0.0 
-21.428571428571427 5.714285714285714 0.0 0 -0.33619216458264917 0.0 0.0 
-21.428571428571427 6.428571428571429 0.0 0 -0.24511510973331443 0.0 0.0 
-21.428571428571427 7.142857142857143 0.0 0 -0.16929573938608808 0.0 0.0 
-21.428571428571427 7.857142857142858 0.0 0 -0.09159360683964789 0.0 0.0 
-21.428571428571427 8.571428571428571 0.0 0 -0.052443212195752 0.0 0.0 
-21.428571428571427 9.285714285714286 0.0 0 0.1525376606129963 0.0 0.0 
-19.285714285714285 -9.285714285714286 0.0 0 -0.41305883721660686 0.0 0.0 
-19.285714285714285 -8.571428571428571 0.0 0 -0.33429681860723287 0.0 0.0 
-19.285714285714285 -7.857142857142858 0.0 0 -0.7017227215250986 0.0 0.0 
-19.285714285714285 -7.142857142857143 0.0 0 -0.6433800600484163 0.0 0.0 
-19.285714285714285 -6.428571428571429 0.0 0 -0.9047636975919024 0.0 0.0 
-19.285714285714285 -5.714285714285714 0.0 0 -0.8640746136453342 0.0 0.0 
-19.285714285714285 -5.0 0.0 0 -1.0505955210194475 0.0 0.0 
-19.285714285714285 -4.285714285714286 0.0 0 -1.0208521083645503 0.0 0.0 
-19.285714285714285 -3.5714285714285716 0.0 0 -1.1494319483642026 0.0 0.0 
-19.285714285714285 -2.857142857142857 0.0 0 -1.1210865158293966 0.0 0.0 
-19.285714285714285 -2.142857142857143 0.0 0 -1.2009334249730799 0.0 0.0 
-19.285714285714285 -1.4285714285714286 0.0 0 -1.1645031934905623 0.0 0.0 
-19.285714285714285 -0.7142857142857143 0.0 0 -1.1991031807075885 0.0 0.0 
-19.285714285714285 -0.0 0.0 0 -1.1447686570508693 0.0 0.0 
-19.285714285714285 0.0 0.0 0 -1.1341046744255259 0.0 0.0 
-19.285714285714285 0.7142857142857143 0.0 0 -1.0540091815471118 0.0 0.0 
-19.285714285714285 1.4285714285714286 0.0 0 -0.9998836229706649 0.0 0.0 
-19.285714285714285 2.142857142857143 0.0 0 -0.8937283613356557 0.0 0.0 
-19.285714285714285 2.857142857142857 0.0 0 -0.8061440800340475 0.0 0.0 
-19.285714285714285 3.5714285714285716 0.0 0 -0.6848620186465234 0.0 0.0 
-19.285714285714285 4.285714285714286 0.0 0 -0.5825996384382858 0.0 0.0 
-19.285714285714285 5.0 0.0 0 -0.46398755847208895 0.0 0.0 
-19.285714285714285 5.714285714285714 0.0 0 -0.3669999430708219 0.0 0.0 
-19.285714285714285 6.428571428571429 0.0 0 -0.2658879892580596 0.0 0.0 
-19.285714285714285 7.142857142857143 0.0 0 -0.18573686415269147 0.0 0.0 
-19.285714285714285 7.857142857142858 0.0 0 -0.10085736311638777 0.0 0.0 
-19.285714285714285 8.571428571428571 0.0 0 -0.06568632531820714 0.0 0.0 
-19.285714285714285 9.285714285714286 0.0 0 0.12741204883916615 0.0 0.0 
-17.142857142857142 -9.285714285714286 0.0 0 -0.4464175245715756 0.0 0.0 
-17.142857142857142 -8.571428571428571 0.0 0 -0.35668646452821473 0.0 0.0 
-17.142857142857142 -7.857142857142858 0.0 0 -0.7704290201548007 0.0 0.0 
-17.142857142857142 -7.142857142857143 0.0 0 -0.7015358960090865 0.0 0.0 
-17.142857142857142 -6.428571428571429 0.0 0 -0.9956399805018088 0.0 0.0 
-17.142857142857142 -5.714285714285714 0.0 0 -0.9475043396831128 0.0 0.0 
-17.142857142857142 -5.0 0.0 0 -1.1583472907018042 0.0 0.0 
-17.142857142857142 -4.285714285714286 0.0 0 -1.1245496728630013 0.0 0.0 
-17.142857142857142 -3.5714285714285716 0.0 0 -1.2721455289290349 0.0 0.0 
-17.142857142857142 -2.857142857142857 0.0 0 -1.242563554154385 0.0 0.0 
-17.142857142857142 -2.142857142857143 0.0 0 -1.3376017869305272 0.0 0.0 
-17.142857142857142 -1.4285714285714286 0.0 0 -1.3012588169215857 0.0 0.0 
-17.142857142857142 -0.7142857142857143 0.0 0 -1.3465858840229 0.0 0.0 
-17.142857142857142 -0.0 0.0 0 -1.2902791389535233 0.0 0.0 
-17.142857142857142 0.0 0.0 0 -1.2827910649192409 0.0 0.0 
-17.142857142857142 0.7142857142857143 0.0 0 -1.1939583326164482 0.0 0.0 
-17.142857142857142 1.4285714285714286 0.0 0 -1.1322587848509464 0.0 0.0 
-17.142857142857142 2.142857142857143 0.0 0 -1.0083883041572375 0.0 0.0 
-17.142857142857142 2.857142857142857 0.0 0 -0.9038178145684734 0.0 0.0 
-17.142857142857142 3.5714285714285716 0.0 0 -0.7598246649601941 0.0 0.0 
-17.142857142857142 4.285714285714286 0.0 0 -0.6382823551939159 0.0 0.0 
-17.142857142857142 5.0 0.0 0 -0.49984824232076003 0.0 0.0 
-17.142857142857142 5.714285714285714 0.0 0 -0.3889448719873069 0.0 0.0 
-17.142857142857142 6.428571428571429 0.0 0 -0.2764266933847903 0.0 0.0 
-17.142857142857142 7.142857142857143 0.0 0 -0.19209137692179487 0.0 0.0 
-17.142857142857142 7.857142857142858 0.0 0 -0.1036756227735195 0.0 0.0 
-17.142857142857142 8.571428571428571 0.0 0 -0.06852184045654675 0.0 0.0 
-17.142857142857142 9.285714285714286 0.0 0 0.1038409296199504 0.0 0.0 
-15.0 -9.285714285714286 0.0 0 -0.4793589020135983 0.0 0.0 
-15.0 -8.571428571428571 0.0 0 -0.39007366211967387 0.0 0.0 
-15.0 -7.857142857142858 0.0 0 -0.8426277406377879 0.0 0.0 
-15.0 -7.142857142857143 0.0 0 -0.7725904455018595 0.0 0.0 
-15.0 -6.428571428571429 0.0 0 -1.0947084458111584 0.0 0.0 
-15.0 -5.714285714285714 0.0 0 -1.0460773372391978 0.0 0.0 
-15.0 -5.0 0.0 0 -1.2779002661111731 0.0 0.0 
-15.0 -4.285714285714286 0.0 0 -1.2449289018554608 0.0 0.0 
-15.0 -3.5714285714285716 0.0 0 -1.4092532792273433 0.0 0.0 
-15.0 -2.857142857142857 0.0 0 -1.382212593571004 0.0 0.0 
-15.0 -2.142857142857143 0.0 0 -1.4914202775429732 0.0 0.0 
-15.0 -1.4285714285714286 0.0 0 -1.4586903712154267 0.0 0.0 
-15.0 1.4285714285714286 0.0 0 -1.2849137876798906 0.0 0.0 
-15.0 2.142857142857143 0.0 0 -1.1395687451933856 0.0 0.0 
-15.0 2.857142857142857 0.0 0 -1.0104918295605634 0.0 0.0 
-15.0 3.5714285714285716 0.0 0 -0.8370970628087583 0.0 0.0 
-15.0 4.285714285714286 0.0 0 -0.6884741480999458 0.0 0.0 
-15.0 5.0 0.0 0 -0.5250153512675789 0.0 0.0 
-15.0 5.714285714285714 0.0 0 -0.39612977647248987 0.0 0.0 
-15.0 6.428571428571429 0.0 0 -0.2710351688233748 0.0 0.0 
-15.0 7.142857142857143 0.0 0 -0.18231084097022632 0.0 0.0 
-15.0 7.857142857142858 0.0 0 -0.09435227957394912 0.0 0.0 
-15.0 8.571428571428571 0.0 0 -0.06044773216027085 0.0 0.0 
-15.0 9.285714285714286 0.0 0 0.08856907363031764 0.0 0.0 
-12.857142857142858 -9.285714285714286 0.0 0 -0.5219571213054182 0.0 0.0 
-12.857142857142858 -8.571428571428571 0.0 0 -0.4366554846273025 0.0 0.0 
-12.857142857142858 -7.857142857142858 0.0 0 -0.9282201622012793 0.0 0.0 
-12.857142857142858 -7.142857142857143 0.0 0 -0.8598812356285563 0.0 0.0 
-12.857142857142858 -6.428571428571429 0.0 0 -1.2096058218592933 0.0 0.0 
-12.857142857142858 -5.714285714285714 0.0 0 -1.1619196251865451 0.0 0.0 
-12.857142857142858 -5.0 0.0 0 -1.4137191067051331 0.0 0.0 
-12.857142857142858 -4.285714285714286 0.0 0 -1.3822159547969046 0.0 0.0 
-12.857142857142858 -3.5714285714285716 0.0 0 -1.5624826831952026 0.0 0.0 
-12.857142857142858 -2.857142857142857 0.0 0 -1.5390280580248257 0.0 0.0 
-12.857142857142858 -2.142857142857143 0.0 0 -1.6630445695468759 0.0 0.0 
-12.857142857142858 2.142857142857143 0.0 0 -1.292079000287641 0.0 0.0 
-12.857142857142858 2.857142857142857 0.0 0 -1.1297225482075548 0.0 0.0 
-12.857142857142858 3.5714285714285716 0.0 0 -0.9161344743673431 0.0 0.0 
-12.857142857142858 4.285714285714286 0.0 0 -0.7306072457937367 0.0 0.0 
-12.857142857142858 5.0 0.0 0 -0.5341755076911494 0.0 0.0 
-12.857142857142858 5.714285714285714 0.0 0 -0.38289953117595704 0.0 0.0 
-12.857142857142858 6.428571428571429 0.0 0 -0.24399482826104194 0.0 0.0 
-12.857142857142858 7.142857142857143 0.0 0 -0.15220249596168495 0.0 0.0 
-12.857142857142858 7.857142857142858 0.0 0 -0.06892214397787466 0.0 0.0 
-12.857142857142858 8.571428571428571 0.0 0 -0.04169550000483102 0.0 0.0 
-12.857142857142858 9.285714285714286 0.0 0 0.08152111065901159 0.0 0.0 
-10.714285714285714 -9.285714285714286 0.0 0 -0.577532296497351 0.0 0.0 
-10.714285714285714 -8.571428571428571 0.0 0 -0.49390572271981653 0.0 0.0 
-10.714285714285714 -7.857142857142858 0.0 0 -1.0311557875586117 0.0 0.0 
-10.714285714285714 -7.142857142857143 0.0 0 -0.9622286197766072 0.0 0.0 
-10.714285714285714 -6.428571428571429 0.0 0 -1.3429419311303485 0.0 0.0 
-10.714285714285714 -5.714285714285714 0.0 0 -1.2933960161097122 0.0 0.0 
-10.714285714285714 -5.0 0.0 0 -1.5665102063985754 0.0 0.0 
-10.714285714285714 -4.285714285714286 0.0 0 -1.5339568406534343 0.0 0.0 
-10.714285714285714 -3.5714285714285716 0.0 0 -1.7310749730144792 0.0 0.0 
-10.714285714285714 -2.857142857142857 0.0 0 -1.7102471946324915 0.0 0.0 
-10.714285714285714 -2.142857142857143 0.0 -1 -1.8514277739930955 0.0 0.0 
-10.714285714285714 2.142857142857143 0.0 -1 -1.4751920913328 0.0 0.0 
-10.714285714285714 2.857142857142857 0.0 0 -1.266067041239896 0.0 0.0 
-10.714285714285714 3.5714285714285716 0.0 0 -0.9967202475707129 0.0 0.0 
-10.714285714285714 4.285714285714286 0.0 0 -0.7599512614093312 0.0 0.0 
-10.714285714285714 5.0 0.0 0 -0.5196378104310507 0.0 0.0 
-10.714285714285714 5.714285714285714 0.0 0 -0.3404006755917311 0.0 0.0 
-10.714285714285714 6.428571428571429 0.0 0 -0.18695807621742566 0.0 0.0 
-10.714285714285714 7.142857142857143 0.0 0 -0.09522477679643818 0.0 0.0 
-10.714285714285714 7.857142857142858 0.0 0 -0.02234447472604048 0.0 0.0 
-10.714285714285714 8.571428571428571 0.0 0 -0.010043425253321615 0.0 0.0 
-10.714285714285714 9.285714285714286 0.0 0 0.08034828469820143 0.0 0.0 
-8.571428571428571 -9.285714285714286 0.0 0 -0.6454401809397761 0.0 0.0 
-8.571428571428571 -8.571428571428571 0.0 0 -0.5601750526818343 0.0 0.0 
-8.571428571428571 -7.857142857142858 0.0 0 -1.1526689549081235 0.0 0.0 
-8.571428571428571 -7.142857142857143 0.0 0 -1.0792208606412776 0.0 0.0 
-8.571428571428571 -6.428571428571429 0.0 0 -1.4957323661164743 0.0 0.0 
-8.571428571428571 -5.714285714285714 0.0 0 -1.4397230291025733 0.0 0.0 
-8.571428571428571 -5.0 0.0 0 -1.7360718612920096 0.0 0.0 
-8.571428571428571 -4.285714285714286 0.0 0 -1.6982871873579262 0.0 0.0 
-8.571428571428571 -3.5714285714285716 0.0 0 -1.9133692816803247 0.0 0.0 
-8.571428571428571 -2.857142857142857 0.0 -1 -1.8929913686731226 0.0 0.0 
-8.571428571428571 -2.142857142857143 0.0 -1 -2.0537731611666903 0.0 0.0 
-8.571428571428571 2.142857142857143 0.0 -1 -1.7033831385746991 0.0 0.0 
-8.571428571428571 2.857142857142857 0.0 -1 -1.427594884429718 0.0 0.0 
-8.571428571428571 3.5714285714285716 0.0 0 -1.0768924720135253 0.0 0.0 
-8.571428571428571 4.285714285714286 0.0 0 -0.7672326560898197 0.0 0.0 
-8.571428571428571 5.0 0.0 0 -0.46781840204525194 0.0 0.0 
-8.571428571428571 5.714285714285714 0.0 0 -0.2540186755903579 0.0 0.0 
-8.571428571428571 6.428571428571429 0.0 0 -0.08672031916349085 0.0 0.0 
-8.571428571428571 7.142857142857143 0.0 0 -0.001103394611594588 0.0 0.0 
-8.571428571428571 7.857142857142858 0.0 0 0.052660815151968174 0.0 0.0 
-8.571428571428571 8.571428571428571 0.0 0 0.03911145591008759 0.0 0.0 
-8.571428571428571 9.285714285714286 0.0 0 0.08399456116160153 0.0 0.0 
-6.428571428571429 -9.285714285714286 0.0 0 -0.7258208941279962 0.0 0.0 
-6.428571428571429 -8.571428571428571 0.0 0 -0.637466739052061 0.0 0.0 
-6.428571428571429 -7.857142857142858 0.0 0 -1.295405933170249 0.0 0.0 
-6.428571428571429 -7.142857142857143 0.0 0 -1.2137865827295387 0.0 0.0 
-6.428571428571429 -6.428571428571429 0.0 0 -1.6705138897545524 0.0 0.0 
-6.428571428571429 -5.714285714285714 0.0 0 -1.6027506226090487 0.0 0.0 
-6.428571428571429 -5.0 0.0 0 -1.9232651607566378 0.0 0.0 
-6.428571428571429 -4.285714285714286 0.0 0 -1.874918605346997 0.0 0.0 
-6.428571428571429 -3.5714285714285716 0.0 -1 -2.107756682057286 0.0 0.0 
-6.428571428571429 -2.857142857142857 0.0 -1 -2.0834180534528297 0.0 0.0 
-6.428571428571429 -2.142857142857143 0.0 -1 -2.2664565065962536 0.0 0.0 
-6.428571428571429 2.142857142857143 0.0 -1 -1.999742361415162 0.0 0.0 
-6.428571428571429 2.857142857142857 0.0 -1 -1.623929821357826 0.0 0.0 
-6.428571428571429 3.5714285714285716 0.0 0 -1.1529033315799535 0.0 0.0 
-6.428571428571429 4.285714285714286 0.0 0 -0.7362741648923627 0.0 0.0 
-6.428571428571429 5.0 0.0 0 -0.3563506456277585 0.0 0.0 
-6.428571428571429 5.714285714285714 0.0 0 -0.10139003729573601 0.0 0.0 
-6.428571428571429 6.428571428571429 0.0 0 0.07562325822644302 0.0 0.0 
-6.428571428571429 7.142857142857143 0.0 0 0.14406256462775768 0.0 0.0 
-6.428571428571429 7.857142857142858 0.0 0 0.16525700783890962 0.0 0.0 
-6.428571428571429 8.571428571428571 0.0 0 0.11136236659012962 0.0 0.0 
-6.428571428571429 9.285714285714286 0.0 0 0.09236641166779663 0.0 0.0 
-4.285714285714286 -9.285714285714286 0.0 0 -0.821518914217054 0.0 0.0 
-4.285714285714286 -8.571428571428571 0.0 0 -0.7306493645155276 0.0 0.0 
-4.285714285714286 -7.857142857142858 0.0 0 -1.4649316066263554 0.0 0.0 
-4.285714285714286 -7.142857142857143 0.0 0 -1.3715716909679347 0.0 0.0 
-4.285714285714286 -6.428571428571429 0.0 0 -1.8720307418819218 0.0 0.0 
-4.285714285714286 -5.714285714285714 0.0 0 -1.7859672760918817 0.0 0.0 
-4.285714285714286 -5.0 0.0 0 -2.129873135402441 0.0 0.0 
-4.285714285714286 -4.285714285714286 0.0 -1 -2.0638296799954983 0.0 0.0 
-4.285714285714286 -3.5714285714285716 0.0 -1 -2.311444946647546 0.0 0.0 
-4.285714285714286 -2.857142857142857 0.0 -1 -2.2778559467775903 0.0 0.0 
-4.285714285714286 -2.142857142857143 0.0 -1 -2.480260483992984 0.0 0.0 
-4.285714285714286 2.142857142857143 0.0 -1 -2.403946211168935 0.0 0.0 
-4.285714285714286 2.857142857142857 0.0 -1 -1.8725615447225585 0.0 0.0 
-4.285714285714286 3.5714285714285716 0.0 -1 -1.2145769051865618 0.0 0.0 
-4.285714285714286 4.285714285714286 0.0 0 -0.6370517247639689 0.0 0.0 
-4.285714285714286 5.0 0.0 0 -0.1484895514255895 0.0 0.0 
-4.285714285714286 5.714285714285714 0.0 0 0.15108981345943057 0.0 0.0 
-4.285714285714286 6.428571428571429 0.0 0 0.32549840476491 0.0 0.0 
-4.285714285714286 7.142857142857143 0.0 0 0.3573747748747268 0.0 0.0 
-4.285714285714286 7.857142857142858 0.0 0 0.3257762383031647 0.0 0.0 
-4.285714285714286 8.571428571428571 0.0 0 0.21257584180647254 0.0 0.0 
-4.285714285714286 9.285714285714286 0.0 0 0.10514176870031036 0.0 0.0 
-2.142857142857143 -9.285714285714286 0.0 0 -0.9378891324715027 0.0 0.0 
-2.142857142857143 -8.571428571428571 0.0 0 -0.8465584769401657 0.0 0.0 
-2.142857142857143 -7.857142857142858 0.0 0 -1.6700296155272654 0.0 0.0 
-2.142857142857143 -7.142857142857143 0.0 0 -1.5603546836344575 0.0 0.0 
-2.142857142857143 -6.428571428571429 0.0 0 -2.1072330338508842 0.0 0.0 
-2.142857142857143 -5.714285714285714 0.0 0 -1.9938091404968605 0.0 0.0 
-2.142857142857143 -5.0 0.0 -1 -2.3585444205043786 0.0 0.0 
-2.142857142857143 -4.285714285714286 0.0 -1 -2.264552499106908 0.0 0.0 
-2.142857142857143 -3.5714285714285716 0.0 -1 -2.524061189844816 0.0 0.0 
-2.142857142857143 -2.857142857142857 0.0 -1 -2.4714798986800357 0.0 0.0 
-2.142857142857143 -2.142857142857143 0.0 -1 -2.683087021907099 0.0 0.0 
-2.142857142857143 2.142857142857143 0.0 -2 -2.9862414257079277 0.0 0.0 
-2.142857142857143 2.857142857142857 0.0 -1 -2.199311332767833 0.0 0.0 
-2.142857142857143 3.5714285714285716 0.0 -1 -1.2392895843792184 0.0 0.0 
-2.142857142857143 4.285714285714286 0.0 0 -0.4158527215768559 0.0 0.0 
-2.142857142857143 5.0 0.0 0 0.21650417664988003 0.0 0.0 
-2.142857142857143 5.714285714285714 0.0 0 0.5529968475313258 0.0 0.0 
-2.142857142857143 6.428571428571429 0.0 0 0.6951234217869404 0.0 0.0 
-2.142857142857143 7.142857142857143 0.0 0 0.6573113161672502 0.0 0.0 
-2.142857142857143 7.857142857142858 0.0 0 0.5441787043970326 0.0 0.0 
-2.142857142857143 8.571428571428571 0.0 0 0.3482484079309612 0.0 0.0 
-2.142857142857143 9.285714285714286 0.0 0 0.12140749743657103 0.0 0.0 
-0.0 -9.285714285714286 0.0 0 -1.0828649838244826 0.0 0.0 
-0.0 -8.571428571428571 0.0 0 -0.9948254432650172 0.0 0.0 
-0.0 -7.857142857142858 0.0 0 -1.9238200755238777 0.0 0.0 
-0.0 -7.142857142857143 0.0 0 -1.7910293180825998 0.0 0.0 
-0.0 -6.428571428571429 0.0 0 -2.3859238414756465 0.0 0.0 
-0.0 -5.714285714285714 0.0 -1 -2.231992181653567 0.0 0.0 
-0.0 -5.0 0.0 -1 -2.6123572820663856 0.0 0.0 
-0.0 -4.285714285714286 0.0 -1 -2.4787720880339785 0.0 0.0 
-0.0 -3.5714285714285716 0.0 -1 -2.7450760494481505 0.0 0.0 
-0.0 -2.857142857142857 0.0 -1 -2.6640317617348837 0.0 0.0 
-0.0 -2.142857142857143 0.0 -1 -2.8672464966456825 0.0 0.0 
-0.0 2.142857142857143 0.0 -2 -3.8811497144442564 0.0 0.0 
-0.0 2.857142857142857 0.0 -2 -2.6475200448040277 0.0 0.0 
-0.0 3.5714285714285716 0.0 -1 -1.1771048876896275 0.0 0.0 
-0.0 4.285714285714286 0.0 0 0.03360247328176136 0.0 0.0 
-0.0 5.0 0.0 0 0.8418881950992829 0.0 0.0 
-0.0 5.714285714285714 0.0 0 1.1761982648536788 0.0 0.0 
-0.0 6.428571428571429 0.0 0 1.2201859938599373 0.0 0.0 
-0.0 7.142857142857143 0.0 0 1.0585405118169777 0.0 0.0 
-0.0 7.857142857142858 0.0 0 0.8266270831962574 0.0 0.0 
-0.0 8.571428571428571 0.0 0 0.5225810952469605 0.0 0.0 
-0.0 9.285714285714286 0.0 0 0.14016172067914015 0.0 0.0 
0.0 -9.285714285714286 0.0 0 -1.26818070329734 0.0 0.0 
0.0 -8.571428571428571 0.0 0 -1.1900294467610104 0.0 0.0 
0.0 -7.857142857142858 0.0 0 -2.24634572844976 0.0 0.0 
0.0 -7.142857142857143 0.0 0 -2.0794985933938026 0.0 0.0 
0.0 -6.428571428571429 0.0 -1 -2.72168019739806 0.0 0.0 
0.0 -5.714285714285714 0.0 -1 -2.507018606267275 0.0 0.0 
0.0 -5.0 0.0 -1 -2.8971065670883993 0.0 0.0 
0.0 -4.285714285714286 0.0 -1 -2.7061678709051127 0.0 0.0 
0.0 -3.5714285714285716 0.0 -1 -2.973497253713748 0.0 0.0 
0.0 -2.857142857142857 0.0 -1 -2.8696210035911083 0.0 0.0 
0.0 -2.142857142857143 0.0 -1 -3.0740306165875295 0.0 0.0 
0.0 2.142857142857143 0.0 -4 -5.356038278863917 0.0 0.0 
0.0 2.857142857142857 0.0 -2 -3.2729867526279133 0.0 0.0 
0.0 3.5714285714285716 0.0 -1 -0.9139077569850058 0.0 0.0 
0.0 4.285714285714286 0.0 0 0.9257780085174154 0.0 0.0 
0.0 5.0 0.0 0 1.9000814997219138 0.0 0.0 
0.0 5.714285714285714 0.0 1 2.1191415374979914 0.0 0.0 
0.0 6.428571428571429 0.0 1 1.9231149329546129 0.0 0.0 
0.0 7.142857142857143 0.0 1 1.5584510355067902 0.0 0.0 
0.0 7.857142857142858 0.0 0 1.168164589179666 0.0 0.0 
0.0 8.571428571428571 0.0 0 0.7381303177054961 0.0 0.0 
0.0 9.285714285714286 0.0 0 0.163039447434444 0.0 0.0 
2.142857142857143 -9.285714285714286 0.0 0 -1.511824031301802 0.0 0.0 
2.142857142857143 -8.571428571428571 0.0 0 -1.455751673100933 0.0 0.0 
2.142857142857143 -7.857142857142858 0.0 0 -2.671091036801628 0.0 0.0 
2.142857142857143 -7.142857142857143 0.0 -1 -2.451604753974838 0.0 0.0 
2.142857142857143 -6.428571428571429 0.0 -1 -3.135727308264186 0.0 0.0 
2.142857142857143 -5.714285714285714 0.0 -1 -2.8332288739571374 0.0 0.0 
2.142857142857143 -5.0 0.0 -1 -3.2260850360575484 0.0 0.0 
2.142857142857143 -4.285714285714286 0.0 -1 -2.95758459483184 0.0 0.0 
2.142857142857143 -3.5714285714285716 0.0 -1 -3.215519255595742 0.0 0.0 
2.142857142857143 -2.857142857142857 0.0 -1 -3.1569878196030663 0.0 0.0 
2.142857142857143 -2.142857142857143 0.0 -1 -2.6093250474416787 0.0 0.0 
2.142857142857143 1.4285714285714286 0.0 -6 -9.522407837673317 0.0 0.0 
2.142857142857143 2.142857142857143 0.0 -6 2.6572197067944447 0.0 0.0 
2.142857142857143 2.857142857142857 0.0 -4 -3.1209224768037482 0.0 0.0 
2.142857142857143 3.5714285714285716 0.0 -1 8.364833358244178 0.0 0.0 
2.142857142857143 4.285714285714286 0.0 0 4.577424746416052 0.0 0.0 
2.142857142857143 5.0 0.0 1 10.861862472064377 0.0 0.0 
2.142857142857143 5.714285714285714 0.0 1 6.054248134385594 0.0 0.0 
2.142857142857143 6.428571428571429 0.0 1 9.152449554548534 0.0 0.0 
2.142857142857143 7.142857142857143 0.0 1 5.42103937190181 0.0 0.0 
2.142857142857143 7.857142857142858 0.0 1 7.9163314689729045 0.0 0.0 
2.142857142857143 8.571428571428571 0.0 1 6.163721232433829 0.0 0.0 
2.142857142857143 9.285714285714286 0.0 0 7.611287456352607 0.0 0.0 
4.285714285714286 -9.285714285714286 0.0 0 -1.039498475373537 0.0 0.0 
4.285714285714286 -8.571428571428571 0.0 0 -1.1107013685196705 0.0 0.0 
4.285714285714286 -7.857142857142858 0.0 -1 -2.0904702645012625 0.0 0.0 
4.285714285714286 -7.142857142857143 0.0 -1 -1.7170473731539446 0.0 0.0 
4.285714285714286 -6.428571428571429 0.0 -1 -1.985301363459616 0.0 0.0 
4.285714285714286 -5.714285714285714 0.0 -1 -1.3337521062392548 0.0 0.0 
4.285714285714286 -5.0 0.0 -1 -1.192271687058215 0.0 0.0 
4.285714285714286 -4.285714285714286 0.0 -1 -0.4087122959020433 0.0 0.0 
4.285714285714286 -3.5714285714285716 0.0 -2 0.007062274628522935 0.0 0.0 
4.285714285714286 -2.857142857142857 0.0 -3 -0.11994549185652836 0.0 0.0 
4.285714285714286 -2.142857142857143 0.0 -5 -2.5013027151779497 0.0 0.0 
4.285714285714286 -1.4285714285714286 0.0 -5 -3.69457476810968 0.0 0.0 
4.285714285714286 1.4285714285714286 0.0 -7 -45.595889554986115 0.0 0.0 
4.285714285714286 2.142857142857143 0.0 -9 -34.79856482501834 0.0 0.0 
4.285714285714286 2.857142857142857 0.0 -4 -31.819937671424547 0.0 0.0 
4.285714285714286 3.5714285714285716 0.0 0 -18.8024598958325 0.0 0.0 
4.285714285714286 4.285714285714286 0.0 3 -17.59590249051639 0.0 0.0 
4.285714285714286 5.0 0.0 4 -12.984750855087366 0.0 0.0 
4.285714285714286 5.714285714285714 0.0 3 -17.112573014124322 0.0 0.0 
4.285714285714286 6.428571428571429 0.0 2 -16.276212481615215 0.0 0.0 
4.285714285714286 7.142857142857143 0.0 1 -20.59182546987335 0.0 0.0 
4.285714285714286 7.857142857142858 0.0 0 -21.453118317962826 0.0 0.0 
4.285714285714286 8.571428571428571 0.0 0 -28.47354566530151 0.0 0.0 
4.285714285714286 9.285714285714286 0.0 2 -31.74564414337374 0.0 0.0 
6.428571428571429 -9.285714285714286 0.0 0 -3.2186786321149485 0.0 0.0 
6.428571428571429 -8.571428571428571 0.0 -1 -4.268753365284422 0.0 0.0 
6.428571428571429 -7.857142857142858 0.0 -2 -6.5318973839436 0.0 0.0 
6.428571428571429 -7.142857142857143 0.0 -2 -6.997155321380685 0.0 0.0 
6.428571428571429 -6.428571428571429 0.0 -2 -8.69861210508384 0.0 0.0 
6.428571428571429 -5.714285714285714 0.0 -2 -9.58278996891352 0.0 0.0 
6.428571428571429 -5.0 0.0 -2 -11.871146183019635 0.0 0.0 
6.428571428571429 -4.285714285714286 0.0 -2 -14.262530866536608 0.0 0.0 
6.428571428571429 -3.5714285714285716 0.0 -2 -18.122832617149623 0.0 0.0 
6.428571428571429 -2.857142857142857 0.0 0 -22.09797600080102 0.0 0.0 
6.428571428571429 -2.142857142857143 0.0 5 -22.00945233841857 0.0 0.0 
6.428571428571429 -1.4285714285714286 0.0 17 0.6770656264813226 0.0 0.0 
6.428571428571429 -0.7142857142857143 0.0 13 1.0698202950828026 0.0 0.0 
6.428571428571429 -0.0 0.0 17 19.82396646251595 0.0 0.0 
6.428571428571429 0.0 0.0 6 15.72850385516709 0.0 0.0 
6.428571428571429 2.142857142857143 0.0 -21 -39.97810368566408 0.0 0.0 
6.428571428571429 2.857142857142857 0.0 -10 -11.955588229896087 0.0 0.0 
6.428571428571429 3.5714285714285716 0.0 -1 -7.646710979167427 0.0 0.0 
6.428571428571429 4.285714285714286 0.0 5 7.640261450085602 0.0 0.0 
6.428571428571429 5.0 0.0 6 -0.7611830068642771 0.0 0.0 
6.428571428571429 5.714285714285714 0.0 4 0.08059996739319697 0.0 0.0 
6.428571428571429 6.428571428571429 0.0 3 -7.090301279331184 0.0 0.0 
6.428571428571429 7.142857142857143 0.0 3 -4.542258988054522 0.0 0.0 
6.428571428571429 7.857142857142858 0.0 4 -3.319591805232043 0.0 0.0 
6.428571428571429 8.571428571428571 0.0 3 2.4623039772629034 0.0 0.0 
6.428571428571429 9.285714285714286 0.0 -4 -18.317499494680398 0.0 0.0 
8.571428571428571 -9.285714285714286 0.0 0 -10.562312016304567 0.0 0.0 
8.571428571428571 -8.571428571428571 0.0 0 -10.033213027506761 0.0 0.0 
8.571428571428571 -7.857142857142858 0.0 0 -15.633903922018192 0.0 0.0 
8.571428571428571 -7.142857142857143 0.0 0 -14.202902176277245 0.0 0.0 
8.571428571428571 -6.428571428571429 0.0 0 -17.553990221497862 0.0 0.0 
8.571428571428571 -5.714285714285714 0.0 1 -16.033525099157625 0.0 0.0 
8.571428571428571 -5.0 0.0 3 -17.326652253095705 0.0 0.0 
8.571428571428571 -4.285714285714286 0.0 5 -13.943758524240279 0.0 0.0 
8.571428571428571 -3.5714285714285716 0.0 7 -10.607448769268945 0.0 0.0 
8.571428571428571 -2.857142857142857 0.0 8 -4.617826066867389 0.0 0.0 
8.571428571428571 -2.142857142857143 0.0 4 -5.8525808575621605 0.0 0.0 
8.571428571428571 -1.4285714285714286 0.0 0 -5.9774008135295675 0.0 0.0 
8.571428571428571 -0.7142857142857143 0.0 -4 -15.54407615276838 0.0 0.0 
8.571428571428571 -0.0 0.0 -2 -15.177315957639841 0.0 0.0 
8.571428571428571 0.0 0.0 11 16.121168088180994 0.0 0.0 
8.571428571428571 0.7142857142857143 0.0 0 3.2588813793996856 0.0 0.0 
8.571428571428571 1.4285714285714286 0.0 -16 -27.04530426956478 0.0 0.0 
8.571428571428571 3.5714285714285716 0.0 1 52.39046434457322 0.0 0.0 
8.571428571428571 4.285714285714286 0.0 16 44.07354818838378 0.0 0.0 
8.571428571428571 5.0 0.0 13 49.522588313675676 0.0 0.0 
8.571428571428571 5.714285714285714 0.0 5 22.920496516915826 0.0 0.0 
8.571428571428571 6.428571428571429 0.0 5 32.66827335949395 0.0 0.0 
8.571428571428571 7.142857142857143 0.0 -1 14.32289078060702 0.0 0.0 
8.571428571428571 7.857142857142858 0.0 -1 23.617910057234873 0.0 0.0 
8.571428571428571 8.571428571428571 0.0 -2 28.55539465507386 0.0 0.0 
8.571428571428571 9.285714285714286 0.0 10 49.65520588015583 0.0 0.0 
10.714285714285714 -9.285714285714286 0.0 2 -15.139648730742328 0.0 0.0 
10.714285714285714 -8.571428571428571 0.0 1 -8.80189422810415 0.0 0.0 
10.714285714285714 -7.857142857142858 0.0 1 -16.12883398273264 0.0 0.0 
10.714285714285714 -7.142857142857143 0.0 1 -8.6473567085984 0.0 0.0 
10.714285714285714 -6.428571428571429 0.0 2 -11.503080627466847 0.0 0.0 
10.714285714285714 -5.714285714285714 0.0 2 -4.228186315950392 0.0 0.0 
10.714285714285714 -5.0 0.0 2 -4.883863073287876 0.0 0.0 
10.714285714285714 -4.285714285714286 0.0 1 0.3559661560623766 0.0 0.0 
10.714285714285714 -3.5714285714285716 0.0 0 -0.9817737844226729 0.0 0.0 
10.714285714285714 -2.857142857142857 0.0 -2 2.674227058632381 0.0 0.0 
10.714285714285714 -2.142857142857143 0.0 -3 2.6998771964348682 0.0 0.0 
10.714285714285714 -1.4285714285714286 0.0 -1 10.744787256369628 0.0 0.0 
10.714285714285714 -0.7142857142857143 0.0 -2 14.791120736845096 0.0 0.0 
10.714285714285714 -0.0 0.0 -7 14.082019911285771 0.0 0.0 
10.714285714285714 0.0 0.0 -9 19.322466433591973 0.0 0.0 
10.714285714285714 0.7142857142857143 0.0 -15 13.748773775160895 0.0 0.0 
10.714285714285714 1.4285714285714286 0.0 -40 -75.65251945640514 0.0 0.0 
10.714285714285714 2.142857142857143 0.0 -39 -74.60394475263075 0.0 0.0 
10.714285714285714 5.0 0.0 6 -117.33280158861746 0.0 0.0 
10.714285714285714 5.714285714285714 0.0 4 526.0285780965467 0.0 0.0 
10.714285714285714 6.428571428571429 0.0 0 -51.30041532617284 0.0 0.0 
10.714285714285714 7.142857142857143 0.0 -1 412.1466368695952 0.0 0.0 
10.714285714285714 7.857142857142858 0.0 -7 10.478264387615596 0.0 0.0 
10.714285714285714 8.571428571428571 0.0 -4 381.55114534657986 0.0 0.0 
10.714285714285714 9.285714285714286 0.0 16 223.08032251402085 0.0 0.0 
12.857142857142858 -9.285714285714286 0.0 1 -7.400198167056308 0.0 0.0 
12.857142857142858 -8.571428571428571 0.0 -1 3.790423000107526 0.0 0.0 
12.857142857142858 -7.857142857142858 0.0 -1 1.651251352764095 0.0 0.0 
12.857142857142858 -7.142857142857143 0.0 -3 12.87258450712089 0.0 0.0 
12.857142857142858 -6.428571428571429 0.0 -4 13.22849595464313 0.0 0.0 
12.857142857142858 -5.714285714285714 0.0 -5 22.967838034258207 0.0 0.0 
12.857142857142858 -5.0 0.0 -7 25.138862085540662 0.0 0.0 
12.857142857142858 -4.285714285714286 0.0 -9 34.76213233703299 0.0 0.0 
12.857142857142858 -3.5714285714285716 0.0 -9 39.02449747248423 0.0 0.0 
12.857142857142858 -2.857142857142857 0.0 -11 49.67792064598059 0.0 0.0 
12.857142857142858 -2.142857142857143 0.0 -14 56.013778672409416 0.0 0.0 
12.857142857142858 -1.4285714285714286 0.0 -16 66.28024042756915 0.0 0.0 
12.857142857142858 -0.7142857142857143 0.0 -20 75.48955095197206 0.0 0.0 
12.857142857142858 -0.0 0.0 -23 85.52593684544166 0.0 0.0 
12.857142857142858 0.0 0.0 -24 107.82286811202519 0.0 0.0 
12.857142857142858 0.7142857142857143 0.0 -20 166.03119745878098 0.0 0.0 
12.857142857142858 1.4285714285714286 0.0 -57 118.99112784837783 0.0 0.0 
12.857142857142858 2.142857142857143 0.0 -186 -117.84238170915066 0.0 0.0 
12.857142857142858 4.285714285714286 0.0 77 293.70861194767997 0.0 0.0 
12.857142857142858 5.0 0.0 84 123.7911287481418 0.0 0.0 
12.857142857142858 5.714285714285714 0.0 3 180.2292687462834 0.0 0.0 
12.857142857142858 6.428571428571429 0.0 34 79.63335907683205 0.0 0.0 
12.857142857142858 7.142857142857143 0.0 -18 138.33789720321238 0.0 0.0 
12.857142857142858 7.857142857142858 0.0 0 25.980746182933768 0.0 0.0 
12.857142857142858 8.571428571428571 0.0 -24 79.49847286479768 0.0 0.0 
12.857142857142858 9.285714285714286 0.0 126 305.89577652419314 0.0 0.0 
15.0 -9.285714285714286 0.0 -10 26.9377370786345 0.0 0.0 
15.0 -8.571428571428571 0.0 -13 29.480113580763607 0.0 0.0 
15.0 -7.857142857142858 0.0 -16 48.28056952435071 0.0 0.0 
15.0 -7.142857142857143 0.0 -18 51.21749606367125 0.0 0.0 
15.0 -6.428571428571429 0.0 -20 64.80692090367455 0.0 0.0 
15.0 -5.714285714285714 0.0 -23 67.99911477814231 0.0 0.0 
15.0 -5.0 0.0 -26 78.74857006950626 0.0 0.0 
15.0 -4.285714285714286 0.0 -29 82.50365499271939 0.0 0.0 
15.0 -3.5714285714285716 0.0 -33 91.59724222276637 0.0 0.0 
15.0 -2.857142857142857 0.0 -37 96.21857564617673 0.0 0.0 
15.0 -2.142857142857143 0.0 -41 103.32338637743632 0.0 0.0 
15.0 -1.4285714285714286 0.0 -46 107.29842837453039 0.0 0.0 
15.0 -0.7142857142857143 0.0 -53 112.19906965042699 0.0 0.0 
15.0 -0.0 0.0 -64 104.84606160827663 0.0 0.0 
15.0 0.0 0.0 -81 81.02021465160831 0.0 0.0 
15.0 0.7142857142857143 0.0 -87 90.78114494486422 0.0 0.0 
15.0 1.4285714285714286 0.0 -106 69.989396442751 0.0 0.0 
15.0 2.142857142857143 0.0 -216 -278.4060544274496 0.0 0.0 
15.0 2.857142857142857 0.0 40 -89.14873466288381 0.0 0.0 
15.0 3.5714285714285716 0.0 142 109.2837549077987 0.0 0.0 
15.0 4.285714285714286 0.0 54 9.574502808797334 0.0 0.0 
15.0 5.0 0.0 43 24.351979751823286 0.0 0.0 
15.0 5.714285714285714 0.0 7 -22.547559487306536 0.0 0.0 
15.0 6.428571428571429 0.0 18 4.306247662716817 0.0 0.0 
15.0 7.142857142857143 0.0 6 -7.342810375585277 0.0 0.0 
15.0 7.857142857142858 0.0 15 3.5102475516423546 0.0 0.0 
15.0 8.571428571428571 0.0 -10 -66.91203838755976 0.0 0.0 
15.0 9.285714285714286 0.0 66 101.37103635762907 0.0 0.0 
17.142857142857142 -9.285714285714286 0.0 -34 58.78913790695594 0.0 0.0 
17.142857142857142 -8.571428571428571 0.0 -36 34.933717106635264 0.0 0.0 
17.142857142857142 -7.857142857142858 0.0 -38 80.85524190467673 0.0 0.0 
17.142857142857142 -7.142857142857143 0.0 -38 60.9596765640674 0.0 0.0 
17.142857142857142 -6.428571428571429 0.0 -41 89.56737732845995 0.0 0.0 
17.142857142857142 -5.714285714285714 0.0 -43 72.62395805081876 0.0 0.0 
17.142857142857142 -5.0 0.0 -46 89.83415605219159 0.0 0.0 
17.142857142857142 -4.285714285714286 0.0 -48 74.08120883599992 0.0 0.0 
17.142857142857142 -3.5714285714285716 0.0 -52 81.77618239668591 0.0 0.0 
17.142857142857142 -2.857142857142857 0.0 -55 64.48426705858076 0.0 0.0 
17.142857142857142 -2.142857142857143 0.0 -58 60.665056327992716 0.0 0.0 
17.142857142857142 -1.4285714285714286 0.0 -62 36.662604150752514 0.0 0.0 
17.142857142857142 -0.7142857142857143 0.0 -63 19.768895801769688 0.0 0.0 
17.142857142857142 -0.0 0.0 -63 -15.079439138832484 0.0 0.0 
17.142857142857142 0.0 0.0 -63 -70.40021087201741 0.0 0.0 
17.142857142857142 0.7142857142857143 0.0 -41 -118.02651890636626 0.0 0.0 
17.142857142857142 1.4285714285714286 0.0 36 -39.1603590424881 0.0 0.0 
17.142857142857142 2.142857142857143 0.0 86 19.83775735142048 0.0 0.0 
17.142857142857142 2.857142857142857 0.0 77 40.452364499629724 0.0 0.0 
17.142857142857142 3.5714285714285716 0.0 36 22.16840607403296 0.0 0.0 
17.142857142857142 4.285714285714286 0.0 10 -2.428884468281483 0.0 0.0 
17.142857142857142 5.0 0.0 8 5.7787753958894434 0.0 0.0 
17.142857142857142 5.714285714285714 0.0 1 -3.928902240042927 0.0 0.0 
17.142857142857142 6.428571428571429 0.0 4 -0.8559099893336031 0.0 0.0 
17.142857142857142 7.142857142857143 0.0 6 3.9384941317905557 0.0 0.0 
17.142857142857142 7.857142857142858 0.0 16 31.562386214706983 0.0 0.0 
17.142857142857142 8.571428571428571 0.0 0 8.347361126561855 0.0 0.0 
17.142857142857142 9.285714285714286 0.0 11 40.330243670551155 0.0 0.0 
19.285714285714285 -9.285714285714286 0.0 -58 57.4037440829114 0.0 0.0 
19.285714285714285 -8.571428571428571 0.0 -51 7.020739576231975 0.0 0.0 
19.285714285714285 -7.857142857142858 0.0 -51 68.56647358301585 0.0 0.0 
19.285714285714285 -7.142857142857143 0.0 -46 25.171862359032374 0.0 0.0 
19.285714285714285 -6.428571428571429 0.0 -46 60.81730090603138 0.0 0.0 
19.285714285714285 -5.714285714285714 0.0 -43 22.59760929894132 0.0 0.0 
19.285714285714285 -5.0 0.0 -43 41.453970485446405 0.0 0.0 
19.285714285714285 -4.285714285714286 0.0 -39 7.318001171863656 0.0 0.0 
19.285714285714285 -3.5714285714285716 0.0 -37 13.813572604269005 0.0 0.0 
19.285714285714285 -2.857142857142857 0.0 -30 -17.439503455696826 0.0 0.0 
19.285714285714285 -2.142857142857143 0.0 -22 -18.804323600615536 0.0 0.0 
19.285714285714285 -1.4285714285714286 0.0 -9 -44.33928431599141 0.0 0.0 
19.285714285714285 -0.7142857142857143 0.0 9 -40.63245750295991 0.0 0.0 
19.285714285714285 -0.0 0.0 36 -29.576174942601014 0.0 0.0 
19.285714285714285 0.0 0.0 62 12.081831823019627 0.0 0.0 
19.285714285714285 0.7142857142857143 0.0 68 26.111848491637033 0.0 0.0 
19.285714285714285 1.4285714285714286 0.0 57 44.21440472607881 0.0 0.0 
19.285714285714285 2.142857142857143 0.0 23 20.54791099242121 0.0 0.0 
19.285714285714285 2.857142857142857 0.0 3 8.181501340349694 0.0 0.0 
19.285714285714285 3.5714285714285716 0.0 0 5.765239423758289 0.0 0.0 
19.285714285714285 4.285714285714286 0.0 -1 7.1547198947360116 0.0 0.0 
19.285714285714285 5.0 0.0 2 10.723195381602533 0.0 0.0 
19.285714285714285 5.714285714285714 0.0 4 16.351075481494803 0.0 0.0 
19.285714285714285 6.428571428571429 0.0 4 17.520475574803005 0.0 0.0 
19.285714285714285 7.142857142857143 0.0 0 14.116087128563635 0.0 0.0 
19.285714285714285 7.857142857142858 0.0 0 14.84210415759207 0.0 0.0 
19.285714285714285 8.571428571428571 0.0 -6 5.427840340298102 0.0 0.0 
19.285714285714285 9.285714285714286 0.0 7 34.040226825120726 0.0 0.0 
21.428571428571427 -9.285714285714286 0.0 -59 22.629187863052366 0.0 0.0 
21.428571428571427 -8.571428571428571 0.0 -44 -28.02191949635877 0.0 0.0 
21.428571428571427 -7.857142857142858 0.0 -39 24.24484309728109 0.0 0.0 
21.428571428571427 -7.142857142857143 0.0 -27 -21.46204874430598 0.0 0.0 
21.428571428571427 -6.428571428571429 0.0 -23 10.63587913076632 0.0 0.0 
21.428571428571427 -5.714285714285714 0.0 -12 -26.603111297015552 0.0 0.0 
21.428571428571427 -5.0 0.0 -7 -5.6839023482084245 0.0 0.0 
21.428571428571427 -4.285714285714286 0.0 4 -32.272430845208895 0.0 0.0 
21.428571428571427 -3.5714285714285716 0.0 14 -14.53791302787863 0.0 0.0 
21.428571428571427 -2.857142857142857 0.0 26 -27.152726681744213 0.0 0.0 
21.428571428571427 -2.142857142857143 0.0 36 -3.278668734767095 0.0 0.0 
21.428571428571427 -1.4285714285714286 0.0 45 -1.1427118412370163 0.0 0.0 
21.428571428571427 -0.7142857142857143 0.0 45 19.48491050421454 0.0 0.0 
21.428571428571427 -0.0 0.0 37 15.677477060543914 0.0 0.0 
21.428571428571427 0.0 0.0 22 22.084942059319488 0.0 0.0 
21.428571428571427 0.7142857142857143 0.0 6 8.002210077504994 0.0 0.0 
21.428571428571427 1.4285714285714286 0.0 -3 9.527691655456387 0.0 0.0 
21.428571428571427 2.142857142857143 0.0 -5 3.0510719309625847 0.0 0.0 
21.428571428571427 2.857142857142857 0.0 -3 7.693068606884977 0.0 0.0 
21.428571428571427 3.5714285714285716 0.0 0 7.477727695610543 0.0 0.0 
21.428571428571427 4.285714285714286 0.0 0 10.585577831617318 0.0 0.0 
21.428571428571427 5.0 0.0 0 8.20270245302963 0.0 0.0 
21.428571428571427 5.714285714285714 0.0 -1 8.989154543606418 0.0 0.0 
21.428571428571427 6.428571428571429 0.0 -1 7.1645746656584155 0.0 0.0 
21.428571428571427 7.142857142857143 0.0 -1 7.137060240819193 0.0 0.0 
21.428571428571427 7.857142857142858 0.0 0 7.73259970265858 0.0 0.0 
21.428571428571427 8.571428571428571 0.0 -2 2.1876312607202775 0.0 0.0 
21.428571428571427 9.285714285714286 0.0 7 21.384225896694545 0.0 0.0 
23.57142857142857 -9.285714285714286 0.0 -35 -11.755896762537986 0.0 0.0 
23.57142857142857 -8.571428571428571 0.0 -13 -34.25769030469425 0.0 0.0 
23.57142857142857 -7.857142857142858 0.0 -7 -7.205965568907348 0.0 0.0 
23.57142857142857 -7.142857142857143 0.0 6 -27.67456809484917 0.0 0.0 
23.57142857142857 -6.428571428571429 0.0 11 -7.772540161479885 0.0 0.0 
23.57142857142857 -5.714285714285714 0.0 22 -21.2432205627108 0.0 0.0 
23.57142857142857 -5.0 0.0 25 -3.1691825150156063 0.0 0.0 
23.57142857142857 -4.285714285714286 0.0 32 -9.431344790122395 0.0 0.0 
23.57142857142857 -3.5714285714285716 0.0 31 7.777025816503162 0.0 0.0 
23.57142857142857 -2.857142857142857 0.0 30 4.024637292622678 0.0 0.0 
23.57142857142857 -2.142857142857143 0.0 23 14.260929195369567 0.0 0.0 
23.57142857142857 -1.4285714285714286 0.0 15 7.625530913066104 0.0 0.0 
23.57142857142857 -0.7142857142857143 0.0 5 11.313009236601587 0.0 0.0 
23.57142857142857 -0.0 0.0 -1 2.95687915477206 0.0 0.0 
23.57142857142857 0.0 0.0 -6 4.613470725229433 0.0 0.0 
23.57142857142857 0.7142857142857143 0.0 -6 -1.4526361292095338 0.0 0.0 
23.57142857142857 1.4285714285714286 0.0 -4 2.6141562117345156 0.0 0.0 
23.57142857142857 2.142857142857143 0.0 -1 1.245704110976499 0.0 0.0 
23.57142857142857 2.857142857142857 0.0 0 3.9728256599223686 0.0 0.0 
23.57142857142857 3.5714285714285716 0.0 0 2.11526132645779 0.0 0.0 
23.57142857142857 4.285714285714286 0.0 0 3.563820720189919 0.0 0.0 
23.57142857142857 5.0 0.0 0 1.7504331312132098 0.0 0.0 
23.57142857142857 5.714285714285714 0.0 0 2.6163914979210565 0.0 0.0 
23.57142857142857 6.428571428571429 0.0 0 1.597282605661515 0.0 0.0 
23.57142857142857 7.142857142857143 0.0 0 2.15183166785889 0.0 0.0 
23.57142857142857 7.857142857142858 0.0 1 2.906884329855035 0.0 0.0 
23.57142857142857 8.571428571428571 0.0 0 -1.1668170132398321 0.0 0.0 
23.57142857142857 9.285714285714286 0.0 4 8.425126150884616 0.0 0.0 
25.714285714285715 -9.285714285714286 0.0 -2 -17.0028881552441 0.0 0.0 
25.714285714285715 -8.571428571428571 0.0 13 -8.903937548079188 0.0 0.0 
25.714285714285715 -7.857142857142858 0.0 16 -5.015945551064764 0.0 0.0 
25.714285714285715 -7.142857142857143 0.0 23 -1.3235945721872042 0.0 0.0 
25.714285714285715 -6.428571428571429 0.0 22 2.8847381389727325 0.0 0.0 
25.714285714285715 -5.714285714285714 0.0 23 5.035338504842493 0.0 0.0 
25.714285714285715 -5.0 0.0 18 8.183779064624531 0.0 0.0 
25.714285714285715 -4.285714285714286 0.0 15 7.741427386062304 0.0 0.0 
25.714285714285715 -3.5714285714285716 0.0 8 7.647423069655403 0.0 0.0 
25.714285714285715 -2.857142857142857 0.0 3 4.70793787009448 0.0 0.0 
25.714285714285715 -2.142857142857143 0.0 -2 3.3696390590411514 0.0 0.0 
25.714285714285715 -1.4285714285714286 0.0 -5 -0.09730324479212182 0.0 0.0 
25.714285714285715 -0.7142857142857143 0.0 -6 -0.7214109861925788 0.0 0.0 
25.714285714285715 -0.0 0.0 -5 -1.8399836156083067 0.0 0.0 
25.714285714285715 0.0 0.0 -3 -0.04677228684730661 0.0 0.0 
25.714285714285715 0.7142857142857143 0.0 -1 0.1379376640870984 0.0 0.0 
25.714285714285715 1.4285714285714286 0.0 0 1.2265581850025156 0.0 0.0 
25.714285714285715 2.142857142857143 0.0 0 0.8044581277313649 0.0 0.0 
25.714285714285715 2.857142857142857 0.0 0 1.0715816824553777 0.0 0.0 
25.714285714285715 3.5714285714285716 0.0 0 0.41286515100909893 0.0 0.0 
25.714285714285715 4.285714285714286 0.0 0 0.6929160658314778 0.0 0.0 
25.714285714285715 5.0 0.0 0 0.4007438421651399 0.0 0.0 
25.714285714285715 5.714285714285714 0.0 0 0.7868913346058025 0.0 0.0 
25.714285714285715 6.428571428571429 0.0 0 0.6765924235162136 0.0 0.0 
25.714285714285715 7.142857142857143 0.0 0 0.5846858704621662 0.0 0.0 
25.714285714285715 7.857142857142858 0.0 1 1.5230513768320888 0.0 0.0 
25.714285714285715 8.571428571428571 0.0 0 -0.6995783396162278 0.0 0.0 
25.714285714285715 9.285714285714286 0.0 1 2.721848735471486 0.0 0.0 
27.857142857142858 -9.285714285714286 0.0 14 1.1776085508635497 0.0 0.0 
27.857142857142858 -8.571428571428571 0.0 17 14.584958715090988 0.0 0.0 
27.857142857142858 -7.857142857142858 0.0 17 10.427922030141504 0.0 0.0 
27.857142857142858 -7.142857142857143 0.0 15 14.898748820219295 0.0 0.0 
27.857142857142858 -6.428571428571429 0.0 12 9.803507455325025 0.0 0.0 
27.857142857142858 -5.714285714285714 0.0 8 10.15739175124871 0.0 0.0 
27.857142857142858 -5.0 0.0 3 5.32996036090862 0.0 0.0 
27.857142857142858 -4.285714285714286 0.0 0 4.018577702425918 0.0 0.0 
27.857142857142858 -3.5714285714285716 0.0 -2 0.39242633836235274 0.0 0.0 
27.857142857142858 -2.857142857142857 0.0 -3 -0.234503484471829 0.0 0.0 
27.857142857142858 -2.142857142857143 0.0 -4 -1.5568999114456492 0.0 0.0 
27.857142857142858 -1.4285714285714286 0.0 -2 -0.7651729613042155 0.0 0.0 
27.857142857142858 -0.7142857142857143 0.0 -1 -0.573447792641496 0.0 0.0 
27.857142857142858 -0.0 0.0 0 0.32387783506005285 0.0 0.0 
27.857142857142858 0.0 0.0 0 0.4152485998221368 0.0 0.0 
27.857142857142858 0.7142857142857143 0.0 0 0.7009278275372877 0.0 0.0 
27.857142857142858 1.4285714285714286 0.0 0 0.40600413909555716 0.0 0.0 
27.857142857142858 2.142857142857143 0.0 0 0.46199080081310784 0.0 0.0 
27.857142857142858 2.857142857142857 0.0 0 0.3461796322743287 0.0 0.0 
27.857142857142858 3.5714285714285716 0.0 0 0.4859353403837798 0.0 0.0 
27.857142857142858 4.285714285714286 0.0 0 0.4743199935178532 0.0 0.0 
27.857142857142858 5.0 0.0 0 0.5545326493736108 0.0 0.0 
27.857142857142858 5.714285714285714 0.0 0 0.4729935019681074 0.0 0.0 
27.857142857142858 6.428571428571429 0.0 0 0.5451287138401578 0.0 0.0 
27.857142857142858 7.142857142857143 0.0 0 0.18242374406790668 0.0 0.0 
27.857142857142858 7.857142857142858 0.0 0 0.7578803343194705 0.0 0.0 
27.857142857142858 8.571428571428571 0.0 0 -0.2022968807052784 0.0 0.0 
27.857142857142858 9.285714285714286 0.0 0 0.9367814020577144 0.0 0.0 
