-27.857142857142858 -9.285714285714286 0.0 0 -0.028041258707358914 0.0 0.0 
-27.857142857142858 -8.571428571428571 0.0 0 -0.020335875635965853 0.0 0.0 
-27.857142857142858 -7.857142857142858 0.0 0 -0.031703105207847575 0.0 0.0 
-27.857142857142858 -7.142857142857143 0.0 0 -0.026039201046231402 0.0 0.0 
-27.857142857142858 -6.428571428571429 0.0 0 -0.033015396326423044 0.0 0.0 
-27.857142857142858 -5.714285714285714 0.0 0 -0.029308704880801468 0.0 0.0 
-27.857142857142858 -5.0 0.0 0 -0.033635822957418945 0.0 0.0 
-27.857142857142858 -4.285714285714286 0.0 0 -0.031106399750857584 0.0 0.0 
-27.857142857142858 -3.5714285714285716 0.0 0 -0.03361611034984613 0.0 0.0 
-27.857142857142858 -2.857142857142857 0.0 0 -0.0316671927407631 0.0 0.0 
-27.857142857142858 -2.142857142857143 0.0 0 -0.03284617846338018 0.0 0.0 
-27.857142857142858 -1.4285714285714286 0.0 0 -0.03109940344003282 0.0 0.0 
-27.857142857142858 -0.7142857142857143 0.0 0 -0.03129360357035343 0.0 0.0 
-27.857142857142858 -0.0 0.0 0 -0.029577597311215613 0.0 0.0 
-27.857142857142858 0.0 0.0 0 -0.029093325947254195 0.0 0.0 
-27.857142857142858 0.7142857142857143 0.0 0 -0.027386455976106124 0.0 0.0 
-27.857142857142858 1.4285714285714286 0.0 0 -0.02648294420434624 0.0 0.0 
-27.857142857142858 2.142857142857143 0.0 0 -0.02479448590990122 0.0 0.0 
-27.857142857142858 2.857142857142857 0.0 0 -0.023606353930210412 0.0 0.0 
-27.857142857142858 3.5714285714285716 0.0 0 -0.021861955030378723 0.0 0.0 
-27.857142857142858 4.285714285714286 0.0 0 -0.02036163196494705 0.0 0.0 
-27.857142857142858 5.0 0.0 0 -0.018388237763158375 0.0 0.0 
-27.857142857142858 5.714285714285714 0.0 0 -0.01642851723841706 0.0 0.0 
-27.857142857142858 6.428571428571429 0.0 0 -0.014105144954613156 0.0 0.0 
-27.857142857142858 7.142857142857143 0.0 0 -0.012454890176218834 0.0 0.0 
-27.857142857142858 7.857142857142858 0.0 0 -0.008892631814713614 0.0 0.0 
-27.857142857142858 8.571428571428571 0.0 0 -0.005475769357175075 0.0 0.0 
-27.857142857142858 9.285714285714286 0.0 0 -0.020437945772173574 0.0 0.0 
-25.714285714285715 -9.285714285714286 0.0 0 -0.029808405539174763 0.0 0.0 
-25.714285714285715 -8.571428571428571 0.0 0 -0.012620238660202794 0.0 0.0 
-25.714285714285715 -7.857142857142858 0.0 0 -0.03152586608209598 0.0 0.0 
-25.714285714285715 -7.142857142857143 0.0 0 -0.018905066500991073 0.0 0.0 
-25.714285714285715 -6.428571428571429 0.0 0 -0.032615243991019796 0.0 0.0 
-25.714285714285715 -5.714285714285714 0.0 0 -0.023698874253300146 0.0 0.0 
-25.714285714285715 -5.0 0.0 0 -0.0338146880703916 0.0 0.0 
-25.714285714285715 -4.285714285714286 0.0 0 -0.027573427355778436 0.0 0.0 
-25.714285714285715 -3.5714285714285716 0.0 0 -0.034976878753231355 0.0 0.0 
-25.714285714285715 -2.857142857142857 0.0 0 -0.030513272119188355 0.0 0.0 
-25.714285714285715 -2.142857142857143 0.0 0 -0.03576766609768065 0.0 0.0 
-25.714285714285715 -1.4285714285714286 0.0 0 -0.03239393967668628 0.0 0.0 
-25.714285714285715 -0.7142857142857143 0.0 0 -0.03591669421226576 0.0 0.0 
-25.714285714285715 -0.0 0.0 0 -0.03318262687526814 0.0 0.0 
-25.714285714285715 0.0 0.0 0 -0.03535487518972608 0.0 0.0 
-25.714285714285715 0.7142857142857143 0.0 0 -0.03302334204604663 0.0 0.0 
-25.714285714285715 1.4285714285714286 0.0 0 -0.034197068884138974 0.0 0.0 
-25.714285714285715 2.142857142857143 0.0 0 -0.03213820296379854 0.0 0.0 
-25.714285714285715 2.857142857142857 0.0 0 -0.03256668341328601 0.0 0.0 
-25.714285714285715 3.5714285714285716 0.0 0 -0.030660786930294108 0.0 0.0 
-25.714285714285715 4.285714285714286 0.0 0 -0.030528224035827726 0.0 0.0 
-25.714285714285715 5.0 0.0 0 -0.028728533113975958 0.0 0.0 
-25.714285714285715 5.714285714285714 0.0 0 -0.027861546698261016 0.0 0.0 
-25.714285714285715 6.428571428571429 0.0 0 -0.02481863039466581 0.0 0.0 
-25.714285714285715 7.142857142857143 0.0 0 -0.025717548440571645 0.0 0.0 
-25.714285714285715 7.857142857142858 0.0 0 -0.02422156239726489 0.0 0.0 
-25.714285714285715 8.571428571428571 0.0 0 -0.02469965023144475 0.0 0.0 
-25.714285714285715 9.285714285714286 0.0 0 -0.04418988464476127 0.0 0.0 
-23.57142857142857 -9.285714285714286 0.0 0 -0.02583738560553757 0.0 0.0 
-23.57142857142857 -8.571428571428571 0.0 0 -0.00995428374940166 0.0 0.0 
-23.57142857142857 -7.857142857142858 0.0 0 -0.02606763817864119 0.0 0.0 
-23.57142857142857 -7.142857142857143 0.0 0 -0.014902926685971459 0.0 0.0 
-23.57142857142857 -6.428571428571429 0.0 0 -0.026150517041486507 0.0 0.0 
-23.57142857142857 -5.714285714285714 0.0 0 -0.01863232125473547 0.0 0.0 
-23.57142857142857 -5.0 0.0 0 -0.02662943221939041 0.0 0.0 
-23.57142857142857 -4.285714285714286 0.0 0 -0.02162464632980132 0.0 0.0 
-23.57142857142857 -3.5714285714285716 0.0 0 -0.027272456773814208 0.0 0.0 
-23.57142857142857 -2.857142857142857 0.0 0 -0.023829045706611884 0.0 0.0 
-23.57142857142857 -2.142857142857143 0.0 0 -0.027648109943407537 0.0 0.0 
-23.57142857142857 -1.4285714285714286 0.0 0 -0.025063334362076334 0.0 0.0 
-23.57142857142857 -0.7142857142857143 0.0 0 -0.027427091555458492 0.0 0.0 
-23.57142857142857 -0.0 0.0 0 -0.02530073175061749 0.0 0.0 
-23.57142857142857 0.0 0.0 0 -0.026608975559535397 0.0 0.0 
-23.57142857142857 0.7142857142857143 0.0 0 -0.024842876086468978 0.0 0.0 
-23.57142857142857 1.4285714285714286 0.0 0 -0.025543734382416423 0.0 0.0 
-23.57142857142857 2.142857142857143 0.0 0 -0.024191586542688166 0.0 0.0 
-23.57142857142857 2.857142857142857 0.0 0 -0.024616507520033887 0.0 0.0 
-23.57142857142857 3.5714285714285716 0.0 0 -0.023606485151845186 0.0 0.0 
-23.57142857142857 4.285714285714286 0.0 0 -0.02383023257073964 0.0 0.0 
-23.57142857142857 5.0 0.0 0 -0.023371538115054772 0.0 0.0 
-23.57142857142857 5.714285714285714 0.0 0 -0.024436638737132824 0.0 0.0 
-23.57142857142857 6.428571428571429 0.0 0 -0.022999421170537535 0.0 0.0 
-23.57142857142857 7.142857142857143 0.0 0 -0.023188640110541486 0.0 0.0 
-23.57142857142857 7.857142857142858 0.0 0 -0.01659581389650838 0.0 0.0 
-23.57142857142857 8.571428571428571 0.0 0 -0.019029401884691894 0.0 0.0 
-23.57142857142857 9.285714285714286 0.0 0 -0.0406079196537554 0.0 0.0 
-21.428571428571427 -9.285714285714286 0.0 0 -0.03162268923052405 0.0 0.0 
-21.428571428571427 -8.571428571428571 0.0 0 -0.014493616245133173 0.0 0.0 
-21.428571428571427 -7.857142857142858 0.0 0 -0.03345353205375768 0.0 0.0 
-21.428571428571427 -7.142857142857143 0.0 0 -0.021546433750560274 0.0 0.0 
-21.428571428571427 -6.428571428571429 0.0 0 -0.03488574806993432 0.0 0.0 
-21.428571428571427 -5.714285714285714 0.0 0 -0.02707122875554426 0.0 0.0 
-21.428571428571427 -5.0 0.0 0 -0.03668065410779586 0.0 0.0 
-21.428571428571427 -4.285714285714286 0.0 0 -0.031728632318239636 0.0 0.0 
-21.428571428571427 -3.5714285714285716 0.0 0 -0.03866528660865795 0.0 0.0 
-21.428571428571427 -2.857142857142857 0.0 0 -0.035502717450172534 0.0 0.0 
-21.428571428571427 -2.142857142857143 0.0 0 -0.04036877301527709 0.0 0.0 
-21.428571428571427 -1.4285714285714286 0.0 0 -0.038192782019785786 0.0 0.0 
-21.428571428571427 -0.7142857142857143 0.0 0 -0.04142458570618007 0.0 0.0 
-21.428571428571427 -0.0 0.0 0 -0.039794917662351006 0.0 0.0 
-21.428571428571427 0.0 0.0 0 -0.04188557523615521 0.0 0.0 
-21.428571428571427 0.7142857142857143 0.0 0 -0.040728593949152035 0.0 0.0 
-21.428571428571427 1.4285714285714286 0.0 0 -0.04221768189598411 0.0 0.0 
-21.428571428571427 2.142857142857143 0.0 0 -0.04158864307895879 0.0 0.0 
-21.428571428571427 2.857142857142857 0.0 0 -0.042813871444658494 0.0 0.0 
-21.428571428571427 3.5714285714285716 0.0 0 -0.04248943146298273 0.0 0.0 
-21.428571428571427 4.285714285714286 0.0 0 -0.04291780655848345 0.0 0.0 
-21.428571428571427 5.0 0.0 0 -0.04143023196205389 0.0 0.0 
-21.428571428571427 5.714285714285714 0.0 0 -0.04069466025555633 0.0 0.0 
-21.428571428571427 6.428571428571429 0.0 0 -0.03784196995696162 0.0 0.0 
-21.428571428571427 7.142857142857143 0.0 0 -0.03868934250100605 0.0 0.0 
-21.428571428571427 7.857142857142858 0.0 0 -0.031739672044167735 0.0 0.0 
-21.428571428571427 8.571428571428571 0.0 0 -0.03428612929558885 0.0 0.0 
-21.428571428571427 9.285714285714286 0.0 0 -0.06029161868826113 0.0 0.0 
-19.285714285714285 -9.285714285714286 0.0 0 -0.035771068392889946 0.0 0.0 
-19.285714285714285 -8.571428571428571 0.0 0 -0.016291319569008804 0.0 0.0 
-19.285714285714285 -7.857142857142858 0.0 0 -0.03893917467658712 0.0 0.0 
-19.285714285714285 -7.142857142857143 0.0 0 -0.025564542466895816 0.0 0.0 
-19.285714285714285 -6.428571428571429 0.0 0 -0.041537052394539115 0.0 0.0 
-19.285714285714285 -5.714285714285714 0.0 0 -0.03293880302864882 0.0 0.0 
-19.285714285714285 -5.0 0.0 0 -0.044602238888580704 0.0 0.0 
-19.285714285714285 -4.285714285714286 0.0 0 -0.03943086096238502 0.0 0.0 
-19.285714285714285 -3.5714285714285716 0.0 0 -0.04806643355307195 0.0 0.0 
-19.285714285714285 -2.857142857142857 0.0 0 -0.04503629153557638 0.0 0.0 
-19.285714285714285 -2.142857142857143 0.0 0 -0.051280135928844874 0.0 0.0 
-19.285714285714285 -1.4285714285714286 0.0 0 -0.04933707824059223 0.0 0.0 
-19.285714285714285 -0.7142857142857143 0.0 0 -0.053550646812222415 0.0 0.0 
-19.285714285714285 -0.0 0.0 0 -0.0520160870029044 0.0 0.0 
-19.285714285714285 0.0 0.0 0 -0.054612366014778035 0.0 0.0 
-19.285714285714285 0.7142857142857143 0.0 0 -0.05325864919284774 0.0 0.0 
-19.285714285714285 1.4285714285714286 0.0 0 -0.05472525996984715 0.0 0.0 
-19.285714285714285 2.142857142857143 0.0 0 -0.05345113094621107 0.0 0.0 
-19.285714285714285 2.857142857142857 0.0 0 -0.05400731976138338 0.0 0.0 
-19.285714285714285 3.5714285714285716 0.0 0 -0.05266475640422066 0.0 0.0 
-19.285714285714285 4.285714285714286 0.0 0 -0.05263058581925452 0.0 0.0 
-19.285714285714285 5.0 0.0 0 -0.0509712269912576 0.0 0.0 
-19.285714285714285 5.714285714285714 0.0 0 -0.05032273624548711 0.0 0.0 
-19.285714285714285 6.428571428571429 0.0 0 -0.04692110143130136 0.0 0.0 
-19.285714285714285 7.142857142857143 0.0 0 -0.047251659083788436 0.0 0.0 
-19.285714285714285 7.857142857142858 0.0 0 -0.040858031188712646 0.0 0.0 
-19.285714285714285 8.571428571428571 0.0 0 -0.040644378712847845 0.0 0.0 
-19.285714285714285 9.285714285714286 0.0 0 -0.081260773251102 0.0 0.0 
-17.142857142857142 -9.285714285714286 0.0 0 -0.04239306712104128 0.0 0.0 
-17.142857142857142 -8.571428571428571 0.0 0 -0.019740959774525155 0.0 0.0 
-17.142857142857142 -7.857142857142858 0.0 0 -0.047685768006062126 0.0 0.0 
-17.142857142857142 -7.142857142857143 0.0 0 -0.03195074591333654 0.0 0.0 
-17.142857142857142 -6.428571428571429 0.0 0 -0.051658108053407925 0.0 0.0 
-17.142857142857142 -5.714285714285714 0.0 0 -0.04150216808280088 0.0 0.0 
-17.142857142857142 -5.0 0.0 0 -0.05594817236708201 0.0 0.0 
-17.142857142857142 -4.285714285714286 0.0 0 -0.04985077810851544 0.0 0.0 
-17.142857142857142 -3.5714285714285716 0.0 0 -0.060559773273567576 0.0 0.0 
-17.142857142857142 -2.857142857142857 0.0 0 -0.056920019215982665 0.0 0.0 
-17.142857142857142 -2.142857142857143 0.0 0 -0.06454151199386753 0.0 0.0 
-17.142857142857142 -1.4285714285714286 0.0 0 -0.06195665671236817 0.0 0.0 
-17.142857142857142 -0.7142857142857143 0.0 0 -0.06678880222804535 0.0 0.0 
-17.142857142857142 -0.0 0.0 0 -0.06435392436234841 0.0 0.0 
-17.142857142857142 0.0 0.0 0 -0.06692047621688216 0.0 0.0 
-17.142857142857142 0.7142857142857143 0.0 0 -0.06456929203805621 0.0 0.0 
-17.142857142857142 1.4285714285714286 0.0 0 -0.06587867668197471 0.0 0.0 
-17.142857142857142 2.142857142857143 0.0 0 -0.06409728475513049 0.0 0.0 
-17.142857142857142 2.857142857142857 0.0 0 -0.06497684497946575 0.0 0.0 
-17.142857142857142 3.5714285714285716 0.0 0 -0.06364829654865706 0.0 0.0 
-17.142857142857142 4.285714285714286 0.0 0 -0.06394696870858155 0.0 0.0 
-17.142857142857142 5.0 0.0 0 -0.062216594031910086 0.0 0.0 
-17.142857142857142 5.714285714285714 0.0 0 -0.061773968036234396 0.0 0.0 
-17.142857142857142 6.428571428571429 0.0 0 -0.05837836141375375 0.0 0.0 
-17.142857142857142 7.142857142857143 0.0 0 -0.05778909756623899 0.0 0.0 
-17.142857142857142 7.857142857142858 0.0 0 -0.05147706588038357 0.0 0.0 
-17.142857142857142 8.571428571428571 0.0 0 -0.04538751620291897 0.0 0.0 
-17.142857142857142 9.285714285714286 0.0 0 -0.0984177577571252 0.0 0.0 
-15.0 -9.285714285714286 0.0 0 -0.050576201004820395 0.0 0.0 
-15.0 -8.571428571428571 0.0 0 -0.022803018579243103 0.0 0.0 
-15.0 -7.857142857142858 0.0 0 -0.05748298002108914 0.0 0.0 
-15.0 -7.142857142857143 0.0 0 -0.03782160604125048 0.0 0.0 
-15.0 -6.428571428571429 0.0 0 -0.062149769263621056 0.0 0.0 
-15.0 -5.714285714285714 0.0 0 -0.049149647889080245 0.0 0.0 
-15.0 -5.0 0.0 0 -0.06690551151991665 0.0 0.0 
-15.0 -4.285714285714286 0.0 0 -0.05886709617415501 0.0 0.0 
-15.0 -3.5714285714285716 0.0 0 -0.07199956869167565 0.0 0.0 
-15.0 -2.857142857142857 0.0 0 -0.06704745463128667 0.0 0.0 
-15.0 -2.142857142857143 0.0 0 -0.07640805422091344 0.0 0.0 
-15.0 -1.4285714285714286 0.0 0 -0.07286015166439386 0.0 0.0 
-15.0 1.4285714285714286 0.0 0 -0.07370572719452048 0.0 0.0 
-15.0 2.142857142857143 0.0 0 -0.0707758263523871 0.0 0.0 
-15.0 2.857142857142857 0.0 0 -0.07343674794092064 0.0 0.0 
-15.0 3.5714285714285716 0.0 0 -0.07131336536094271 0.0 0.0 
-15.0 4.285714285714286 0.0 0 -0.07276403212111757 0.0 0.0 
-15.0 5.0 0.0 0 -0.07010363366886802 0.0 0.0 
-15.0 5.714285714285714 0.0 0 -0.06971224132588572 0.0 0.0 
-15.0 6.428571428571429 0.0 0 -0.06514953142959476 0.0 0.0 
-15.0 7.142857142857143 0.0 0 -0.06360120168895642 0.0 0.0 
-15.0 7.857142857142858 0.0 0 -0.057847096782336085 0.0 0.0 
-15.0 8.571428571428571 0.0 0 -0.04730077646727019 0.0 0.0 
-15.0 9.285714285714286 0.0 0 -0.10967942129033033 0.0 0.0 
-12.857142857142858 -9.285714285714286 0.0 0 -0.05796195935442195 0.0 0.0 
-12.857142857142858 -8.571428571428571 0.0 0 -0.023740997835531477 0.0 0.0 
-12.857142857142858 -7.857142857142858 0.0 0 -0.0655137186618173 0.0 0.0 
-12.857142857142858 -7.142857142857143 0.0 0 -0.04087971384230149 0.0 0.0 
-12.857142857142858 -6.428571428571429 0.0 0 -0.07009123020783299 0.0 0.0 
-12.857142857142858 -5.714285714285714 0.0 0 -0.05348454291074043 0.0 0.0 
-12.857142857142858 -5.0 0.0 0 -0.07481572104218168 0.0 0.0 
-12.857142857142858 -4.285714285714286 0.0 0 -0.06435968505741067 0.0 0.0 
-12.857142857142858 -3.5714285714285716 0.0 0 -0.08023963689614785 0.0 0.0 
-12.857142857142858 -2.857142857142857 0.0 0 -0.07385686821438922 0.0 0.0 
-12.857142857142858 -2.142857142857143 0.0 0 -0.08610957469578243 0.0 0.0 
-12.857142857142858 2.142857142857143 0.0 0 -0.08218144687652805 0.0 0.0 
-12.857142857142858 2.857142857142857 0.0 0 -0.08201169554578708 0.0 0.0 
-12.857142857142858 3.5714285714285716 0.0 0 -0.08247641954622414 0.0 0.0 
-12.857142857142858 4.285714285714286 0.0 0 -0.08176162476235731 0.0 0.0 
-12.857142857142858 5.0 0.0 0 -0.08064757317929377 0.0 0.0 
-12.857142857142858 5.714285714285714 0.0 0 -0.07828587657335559 0.0 0.0 
-12.857142857142858 6.428571428571429 0.0 0 -0.07457012356512929 0.0 0.0 
-12.857142857142858 7.142857142857143 0.0 0 -0.07076518422613604 0.0 0.0 
-12.857142857142858 7.857142857142858 0.0 0 -0.06657730852343301 0.0 0.0 
-12.857142857142858 8.571428571428571 0.0 0 -0.051800037307692004 0.0 0.0 
-12.857142857142858 9.285714285714286 0.0 0 -0.121048138357324 0.0 0.0 
-10.714285714285714 -9.285714285714286 0.0 0 -0.06297610258843306 0.0 0.0 
-10.714285714285714 -8.571428571428571 0.0 0 -0.023294698842017344 0.0 0.0 
-10.714285714285714 -7.857142857142858 0.0 0 -0.0710763436582565 0.0 0.0 
-10.714285714285714 -7.142857142857143 0.0 0 -0.042382927208785254 0.0 0.0 
-10.714285714285714 -6.428571428571429 0.0 0 -0.07606487164716018 0.0 0.0 
-10.714285714285714 -5.714285714285714 0.0 0 -0.056921562560058016 0.0 0.0 
-10.714285714285714 -5.0 0.0 0 -0.08204501466236022 0.0 0.0 
-10.714285714285714 -4.285714285714286 0.0 0 -0.07057656041120354 0.0 0.0 
-10.714285714285714 -3.5714285714285716 0.0 0 -0.09022442805435099 0.0 0.0 
-10.714285714285714 -2.857142857142857 0.0 0 -0.08461279503438693 0.0 0.0 
-10.714285714285714 -2.142857142857143 0.0 0 -0.10320857468691995 0.0 0.0 
-10.714285714285714 2.142857142857143 0.0 0 -0.09427315200305461 0.0 0.0 
-10.714285714285714 2.857142857142857 0.0 0 -0.09480177497598385 0.0 0.0 
-10.714285714285714 3.5714285714285716 0.0 0 -0.09490029087204388 0.0 0.0 
-10.714285714285714 4.285714285714286 0.0 0 -0.09453148100837559 0.0 0.0 
-10.714285714285714 5.0 0.0 0 -0.09279971065574855 0.0 0.0 
-10.714285714285714 5.714285714285714 0.0 0 -0.08992458253494649 0.0 0.0 
-10.714285714285714 6.428571428571429 0.0 0 -0.08519617919985645 0.0 0.0 
-10.714285714285714 7.142857142857143 0.0 0 -0.07996362476639488 0.0 0.0 
-10.714285714285714 7.857142857142858 0.0 0 -0.07546418008768263 0.0 0.0 
-10.714285714285714 8.571428571428571 0.0 0 -0.05813236820254833 0.0 0.0 
-10.714285714285714 9.285714285714286 0.0 0 -0.13476984252622637 0.0 0.0 
-8.571428571428571 -9.285714285714286 0.0 0 -0.06799159555847294 0.0 0.0 
-8.571428571428571 -8.571428571428571 0.0 0 -0.024450915955713578 0.0 0.0 
-8.571428571428571 -7.857142857142858 0.0 0 -0.07732606495725851 0.0 0.0 
-8.571428571428571 -7.142857142857143 0.0 0 -0.045955782058434924 0.0 0.0 
-8.571428571428571 -6.428571428571429 0.0 0 -0.08370059834468639 0.0 0.0 
-8.571428571428571 -5.714285714285714 0.0 0 -0.06325157271763711 0.0 0.0 
-8.571428571428571 -5.0 0.0 0 -0.09192486836082418 0.0 0.0 
-8.571428571428571 -4.285714285714286 0.0 0 -0.0801188156365638 0.0 0.0 
-8.571428571428571 -3.5714285714285716 0.0 0 -0.10252531958212938 0.0 0.0 
-8.571428571428571 -2.857142857142857 0.0 0 -0.09605998410102955 0.0 0.0 
-8.571428571428571 -2.142857142857143 0.0 0 -0.11804628967881917 0.0 0.0 
-8.571428571428571 2.142857142857143 0.0 0 -0.10825816597771387 0.0 0.0 
-8.571428571428571 2.857142857142857 0.0 0 -0.10876642273296705 0.0 0.0 
-8.571428571428571 3.5714285714285716 0.0 0 -0.10903670144284024 0.0 0.0 
-8.571428571428571 4.285714285714286 0.0 0 -0.10845907238230272 0.0 0.0 
-8.571428571428571 5.0 0.0 0 -0.1061497110228693 0.0 0.0 
-8.571428571428571 5.714285714285714 0.0 0 -0.1020138794012431 0.0 0.0 
-8.571428571428571 6.428571428571429 0.0 0 -0.09599189272759931 0.0 0.0 
-8.571428571428571 7.142857142857143 0.0 0 -0.08894228515794397 0.0 0.0 
-8.571428571428571 7.857142857142858 0.0 0 -0.08370356924052952 0.0 0.0 
-8.571428571428571 8.571428571428571 0.0 0 -0.06342938095273604 0.0 0.0 
-8.571428571428571 9.285714285714286 0.0 0 -0.14899777688272806 0.0 0.0 
-6.428571428571429 -9.285714285714286 0.0 0 -0.0752751503725434 0.0 0.0 
-6.428571428571429 -8.571428571428571 0.0 0 -0.027328084858147427 0.0 0.0 
-6.428571428571429 -7.857142857142858 0.0 0 -0.08560164096376086 0.0 0.0 
-6.428571428571429 -7.142857142857143 0.0 0 -0.05112535489751027 0.0 0.0 
-6.428571428571429 -6.428571428571429 0.0 0 -0.09292733431716119 0.0 0.0 
-6.428571428571429 -5.714285714285714 0.0 0 -0.07062987534537367 0.0 0.0 
-6.428571428571429 -5.0 0.0 0 -0.10251602722847539 0.0 0.0 
-6.428571428571429 -4.285714285714286 0.0 0 -0.08990621940465497 0.0 0.0 
-6.428571428571429 -3.5714285714285716 0.0 0 -0.11541670370486949 0.0 0.0 
-6.428571428571429 -2.857142857142857 0.0 0 -0.10901866742784556 0.0 0.0 
-6.428571428571429 -2.142857142857143 0.0 0 -0.13455890418734148 0.0 0.0 
-6.428571428571429 2.142857142857143 0.0 0 -0.1246829619477153 0.0 0.0 
-6.428571428571429 2.857142857142857 0.0 0 -0.12495726792414173 0.0 0.0 
-6.428571428571429 3.5714285714285716 0.0 0 -0.12560457078417625 0.0 0.0 
-6.428571428571429 4.285714285714286 0.0 0 -0.1244387669858496 0.0 0.0 
-6.428571428571429 5.0 0.0 0 -0.12114146107531491 0.0 0.0 
-6.428571428571429 5.714285714285714 0.0 0 -0.11491507360730728 0.0 0.0 
-6.428571428571429 6.428571428571429 0.0 0 -0.10694388335245944 0.0 0.0 
-6.428571428571429 7.142857142857143 0.0 0 -0.09772794743506598 0.0 0.0 
-6.428571428571429 7.857142857142858 0.0 0 -0.0918115343664117 0.0 0.0 
-6.428571428571429 8.571428571428571 0.0 0 -0.06849088286111714 0.0 0.0 
-6.428571428571429 9.285714285714286 0.0 0 -0.16367714428095645 0.0 0.0 
-4.285714285714286 -9.285714285714286 0.0 0 -0.08406651700532011 0.0 0.0 
-4.285714285714286 -8.571428571428571 0.0 0 -0.02970281663305519 0.0 0.0 
-4.285714285714286 -7.857142857142858 0.0 0 -0.0944663514704321 0.0 0.0 
-4.285714285714286 -7.142857142857143 0.0 0 -0.0555812035063413 0.0 0.0 
-4.285714285714286 -6.428571428571429 0.0 0 -0.1023432609030172 0.0 0.0 
-4.285714285714286 -5.714285714285714 0.0 0 -0.0775150696646944 0.0 0.0 
-4.285714285714286 -5.0 0.0 0 -0.11348536720150819 0.0 0.0 
-4.285714285714286 -4.285714285714286 0.0 0 -0.09965270290617145 0.0 0.0 
-4.285714285714286 -3.5714285714285716 0.0 0 -0.12875188195933399 0.0 0.0 
-4.285714285714286 -2.857142857142857 0.0 0 -0.12246164667691187 0.0 0.0 
-4.285714285714286 -2.142857142857143 0.0 0 -0.15252464877800156 0.0 0.0 
-4.285714285714286 2.142857142857143 0.0 0 -0.14432617587708954 0.0 0.0 
-4.285714285714286 2.857142857142857 0.0 0 -0.1442463215462093 0.0 0.0 
-4.285714285714286 3.5714285714285716 0.0 0 -0.1454592518170645 0.0 0.0 
-4.285714285714286 4.285714285714286 0.0 0 -0.1430733587310809 0.0 0.0 
-4.285714285714286 5.0 0.0 0 -0.1379085914076289 0.0 0.0 
-4.285714285714286 5.714285714285714 0.0 0 -0.12821148998723614 0.0 0.0 
-4.285714285714286 6.428571428571429 0.0 0 -0.1172001400330628 0.0 0.0 
-4.285714285714286 7.142857142857143 0.0 0 -0.10507892848624609 0.0 0.0 
-4.285714285714286 7.857142857142858 0.0 0 -0.09855725918208727 0.0 0.0 
-4.285714285714286 8.571428571428571 0.0 0 -0.07235012736546967 0.0 0.0 
-4.285714285714286 9.285714285714286 0.0 0 -0.17875379543367761 0.0 0.0 
-2.142857142857143 -9.285714285714286 0.0 0 -0.09308717442801133 0.0 0.0 
-2.142857142857143 -8.571428571428571 0.0 0 -0.030993897484952487 0.0 0.0 
-2.142857142857143 -7.857142857142858 0.0 0 -0.10318622566106372 0.0 0.0 
-2.142857142857143 -7.142857142857143 0.0 0 -0.05923106563025001 0.0 0.0 
-2.142857142857143 -6.428571428571429 0.0 0 -0.11190146095586731 0.0 0.0 
-2.142857142857143 -5.714285714285714 0.0 0 -0.08427292482039961 0.0 0.0 
-2.142857142857143 -5.0 0.0 0 -0.12510015619265238 0.0 0.0 
-2.142857142857143 -4.285714285714286 0.0 0 -0.10978387233623992 0.0 0.0 
-2.142857142857143 -3.5714285714285716 0.0 0 -0.14260288371199567 0.0 0.0 
-2.142857142857143 -2.857142857142857 0.0 0 -0.13596019546364418 0.0 0.0 
-2.142857142857143 -2.142857142857143 0.0 0 -0.17136062454346207 0.0 0.0 
-2.142857142857143 2.142857142857143 0.0 0 -0.16887025329451424 0.0 0.0 
-2.142857142857143 2.857142857142857 0.0 0 -0.16811284559785097 0.0 0.0 
-2.142857142857143 3.5714285714285716 0.0 0 -0.17003564923893055 0.0 0.0 
-2.142857142857143 4.285714285714286 0.0 0 -0.16489754492372294 0.0 0.0 
-2.142857142857143 5.0 0.0 0 -0.15613552148313675 0.0 0.0 
-2.142857142857143 5.714285714285714 0.0 0 -0.1404969572477015 0.0 0.0 
-2.142857142857143 6.428571428571429 0.0 0 -0.12491542084632695 0.0 0.0 
-2.142857142857143 7.142857142857143 0.0 0 -0.10899245314371653 0.0 0.0 
-2.142857142857143 7.857142857142858 0.0 0 -0.10241642293368337 0.0 0.0 
-2.142857142857143 8.571428571428571 0.0 0 -0.07373413709489345 0.0 0.0 
-2.142857142857143 9.285714285714286 0.0 0 -0.19357567779875462 0.0 0.0 
-0.0 -9.285714285714286 0.0 0 -0.10244511519838406 0.0 0.0 
-0.0 -8.571428571428571 0.0 0 -0.0318807406889487 0.0 0.0 
-0.0 -7.857142857142858 0.0 0 -0.112020621338012 0.0 0.0 
-0.0 -7.142857142857143 0.0 0 -0.06277021535129448 0.0 0.0 
-0.0 -6.428571428571429 0.0 0 -0.12203453774095022 0.0 0.0 
-0.0 -5.714285714285714 0.0 0 -0.09162058961031919 0.0 0.0 
-0.0 -5.0 0.0 0 -0.1377966030371109 0.0 0.0 
-0.0 -4.285714285714286 0.0 0 -0.12085702185420556 0.0 0.0 
-0.0 -3.5714285714285716 0.0 0 -0.15701062347356692 0.0 0.0 
-0.0 -2.857142857142857 0.0 0 -0.14913571472210357 0.0 0.0 
-0.0 -2.142857142857143 0.0 0 -0.19066046618683521 0.0 0.0 
-0.0 2.142857142857143 0.0 0 -0.2020551828950567 0.0 0.0 
-0.0 2.857142857142857 0.0 0 -0.19958850008953383 0.0 0.0 
-0.0 3.5714285714285716 0.0 0 -0.2019607814238809 0.0 0.0 
-0.0 4.285714285714286 0.0 0 -0.19046955704867552 0.0 0.0 
-0.0 5.0 0.0 0 -0.174987737154447 0.0 0.0 
-0.0 5.714285714285714 0.0 0 -0.14923255729959262 0.0 0.0 
-0.0 6.428571428571429 0.0 0 -0.12716387504738305 0.0 0.0 
-0.0 7.142857142857143 0.0 0 -0.10646869158664937 0.0 0.0 
-0.0 7.857142857142858 0.0 0 -0.10152086722043054 0.0 0.0 
-0.0 8.571428571428571 0.0 0 -0.07129076155308514 0.0 0.0 
-0.0 9.285714285714286 0.0 0 -0.20784369294724458 0.0 0.0 
0.0 -9.285714285714286 0.0 0 -0.11262072833703592 0.0 0.0 
0.0 -8.571428571428571 0.0 0 -0.0323933017829252 0.0 0.0 
0.0 -7.857142857142858 0.0 0 -0.1210963012871022 0.0 0.0 
0.0 -7.142857142857143 0.0 0 -0.06625762010588597 0.0 0.0 
0.0 -6.428571428571429 0.0 0 -0.13305249637383804 0.0 0.0 
0.0 -5.714285714285714 0.0 0 -0.09990221229637825 0.0 0.0 
0.0 -5.0 0.0 0 -0.15213354447950356 0.0 0.0 
0.0 -4.285714285714286 0.0 0 -0.13362769272295047 0.0 0.0 
0.0 -3.5714285714285716 0.0 0 -0.1721232949150495 0.0 0.0 
0.0 -2.857142857142857 0.0 0 -0.16193486865093953 0.0 0.0 
0.0 -2.142857142857143 0.0 0 -0.21630986784889136 0.0 0.0 
0.0 2.142857142857143 0.0 0 -0.2525171669054174 0.0 0.0 
0.0 2.857142857142857 0.0 0 -0.24373824620000598 0.0 0.0 
0.0 3.5714285714285716 0.0 0 -0.24586570702246624 0.0 0.0 
0.0 4.285714285714286 0.0 0 -0.21857562303047895 0.0 0.0 
0.0 5.0 0.0 0 -0.1921162380689842 0.0 0.0 
0.0 5.714285714285714 0.0 0 -0.14898863868142814 0.0 0.0 
0.0 6.428571428571429 0.0 0 -0.11957668586268727 0.0 0.0 
0.0 7.142857142857143 0.0 0 -0.09285969268380162 0.0 0.0 
0.0 7.857142857142858 0.0 0 -0.09487193407203709 0.0 0.0 
0.0 8.571428571428571 0.0 0 -0.06513193982315128 0.0 0.0 
0.0 9.285714285714286 0.0 0 -0.21693458127924575 0.0 0.0 
2.142857142857143 -9.285714285714286 0.0 0 -0.12424633322799278 0.0 0.0 
2.142857142857143 -8.571428571428571 0.0 0 -0.03231205941209722 0.0 0.0 
2.142857142857143 -7.857142857142858 0.0 0 -0.13064497263900654 0.0 0.0 
2.142857142857143 -7.142857142857143 0.0 0 -0.07003580775161017 0.0 0.0 
2.142857142857143 -6.428571428571429 0.0 0 -0.14606134360985368 0.0 0.0 
2.142857142857143 -5.714285714285714 0.0 0 -0.11040324999436328 0.0 0.0 
2.142857142857143 -5.0 0.0 0 -0.17002285255126764 0.0 0.0 
2.142857142857143 -4.285714285714286 0.0 0 -0.15112015944861173 0.0 0.0 
2.142857142857143 -3.5714285714285716 0.0 0 -0.18784321184514188 0.0 0.0 
2.142857142857143 -2.857142857142857 0.0 0 -0.17782633357584351 0.0 0.0 
2.142857142857143 -2.142857142857143 0.0 0 -0.21108538580315234 0.0 0.0 
2.142857142857143 1.4285714285714286 0.0 0 -0.3807495849596896 0.0 0.0 
2.142857142857143 2.142857142857143 0.0 0 -0.3644111566389625 0.0 0.0 
2.142857142857143 2.857142857142857 0.0 0 -0.3619667616923588 0.0 0.0 
2.142857142857143 3.5714285714285716 0.0 0 -0.32710064758290247 0.0 0.0 
2.142857142857143 4.285714285714286 0.0 0 -0.2858677006259158 0.0 0.0 
2.142857142857143 5.0 0.0 0 -0.21760274996607135 0.0 0.0 
2.142857142857143 5.714285714285714 0.0 0 -0.16633787932216448 0.0 0.0 
2.142857142857143 6.428571428571429 0.0 0 -0.11081313743379827 0.0 0.0 
2.142857142857143 7.142857142857143 0.0 0 -0.08913478269994735 0.0 0.0 
2.142857142857143 7.857142857142858 0.0 0 -0.08926940844624814 0.0 0.0 
2.142857142857143 8.571428571428571 0.0 0 -0.060601534197737776 0.0 0.0 
2.142857142857143 9.285714285714286 0.0 0 -0.31703036319215144 0.0 0.0 
4.285714285714286 -9.285714285714286 0.0 0 -0.13327095148551737 0.0 0.0 
4.285714285714286 -8.571428571428571 0.0 0 -0.028071735271192028 0.0 0.0 
4.285714285714286 -7.857142857142858 0.0 0 -0.137687214795837 0.0 0.0 
4.285714285714286 -7.142857142857143 0.0 0 -0.0723555162944982 0.0 0.0 
4.285714285714286 -6.428571428571429 0.0 0 -0.15880361760244974 0.0 0.0 
4.285714285714286 -5.714285714285714 0.0 0 -0.12033535499433956 0.0 0.0 
4.285714285714286 -5.0 0.0 0 -0.1859084705039599 0.0 0.0 
4.285714285714286 -4.285714285714286 0.0 0 -0.16891450417502998 0.0 0.0 
4.285714285714286 -3.5714285714285716 0.0 0 -0.208371592014593 0.0 0.0 
4.285714285714286 -2.857142857142857 0.0 0 -0.2256672087110885 0.0 0.0 
4.285714285714286 -2.142857142857143 0.0 0 -0.22679707753724962 0.0 0.0 
4.285714285714286 -1.4285714285714286 0.0 0 -0.25445576677144127 0.0 0.0 
4.285714285714286 1.4285714285714286 0.0 0 -0.3779927120291957 0.0 0.0 
4.285714285714286 2.142857142857143 0.0 0 -0.3149798294510761 0.0 0.0 
4.285714285714286 2.857142857142857 0.0 0 -0.34583103079161037 0.0 0.0 
4.285714285714286 3.5714285714285716 0.0 0 -0.22964519047210288 0.0 0.0 
4.285714285714286 4.285714285714286 0.0 0 -0.1657468910045503 0.0 0.0 
4.285714285714286 5.0 0.0 0 -0.03538911787608234 0.0 0.0 
4.285714285714286 5.714285714285714 0.0 0 0.0012298902004547543 0.0 0.0 
4.285714285714286 6.428571428571429 0.0 0 0.07812213822859786 0.0 0.0 
4.285714285714286 7.142857142857143 0.0 0 0.06838892055729975 0.0 0.0 
4.285714285714286 7.857142857142858 0.0 0 0.09973524894600451 0.0 0.0 
4.285714285714286 8.571428571428571 0.0 0 0.048358413685833754 0.0 0.0 
4.285714285714286 9.285714285714286 0.0 0 -0.04171824787313033 0.0 0.0 
6.428571428571429 -9.285714285714286 0.0 0 -0.12979290802892934 0.0 0.0 
6.428571428571429 -8.571428571428571 0.0 0 -0.01858712156651117 0.0 0.0 
6.428571428571429 -7.857142857142858 0.0 0 -0.12863056862502326 0.0 0.0 
6.428571428571429 -7.142857142857143 0.0 0 -0.06756056455477068 0.0 0.0 
6.428571428571429 -6.428571428571429 0.0 0 -0.15642488715025066 0.0 0.0 
6.428571428571429 -5.714285714285714 0.0 0 -0.12256815611090106 0.0 0.0 
6.428571428571429 -5.0 0.0 0 -0.1908275863591855 0.0 0.0 
6.428571428571429 -4.285714285714286 0.0 0 -0.19109919538144704 0.0 0.0 
6.428571428571429 -3.5714285714285716 0.0 0 -0.2415277859658656 0.0 0.0 
6.428571428571429 -2.857142857142857 0.0 0 -0.29287681103739444 0.0 0.0 
6.428571428571429 -2.142857142857143 0.0 0 -0.32541856907493466 0.0 0.0 
6.428571428571429 -1.4285714285714286 0.0 0 -0.4299271748448041 0.0 0.0 
6.428571428571429 -0.7142857142857143 0.0 0 -0.5199067396295222 0.0 0.0 
6.428571428571429 -0.0 0.0 0 -0.5538340603710495 0.0 0.0 
6.428571428571429 0.0 0.0 0 -0.7535155105981014 0.0 0.0 
6.428571428571429 2.142857142857143 0.0 0 -0.8336251939440862 0.0 0.0 
6.428571428571429 2.857142857142857 0.0 0 -0.5155232694832529 0.0 0.0 
6.428571428571429 3.5714285714285716 0.0 0 -0.4757547807191367 0.0 0.0 
6.428571428571429 4.285714285714286 0.0 0 -0.13100620269145222 0.0 0.0 
6.428571428571429 5.0 0.0 0 -0.08056704907775883 0.0 0.0 
6.428571428571429 5.714285714285714 0.0 0 0.034134571169885455 0.0 0.0 
6.428571428571429 6.428571428571429 0.0 0 -0.00402505481851069 0.0 0.0 
6.428571428571429 7.142857142857143 0.0 0 0.008347692145565438 0.0 0.0 
6.428571428571429 7.857142857142858 0.0 0 -0.017849670585725425 0.0 0.0 
6.428571428571429 8.571428571428571 0.0 0 -0.158124680610308 0.0 0.0 
6.428571428571429 9.285714285714286 0.0 0 -0.026430725297502178 0.0 0.0 
8.571428571428571 -9.285714285714286 0.0 0 -0.19772422641026724 0.0 0.0 
8.571428571428571 -8.571428571428571 0.0 0 -0.0657386316764656 0.0 0.0 
8.571428571428571 -7.857142857142858 0.0 0 -0.2262694142457192 0.0 0.0 
8.571428571428571 -7.142857142857143 0.0 0 -0.1743370868398903 0.0 0.0 
8.571428571428571 -6.428571428571429 0.0 0 -0.3093625388797599 0.0 0.0 
8.571428571428571 -5.714285714285714 0.0 0 -0.27854463008204033 0.0 0.0 
8.571428571428571 -5.0 0.0 0 -0.3505379715450763 0.0 0.0 
8.571428571428571 -4.285714285714286 0.0 0 -0.3000161392752281 0.0 0.0 
8.571428571428571 -3.5714285714285716 0.0 0 -0.2933183081608982 0.0 0.0 
8.571428571428571 -2.857142857142857 0.0 0 -0.24858280973362099 0.0 0.0 
8.571428571428571 -2.142857142857143 0.0 0 -0.24253262675037812 0.0 0.0 
8.571428571428571 -1.4285714285714286 0.0 0 -0.20368007279630673 0.0 0.0 
8.571428571428571 -0.7142857142857143 0.0 0 -0.29224091324771767 0.0 0.0 
8.571428571428571 -0.0 0.0 0 -0.32261224667414656 0.0 0.0 
8.571428571428571 0.0 0.0 0 -0.6673267021753626 0.0 0.0 
8.571428571428571 0.7142857142857143 0.0 0 -0.9002106470497842 0.0 0.0 
8.571428571428571 1.4285714285714286 0.0 0 -0.7513619650911432 0.0 0.0 
8.571428571428571 3.5714285714285716 0.0 0 -0.9243525189801031 0.0 0.0 
8.571428571428571 4.285714285714286 0.0 0 0.07555211478144035 0.0 0.0 
8.571428571428571 5.0 0.0 0 0.13986547551891265 0.0 0.0 
8.571428571428571 5.714285714285714 0.0 0 -0.03697222852197532 0.0 0.0 
8.571428571428571 6.428571428571429 0.0 0 -0.008684479386802446 0.0 0.0 
8.571428571428571 7.142857142857143 0.0 0 -0.2266325067694811 0.0 0.0 
8.571428571428571 7.857142857142858 0.0 0 -0.21543295238763024 0.0 0.0 
8.571428571428571 8.571428571428571 0.0 0 -0.6021844438183477 0.0 0.0 
8.571428571428571 9.285714285714286 0.0 0 -0.02563203553656518 0.0 0.0 
10.714285714285714 -9.285714285714286 0.0 0 -0.29847436054403004 0.0 0.0 
10.714285714285714 -8.571428571428571 0.0 0 -0.04089651360748939 0.0 0.0 
10.714285714285714 -7.857142857142858 0.0 0 -0.30181650547404393 0.0 0.0 
10.714285714285714 -7.142857142857143 0.0 0 -0.1449241700453677 0.0 0.0 
10.714285714285714 -6.428571428571429 0.0 0 -0.32422354134621284 0.0 0.0 
10.714285714285714 -5.714285714285714 0.0 0 -0.20434645707638976 0.0 0.0 
10.714285714285714 -5.0 0.0 0 -0.342964924458493 0.0 0.0 
10.714285714285714 -4.285714285714286 0.0 0 -0.2985819504922406 0.0 0.0 
10.714285714285714 -3.5714285714285716 0.0 0 -0.42471869474136575 0.0 0.0 
10.714285714285714 -2.857142857142857 0.0 0 -0.3911142224043549 0.0 0.0 
10.714285714285714 -2.142857142857143 0.0 0 -0.45241233342426845 0.0 0.0 
10.714285714285714 -1.4285714285714286 0.0 0 -0.31895253892634173 0.0 0.0 
10.714285714285714 -0.7142857142857143 0.0 0 -0.2470293849143 0.0 0.0 
10.714285714285714 -0.0 0.0 0 -0.06937679833689597 0.0 0.0 
10.714285714285714 0.0 0.0 0 -0.19000101743473305 0.0 0.0 
10.714285714285714 0.7142857142857143 0.0 0 -0.0970289206635511 0.0 0.0 
10.714285714285714 1.4285714285714286 0.0 0 -0.3997467483250107 0.0 0.0 
10.714285714285714 2.142857142857143 0.0 0 -1.6849532220070125 0.0 0.0 
10.714285714285714 5.0 0.0 0 -0.04624934748809428 0.0 0.0 
10.714285714285714 5.714285714285714 0.0 0 -1.5690580118094202 0.0 0.0 
10.714285714285714 6.428571428571429 0.0 0 -0.5112409146169123 0.0 0.0 
10.714285714285714 7.142857142857143 0.0 0 -1.3675264843478443 0.0 0.0 
10.714285714285714 7.857142857142858 0.0 0 -1.1363921280769989 0.0 0.0 
10.714285714285714 8.571428571428571 0.0 0 -1.4288672672401042 0.0 0.0 
10.714285714285714 9.285714285714286 0.0 0 -1.8829401935869372 0.0 0.0 
12.857142857142858 -9.285714285714286 0.0 0 -0.25541639156122914 0.0 0.0 
12.857142857142858 -8.571428571428571 0.0 0 0.08010748209083063 0.0 0.0 
12.857142857142858 -7.857142857142858 0.0 0 -0.3055797927691237 0.0 0.0 
12.857142857142858 -7.142857142857143 0.0 0 -0.11265128016043081 0.0 0.0 
12.857142857142858 -6.428571428571429 0.0 0 -0.3998996328670144 0.0 0.0 
12.857142857142858 -5.714285714285714 0.0 0 -0.2379630063905803 0.0 0.0 
12.857142857142858 -5.0 0.0 0 -0.40752468298573813 0.0 0.0 
12.857142857142858 -4.285714285714286 0.0 0 -0.2365933698009087 0.0 0.0 
12.857142857142858 -3.5714285714285716 0.0 0 -0.3188519195110403 0.0 0.0 
12.857142857142858 -2.857142857142857 0.0 0 -0.18221212155577063 0.0 0.0 
12.857142857142858 -2.142857142857143 0.0 0 -0.3064065605192255 0.0 0.0 
12.857142857142858 -1.4285714285714286 0.0 0 -0.28795332409281327 0.0 0.0 
12.857142857142858 -0.7142857142857143 0.0 0 -0.3372197369796926 0.0 0.0 
12.857142857142858 -0.0 0.0 0 -0.032864516817953354 0.0 0.0 
12.857142857142858 0.0 0.0 0 -0.12201878049287529 0.0 0.0 
12.857142857142858 0.7142857142857143 0.0 0 1.1139666845996945 0.0 0.0 
12.857142857142858 1.4285714285714286 0.0 0 0.3139033472899869 0.0 0.0 
12.857142857142858 2.142857142857143 0.0 0 2.1728143990211146 0.0 0.0 
12.857142857142858 4.285714285714286 0.0 0 -0.6958569374860811 0.0 0.0 
12.857142857142858 5.0 0.0 0 -1.2206900088682513 0.0 0.0 
12.857142857142858 5.714285714285714 0.0 0 -0.6026894655789636 0.0 0.0 
12.857142857142858 6.428571428571429 0.0 0 -1.365912242120439 0.0 0.0 
12.857142857142858 7.142857142857143 0.0 0 -0.24927224544843146 0.0 0.0 
12.857142857142858 7.857142857142858 0.0 0 -1.8227768507796691 0.0 0.0 
12.857142857142858 8.571428571428571 0.0 0 0.05780250404316162 0.0 0.0 
12.857142857142858 9.285714285714286 0.0 0 -3.5369491091517418 0.0 0.0 
15.0 -9.285714285714286 0.0 0 -0.11281202316002475 0.0 0.0 
15.0 -8.571428571428571 0.0 0 0.1679175688532889 0.0 0.0 
15.0 -7.857142857142858 0.0 0 -0.22378345394650156 0.0 0.0 
15.0 -7.142857142857143 0.0 0 0.019666627113206395 0.0 0.0 
15.0 -6.428571428571429 0.0 0 -0.20334514227531403 0.0 0.0 
15.0 -5.714285714285714 0.0 0 0.0402399250058289 0.0 0.0 
15.0 -5.0 0.0 0 -0.09345358961117636 0.0 0.0 
15.0 -4.285714285714286 0.0 0 0.10711444343127588 0.0 0.0 
15.0 -3.5714285714285716 0.0 0 0.029013222691625352 0.0 0.0 
15.0 -2.857142857142857 0.0 0 0.2495071949455381 0.0 0.0 
15.0 -2.142857142857143 0.0 0 0.29749281462354915 0.0 0.0 
15.0 -1.4285714285714286 0.0 0 0.5084606676113294 0.0 0.0 
15.0 -0.7142857142857143 0.0 0 0.48454738291410215 0.0 0.0 
15.0 -0.0 0.0 0 0.8254710567776614 0.0 0.0 
15.0 0.0 0.0 0 0.2447556654691846 0.0 0.0 
15.0 0.7142857142857143 0.0 0 1.289652983453112 0.0 0.0 
15.0 1.4285714285714286 0.0 0 0.4985936477741031 0.0 0.0 
15.0 2.142857142857143 0.0 0 3.1407633943139626 0.0 0.0 
15.0 2.857142857142857 0.0 1 4.0475890993161245 0.0 0.0 
15.0 3.5714285714285716 0.0 0 1.775138822228621 0.0 0.0 
15.0 4.285714285714286 0.0 0 2.035478028470267 0.0 0.0 
15.0 5.0 0.0 0 1.2248582630569018 0.0 0.0 
15.0 5.714285714285714 0.0 0 1.5950281223353622 0.0 0.0 
15.0 6.428571428571429 0.0 0 0.9940633660583129 0.0 0.0 
15.0 7.142857142857143 0.0 0 1.892939679023214 0.0 0.0 
15.0 7.857142857142858 0.0 0 1.0680769194776096 0.0 0.0 
15.0 8.571428571428571 0.0 0 2.2495873435945843 0.0 0.0 
15.0 9.285714285714286 0.0 0 1.763535623059662 0.0 0.0 
17.142857142857142 -9.285714285714286 0.0 0 0.4017769940277862 0.0 0.0 
17.142857142857142 -8.571428571428571 0.0 0 0.359535551035103 0.0 0.0 
17.142857142857142 -7.857142857142858 0.0 0 0.2615824234145674 0.0 0.0 
17.142857142857142 -7.142857142857143 0.0 0 0.3329641985048599 0.0 0.0 
17.142857142857142 -6.428571428571429 0.0 0 0.3414561250525676 0.0 0.0 
17.142857142857142 -5.714285714285714 0.0 0 0.46292664278739376 0.0 0.0 
17.142857142857142 -5.0 0.0 0 0.5176121752660762 0.0 0.0 
17.142857142857142 -4.285714285714286 0.0 0 0.651869129006448 0.0 0.0 
17.142857142857142 -3.5714285714285716 0.0 0 0.7022020947374764 0.0 0.0 
17.142857142857142 -2.857142857142857 0.0 0 0.7804535599999535 0.0 0.0 
17.142857142857142 -2.142857142857143 0.0 0 0.783335351923183 0.0 0.0 
17.142857142857142 -1.4285714285714286 0.0 0 0.7719720026149622 0.0 0.0 
17.142857142857142 -0.7142857142857143 0.0 0 0.48383360549893883 0.0 0.0 
17.142857142857142 -0.0 0.0 0 0.5078120606834623 0.0 0.0 
17.142857142857142 0.0 0.0 0 -0.13640994771398374 0.0 0.0 
17.142857142857142 0.7142857142857143 0.0 0 0.3343723571591397 0.0 0.0 
17.142857142857142 1.4285714285714286 0.0 0 -0.27062854206253795 0.0 0.0 
17.142857142857142 2.142857142857143 0.0 0 -0.5247433507341883 0.0 0.0 
17.142857142857142 2.857142857142857 0.0 0 0.9783099842498841 0.0 0.0 
17.142857142857142 3.5714285714285716 0.0 0 0.6564207989991282 0.0 0.0 
17.142857142857142 4.285714285714286 0.0 0 0.5586416696885605 0.0 0.0 
17.142857142857142 5.0 0.0 0 0.3887907929687005 0.0 0.0 
17.142857142857142 5.714285714285714 0.0 0 0.4183673092518186 0.0 0.0 
17.142857142857142 6.428571428571429 0.0 0 0.10256144103916078 0.0 0.0 
17.142857142857142 7.142857142857143 0.0 0 0.3988558239800875 0.0 0.0 
17.142857142857142 7.857142857142858 0.0 0 0.21029409724175027 0.0 0.0 
17.142857142857142 8.571428571428571 0.0 0 -0.006238448176507549 0.0 0.0 
17.142857142857142 9.285714285714286 0.0 0 1.8544932597489976 0.0 0.0 
19.285714285714285 -9.285714285714286 0.0 0 0.7345757705729699 0.0 0.0 
19.285714285714285 -8.571428571428571 0.0 0 0.058415274135865114 0.0 0.0 
19.285714285714285 -7.857142857142858 0.0 0 0.4157724352865326 0.0 0.0 
19.285714285714285 -7.142857142857143 0.0 0 0.023496477028810858 0.0 0.0 
19.285714285714285 -6.428571428571429 0.0 0 0.308262213027527 0.0 0.0 
19.285714285714285 -5.714285714285714 0.0 0 -0.014966022087704145 0.0 0.0 
19.285714285714285 -5.0 0.0 0 0.13125894849329245 0.0 0.0 
19.285714285714285 -4.285714285714286 0.0 0 -0.1895743025597152 0.0 0.0 
19.285714285714285 -3.5714285714285716 0.0 0 -0.17280008084322057 0.0 0.0 
19.285714285714285 -2.857142857142857 0.0 0 -0.49645377319687606 0.0 0.0 
19.285714285714285 -2.142857142857143 0.0 0 -0.4889016225237349 0.0 0.0 
19.285714285714285 -1.4285714285714286 0.0 0 -0.4824516536050804 0.0 0.0 
19.285714285714285 -0.7142857142857143 0.0 0 -0.14565970511492243 0.0 0.0 
19.285714285714285 -0.0 0.0 0 0.47742349668187756 0.0 0.0 
19.285714285714285 0.0 0.0 0 0.7221229033903038 0.0 0.0 
19.285714285714285 0.7142857142857143 0.0 0 0.8552367951946065 0.0 0.0 
19.285714285714285 1.4285714285714286 0.0 0 0.8042082376095094 0.0 0.0 
19.285714285714285 2.142857142857143 0.0 0 7.984265272518304e-05 0.0 0.0 
19.285714285714285 2.857142857142857 0.0 0 0.17410964834054124 0.0 0.0 
19.285714285714285 3.5714285714285716 0.0 0 0.1978351120150973 0.0 0.0 
19.285714285714285 4.285714285714286 0.0 0 0.2273463624631042 0.0 0.0 
19.285714285714285 5.0 0.0 0 0.25556261225502236 0.0 0.0 
19.285714285714285 5.714285714285714 0.0 0 0.43822783118114766 0.0 0.0 
19.285714285714285 6.428571428571429 0.0 0 0.3115459717068819 0.0 0.0 
19.285714285714285 7.142857142857143 0.0 0 0.39183116706269183 0.0 0.0 
19.285714285714285 7.857142857142858 0.0 0 0.5066069127594203 0.0 0.0 
19.285714285714285 8.571428571428571 0.0 0 -0.35428609912650116 0.0 0.0 
19.285714285714285 9.285714285714286 0.0 0 0.750333792262843 0.0 0.0 
21.428571428571427 -9.285714285714286 0.0 0 0.04928600830030194 0.0 0.0 
21.428571428571427 -8.571428571428571 0.0 0 -0.6521565428837858 0.0 0.0 
21.428571428571427 -7.857142857142858 0.0 0 -0.3090841563687502 0.0 0.0 
21.428571428571427 -7.142857142857143 0.0 0 -0.7228950686154821 0.0 0.0 
21.428571428571427 -6.428571428571429 0.0 0 -0.41906975750456166 0.0 0.0 
21.428571428571427 -5.714285714285714 0.0 0 -0.6878034660360127 0.0 0.0 
21.428571428571427 -5.0 0.0 0 -0.3758271643170537 0.0 0.0 
21.428571428571427 -4.285714285714286 0.0 0 -0.43146788695558963 0.0 0.0 
21.428571428571427 -3.5714285714285716 0.0 0 0.021221920202608546 0.0 0.0 
21.428571428571427 -2.857142857142857 0.0 0 0.21534565694854857 0.0 0.0 
21.428571428571427 -2.142857142857143 0.0 0 0.6570091984333002 0.0 0.0 
21.428571428571427 -1.4285714285714286 0.0 0 0.6940613121810713 0.0 0.0 
21.428571428571427 -0.7142857142857143 0.0 0 0.5362389570078139 0.0 0.0 
21.428571428571427 -0.0 0.0 0 0.1421382511371359 0.0 0.0 
21.428571428571427 0.0 0.0 0 -0.1304003239033894 0.0 0.0 
21.428571428571427 0.7142857142857143 0.0 0 -0.2379608453717459 0.0 0.0 
21.428571428571427 1.4285714285714286 0.0 0 0.2603914449784189 0.0 0.0 
21.428571428571427 2.142857142857143 0.0 0 0.30514854879880904 0.0 0.0 
21.428571428571427 2.857142857142857 0.0 0 0.3238853779868047 0.0 0.0 
21.428571428571427 3.5714285714285716 0.0 0 0.26186229445659787 0.0 0.0 
21.428571428571427 4.285714285714286 0.0 0 0.2548050093463848 0.0 0.0 
21.428571428571427 5.0 0.0 0 0.13512868684595702 0.0 0.0 
21.428571428571427 5.714285714285714 0.0 0 0.1730226428745394 0.0 0.0 
21.428571428571427 6.428571428571429 0.0 0 0.11918312033229991 0.0 0.0 
21.428571428571427 7.142857142857143 0.0 0 0.10995994066994477 0.0 0.0 
21.428571428571427 7.857142857142858 0.0 0 0.454788078432976 0.0 0.0 
21.428571428571427 8.571428571428571 0.0 0 -0.05854584479705477 0.0 0.0 
21.428571428571427 9.285714285714286 0.0 0 0.4753226182581057 0.0 0.0 
23.57142857142857 -9.285714285714286 0.0 0 -0.5020941596780173 0.0 0.0 
23.57142857142857 -8.571428571428571 0.0 0 -0.44272113442594385 0.0 0.0 
23.57142857142857 -7.857142857142858 0.0 0 -0.4014235221486211 0.0 0.0 
23.57142857142857 -7.142857142857143 0.0 0 -0.21483898177038135 0.0 0.0 
23.57142857142857 -6.428571428571429 0.0 0 -0.05340861285202603 0.0 0.0 
23.57142857142857 -5.714285714285714 0.0 0 0.18392045577330196 0.0 0.0 
23.57142857142857 -5.0 0.0 0 0.36111893086324015 0.0 0.0 
23.57142857142857 -4.285714285714286 0.0 0 0.4964879249311676 0.0 0.0 
23.57142857142857 -3.5714285714285716 0.0 0 0.47616101457731086 0.0 0.0 
23.57142857142857 -2.857142857142857 0.0 0 0.3514261198938913 0.0 0.0 
23.57142857142857 -2.142857142857143 0.0 0 0.1329895920409565 0.0 0.0 
23.57142857142857 -1.4285714285714286 0.0 0 0.038978379626053605 0.0 0.0 
23.57142857142857 -0.7142857142857143 0.0 0 0.034445634634219985 0.0 0.0 
23.57142857142857 -0.0 0.0 0 0.2127552626931951 0.0 0.0 
23.57142857142857 0.0 0.0 0 0.38144597455468543 0.0 0.0 
23.57142857142857 0.7142857142857143 0.0 0 0.3465041909236681 0.0 0.0 
23.57142857142857 1.4285714285714286 0.0 0 0.3025801312378378 0.0 0.0 
23.57142857142857 2.142857142857143 0.0 0 0.23120913522495828 0.0 0.0 
23.57142857142857 2.857142857142857 0.0 0 0.1703001907847413 0.0 0.0 
23.57142857142857 3.5714285714285716 0.0 0 0.15447245529967163 0.0 0.0 
23.57142857142857 4.285714285714286 0.0 0 0.17752312336137852 0.0 0.0 
23.57142857142857 5.0 0.0 0 0.1879578050891254 0.0 0.0 
23.57142857142857 5.714285714285714 0.0 0 0.21996036884244705 0.0 0.0 
23.57142857142857 6.428571428571429 0.0 0 0.2303382245591258 0.0 0.0 
23.57142857142857 7.142857142857143 0.0 0 0.09310021403935548 0.0 0.0 
23.57142857142857 7.857142857142858 0.0 0 0.27345935372155455 0.0 0.0 
23.57142857142857 8.571428571428571 0.0 0 0.0276101002092327 0.0 0.0 
23.57142857142857 9.285714285714286 0.0 0 0.33963201360485995 0.0 0.0 
25.714285714285715 -9.285714285714286 0.0 0 -0.12420435950182324 0.0 0.0 
25.714285714285715 -8.571428571428571 0.0 0 0.19264980414511004 0.0 0.0 
25.714285714285715 -7.857142857142858 0.0 0 0.10755375252518845 0.0 0.0 
25.714285714285715 -7.142857142857143 0.0 0 0.35521895681446575 0.0 0.0 
25.714285714285715 -6.428571428571429 0.0 0 0.2613309720623091 0.0 0.0 
25.714285714285715 -5.714285714285714 0.0 0 0.38270954773914945 0.0 0.0 
25.714285714285715 -5.0 0.0 0 0.23251507109823577 0.0 0.0 
25.714285714285715 -4.285714285714286 0.0 0 0.2743441878636408 0.0 0.0 
25.714285714285715 -3.5714285714285716 0.0 0 0.1662212300655922 0.0 0.0 
25.714285714285715 -2.857142857142857 0.0 0 0.27030452619530043 0.0 0.0 
25.714285714285715 -2.142857142857143 0.0 0 0.2636469333040632 0.0 0.0 
25.714285714285715 -1.4285714285714286 0.0 0 0.39554319228292095 0.0 0.0 
25.714285714285715 -0.7142857142857143 0.0 0 0.36775091471658466 0.0 0.0 
25.714285714285715 -0.0 0.0 0 0.3762446199545851 0.0 0.0 
25.714285714285715 0.0 0.0 0 0.2982494014459661 0.0 0.0 
25.714285714285715 0.7142857142857143 0.0 0 0.24996595744997904 0.0 0.0 
25.714285714285715 1.4285714285714286 0.0 0 0.1698426150648471 0.0 0.0 
25.714285714285715 2.142857142857143 0.0 0 0.18593564325525563 0.0 0.0 
25.714285714285715 2.857142857142857 0.0 0 0.1701494426584277 0.0 0.0 
25.714285714285715 3.5714285714285716 0.0 0 0.19099072510108206 0.0 0.0 
25.714285714285715 4.285714285714286 0.0 0 0.1764665288841735 0.0 0.0 
25.714285714285715 5.0 0.0 0 0.17395642906829173 0.0 0.0 
25.714285714285715 5.714285714285714 0.0 0 0.14509492317432332 0.0 0.0 
25.714285714285715 6.428571428571429 0.0 0 0.18244004513315845 0.0 0.0 
25.714285714285715 7.142857142857143 0.0 0 0.09609014258176336 0.0 0.0 
25.714285714285715 7.857142857142858 0.0 0 0.17647399788377316 0.0 0.0 
25.714285714285715 8.571428571428571 0.0 0 0.0458439982081701 0.0 0.0 
25.714285714285715 9.285714285714286 0.0 0 0.24400665408951383 0.0 0.0 
27.857142857142858 -9.285714285714286 0.0 0 0.06472202763472334 0.0 0.0 
27.857142857142858 -8.571428571428571 0.0 0 -0.07262731777772491 0.0 0.0 
27.857142857142858 -7.857142857142858 0.0 0 0.004233308120017432 0.0 0.0 
27.857142857142858 -7.142857142857143 0.0 0 -0.0013653597050903299 0.0 0.0 
27.857142857142858 -6.428571428571429 0.0 0 0.08921905932176633 0.0 0.0 
27.857142857142858 -5.714285714285714 0.0 0 0.14077644131660488 0.0 0.0 
27.857142857142858 -5.0 0.0 0 0.24532284508429825 0.0 0.0 
27.857142857142858 -4.285714285714286 0.0 0 0.32059497569343265 0.0 0.0 
27.857142857142858 -3.5714285714285716 0.0 0 0.3879505919642072 0.0 0.0 
27.857142857142858 -2.857142857142857 0.0 0 0.40902430703689485 0.0 0.0 
27.857142857142858 -2.142857142857143 0.0 0 0.37778057545327315 0.0 0.0 
27.857142857142858 -1.4285714285714286 0.0 0 0.3085337111453178 0.0 0.0 
27.857142857142858 -0.7142857142857143 0.0 0 0.21582640378060372 0.0 0.0 
27.857142857142858 -0.0 0.0 0 0.12769345136526328 0.0 0.0 
27.857142857142858 0.0 0.0 0 0.0802231582452535 0.0 0.0 
27.857142857142858 0.7142857142857143 0.0 0 0.07484088403240793 0.0 0.0 
27.857142857142858 1.4285714285714286 0.0 0 0.07629344907761729 0.0 0.0 
27.857142857142858 2.142857142857143 0.0 0 0.08472155499224071 0.0 0.0 
27.857142857142858 2.857142857142857 0.0 0 0.0800435990225645 0.0 0.0 
27.857142857142858 3.5714285714285716 0.0 0 0.07370153941531868 0.0 0.0 
27.857142857142858 4.285714285714286 0.0 0 0.06294291326714432 0.0 0.0 
27.857142857142858 5.0 0.0 0 0.05783558504401139 0.0 0.0 
27.857142857142858 5.714285714285714 0.0 0 0.038589920573615884 0.0 0.0 
27.857142857142858 6.428571428571429 0.0 0 0.06022237942889584 0.0 0.0 
27.857142857142858 7.142857142857143 0.0 0 0.029320026928563947 0.0 0.0 
27.857142857142858 7.857142857142858 0.0 0 0.06400362454002985 0.0 0.0 
27.857142857142858 8.571428571428571 0.0 0 -0.0028143438977147116 0.0 0.0 
27.857142857142858 9.285714285714286 0.0 0 0.10354399762267066 0.0 0.0 
