-27.857142857142858 -9.285714285714286 0.0 0 -0.08724952383556021 0.0 0.0 
-27.857142857142858 -8.571428571428571 0.0 0 -0.0322753111780318 0.0 0.0 
-27.857142857142858 -7.857142857142858 0.0 0 -0.08799974695331467 0.0 0.0 
-27.857142857142858 -7.142857142857143 0.0 0 0.25338857114592694 0.0 0.0 
-27.857142857142858 -6.428571428571429 0.0 0 0.35353223711660675 0.0 0.0 
-27.857142857142858 -5.714285714285714 0.0 0 0.8030576131324897 0.0 0.0 
-27.857142857142858 -5.0 0.0 0 0.8882412231543664 0.0 0.0 
-27.857142857142858 -4.285714285714286 0.0 0 1.2671810226804308 0.0 0.0 
-27.857142857142858 -3.5714285714285716 0.0 0 1.2431984653022567 0.0 0.0 
-27.857142857142858 -2.857142857142857 0.0 0 1.4809287618306868 0.0 0.0 
-27.857142857142858 -2.142857142857143 0.0 0 1.3300681993654284 0.0 0.0 
-27.857142857142858 -1.4285714285714286 0.0 0 1.416381038008146 0.0 0.0 
-27.857142857142858 -0.7142857142857143 0.0 0 1.1683019960985612 0.0 0.0 
-27.857142857142858 -0.0 0.0 0 1.1454462085882198 0.0 0.0 
-27.857142857142858 0.0 0.0 0 0.8529521640381407 0.0 0.0 
-27.857142857142858 0.7142857142857143 0.0 0 0.7725939513612983 0.0 0.0 
-27.857142857142858 1.4285714285714286 0.0 0 0.4900226702093283 0.0 0.0 
-27.857142857142858 2.142857142857143 0.0 0 0.3911651798257897 0.0 0.0 
-27.857142857142858 2.857142857142857 0.0 0 0.1346444379227068 0.0 0.0 
-27.857142857142858 3.5714285714285716 0.0 0 0.07721005242030266 0.0 0.0 
-27.857142857142858 4.285714285714286 0.0 0 -0.19047922740348883 0.0 0.0 
-27.857142857142858 5.0 0.0 0 -0.22607774031885985 0.0 0.0 
-27.857142857142858 5.714285714285714 0.0 0 -0.3065565614458894 0.0 0.0 
-27.857142857142858 6.428571428571429 0.0 0 -0.4104013485230338 0.0 0.0 
-27.857142857142858 7.142857142857143 0.0 0 -0.5321981635141593 0.0 0.0 
-27.857142857142858 7.857142857142858 0.0 0 -0.22209453596307424 0.0 0.0 
-27.857142857142858 8.571428571428571 0.0 0 -0.32477302469558866 0.0 0.0 
-27.857142857142858 9.285714285714286 0.0 0 -0.4394833876807872 0.0 0.0 
-25.714285714285715 -9.285714285714286 0.0 0 -0.17912345018201065 0.0 0.0 
-25.714285714285715 -8.571428571428571 0.0 0 -0.15370666443049177 0.0 0.0 
-25.714285714285715 -7.857142857142858 0.0 0 -0.030926581016714916 0.0 0.0 
-25.714285714285715 -7.142857142857143 0.0 0 0.33942531940037424 0.0 0.0 
-25.714285714285715 -6.428571428571429 0.0 0 0.6314567258721752 0.0 0.0 
-25.714285714285715 -5.714285714285714 0.0 0 1.0049031851061563 0.0 0.0 
-25.714285714285715 -5.0 0.0 0 1.209299747040415 0.0 0.0 
-25.714285714285715 -4.285714285714286 0.0 0 1.4009633242943718 0.0 0.0 
-25.714285714285715 -3.5714285714285716 0.0 0 1.4295149315776885 0.0 0.0 
-25.714285714285715 -2.857142857142857 0.0 0 1.417261285470322 0.0 0.0 
-25.714285714285715 -2.142857142857143 0.0 0 1.2770381487356097 0.0 0.0 
-25.714285714285715 -1.4285714285714286 0.0 0 1.090455354679602 0.0 0.0 
-25.714285714285715 -0.7142857142857143 0.0 0 0.8486435525161464 0.0 0.0 
-25.714285714285715 -0.0 0.0 0 0.5855114946647133 0.0 0.0 
-25.714285714285715 0.0 0.0 0 0.3240786200315653 0.0 0.0 
-25.714285714285715 0.7142857142857143 0.0 0 0.0537831823054985 0.0 0.0 
-25.714285714285715 1.4285714285714286 0.0 0 -0.15933906444678525 0.0 0.0 
-25.714285714285715 2.142857142857143 0.0 0 -0.40180040352546786 0.0 0.0 
-25.714285714285715 2.857142857142857 0.0 0 -0.5868450952465756 0.0 0.0 
-25.714285714285715 3.5714285714285716 0.0 0 -0.686074817542162 0.0 0.0 
-25.714285714285715 4.285714285714286 0.0 0 -0.8901341177048736 0.0 0.0 
-25.714285714285715 5.0 0.0 0 -0.9667820334955506 0.0 0.0 
-25.714285714285715 5.714285714285714 0.0 0 -0.8964348288501305 0.0 0.0 
-25.714285714285715 6.428571428571429 0.0 0 -0.9950670943924415 0.0 0.0 
-25.714285714285715 7.142857142857143 0.0 0 -1.1241700289308956 0.0 0.0 
-25.714285714285715 7.857142857142858 0.0 0 -0.6503062694274966 0.0 0.0 
-25.714285714285715 8.571428571428571 0.0 0 -0.7969957851465437 0.0 0.0 
-25.714285714285715 9.285714285714286 0.0 0 -0.9895090117708017 0.0 0.0 
-23.57142857142857 -9.285714285714286 0.0 0 -0.2847281354568198 0.0 0.0 
-23.57142857142857 -8.571428571428571 0.0 0 -0.09120083755726138 0.0 0.0 
-23.57142857142857 -7.857142857142858 0.0 0 0.18948127422379002 0.0 0.0 
-23.57142857142857 -7.142857142857143 0.0 0 0.7275857110522636 0.0 0.0 
-23.57142857142857 -6.428571428571429 0.0 0 1.057457511221358 0.0 0.0 
-23.57142857142857 -5.714285714285714 0.0 0 1.465582210229337 0.0 0.0 
-23.57142857142857 -5.0 0.0 0 1.5852912666181092 0.0 0.0 
-23.57142857142857 -4.285714285714286 0.0 0 1.7232271986727288 0.0 0.0 
-23.57142857142857 -3.5714285714285716 0.0 1 1.6034023226275707 0.0 0.0 
-23.57142857142857 -2.857142857142857 0.0 1 1.5095306235489885 0.0 0.0 
-23.57142857142857 -2.142857142857143 0.0 1 1.190182310269174 0.0 0.0 
-23.57142857142857 -1.4285714285714286 0.0 1 0.9193246497583873 0.0 0.0 
-23.57142857142857 -0.7142857142857143 0.0 1 0.5227809440220705 0.0 0.0 
-23.57142857142857 -0.0 0.0 0 0.22211015843283255 0.0 0.0 
-23.57142857142857 0.0 0.0 0 -0.14376703588695128 0.0 0.0 
-23.57142857142857 0.7142857142857143 0.0 0 -0.40444538947201547 0.0 0.0 
-23.57142857142857 1.4285714285714286 0.0 0 -0.6626913458158447 0.0 0.0 
-23.57142857142857 2.142857142857143 0.0 0 -0.8601793292265774 0.0 0.0 
-23.57142857142857 2.857142857142857 0.0 0 -1.0784130615307053 0.0 0.0 
-23.57142857142857 3.5714285714285716 0.0 0 -1.101433839554954 0.0 0.0 
-23.57142857142857 4.285714285714286 0.0 0 -1.358849871089228 0.0 0.0 
-23.57142857142857 5.0 0.0 0 -1.3958415363887542 0.0 0.0 
-23.57142857142857 5.714285714285714 0.0 0 -1.3180571819501148 0.0 0.0 
-23.57142857142857 6.428571428571429 0.0 0 -1.3734652581196842 0.0 0.0 
-23.57142857142857 7.142857142857143 0.0 0 -1.5309099347615835 0.0 0.0 
-23.57142857142857 7.857142857142858 0.0 0 -0.8163370989813046 0.0 0.0 
-23.57142857142857 8.571428571428571 0.0 0 -0.9730589177160893 0.0 0.0 
-23.57142857142857 9.285714285714286 0.0 0 -1.2658449109311247 0.0 0.0 
-21.428571428571427 -9.285714285714286 0.0 0 -0.4657385873937976 0.0 0.0 
-21.428571428571427 -8.571428571428571 0.0 0 -0.13826857715177365 0.0 0.0 
-21.428571428571427 -7.857142857142858 0.0 0 0.33870968014141245 0.0 0.0 
-21.428571428571427 -7.142857142857143 0.0 0 0.8886619390400656 0.0 0.0 
-21.428571428571427 -6.428571428571429 0.0 0 1.2203807793623425 0.0 0.0 
-21.428571428571427 -5.714285714285714 0.0 0 1.5268320251159513 0.0 0.0 
-21.428571428571427 -5.0 0.0 1 1.5658645221442669 0.0 0.0 
-21.428571428571427 -4.285714285714286 0.0 1 1.5742724860638315 0.0 0.0 
-21.428571428571427 -3.5714285714285716 0.0 1 1.3720478399459435 0.0 0.0 
-21.428571428571427 -2.857142857142857 0.0 1 1.1749614942023086 0.0 0.0 
-21.428571428571427 -2.142857142857143 0.0 1 0.7637884019372687 0.0 0.0 
-21.428571428571427 -1.4285714285714286 0.0 1 0.40830794441320983 0.0 0.0 
-21.428571428571427 -0.7142857142857143 0.0 1 -0.02064390467166244 0.0 0.0 
-21.428571428571427 -0.0 0.0 0 -0.3320874416383419 0.0 0.0 
-21.428571428571427 0.0 0.0 0 -0.6724251227254386 0.0 0.0 
-21.428571428571427 0.7142857142857143 0.0 0 -0.9098866623365337 0.0 0.0 
-21.428571428571427 1.4285714285714286 0.0 0 -1.133326586475703 0.0 0.0 
-21.428571428571427 2.142857142857143 0.0 0 -1.3292014379047068 0.0 0.0 
-21.428571428571427 2.857142857142857 0.0 0 -1.5353932763430864 0.0 0.0 
-21.428571428571427 3.5714285714285716 0.0 0 -1.5200809992643687 0.0 0.0 
-21.428571428571427 4.285714285714286 0.0 0 -1.7280878757879143 0.0 0.0 
-21.428571428571427 5.0 0.0 0 -1.7152461566577073 0.0 0.0 
-21.428571428571427 5.714285714285714 0.0 0 -1.5477844418487372 0.0 0.0 
-21.428571428571427 6.428571428571429 0.0 0 -1.5711809810832116 0.0 0.0 
-21.428571428571427 7.142857142857143 0.0 0 -1.7234194855455494 0.0 0.0 
-21.428571428571427 7.857142857142858 0.0 0 -0.9510788943564575 0.0 0.0 
-21.428571428571427 8.571428571428571 0.0 0 -0.985138966711548 0.0 0.0 
-21.428571428571427 9.285714285714286 0.0 0 -1.3898622130820595 0.0 0.0 
-19.285714285714285 -9.285714285714286 0.0 0 -0.7515072798508177 0.0 0.0 
-19.285714285714285 -8.571428571428571 0.0 0 -0.10035576233782928 0.0 0.0 
-19.285714285714285 -7.857142857142858 0.0 0 0.41470064488946856 0.0 0.0 
-19.285714285714285 -7.142857142857143 0.0 0 1.0115228342365512 0.0 0.0 
-19.285714285714285 -6.428571428571429 0.0 0 1.2276987260089718 0.0 0.0 
-19.285714285714285 -5.714285714285714 0.0 1 1.4881462342228626 0.0 0.0 
-19.285714285714285 -5.0 0.0 1 1.402547499969701 0.0 0.0 
-19.285714285714285 -4.285714285714286 0.0 1 1.3550282871513364 0.0 0.0 
-19.285714285714285 -3.5714285714285716 0.0 1 1.0894579115530143 0.0 0.0 
-19.285714285714285 -2.857142857142857 0.0 1 0.8361996812752868 0.0 0.0 
-19.285714285714285 -2.142857142857143 0.0 1 0.3470424609911289 0.0 0.0 
-19.285714285714285 -1.4285714285714286 0.0 1 -0.05755181553687705 0.0 0.0 
-19.285714285714285 -0.7142857142857143 0.0 0 -0.5219658823865636 0.0 0.0 
-19.285714285714285 -0.0 0.0 0 -0.8273524295132377 0.0 0.0 
-19.285714285714285 0.0 0.0 0 -1.1857062627917596 0.0 0.0 
-19.285714285714285 0.7142857142857143 0.0 0 -1.3884679513005513 0.0 0.0 
-19.285714285714285 1.4285714285714286 0.0 0 -1.5604575563335035 0.0 0.0 
-19.285714285714285 2.142857142857143 0.0 0 -1.7091631609048745 0.0 0.0 
-19.285714285714285 2.857142857142857 0.0 0 -1.8476911236957307 0.0 0.0 
-19.285714285714285 3.5714285714285716 0.0 0 -1.770586925978369 0.0 0.0 
-19.285714285714285 4.285714285714286 0.0 0 -1.9321838161753702 0.0 0.0 
-19.285714285714285 5.0 0.0 0 -1.9150140070889463 0.0 0.0 
-19.285714285714285 5.714285714285714 0.0 0 -1.6728755210234385 0.0 0.0 
-19.285714285714285 6.428571428571429 0.0 0 -1.6940618706131447 0.0 0.0 
-19.285714285714285 7.142857142857143 0.0 0 -1.8049787534352446 0.0 0.0 
-19.285714285714285 7.857142857142858 0.0 0 -1.0438314966672668 0.0 0.0 
-19.285714285714285 8.571428571428571 0.0 0 -0.8356227256501585 0.0 0.0 
-19.285714285714285 9.285714285714286 0.0 0 -1.4143210820792604 0.0 0.0 
-17.142857142857142 -9.285714285714286 0.0 0 -0.9414109413637101 0.0 0.0 
-17.142857142857142 -8.571428571428571 0.0 0 0.032545165281593375 0.0 0.0 
-17.142857142857142 -7.857142857142858 0.0 0 0.35091180064182226 0.0 0.0 
-17.142857142857142 -7.142857142857143 0.0 1 0.9836103221264925 0.0 0.0 
-17.142857142857142 -6.428571428571429 0.0 1 0.9627307211488345 0.0 0.0 
-17.142857142857142 -5.714285714285714 0.0 1 1.2276912906354327 0.0 0.0 
-17.142857142857142 -5.0 0.0 1 0.9514246981441195 0.0 0.0 
-17.142857142857142 -4.285714285714286 0.0 1 0.928029407318864 0.0 0.0 
-17.142857142857142 -3.5714285714285716 0.0 1 0.532044489096317 0.0 0.0 
-17.142857142857142 -2.857142857142857 0.0 1 0.29532003990841416 0.0 0.0 
-17.142857142857142 -2.142857142857143 0.0 1 -0.36449714377579334 0.0 0.0 
-17.142857142857142 -1.4285714285714286 0.0 0 -0.7304526378688456 0.0 0.0 
-17.142857142857142 -0.7142857142857143 0.0 0 -1.135972810785735 0.0 0.0 
-17.142857142857142 -0.0 0.0 0 -1.3495540755578301 0.0 0.0 
-17.142857142857142 0.0 0.0 0 -1.5855158148814987 0.0 0.0 
-17.142857142857142 0.7142857142857143 0.0 0 -1.7206352258945736 0.0 0.0 
-17.142857142857142 1.4285714285714286 0.0 0 -1.8282393475371763 0.0 0.0 
-17.142857142857142 2.142857142857143 0.0 0 -1.9875321858077835 0.0 0.0 
-17.142857142857142 2.857142857142857 0.0 0 -2.116577257138586 0.0 0.0 
-17.142857142857142 3.5714285714285716 0.0 0 -2.0253715205489433 0.0 0.0 
-17.142857142857142 4.285714285714286 0.0 0 -2.1568337600387038 0.0 0.0 
-17.142857142857142 5.0 0.0 -1 -2.148635649221231 0.0 0.0 
-17.142857142857142 5.714285714285714 0.0 0 -1.8021102214809082 0.0 0.0 
-17.142857142857142 6.428571428571429 0.0 0 -1.852795973013088 0.0 0.0 
-17.142857142857142 7.142857142857143 0.0 -1 -1.8777075836301225 0.0 0.0 
-17.142857142857142 7.857142857142858 0.0 0 -1.1513321522407272 0.0 0.0 
-17.142857142857142 8.571428571428571 0.0 0 -0.6759248719971683 0.0 0.0 
-17.142857142857142 9.285714285714286 0.0 0 -1.408310304573377 0.0 0.0 
-15.0 -9.285714285714286 0.0 0 -0.9739164761902108 0.0 0.0 
-15.0 -8.571428571428571 0.0 0 0.12461039768594939 0.0 0.0 
-15.0 -7.857142857142858 0.0 0 0.1499063362807307 0.0 0.0 
-15.0 -7.142857142857143 0.0 1 0.7400799432800351 0.0 0.0 
-15.0 -6.428571428571429 0.0 1 0.4993412253747569 0.0 0.0 
-15.0 -5.714285714285714 0.0 1 0.7588407296258002 0.0 0.0 
-15.0 -5.0 0.0 1 0.3455284713593407 0.0 0.0 
-15.0 -4.285714285714286 0.0 1 0.34616430395091635 0.0 0.0 
-15.0 -3.5714285714285716 0.0 1 -0.08851539754094429 0.0 0.0 
-15.0 -2.857142857142857 0.0 0 0.16441346032161608 0.0 0.0 
-15.0 -2.142857142857143 0.0 0 -0.3209257165341617 0.0 0.0 
-15.0 -1.4285714285714286 0.0 0 -0.4642704990705526 0.0 0.0 
-15.0 1.4285714285714286 0.0 0 -2.156616987940285 0.0 0.0 
-15.0 2.142857142857143 0.0 0 -2.344646808856409 0.0 0.0 
-15.0 2.857142857142857 0.0 0 -2.4467504365954396 0.0 0.0 
-15.0 3.5714285714285716 0.0 0 -2.331472979320961 0.0 0.0 
-15.0 4.285714285714286 0.0 -1 -2.4157521985287884 0.0 0.0 
-15.0 5.0 0.0 -1 -2.468222182389244 0.0 0.0 
-15.0 5.714285714285714 0.0 -1 -2.0107769184480326 0.0 0.0 
-15.0 6.428571428571429 0.0 0 -2.1499433752101464 0.0 0.0 
-15.0 7.142857142857143 0.0 -1 -2.076942112707217 0.0 0.0 
-15.0 7.857142857142858 0.0 0 -1.3069793053914132 0.0 0.0 
-15.0 8.571428571428571 0.0 0 -0.6371199640733384 0.0 0.0 
-15.0 9.285714285714286 0.0 0 -1.584732507288597 0.0 0.0 
-12.857142857142858 -9.285714285714286 0.0 0 -1.1351721031258972 0.0 0.0 
-12.857142857142858 -8.571428571428571 0.0 0 0.07569358849347374 0.0 0.0 
-12.857142857142858 -7.857142857142858 0.0 1 -0.25860537564243824 0.0 0.0 
-12.857142857142858 -7.142857142857143 0.0 1 0.4022301505112327 0.0 0.0 
-12.857142857142858 -6.428571428571429 0.0 2 0.019084072938157615 0.0 0.0 
-12.857142857142858 -5.714285714285714 0.0 2 0.4226435869815943 0.0 0.0 
-12.857142857142858 -5.0 0.0 2 0.015299976594739917 0.0 0.0 
-12.857142857142858 -4.285714285714286 0.0 2 0.23008993429382496 0.0 0.0 
-12.857142857142858 -3.5714285714285716 0.0 1 0.08016816277450589 0.0 0.0 
-12.857142857142858 -2.857142857142857 0.0 0 0.34176182453894777 0.0 0.0 
-12.857142857142858 -2.142857142857143 0.0 0 -0.23222866651658602 0.0 0.0 
-12.857142857142858 2.142857142857143 0.0 0 -2.811915485662804 0.0 0.0 
-12.857142857142858 2.857142857142857 0.0 -1 -2.939194706945529 0.0 0.0 
-12.857142857142858 3.5714285714285716 0.0 -1 -2.738488667302162 0.0 0.0 
-12.857142857142858 4.285714285714286 0.0 -1 -2.826792882800712 0.0 0.0 
-12.857142857142858 5.0 0.0 -1 -2.889087958792814 0.0 0.0 
-12.857142857142858 5.714285714285714 0.0 -1 -2.3621470292476108 0.0 0.0 
-12.857142857142858 6.428571428571429 0.0 -1 -2.504983503335403 0.0 0.0 
-12.857142857142858 7.142857142857143 0.0 -1 -2.4205989909878918 0.0 0.0 
-12.857142857142858 7.857142857142858 0.0 0 -1.4736490462853014 0.0 0.0 
-12.857142857142858 8.571428571428571 0.0 0 -0.8368855101784015 0.0 0.0 
-12.857142857142858 9.285714285714286 0.0 0 -2.045292487132528 0.0 0.0 
-10.714285714285714 -9.285714285714286 0.0 0 -1.1530477714284983 0.0 0.0 
-10.714285714285714 -8.571428571428571 0.0 1 0.4167375090166976 0.0 0.0 
-10.714285714285714 -7.857142857142858 0.0 1 -0.3719726380720765 0.0 0.0 
-10.714285714285714 -7.142857142857143 0.0 1 0.6154557799988489 0.0 0.0 
-10.714285714285714 -6.428571428571429 0.0 2 -0.010640165528471801 0.0 0.0 
-10.714285714285714 -5.714285714285714 0.0 2 0.6530845290816654 0.0 0.0 
-10.714285714285714 -5.0 0.0 1 -0.03864557740461416 0.0 0.0 
-10.714285714285714 -4.285714285714286 0.0 1 0.14540731192457756 0.0 0.0 
-10.714285714285714 -3.5714285714285716 0.0 0 0.24617462198993323 0.0 0.0 
-10.714285714285714 -2.857142857142857 0.0 0 0.06019158389051649 0.0 0.0 
-10.714285714285714 -2.142857142857143 0.0 0 -0.9522772299673086 0.0 0.0 
-10.714285714285714 2.142857142857143 0.0 -1 -3.194609895971653 0.0 0.0 
-10.714285714285714 2.857142857142857 0.0 -1 -3.272037403125772 0.0 0.0 
-10.714285714285714 3.5714285714285716 0.0 -1 -3.0045411587488102 0.0 0.0 
-10.714285714285714 4.285714285714286 0.0 -1 -3.110294137210367 0.0 0.0 
-10.714285714285714 5.0 0.0 -1 -3.1913696563190985 0.0 0.0 
-10.714285714285714 5.714285714285714 0.0 -1 -2.640219247115084 0.0 0.0 
-10.714285714285714 6.428571428571429 0.0 -1 -2.733139858447059 0.0 0.0 
-10.714285714285714 7.142857142857143 0.0 -1 -2.632225182339841 0.0 0.0 
-10.714285714285714 7.857142857142858 0.0 0 -1.424454371593244 0.0 0.0 
-10.714285714285714 8.571428571428571 0.0 0 -0.8024812887412598 0.0 0.0 
-10.714285714285714 9.285714285714286 0.0 0 -2.4861499707221406 0.0 0.0 
-8.571428571428571 -9.285714285714286 0.0 1 -0.665491074194454 0.0 0.0 
-8.571428571428571 -8.571428571428571 0.0 1 0.8731022696288329 0.0 0.0 
-8.571428571428571 -7.857142857142858 0.0 1 -0.1281276747060418 0.0 0.0 
-8.571428571428571 -7.142857142857143 0.0 1 0.9164307268110725 0.0 0.0 
-8.571428571428571 -6.428571428571429 0.0 1 0.0948675167491837 0.0 0.0 
-8.571428571428571 -5.714285714285714 0.0 1 0.8039088524141307 0.0 0.0 
-8.571428571428571 -5.0 0.0 1 -0.030449974295376325 0.0 0.0 
-8.571428571428571 -4.285714285714286 0.0 0 0.9078806265947177 0.0 0.0 
-8.571428571428571 -3.5714285714285716 0.0 1 0.38270411494019063 0.0 0.0 
-8.571428571428571 -2.857142857142857 0.0 0 0.2795235504833178 0.0 0.0 
-8.571428571428571 -2.142857142857143 0.0 0 -0.7523012487014256 0.0 0.0 
-8.571428571428571 2.142857142857143 0.0 -1 -3.39012012387217 0.0 0.0 
-8.571428571428571 2.857142857142857 0.0 -1 -3.398114559154535 0.0 0.0 
-8.571428571428571 3.5714285714285716 0.0 -1 -3.058666933998264 0.0 0.0 
-8.571428571428571 4.285714285714286 0.0 -1 -3.2430062838674605 0.0 0.0 
-8.571428571428571 5.0 0.0 -1 -3.297474997330622 0.0 0.0 
-8.571428571428571 5.714285714285714 0.0 -1 -2.7248599862812855 0.0 0.0 
-8.571428571428571 6.428571428571429 0.0 -1 -2.7300271065786967 0.0 0.0 
-8.571428571428571 7.142857142857143 0.0 -1 -2.5651932236622157 0.0 0.0 
-8.571428571428571 7.857142857142858 0.0 0 -1.670248581605994 0.0 0.0 
-8.571428571428571 8.571428571428571 0.0 0 -0.6153512434025357 0.0 0.0 
-8.571428571428571 9.285714285714286 0.0 0 -2.617733169755911 0.0 0.0 
-6.428571428571429 -9.285714285714286 0.0 1 -0.3788584201232219 0.0 0.0 
-6.428571428571429 -8.571428571428571 0.0 1 0.7084502535179789 0.0 0.0 
-6.428571428571429 -7.857142857142858 0.0 1 -0.1177232930387837 0.0 0.0 
-6.428571428571429 -7.142857142857143 0.0 1 0.765721205860042 0.0 0.0 
-6.428571428571429 -6.428571428571429 0.0 1 0.1583143055636822 0.0 0.0 
-6.428571428571429 -5.714285714285714 0.0 1 0.8608782368042296 0.0 0.0 
-6.428571428571429 -5.0 0.0 1 0.7414429993519605 0.0 0.0 
-6.428571428571429 -4.285714285714286 0.0 1 1.1359650491071478 0.0 0.0 
-6.428571428571429 -3.5714285714285716 0.0 1 0.2838876749860999 0.0 0.0 
-6.428571428571429 -2.857142857142857 0.0 0 -0.08599097927808375 0.0 0.0 
-6.428571428571429 -2.142857142857143 0.0 0 -1.1607564746510564 0.0 0.0 
-6.428571428571429 2.142857142857143 0.0 -1 -3.5221010303231317 0.0 0.0 
-6.428571428571429 2.857142857142857 0.0 -1 -3.4400727214774056 0.0 0.0 
-6.428571428571429 3.5714285714285716 0.0 -1 -3.0453962044646996 0.0 0.0 
-6.428571428571429 4.285714285714286 0.0 -1 -3.3618974954707053 0.0 0.0 
-6.428571428571429 5.0 0.0 -1 -3.4132664448418404 0.0 0.0 
-6.428571428571429 5.714285714285714 0.0 -1 -2.7845511053723646 0.0 0.0 
-6.428571428571429 6.428571428571429 0.0 -1 -2.787984333879697 0.0 0.0 
-6.428571428571429 7.142857142857143 0.0 0 -3.1585144451494593 0.0 0.0 
-6.428571428571429 7.857142857142858 0.0 0 -1.536412459238062 0.0 0.0 
-6.428571428571429 8.571428571428571 0.0 0 -0.22733905301411528 0.0 0.0 
-6.428571428571429 9.285714285714286 0.0 0 -2.526993239264024 0.0 0.0 
-4.285714285714286 -9.285714285714286 0.0 1 -0.46238767298144423 0.0 0.0 
-4.285714285714286 -8.571428571428571 0.0 1 0.6300133482672816 0.0 0.0 
-4.285714285714286 -7.857142857142858 0.0 1 -0.026239277508825154 0.0 0.0 
-4.285714285714286 -7.142857142857143 0.0 1 0.9418194907195714 0.0 0.0 
-4.285714285714286 -6.428571428571429 0.0 2 0.41893259227236035 0.0 0.0 
-4.285714285714286 -5.714285714285714 0.0 2 1.1298898549182517 0.0 0.0 
-4.285714285714286 -5.0 0.0 1 0.7773500801380786 0.0 0.0 
-4.285714285714286 -4.285714285714286 0.0 1 0.9436890250323224 0.0 0.0 
-4.285714285714286 -3.5714285714285716 0.0 1 0.09416000272813463 0.0 0.0 
-4.285714285714286 -2.857142857142857 0.0 0 -0.40133408023463435 0.0 0.0 
-4.285714285714286 -2.142857142857143 0.0 0 -1.407333956695023 0.0 0.0 
-4.285714285714286 2.142857142857143 0.0 -1 -3.5635530308611076 0.0 0.0 
-4.285714285714286 2.857142857142857 0.0 -1 -3.3645665270063323 0.0 0.0 
-4.285714285714286 3.5714285714285716 0.0 -1 -2.9999734555342474 0.0 0.0 
-4.285714285714286 4.285714285714286 0.0 -1 -3.48559183002963 0.0 0.0 
-4.285714285714286 5.0 0.0 -1 -3.509477631553208 0.0 0.0 
-4.285714285714286 5.714285714285714 0.0 -1 -2.691954568767784 0.0 0.0 
-4.285714285714286 6.428571428571429 0.0 0 -3.243434294713137 0.0 0.0 
-4.285714285714286 7.142857142857143 0.0 0 -3.0263491480427795 0.0 0.0 
-4.285714285714286 7.857142857142858 0.0 0 -1.1081076102838305 0.0 0.0 
-4.285714285714286 8.571428571428571 0.0 1 0.2799151799607107 0.0 0.0 
-4.285714285714286 9.285714285714286 0.0 0 -2.330276511831712 0.0 0.0 
-2.142857142857143 -9.285714285714286 0.0 1 -0.13386684200243804 0.0 0.0 
-2.142857142857143 -8.571428571428571 0.0 1 0.8103092376742347 0.0 0.0 
-2.142857142857143 -7.857142857142858 0.0 1 0.008048095308001102 0.0 0.0 
-2.142857142857143 -7.142857142857143 0.0 1 1.0288435783165926 0.0 0.0 
-2.142857142857143 -6.428571428571429 0.0 1 0.39753709804801485 0.0 0.0 
-2.142857142857143 -5.714285714285714 0.0 1 1.7731233191056106 0.0 0.0 
-2.142857142857143 -5.0 0.0 1 0.9861878352548454 0.0 0.0 
-2.142857142857143 -4.285714285714286 0.0 1 1.085668566217266 0.0 0.0 
-2.142857142857143 -3.5714285714285716 0.0 1 0.10017360010266296 0.0 0.0 
-2.142857142857143 -2.857142857142857 0.0 0 0.07921952220743966 0.0 0.0 
-2.142857142857143 -2.142857142857143 0.0 0 -1.265531520746953 0.0 0.0 
-2.142857142857143 2.142857142857143 0.0 -1 -3.341160005815961 0.0 0.0 
-2.142857142857143 2.857142857142857 0.0 -1 -3.0346284287910255 0.0 0.0 
-2.142857142857143 3.5714285714285716 0.0 -1 -2.7709292581326292 0.0 0.0 
-2.142857142857143 4.285714285714286 0.0 -1 -3.477127623995955 0.0 0.0 
-2.142857142857143 5.0 0.0 -2 -3.3688884772727468 0.0 0.0 
-2.142857142857143 5.714285714285714 0.0 0 -2.8643050013349254 0.0 0.0 
-2.142857142857143 6.428571428571429 0.0 0 -2.896595902321408 0.0 0.0 
-2.142857142857143 7.142857142857143 0.0 0 -2.4166029210676205 0.0 0.0 
-2.142857142857143 7.857142857142858 0.0 0 -0.10636711471122932 0.0 0.0 
-2.142857142857143 8.571428571428571 0.0 1 1.0977371607185815 0.0 0.0 
-2.142857142857143 9.285714285714286 0.0 0 -2.099345004150659 0.0 0.0 
-0.0 -9.285714285714286 0.0 1 0.07822333037595564 0.0 0.0 
-0.0 -8.571428571428571 0.0 1 0.33138197871884856 0.0 0.0 
-0.0 -7.857142857142858 0.0 1 0.18974640335869797 0.0 0.0 
-0.0 -7.142857142857143 0.0 1 1.1396417481504746 0.0 0.0 
-0.0 -6.428571428571429 0.0 2 0.8814348435260588 0.0 0.0 
-0.0 -5.714285714285714 0.0 1 1.9233489302638371 0.0 0.0 
-0.0 -5.0 0.0 1 1.2806189711691354 0.0 0.0 
-0.0 -4.285714285714286 0.0 1 1.4347331575635243 0.0 0.0 
-0.0 -3.5714285714285716 0.0 0 0.9873413674104996 0.0 0.0 
-0.0 -2.857142857142857 0.0 0 0.41697473306433075 0.0 0.0 
-0.0 -2.142857142857143 0.0 0 -0.9902162684408331 0.0 0.0 
-0.0 2.142857142857143 0.0 -2 -2.9391033009068184 0.0 0.0 
-0.0 2.857142857142857 0.0 -1 -2.559690419412256 0.0 0.0 
-0.0 3.5714285714285716 0.0 -1 -2.4913342471622237 0.0 0.0 
-0.0 4.285714285714286 0.0 -2 -3.5177832174796038 0.0 0.0 
-0.0 5.0 0.0 -1 -3.8191552144746423 0.0 0.0 
-0.0 5.714285714285714 0.0 0 -2.3657354815472917 0.0 0.0 
-0.0 6.428571428571429 0.0 0 -2.1908776229391016 0.0 0.0 
-0.0 7.142857142857143 0.0 0 -1.4730187240896027 0.0 0.0 
-0.0 7.857142857142858 0.0 0 1.553197516293669 0.0 0.0 
-0.0 8.571428571428571 0.0 2 1.6453737526451462 0.0 0.0 
-0.0 9.285714285714286 0.0 0 -1.508815967146238 0.0 0.0 
0.0 -9.285714285714286 0.0 1 0.2949503912024154 0.0 0.0 
0.0 -8.571428571428571 0.0 1 0.4401605631050114 0.0 0.0 
0.0 -7.857142857142858 0.0 1 0.46391749014776495 0.0 0.0 
0.0 -7.142857142857143 0.0 1 1.0695783035151876 0.0 0.0 
0.0 -6.428571428571429 0.0 2 1.6505822353070538 0.0 0.0 
0.0 -5.714285714285714 0.0 1 2.231361769846723 0.0 0.0 
0.0 -5.0 0.0 1 2.3185112918586994 0.0 0.0 
0.0 -4.285714285714286 0.0 0 2.486707580210462 0.0 0.0 
0.0 -3.5714285714285716 0.0 0 1.8259846102935162 0.0 0.0 
0.0 -2.857142857142857 0.0 0 0.5798089254612515 0.0 0.0 
0.0 -2.142857142857143 0.0 0 -0.6288882233160152 0.0 0.0 
0.0 2.142857142857143 0.0 -1 -2.578408365365793 0.0 0.0 
0.0 2.857142857142857 0.0 -1 -1.6854693354892472 0.0 0.0 
0.0 3.5714285714285716 0.0 -1 -2.582476497395418 0.0 0.0 
0.0 4.285714285714286 0.0 -2 -3.606728598695679 0.0 0.0 
0.0 5.0 0.0 -1 -3.352826303525143 0.0 0.0 
0.0 5.714285714285714 0.0 0 -2.0003896631686655 0.0 0.0 
0.0 6.428571428571429 0.0 0 -0.9123503572704688 0.0 0.0 
0.0 7.142857142857143 0.0 0 -0.01513650886723128 0.0 0.0 
0.0 7.857142857142858 0.0 1 2.9498064507717086 0.0 0.0 
0.0 8.571428571428571 0.0 2 1.9032129190901597 0.0 0.0 
0.0 9.285714285714286 0.0 0 -1.4917657375105269 0.0 0.0 
2.142857142857143 -9.285714285714286 0.0 1 0.5321045181911477 0.0 0.0 
2.142857142857143 -8.571428571428571 0.0 0 0.18303883828595535 0.0 0.0 
2.142857142857143 -7.857142857142858 0.0 0 0.5954250305726018 0.0 0.0 
2.142857142857143 -7.142857142857143 0.0 1 1.3651167116446556 0.0 0.0 
2.142857142857143 -6.428571428571429 0.0 0 2.311836311727218 0.0 0.0 
2.142857142857143 -5.714285714285714 0.0 1 2.8352931305535236 0.0 0.0 
2.142857142857143 -5.0 0.0 0 3.357526039885875 0.0 0.0 
2.142857142857143 -4.285714285714286 0.0 0 2.9574756930646795 0.0 0.0 
2.142857142857143 -3.5714285714285716 0.0 0 1.264443178290668 0.0 0.0 
2.142857142857143 -2.857142857142857 0.0 0 0.30057009097808973 0.0 0.0 
2.142857142857143 -2.142857142857143 0.0 0 -1.6324805193602696 0.0 0.0 
2.142857142857143 1.4285714285714286 0.0 -2 -4.1119080656083336 0.0 0.0 
2.142857142857143 2.142857142857143 0.0 0 -2.5452395446951153 0.0 0.0 
2.142857142857143 2.857142857142857 0.0 -1 -1.6414019941528646 0.0 0.0 
2.142857142857143 3.5714285714285716 0.0 -1 -3.467550927748933 0.0 0.0 
2.142857142857143 4.285714285714286 0.0 -2 -4.9650863600023545 0.0 0.0 
2.142857142857143 5.0 0.0 0 -3.5505148840508887 0.0 0.0 
2.142857142857143 5.714285714285714 0.0 1 -0.9634610889582829 0.0 0.0 
2.142857142857143 6.428571428571429 0.0 0 0.738905999937251 0.0 0.0 
2.142857142857143 7.142857142857143 0.0 1 1.5866172916136336 0.0 0.0 
2.142857142857143 7.857142857142858 0.0 2 3.2162872166622414 0.0 0.0 
2.142857142857143 8.571428571428571 0.0 3 2.001485214122181 0.0 0.0 
2.142857142857143 9.285714285714286 0.0 0 -1.497917026921719 0.0 0.0 
4.285714285714286 -9.285714285714286 0.0 0 -0.2190762425543662 0.0 0.0 
4.285714285714286 -8.571428571428571 0.0 0 0.26782746990185136 0.0 0.0 
4.285714285714286 -7.857142857142858 0.0 0 1.0216920396591695 0.0 0.0 
4.285714285714286 -7.142857142857143 0.0 1 1.6871000343961322 0.0 0.0 
4.285714285714286 -6.428571428571429 0.0 1 1.8242940582754417 0.0 0.0 
4.285714285714286 -5.714285714285714 0.0 1 2.815743091957756 0.0 0.0 
4.285714285714286 -5.0 0.0 1 2.1657764524876475 0.0 0.0 
4.285714285714286 -4.285714285714286 0.0 0 2.3273938469841244 0.0 0.0 
4.285714285714286 -3.5714285714285716 0.0 0 -0.19128780546095037 0.0 0.0 
4.285714285714286 -2.857142857142857 0.0 0 -0.43262172974385427 0.0 0.0 
4.285714285714286 -2.142857142857143 0.0 0 -2.5101345406386026 0.0 0.0 
4.285714285714286 -1.4285714285714286 0.0 -2 -4.721084307187226 0.0 0.0 
4.285714285714286 1.4285714285714286 0.0 -2 -4.483959215288086 0.0 0.0 
4.285714285714286 2.142857142857143 0.0 -1 -1.8011202643643505 0.0 0.0 
4.285714285714286 2.857142857142857 0.0 -1 -2.541174285667741 0.0 0.0 
4.285714285714286 3.5714285714285716 0.0 0 -4.597105418589214 0.0 0.0 
4.285714285714286 4.285714285714286 0.0 -1 -4.484503305156643 0.0 0.0 
4.285714285714286 5.0 0.0 0 -1.752973567557084 0.0 0.0 
4.285714285714286 5.714285714285714 0.0 1 1.1058465727915707 0.0 0.0 
4.285714285714286 6.428571428571429 0.0 1 1.646368990482264 0.0 0.0 
4.285714285714286 7.142857142857143 0.0 2 1.845926538916627 0.0 0.0 
4.285714285714286 7.857142857142858 0.0 2 3.2111132252625754 0.0 0.0 
4.285714285714286 8.571428571428571 0.0 2 2.7550628541542608 0.0 0.0 
4.285714285714286 9.285714285714286 0.0 0 -1.8948265046190909 0.0 0.0 
6.428571428571429 -9.285714285714286 0.0 0 0.5729751797908617 0.0 0.0 
6.428571428571429 -8.571428571428571 0.0 0 1.5036120294167334 0.0 0.0 
6.428571428571429 -7.857142857142858 0.0 1 1.2739085471357372 0.0 0.0 
6.428571428571429 -7.142857142857143 0.0 1 2.181988442557414 0.0 0.0 
6.428571428571429 -6.428571428571429 0.0 1 1.7058236257512158 0.0 0.0 
6.428571428571429 -5.714285714285714 0.0 1 2.830692270886512 0.0 0.0 
6.428571428571429 -5.0 0.0 1 2.2407300111255584 0.0 0.0 
6.428571428571429 -4.285714285714286 0.0 0 1.6334632023551308 0.0 0.0 
6.428571428571429 -3.5714285714285716 0.0 0 -0.024882787827422703 0.0 0.0 
6.428571428571429 -2.857142857142857 0.0 0 0.4996411083983235 0.0 0.0 
6.428571428571429 -2.142857142857143 0.0 0 -1.2047139678760772 0.0 0.0 
6.428571428571429 -1.4285714285714286 0.0 -2 -3.363693726880967 0.0 0.0 
6.428571428571429 -0.7142857142857143 0.0 -1 -3.5256996522507476 0.0 0.0 
6.428571428571429 -0.0 0.0 -1 -3.7446019997584967 0.0 0.0 
6.428571428571429 0.0 0.0 -3 -7.248956960994886 0.0 0.0 
6.428571428571429 2.142857142857143 0.0 -1 -3.2776370408681315 0.0 0.0 
6.428571428571429 2.857142857142857 0.0 -1 -3.5771404196860863 0.0 0.0 
6.428571428571429 3.5714285714285716 0.0 -1 -4.753347764641031 0.0 0.0 
6.428571428571429 4.285714285714286 0.0 0 -0.7567533272543785 0.0 0.0 
6.428571428571429 5.0 0.0 2 -0.23210296952342585 0.0 0.0 
6.428571428571429 5.714285714285714 0.0 2 4.881968527637785 0.0 0.0 
6.428571428571429 6.428571428571429 0.0 3 0.9820528874503238 0.0 0.0 
6.428571428571429 7.142857142857143 0.0 1 1.686361495225308 0.0 0.0 
6.428571428571429 7.857142857142858 0.0 0 0.3667232244504013 0.0 0.0 
6.428571428571429 8.571428571428571 0.0 0 0.4246061672319805 0.0 0.0 
6.428571428571429 9.285714285714286 0.0 0 -1.6739033612626155 0.0 0.0 
8.571428571428571 -9.285714285714286 0.0 0 0.7469724398407711 0.0 0.0 
8.571428571428571 -8.571428571428571 0.0 1 1.847549009855522 0.0 0.0 
8.571428571428571 -7.857142857142858 0.0 2 2.36632393159404 0.0 0.0 
8.571428571428571 -7.142857142857143 0.0 2 2.5375543036854284 0.0 0.0 
8.571428571428571 -6.428571428571429 0.0 1 2.470178618348567 0.0 0.0 
8.571428571428571 -5.714285714285714 0.0 0 2.245316555865797 0.0 0.0 
8.571428571428571 -5.0 0.0 0 1.907180406660671 0.0 0.0 
8.571428571428571 -4.285714285714286 0.0 -1 0.2788992372660444 0.0 0.0 
8.571428571428571 -3.5714285714285716 0.0 -1 -0.703428961583269 0.0 0.0 
8.571428571428571 -2.857142857142857 0.0 0 -0.5310603609825751 0.0 0.0 
8.571428571428571 -2.142857142857143 0.0 -1 -1.7247786621432448 0.0 0.0 
8.571428571428571 -1.4285714285714286 0.0 -1 -1.1153557448446874 0.0 0.0 
8.571428571428571 -0.7142857142857143 0.0 0 -0.983563846348771 0.0 0.0 
8.571428571428571 -0.0 0.0 0 -0.11213884906365212 0.0 0.0 
8.571428571428571 0.0 0.0 -3 -4.262532194105448 0.0 0.0 
8.571428571428571 0.7142857142857143 0.0 -1 -2.8653197466998295 0.0 0.0 
8.571428571428571 1.4285714285714286 0.0 0 -1.6553063899199263 0.0 0.0 
8.571428571428571 3.5714285714285716 0.0 -1 -2.7448866504538936 0.0 0.0 
8.571428571428571 4.285714285714286 0.0 2 1.933480168781673 0.0 0.0 
8.571428571428571 5.0 0.0 2 3.279394171288138 0.0 0.0 
8.571428571428571 5.714285714285714 0.0 4 4.523001825479171 0.0 0.0 
8.571428571428571 6.428571428571429 0.0 2 2.5954616095841545 0.0 0.0 
8.571428571428571 7.142857142857143 0.0 0 -2.9532677965107013 0.0 0.0 
8.571428571428571 7.857142857142858 0.0 1 1.549162890809329 0.0 0.0 
8.571428571428571 8.571428571428571 0.0 -1 -4.829258497220535 0.0 0.0 
8.571428571428571 9.285714285714286 0.0 0 -1.8107475183718527 0.0 0.0 
10.714285714285714 -9.285714285714286 0.0 0 0.7076779993259524 0.0 0.0 
10.714285714285714 -8.571428571428571 0.0 1 2.1407781264514654 0.0 0.0 
10.714285714285714 -7.857142857142858 0.0 1 2.847550506290227 0.0 0.0 
10.714285714285714 -7.142857142857143 0.0 1 3.018120275741692 0.0 0.0 
10.714285714285714 -6.428571428571429 0.0 1 2.875659517707657 0.0 0.0 
10.714285714285714 -5.714285714285714 0.0 0 2.393697349504723 0.0 0.0 
10.714285714285714 -5.0 0.0 0 2.0024351013123285 0.0 0.0 
10.714285714285714 -4.285714285714286 0.0 0 -0.49839459257259877 0.0 0.0 
10.714285714285714 -3.5714285714285716 0.0 -1 -2.3104881339674934 0.0 0.0 
10.714285714285714 -2.857142857142857 0.0 0 -2.7796742766124014 0.0 0.0 
10.714285714285714 -2.142857142857143 0.0 -3 -4.733031171941015 0.0 0.0 
10.714285714285714 -1.4285714285714286 0.0 -3 -4.248388726454186 0.0 0.0 
10.714285714285714 -0.7142857142857143 0.0 -2 -2.0759867467047965 0.0 0.0 
10.714285714285714 -0.0 0.0 -1 -3.086801167730063 0.0 0.0 
10.714285714285714 0.0 0.0 0 -0.5426773503469242 0.0 0.0 
10.714285714285714 0.7142857142857143 0.0 0 -1.271094890712103 0.0 0.0 
10.714285714285714 1.4285714285714286 0.0 1 1.5625323202709955 0.0 0.0 
10.714285714285714 2.142857142857143 0.0 -4 -5.778403546185452 0.0 0.0 
10.714285714285714 4.285714285714286 0.0 2 -0.05448214386839112 0.0 0.0 
10.714285714285714 5.0 0.0 5 4.345627693649476 0.0 0.0 
10.714285714285714 5.714285714285714 0.0 3 0.3960346873363463 0.0 0.0 
10.714285714285714 6.428571428571429 0.0 3 2.073880944267546 0.0 0.0 
10.714285714285714 7.142857142857143 0.0 -1 -5.686650622898631 0.0 0.0 
10.714285714285714 7.857142857142858 0.0 1 2.0782346607048527 0.0 0.0 
10.714285714285714 8.571428571428571 0.0 0 -4.403378078639003 0.0 0.0 
10.714285714285714 9.285714285714286 0.0 -7 -10.941770636585924 0.0 0.0 
12.857142857142858 -9.285714285714286 0.0 0 0.9098744098890088 0.0 0.0 
12.857142857142858 -8.571428571428571 0.0 2 2.664146549740818 0.0 0.0 
12.857142857142858 -7.857142857142858 0.0 1 2.529108419747557 0.0 0.0 
12.857142857142858 -7.142857142857143 0.0 0 2.3307573719043964 0.0 0.0 
12.857142857142858 -6.428571428571429 0.0 0 2.9593765399371215 0.0 0.0 
12.857142857142858 -5.714285714285714 0.0 1 2.1659828908434564 0.0 0.0 
12.857142857142858 -5.0 0.0 0 3.3268093363506708 0.0 0.0 
12.857142857142858 -4.285714285714286 0.0 1 1.7755104906265788 0.0 0.0 
12.857142857142858 -3.5714285714285716 0.0 0 0.7423556948025266 0.0 0.0 
12.857142857142858 -2.857142857142857 0.0 -1 -0.61840201221581 0.0 0.0 
12.857142857142858 -2.142857142857143 0.0 -2 -3.0873035838560847 0.0 0.0 
12.857142857142858 -1.4285714285714286 0.0 -4 -6.0939529367764464 0.0 0.0 
12.857142857142858 -0.7142857142857143 0.0 -3 -4.655853829254968 0.0 0.0 
12.857142857142858 -0.0 0.0 -6 -10.23496882093414 0.0 0.0 
12.857142857142858 0.0 0.0 -2 -4.865149348380403 0.0 0.0 
12.857142857142858 0.7142857142857143 0.0 1 -1.6380543332136384 0.0 0.0 
12.857142857142858 1.4285714285714286 0.0 4 -0.3559145254226005 0.0 0.0 
12.857142857142858 2.142857142857143 0.0 8 4.660122330015986 0.0 0.0 
12.857142857142858 4.285714285714286 0.0 2 0.3197723753411026 0.0 0.0 
12.857142857142858 5.0 0.0 2 1.3669658524969437 0.0 0.0 
12.857142857142858 5.714285714285714 0.0 0 -0.623088055234895 0.0 0.0 
12.857142857142858 6.428571428571429 0.0 0 -3.52929003062192 0.0 0.0 
12.857142857142858 7.142857142857143 0.0 0 2.9053388750457567 0.0 0.0 
12.857142857142858 7.857142857142858 0.0 2 -0.24899252398283656 0.0 0.0 
12.857142857142858 8.571428571428571 0.0 8 10.08745972528908 0.0 0.0 
12.857142857142858 9.285714285714286 0.0 -6 -11.320396894324258 0.0 0.0 
15.0 -9.285714285714286 0.0 0 1.6600776842544573 0.0 0.0 
15.0 -8.571428571428571 0.0 2 3.1809203519530995 0.0 0.0 
15.0 -7.857142857142858 0.0 2 4.181745862380516 0.0 0.0 
15.0 -7.142857142857143 0.0 0 3.1876501367902175 0.0 0.0 
15.0 -6.428571428571429 0.0 0 2.941534054835999 0.0 0.0 
15.0 -5.714285714285714 0.0 0 0.9511482839647348 0.0 0.0 
15.0 -5.0 0.0 0 1.4487987107142684 0.0 0.0 
15.0 -4.285714285714286 0.0 -1 -0.963313890830956 0.0 0.0 
15.0 -3.5714285714285716 0.0 -1 -1.0154467908844813 0.0 0.0 
15.0 -2.857142857142857 0.0 0 -1.672580063830118 0.0 0.0 
15.0 -2.142857142857143 0.0 0 -1.3079747250543914 0.0 0.0 
15.0 -1.4285714285714286 0.0 -2 -2.872123368054817 0.0 0.0 
15.0 -0.7142857142857143 0.0 -1 -3.641030640355645 0.0 0.0 
15.0 -0.0 0.0 -3 -6.519458345296914 0.0 0.0 
15.0 0.0 0.0 -4 -7.918046626056879 0.0 0.0 
15.0 0.7142857142857143 0.0 -1 -1.9430146350986817 0.0 0.0 
15.0 1.4285714285714286 0.0 -3 -6.421911661786233 0.0 0.0 
15.0 2.142857142857143 0.0 6 7.236054384778173 0.0 0.0 
15.0 2.857142857142857 0.0 8 8.215360397981883 0.0 0.0 
15.0 3.5714285714285716 0.0 4 7.245328541815696 0.0 0.0 
15.0 4.285714285714286 0.0 2 5.465004425155728 0.0 0.0 
15.0 5.0 0.0 0 1.0531979047929108 0.0 0.0 
15.0 5.714285714285714 0.0 0 3.653987055251773 0.0 0.0 
15.0 6.428571428571429 0.0 -6 -6.225268692490172 0.0 0.0 
15.0 7.142857142857143 0.0 0 6.128612521514901 0.0 0.0 
15.0 7.857142857142858 0.0 0 1.8168903523127211 0.0 0.0 
15.0 8.571428571428571 0.0 5 8.759132497878023 0.0 0.0 
15.0 9.285714285714286 0.0 6 11.298620896441761 0.0 0.0 
17.142857142857142 -9.285714285714286 0.0 0 1.8749261215395183 0.0 0.0 
17.142857142857142 -8.571428571428571 0.0 2 3.5962834735641405 0.0 0.0 
17.142857142857142 -7.857142857142858 0.0 0 3.1784266353980772 0.0 0.0 
17.142857142857142 -7.142857142857143 0.0 0 1.0768421969395492 0.0 0.0 
17.142857142857142 -6.428571428571429 0.0 0 -0.1594127919315529 0.0 0.0 
17.142857142857142 -5.714285714285714 0.0 0 -0.5440105888592093 0.0 0.0 
17.142857142857142 -5.0 0.0 0 -0.8037030368477722 0.0 0.0 
17.142857142857142 -4.285714285714286 0.0 0 -2.15639463820517 0.0 0.0 
17.142857142857142 -3.5714285714285716 0.0 -1 -4.333178008925782 0.0 0.0 
17.142857142857142 -2.857142857142857 0.0 0 -4.796008803421686 0.0 0.0 
17.142857142857142 -2.142857142857143 0.0 -1 -6.039636950384406 0.0 0.0 
17.142857142857142 -1.4285714285714286 0.0 0 -2.370768950225427 0.0 0.0 
17.142857142857142 -0.7142857142857143 0.0 0 -3.880315223764803 0.0 0.0 
17.142857142857142 -0.0 0.0 2 0.2615235775608311 0.0 0.0 
17.142857142857142 0.0 0.0 0 -4.531078382788878 0.0 0.0 
17.142857142857142 0.7142857142857143 0.0 1 0.2311304046885306 0.0 0.0 
17.142857142857142 1.4285714285714286 0.0 -1 -5.863787320572353 0.0 0.0 
17.142857142857142 2.142857142857143 0.0 -1 -3.733556371004941 0.0 0.0 
17.142857142857142 2.857142857142857 0.0 3 1.6531043338597682 0.0 0.0 
17.142857142857142 3.5714285714285716 0.0 1 -0.9117327377492961 0.0 0.0 
17.142857142857142 4.285714285714286 0.0 1 0.28709194952361017 0.0 0.0 
17.142857142857142 5.0 0.0 -1 -5.392745377023427 0.0 0.0 
17.142857142857142 5.714285714285714 0.0 0 -0.0205879234120262 0.0 0.0 
17.142857142857142 6.428571428571429 0.0 -4 -7.982598167508414 0.0 0.0 
17.142857142857142 7.142857142857143 0.0 0 -3.145848656230039 0.0 0.0 
17.142857142857142 7.857142857142858 0.0 0 -1.8593116885260828 0.0 0.0 
17.142857142857142 8.571428571428571 0.0 -7 -10.51149250153924 0.0 0.0 
17.142857142857142 9.285714285714286 0.0 5 0.6778554262139331 0.0 0.0 
19.285714285714285 -9.285714285714286 0.0 0 0.30005942106111033 0.0 0.0 
19.285714285714285 -8.571428571428571 0.0 1 1.667314706230864 0.0 0.0 
19.285714285714285 -7.857142857142858 0.0 1 1.1742672729222576 0.0 0.0 
19.285714285714285 -7.142857142857143 0.0 1 1.2286205394443344 0.0 0.0 
19.285714285714285 -6.428571428571429 0.0 2 1.7623461696902654 0.0 0.0 
19.285714285714285 -5.714285714285714 0.0 3 1.9666504336504778 0.0 0.0 
19.285714285714285 -5.0 0.0 2 1.399723520852546 0.0 0.0 
19.285714285714285 -4.285714285714286 0.0 1 -0.22168121403699925 0.0 0.0 
19.285714285714285 -3.5714285714285716 0.0 -1 -3.340774912916152 0.0 0.0 
19.285714285714285 -2.857142857142857 0.0 -1 -3.5511511843711396 0.0 0.0 
19.285714285714285 -2.142857142857143 0.0 -4 -7.474137940879187 0.0 0.0 
19.285714285714285 -1.4285714285714286 0.0 -4 -5.792706164191607 0.0 0.0 
19.285714285714285 -0.7142857142857143 0.0 -3 -8.782513161440153 0.0 0.0 
19.285714285714285 -0.0 0.0 0 -2.1301126044254453 0.0 0.0 
19.285714285714285 0.0 0.0 2 0.3895241730657535 0.0 0.0 
19.285714285714285 0.7142857142857143 0.0 3 5.025287607435366 0.0 0.0 
19.285714285714285 1.4285714285714286 0.0 6 6.71770265314697 0.0 0.0 
19.285714285714285 2.142857142857143 0.0 0 0.8541893161017851 0.0 0.0 
19.285714285714285 2.857142857142857 0.0 0 3.201377177091097 0.0 0.0 
19.285714285714285 3.5714285714285716 0.0 -2 -2.431414488785776 0.0 0.0 
19.285714285714285 4.285714285714286 0.0 0 0.7095526832241488 0.0 0.0 
19.285714285714285 5.0 0.0 -1 -0.21209383644561464 0.0 0.0 
19.285714285714285 5.714285714285714 0.0 0 3.3599480402042845 0.0 0.0 
19.285714285714285 6.428571428571429 0.0 1 4.690744030752415 0.0 0.0 
19.285714285714285 7.142857142857143 0.0 2 2.8801951490861493 0.0 0.0 
19.285714285714285 7.857142857142858 0.0 3 7.014940337275804 0.0 0.0 
19.285714285714285 8.571428571428571 0.0 -6 -5.32430539514843 0.0 0.0 
19.285714285714285 9.285714285714286 0.0 -4 -5.1014721221615495 0.0 0.0 
21.428571428571427 -9.285714285714286 0.0 3 2.720494573365793 0.0 0.0 
21.428571428571427 -8.571428571428571 0.0 4 6.171391819336412 0.0 0.0 
21.428571428571427 -7.857142857142858 0.0 2 3.777788068139501 0.0 0.0 
21.428571428571427 -7.142857142857143 0.0 0 3.3324509084337017 0.0 0.0 
21.428571428571427 -6.428571428571429 0.0 0 0.8535063578157351 0.0 0.0 
21.428571428571427 -5.714285714285714 0.0 0 1.1534700979320345 0.0 0.0 
21.428571428571427 -5.0 0.0 0 1.346178729558414 0.0 0.0 
21.428571428571427 -4.285714285714286 0.0 0 1.2004822828112824 0.0 0.0 
21.428571428571427 -3.5714285714285716 0.0 -1 -1.5542784486534411 0.0 0.0 
21.428571428571427 -2.857142857142857 0.0 -2 -2.2712332254372205 0.0 0.0 
21.428571428571427 -2.142857142857143 0.0 -3 -5.465880456809225 0.0 0.0 
21.428571428571427 -1.4285714285714286 0.0 -2 -4.279571541083989 0.0 0.0 
21.428571428571427 -0.7142857142857143 0.0 -3 -4.735621504319523 0.0 0.0 
21.428571428571427 -0.0 0.0 -2 -4.589921903948371 0.0 0.0 
21.428571428571427 0.0 0.0 0 -1.2595412357076912 0.0 0.0 
21.428571428571427 0.7142857142857143 0.0 0 -2.3679303625949855 0.0 0.0 
21.428571428571427 1.4285714285714286 0.0 3 3.9295837464954557 0.0 0.0 
21.428571428571427 2.142857142857143 0.0 0 1.0687876634265403 0.0 0.0 
21.428571428571427 2.857142857142857 0.0 0 3.282998099943509 0.0 0.0 
21.428571428571427 3.5714285714285716 0.0 -1 -0.48063404173049884 0.0 0.0 
21.428571428571427 4.285714285714286 0.0 -2 -0.6338219101679168 0.0 0.0 
21.428571428571427 5.0 0.0 0 0.2938805709676857 0.0 0.0 
21.428571428571427 5.714285714285714 0.0 -1 -3.050067900016341 0.0 0.0 
21.428571428571427 6.428571428571429 0.0 0 2.511781575066375 0.0 0.0 
21.428571428571427 7.142857142857143 0.0 1 0.6030675921768804 0.0 0.0 
21.428571428571427 7.857142857142858 0.0 2 6.348315907405974 0.0 0.0 
21.428571428571427 8.571428571428571 0.0 0 2.0461350830065594 0.0 0.0 
21.428571428571427 9.285714285714286 0.0 0 1.1519952763073187 0.0 0.0 
23.57142857142857 -9.285714285714286 0.0 0 2.7876544609073806 0.0 0.0 
23.57142857142857 -8.571428571428571 0.0 0 -0.2231537195154485 0.0 0.0 
23.57142857142857 -7.857142857142858 0.0 0 2.1403979949832124 0.0 0.0 
23.57142857142857 -7.142857142857143 0.0 1 -0.28859055431527025 0.0 0.0 
23.57142857142857 -6.428571428571429 0.0 3 1.2863132233257293 0.0 0.0 
23.57142857142857 -5.714285714285714 0.0 1 -1.5899354790621674 0.0 0.0 
23.57142857142857 -5.0 0.0 0 -3.0354493114633074 0.0 0.0 
23.57142857142857 -4.285714285714286 0.0 -3 -8.45196485919113 0.0 0.0 
23.57142857142857 -3.5714285714285716 0.0 -4 -8.669491526590999 0.0 0.0 
23.57142857142857 -2.857142857142857 0.0 -4 -8.54274531382245 0.0 0.0 
23.57142857142857 -2.142857142857143 0.0 -3 -4.601346223260993 0.0 0.0 
23.57142857142857 -1.4285714285714286 0.0 0 -4.146759130130884 0.0 0.0 
23.57142857142857 -0.7142857142857143 0.0 1 -0.7994088325535613 0.0 0.0 
23.57142857142857 -0.0 0.0 1 -1.676078743155115 0.0 0.0 
23.57142857142857 0.0 0.0 3 3.336740271090253 0.0 0.0 
23.57142857142857 0.7142857142857143 0.0 0 0.33377284612940805 0.0 0.0 
23.57142857142857 1.4285714285714286 0.0 1 1.4019970629498055 0.0 0.0 
23.57142857142857 2.142857142857143 0.0 -1 -0.6772619035475216 0.0 0.0 
23.57142857142857 2.857142857142857 0.0 -2 -1.4404204479353497 0.0 0.0 
23.57142857142857 3.5714285714285716 0.0 -1 -0.7706914844998907 0.0 0.0 
23.57142857142857 4.285714285714286 0.0 -1 -2.3176644038655208 0.0 0.0 
23.57142857142857 5.0 0.0 1 2.2555368859515603 0.0 0.0 
23.57142857142857 5.714285714285714 0.0 0 -2.173610126115264 0.0 0.0 
23.57142857142857 6.428571428571429 0.0 0 1.6131242056107844 0.0 0.0 
23.57142857142857 7.142857142857143 0.0 0 -1.7981605285125892 0.0 0.0 
23.57142857142857 7.857142857142858 0.0 -1 -1.1063023930025289 0.0 0.0 
23.57142857142857 8.571428571428571 0.0 0 -0.87361137216948 0.0 0.0 
23.57142857142857 9.285714285714286 0.0 1 1.6351749068969104 0.0 0.0 
25.714285714285715 -9.285714285714286 0.0 3 1.1933417516988492 0.0 0.0 
25.714285714285715 -8.571428571428571 0.0 8 14.20324519471377 0.0 0.0 
25.714285714285715 -7.857142857142858 0.0 6 5.662667654550651 0.0 0.0 
25.714285714285715 -7.142857142857143 0.0 3 2.8739823625723675 0.0 0.0 
25.714285714285715 -6.428571428571429 0.0 -2 -7.970760268072157 0.0 0.0 
25.714285714285715 -5.714285714285714 0.0 -5 -9.335841501182259 0.0 0.0 
25.714285714285715 -5.0 0.0 -4 -10.149268090916685 0.0 0.0 
25.714285714285715 -4.285714285714286 0.0 -4 -6.630800404400812 0.0 0.0 
25.714285714285715 -3.5714285714285716 0.0 -2 -6.7464059031318815 0.0 0.0 
25.714285714285715 -2.857142857142857 0.0 -2 -6.844671343968731 0.0 0.0 
25.714285714285715 -2.142857142857143 0.0 -2 -8.049704774284763 0.0 0.0 
25.714285714285715 -1.4285714285714286 0.0 -1 -7.590682621827861 0.0 0.0 
25.714285714285715 -0.7142857142857143 0.0 0 -4.1722922367745525 0.0 0.0 
25.714285714285715 -0.0 0.0 0 -2.523639852407622 0.0 0.0 
25.714285714285715 0.0 0.0 0 -0.12467369453796906 0.0 0.0 
25.714285714285715 0.7142857142857143 0.0 0 -0.8721220641489599 0.0 0.0 
25.714285714285715 1.4285714285714286 0.0 -2 -2.7867020278716312 0.0 0.0 
25.714285714285715 2.142857142857143 0.0 -2 -3.050933213629039 0.0 0.0 
25.714285714285715 2.857142857142857 0.0 -2 -4.932207729649999 0.0 0.0 
25.714285714285715 3.5714285714285716 0.0 -1 -1.959685730792777 0.0 0.0 
25.714285714285715 4.285714285714286 0.0 0 -3.1309138601743727 0.0 0.0 
25.714285714285715 5.0 0.0 0 0.5199876905596251 0.0 0.0 
25.714285714285715 5.714285714285714 0.0 0 -1.3152330856546661 0.0 0.0 
25.714285714285715 6.428571428571429 0.0 0 -0.41322615728352985 0.0 0.0 
25.714285714285715 7.142857142857143 0.0 0 -0.4497739184784315 0.0 0.0 
25.714285714285715 7.857142857142858 0.0 0 -3.0570283396338427 0.0 0.0 
25.714285714285715 8.571428571428571 0.0 -1 -1.9627303318896838 0.0 0.0 
25.714285714285715 9.285714285714286 0.0 0 -1.4399908867687845 0.0 0.0 
27.857142857142858 -9.285714285714286 0.0 1 13.807017951010465 0.0 0.0 
27.857142857142858 -8.571428571428571 0.0 -1 4.127935375192002 0.0 0.0 
27.857142857142858 -7.857142857142858 0.0 -2 -1.6133661855727919 0.0 0.0 
27.857142857142858 -7.142857142857143 0.0 -1 -5.669116750241178 0.0 0.0 
27.857142857142858 -6.428571428571429 0.0 0 -3.6170977367918495 0.0 0.0 
27.857142857142858 -5.714285714285714 0.0 2 -1.5473901644692978 0.0 0.0 
27.857142857142858 -5.0 0.0 1 1.0682278897508817 0.0 0.0 
27.857142857142858 -4.285714285714286 0.0 0 -0.017419760122152184 0.0 0.0 
27.857142857142858 -3.5714285714285716 0.0 0 0.3099356155187847 0.0 0.0 
27.857142857142858 -2.857142857142857 0.0 0 0.09810812531531443 0.0 0.0 
27.857142857142858 -2.142857142857143 0.0 0 1.8731190933579454 0.0 0.0 
27.857142857142858 -1.4285714285714286 0.0 0 2.362163206584279 0.0 0.0 
27.857142857142858 -0.7142857142857143 0.0 0 3.9567641228569888 0.0 0.0 
27.857142857142858 -0.0 0.0 1 4.707058114652956 0.0 0.0 
27.857142857142858 0.0 0.0 1 4.057993674934231 0.0 0.0 
27.857142857142858 0.7142857142857143 0.0 1 4.493742914780523 0.0 0.0 
27.857142857142858 1.4285714285714286 0.0 0 1.2710656251326111 0.0 0.0 
27.857142857142858 2.142857142857143 0.0 0 2.0476827640047324 0.0 0.0 
27.857142857142858 2.857142857142857 0.0 0 0.015420801131016099 0.0 0.0 
27.857142857142858 3.5714285714285716 0.0 0 0.8570496673490734 0.0 0.0 
27.857142857142858 4.285714285714286 0.0 0 -0.14899274645199712 0.0 0.0 
27.857142857142858 5.0 0.0 1 -0.6522466144545145 0.0 0.0 
27.857142857142858 5.714285714285714 0.0 1 0.1256888324069403 0.0 0.0 
27.857142857142858 6.428571428571429 0.0 0 -2.402183729273889 0.0 0.0 
27.857142857142858 7.142857142857143 0.0 0 -0.6116946278262407 0.0 0.0 
27.857142857142858 7.857142857142858 0.0 0 -4.44818460899336 0.0 0.0 
27.857142857142858 8.571428571428571 0.0 0 -1.3341064436860293 0.0 0.0 
27.857142857142858 9.285714285714286 0.0 0 -4.937225092486182 0.0 0.0 
