-27.857142857142858 -9.285714285714286 0.0 -11 -31.95915278321559 0.0 0.0 
-27.857142857142858 -8.571428571428571 0.0 -11 -24.66210040701148 0.0 0.0 
-27.857142857142858 -7.857142857142858 0.0 -5 -8.359746812842006 0.0 0.0 
-27.857142857142858 -7.142857142857143 0.0 3 21.173624563379335 0.0 0.0 
-27.857142857142858 -6.428571428571429 0.0 11 35.282690898692024 0.0 0.0 
-27.857142857142858 -5.714285714285714 0.0 14 45.679541173964836 0.0 0.0 
-27.857142857142858 -5.0 0.0 15 45.3197652364493 0.0 0.0 
-27.857142857142858 -4.285714285714286 0.0 17 45.97776946076533 0.0 0.0 
-27.857142857142858 -3.5714285714285716 0.0 16 40.93132461196551 0.0 0.0 
-27.857142857142858 -2.857142857142857 0.0 16 38.36600456545964 0.0 0.0 
-27.857142857142858 -2.142857142857143 0.0 17 36.30076237003793 0.0 0.0 
-27.857142857142858 -1.4285714285714286 0.0 19 31.975968792519353 0.0 0.0 
-27.857142857142858 -0.7142857142857143 0.0 17 24.356974054269067 0.0 0.0 
-27.857142857142858 -0.0 0.0 15 16.11169776283857 0.0 0.0 
-27.857142857142858 0.0 0.0 14 8.11675489192421 0.0 0.0 
-27.857142857142858 0.7142857142857143 0.0 13 -2.590345394098378 0.0 0.0 
-27.857142857142858 1.4285714285714286 0.0 10 -10.07861037530806 0.0 0.0 
-27.857142857142858 2.142857142857143 0.0 8 -17.633570634173175 0.0 0.0 
-27.857142857142858 2.857142857142857 0.0 5 -28.563663964898723 0.0 0.0 
-27.857142857142858 3.5714285714285716 0.0 0 -37.086402845195934 0.0 0.0 
-27.857142857142858 4.285714285714286 0.0 -1 -36.4003896544 0.0 0.0 
-27.857142857142858 5.0 0.0 -1 -36.88873025974261 0.0 0.0 
-27.857142857142858 5.714285714285714 0.0 -3 -39.536355151724614 0.0 0.0 
-27.857142857142858 6.428571428571429 0.0 -6 -36.13914950576837 0.0 0.0 
-27.857142857142858 7.142857142857143 0.0 -2 -20.243487645356915 0.0 0.0 
-27.857142857142858 7.857142857142858 0.0 3 -13.45262733438976 0.0 0.0 
-27.857142857142858 8.571428571428571 0.0 0 -16.72645787626438 0.0 0.0 
-27.857142857142858 9.285714285714286 0.0 -4 -17.97920935286107 0.0 0.0 
-25.714285714285715 -9.285714285714286 0.0 -13 -29.51913634777321 0.0 0.0 
-25.714285714285715 -8.571428571428571 0.0 -10 -1.6547709798865142 0.0 0.0 
-25.714285714285715 -7.857142857142858 0.0 3 22.002590994737915 0.0 0.0 
-25.714285714285715 -7.142857142857143 0.0 17 52.69534613767353 0.0 0.0 
-25.714285714285715 -6.428571428571429 0.0 24 57.82131887122068 0.0 0.0 
-25.714285714285715 -5.714285714285714 0.0 23 58.47625071803744 0.0 0.0 
-25.714285714285715 -5.0 0.0 21 46.017194803918834 0.0 0.0 
-25.714285714285715 -4.285714285714286 0.0 18 40.2808741341186 0.0 0.0 
-25.714285714285715 -3.5714285714285716 0.0 16 27.346759239316082 0.0 0.0 
-25.714285714285715 -2.857142857142857 0.0 14 20.09284752731816 0.0 0.0 
-25.714285714285715 -2.142857142857143 0.0 14 10.752006347626782 0.0 0.0 
-25.714285714285715 -1.4285714285714286 0.0 12 3.231492314424372 0.0 0.0 
-25.714285714285715 -0.7142857142857143 0.0 9 -10.720657005841332 0.0 0.0 
-25.714285714285715 -0.0 0.0 5 -21.63942756200687 0.0 0.0 
-25.714285714285715 0.0 0.0 3 -31.666921518435274 0.0 0.0 
-25.714285714285715 0.7142857142857143 0.0 -1 -41.27523803184652 0.0 0.0 
-25.714285714285715 1.4285714285714286 0.0 -6 -49.95429553696202 0.0 0.0 
-25.714285714285715 2.142857142857143 0.0 -7 -52.554860716347854 0.0 0.0 
-25.714285714285715 2.857142857142857 0.0 -11 -60.80644863892386 0.0 0.0 
-25.714285714285715 3.5714285714285716 0.0 -15 -68.40833986488153 0.0 0.0 
-25.714285714285715 4.285714285714286 0.0 -16 -64.16180300416576 0.0 0.0 
-25.714285714285715 5.0 0.0 -10 -52.56958111049069 0.0 0.0 
-25.714285714285715 5.714285714285714 0.0 -10 -51.921730581733456 0.0 0.0 
-25.714285714285715 6.428571428571429 0.0 -12 -50.299917364978185 0.0 0.0 
-25.714285714285715 7.142857142857143 0.0 -4 -31.651481054336713 0.0 0.0 
-25.714285714285715 7.857142857142858 0.0 1 -22.479040284238074 0.0 0.0 
-25.714285714285715 8.571428571428571 0.0 -5 -38.462236188656995 0.0 0.0 
-25.714285714285715 9.285714285714286 0.0 -3 -38.67508328379947 0.0 0.0 
-23.57142857142857 -9.285714285714286 0.0 -18 -23.393012480606085 0.0 0.0 
-23.57142857142857 -8.571428571428571 0.0 -1 16.105185312118984 0.0 0.0 
-23.57142857142857 -7.857142857142858 0.0 22 45.56296087673718 0.0 0.0 
-23.57142857142857 -7.142857142857143 0.0 33 65.18201024243076 0.0 0.0 
-23.57142857142857 -6.428571428571429 0.0 36 61.57347848766453 0.0 0.0 
-23.57142857142857 -5.714285714285714 0.0 28 49.80170707429852 0.0 0.0 
-23.57142857142857 -5.0 0.0 20 29.855409463732997 0.0 0.0 
-23.57142857142857 -4.285714285714286 0.0 15 17.341982553385563 0.0 0.0 
-23.57142857142857 -3.5714285714285716 0.0 9 2.4934539416594035 0.0 0.0 
-23.57142857142857 -2.857142857142857 0.0 6 -5.129386875659268 0.0 0.0 
-23.57142857142857 -2.142857142857143 0.0 5 -15.370780725198742 0.0 0.0 
-23.57142857142857 -1.4285714285714286 0.0 1 -21.523029610373626 0.0 0.0 
-23.57142857142857 -0.7142857142857143 0.0 -3 -34.83495794619357 0.0 0.0 
-23.57142857142857 -0.0 0.0 -9 -40.273199116980116 0.0 0.0 
-23.57142857142857 0.0 0.0 -10 -44.75115380700886 0.0 0.0 
-23.57142857142857 0.7142857142857143 0.0 -12 -46.946676376056836 0.0 0.0 
-23.57142857142857 1.4285714285714286 0.0 -14 -54.0564954616859 0.0 0.0 
-23.57142857142857 2.142857142857143 0.0 -14 -49.82050068008577 0.0 0.0 
-23.57142857142857 2.857142857142857 0.0 -16 -55.1125761650578 0.0 0.0 
-23.57142857142857 3.5714285714285716 0.0 -21 -59.47016952452152 0.0 0.0 
-23.57142857142857 4.285714285714286 0.0 -19 -52.818724756731825 0.0 0.0 
-23.57142857142857 5.0 0.0 -11 -36.0218031322983 0.0 0.0 
-23.57142857142857 5.714285714285714 0.0 -12 -42.05046281411369 0.0 0.0 
-23.57142857142857 6.428571428571429 0.0 -17 -48.35082178634898 0.0 0.0 
-23.57142857142857 7.142857142857143 0.0 -9 -28.004831645813308 0.0 0.0 
-23.57142857142857 7.857142857142858 0.0 1 -7.434356769876427 0.0 0.0 
-23.57142857142857 8.571428571428571 0.0 -5 -17.118014732001615 0.0 0.0 
-23.57142857142857 9.285714285714286 0.0 -6 -27.83501599660718 0.0 0.0 
-21.428571428571427 -9.285714285714286 0.0 -1 -8.672241968653847 0.0 0.0 
-21.428571428571427 -8.571428571428571 0.0 28 36.22024528319217 0.0 0.0 
-21.428571428571427 -7.857142857142858 0.0 44 55.177657249422154 0.0 0.0 
-21.428571428571427 -7.142857142857143 0.0 43 59.34941102664051 0.0 0.0 
-21.428571428571427 -6.428571428571429 0.0 31 37.19038594695432 0.0 0.0 
-21.428571428571427 -5.714285714285714 0.0 16 14.491272676438541 0.0 0.0 
-21.428571428571427 -5.0 0.0 5 -12.6787406738151 0.0 0.0 
-21.428571428571427 -4.285714285714286 0.0 0 -17.84908282061732 0.0 0.0 
-21.428571428571427 -3.5714285714285716 0.0 -1 -26.55283167455136 0.0 0.0 
-21.428571428571427 -2.857142857142857 0.0 0 -27.656092108088817 0.0 0.0 
-21.428571428571427 -2.142857142857143 0.0 -4 -31.595675995297793 0.0 0.0 
-21.428571428571427 -1.4285714285714286 0.0 -5 -29.949043162963704 0.0 0.0 
-21.428571428571427 -0.7142857142857143 0.0 -9 -37.7447257512263 0.0 0.0 
-21.428571428571427 -0.0 0.0 -11 -37.19857451093929 0.0 0.0 
-21.428571428571427 0.0 0.0 -11 -34.847007108658545 0.0 0.0 
-21.428571428571427 0.7142857142857143 0.0 -10 -34.028472766368374 0.0 0.0 
-21.428571428571427 1.4285714285714286 0.0 -15 -39.82782800501816 0.0 0.0 
-21.428571428571427 2.142857142857143 0.0 -16 -35.709459493049735 0.0 0.0 
-21.428571428571427 2.857142857142857 0.0 -18 -40.425210829936205 0.0 0.0 
-21.428571428571427 3.5714285714285716 0.0 -25 -51.078821451706375 0.0 0.0 
-21.428571428571427 4.285714285714286 0.0 -23 -45.03523734622467 0.0 0.0 
-21.428571428571427 5.0 0.0 -11 -24.675485929194096 0.0 0.0 
-21.428571428571427 5.714285714285714 0.0 -11 -26.675155461239207 0.0 0.0 
-21.428571428571427 6.428571428571429 0.0 -15 -33.188154673602824 0.0 0.0 
-21.428571428571427 7.142857142857143 0.0 -7 -12.254690737582251 0.0 0.0 
-21.428571428571427 7.857142857142858 0.0 2 4.204882621752665 0.0 0.0 
-21.428571428571427 8.571428571428571 0.0 -2 3.0639198173516142 0.0 0.0 
-21.428571428571427 9.285714285714286 0.0 -6 -8.41932867524261 0.0 0.0 
-19.285714285714285 -9.285714285714286 0.0 26 16.234910603733613 0.0 0.0 
-19.285714285714285 -8.571428571428571 0.0 48 40.466439386181094 0.0 0.0 
-19.285714285714285 -7.857142857142858 0.0 44 36.657731876061774 0.0 0.0 
-19.285714285714285 -7.142857142857143 0.0 30 19.550027144398967 0.0 0.0 
-19.285714285714285 -6.428571428571429 0.0 14 -8.97081021716329 0.0 0.0 
-19.285714285714285 -5.714285714285714 0.0 0 -32.441544707001995 0.0 0.0 
-19.285714285714285 -5.0 0.0 -7 -46.63069544280091 0.0 0.0 
-19.285714285714285 -4.285714285714286 0.0 -6 -41.541592037138614 0.0 0.0 
-19.285714285714285 -3.5714285714285716 0.0 -2 -37.19465106096824 0.0 0.0 
-19.285714285714285 -2.857142857142857 0.0 -2 -32.72097966162145 0.0 0.0 
-19.285714285714285 -2.142857142857143 0.0 -3 -28.643296465849033 0.0 0.0 
-19.285714285714285 -1.4285714285714286 0.0 -3 -24.244119351330923 0.0 0.0 
-19.285714285714285 -0.7142857142857143 0.0 -7 -27.3751510178714 0.0 0.0 
-19.285714285714285 -0.0 0.0 -11 -27.41161502379429 0.0 0.0 
-19.285714285714285 0.0 0.0 -9 -21.99602758974042 0.0 0.0 
-19.285714285714285 0.7142857142857143 0.0 -13 -26.05949290609608 0.0 0.0 
-19.285714285714285 1.4285714285714286 0.0 -21 -36.69959996496435 0.0 0.0 
-19.285714285714285 2.142857142857143 0.0 -21 -38.528896023029205 0.0 0.0 
-19.285714285714285 2.857142857142857 0.0 -21 -42.81681527374202 0.0 0.0 
-19.285714285714285 3.5714285714285716 0.0 -27 -53.643409775151085 0.0 0.0 
-19.285714285714285 4.285714285714286 0.0 -20 -41.599912720165136 0.0 0.0 
-19.285714285714285 5.0 0.0 -6 -15.831129854202095 0.0 0.0 
-19.285714285714285 5.714285714285714 0.0 -7 -21.754287801635023 0.0 0.0 
-19.285714285714285 6.428571428571429 0.0 -13 -33.382259067905515 0.0 0.0 
-19.285714285714285 7.142857142857143 0.0 -3 -8.465813227888994 0.0 0.0 
-19.285714285714285 7.857142857142858 0.0 8 7.1014288241155485 0.0 0.0 
-19.285714285714285 8.571428571428571 0.0 5 5.1754647443543 0.0 0.0 
-19.285714285714285 9.285714285714286 0.0 -2 -10.910840041006088 0.0 0.0 
-17.142857142857142 -9.285714285714286 0.0 47 22.192471699908474 0.0 0.0 
-17.142857142857142 -8.571428571428571 0.0 54 30.502794590778706 0.0 0.0 
-17.142857142857142 -7.857142857142858 0.0 37 13.22656949556439 0.0 0.0 
-17.142857142857142 -7.142857142857143 0.0 21 -14.497117294839072 0.0 0.0 
-17.142857142857142 -6.428571428571429 0.0 5 -36.98040488300774 0.0 0.0 
-17.142857142857142 -5.714285714285714 0.0 -7 -57.49082968752734 0.0 0.0 
-17.142857142857142 -5.0 0.0 -10 -54.23310837979263 0.0 0.0 
-17.142857142857142 -4.285714285714286 0.0 -6 -43.96112725609132 0.0 0.0 
-17.142857142857142 -3.5714285714285716 0.0 -3 -31.32682516922898 0.0 0.0 
-17.142857142857142 -2.857142857142857 0.0 -5 -30.135423071202972 0.0 0.0 
-17.142857142857142 -2.142857142857143 0.0 -6 -21.828465040972148 0.0 0.0 
-17.142857142857142 -1.4285714285714286 0.0 -7 -22.202858934246876 0.0 0.0 
-17.142857142857142 -0.7142857142857143 0.0 -12 -27.296870883447404 0.0 0.0 
-17.142857142857142 -0.0 0.0 -16 -33.83035725535017 0.0 0.0 
-17.142857142857142 0.0 0.0 -12 -28.07844261767613 0.0 0.0 
-17.142857142857142 0.7142857142857143 0.0 -13 -36.47842090996079 0.0 0.0 
-17.142857142857142 1.4285714285714286 0.0 -20 -49.70271956544164 0.0 0.0 
-17.142857142857142 2.142857142857143 0.0 -19 -50.12192350200182 0.0 0.0 
-17.142857142857142 2.857142857142857 0.0 -16 -49.75804176143946 0.0 0.0 
-17.142857142857142 3.5714285714285716 0.0 -20 -61.00877277283608 0.0 0.0 
-17.142857142857142 4.285714285714286 0.0 -13 -46.018584672879044 0.0 0.0 
-17.142857142857142 5.0 0.0 0 -20.816915090092422 0.0 0.0 
-17.142857142857142 5.714285714285714 0.0 -4 -31.92587671049023 0.0 0.0 
-17.142857142857142 6.428571428571429 0.0 -12 -48.32941370245229 0.0 0.0 
-17.142857142857142 7.142857142857143 0.0 2 -16.404107128425906 0.0 0.0 
-17.142857142857142 7.857142857142858 0.0 15 -0.45860438024201855 0.0 0.0 
-17.142857142857142 8.571428571428571 0.0 11 -11.048559525548557 0.0 0.0 
-17.142857142857142 9.285714285714286 0.0 -4 -39.64730627512956 0.0 0.0 
-15.0 -9.285714285714286 0.0 64 48.84725413696452 0.0 0.0 
-15.0 -8.571428571428571 0.0 47 54.956236833685 0.0 0.0 
-15.0 -7.857142857142858 0.0 22 -1.276984191187168 0.0 0.0 
-15.0 -7.142857142857143 0.0 -2 -16.740258028216118 0.0 0.0 
-15.0 -6.428571428571429 0.0 -15 -46.23777331086579 0.0 0.0 
-15.0 -5.714285714285714 0.0 -24 -42.390405603786114 0.0 0.0 
-15.0 -5.0 0.0 -22 -42.86382396709493 0.0 0.0 
-15.0 -4.285714285714286 0.0 -14 -20.018963348504922 0.0 0.0 
-15.0 -3.5714285714285716 0.0 -12 -19.58500919060801 0.0 0.0 
-15.0 -2.857142857142857 0.0 -13 -11.116599394030002 0.0 0.0 
-15.0 -2.142857142857143 0.0 -9 -12.587527622436216 0.0 0.0 
-15.0 -1.4285714285714286 0.0 -5 -10.064774863841672 0.0 0.0 
-15.0 1.4285714285714286 0.0 -18 -54.6664402179493 0.0 0.0 
-15.0 2.142857142857143 0.0 -17 -51.690839602234135 0.0 0.0 
-15.0 2.857142857142857 0.0 -11 -51.55736651372517 0.0 0.0 
-15.0 3.5714285714285716 0.0 -16 -61.24723475921516 0.0 0.0 
-15.0 4.285714285714286 0.0 -10 -42.86010235218082 0.0 0.0 
-15.0 5.0 0.0 3 -19.921675863545204 0.0 0.0 
-15.0 5.714285714285714 0.0 -2 -34.7476685407402 0.0 0.0 
-15.0 6.428571428571429 0.0 -11 -52.67502526054421 0.0 0.0 
-15.0 7.142857142857143 0.0 8 -10.028446939134712 0.0 0.0 
-15.0 7.857142857142858 0.0 23 8.761595218342901 0.0 0.0 
-15.0 8.571428571428571 0.0 11 -11.83851719097434 0.0 0.0 
-15.0 9.285714285714286 0.0 -10 -51.913524814990105 0.0 0.0 
-12.857142857142858 -9.285714285714286 0.0 39 64.80644077481873 0.0 0.0 
-12.857142857142858 -8.571428571428571 0.0 11 33.804227623759786 0.0 0.0 
-12.857142857142858 -7.857142857142858 0.0 -10 -10.239633198159868 0.0 0.0 
-12.857142857142858 -7.142857142857143 0.0 -28 -24.021184220704562 0.0 0.0 
-12.857142857142858 -6.428571428571429 0.0 -32 -38.009953256511395 0.0 0.0 
-12.857142857142858 -5.714285714285714 0.0 -32 -31.57598241055309 0.0 0.0 
-12.857142857142858 -5.0 0.0 -24 -27.2704818761083 0.0 0.0 
-12.857142857142858 -4.285714285714286 0.0 -13 -7.904154420582518 0.0 0.0 
-12.857142857142858 -3.5714285714285716 0.0 -6 -6.848780529931636 0.0 0.0 
-12.857142857142858 -2.857142857142857 0.0 0 2.799210848689441 0.0 0.0 
-12.857142857142858 -2.142857142857143 0.0 6 5.063737996406221 0.0 0.0 
-12.857142857142858 2.142857142857143 0.0 -18 -49.69081026747565 0.0 0.0 
-12.857142857142858 2.857142857142857 0.0 -9 -48.13708661915247 0.0 0.0 
-12.857142857142858 3.5714285714285716 0.0 -14 -51.90723603283136 0.0 0.0 
-12.857142857142858 4.285714285714286 0.0 -5 -34.76230264113637 0.0 0.0 
-12.857142857142858 5.0 0.0 6 -11.852326347746477 0.0 0.0 
-12.857142857142858 5.714285714285714 0.0 0 -31.628003046795378 0.0 0.0 
-12.857142857142858 6.428571428571429 0.0 -9 -43.177165528433854 0.0 0.0 
-12.857142857142858 7.142857142857143 0.0 12 1.1070250204411134 0.0 0.0 
-12.857142857142858 7.857142857142858 0.0 26 23.561807434600365 0.0 0.0 
-12.857142857142858 8.571428571428571 0.0 8 -9.749478489129928 0.0 0.0 
-12.857142857142858 9.285714285714286 0.0 -5 -42.7794434732374 0.0 0.0 
-10.714285714285714 -9.285714285714286 0.0 8 44.78191573980445 0.0 0.0 
-10.714285714285714 -8.571428571428571 0.0 -13 10.211762536400627 0.0 0.0 
-10.714285714285714 -7.857142857142858 0.0 -30 -20.487107518816813 0.0 0.0 
-10.714285714285714 -7.142857142857143 0.0 -35 -29.50993877887668 0.0 0.0 
-10.714285714285714 -6.428571428571429 0.0 -28 -32.75444507172982 0.0 0.0 
-10.714285714285714 -5.714285714285714 0.0 -19 -20.3995732101411 0.0 0.0 
-10.714285714285714 -5.0 0.0 -4 -6.2017420822076765 0.0 0.0 
-10.714285714285714 -4.285714285714286 0.0 6 13.648190673027312 0.0 0.0 
-10.714285714285714 -3.5714285714285716 0.0 11 18.53623300415972 0.0 0.0 
-10.714285714285714 -2.857142857142857 0.0 13 23.762139668096573 0.0 0.0 
-10.714285714285714 -2.142857142857143 0.0 11 14.561159070475675 0.0 0.0 
-10.714285714285714 2.142857142857143 0.0 -15 -35.4399620688005 0.0 0.0 
-10.714285714285714 2.857142857142857 0.0 -3 -25.150773151745852 0.0 0.0 
-10.714285714285714 3.5714285714285716 0.0 -8 -29.4324778730938 0.0 0.0 
-10.714285714285714 4.285714285714286 0.0 0 -15.823118255908913 0.0 0.0 
-10.714285714285714 5.0 0.0 8 4.104673163135932 0.0 0.0 
-10.714285714285714 5.714285714285714 0.0 -1 -19.835063301849946 0.0 0.0 
-10.714285714285714 6.428571428571429 0.0 -5 -20.392001158136964 0.0 0.0 
-10.714285714285714 7.142857142857143 0.0 19 23.687029916435208 0.0 0.0 
-10.714285714285714 7.857142857142858 0.0 30 47.28389021775879 0.0 0.0 
-10.714285714285714 8.571428571428571 0.0 7 11.055358810398866 0.0 0.0 
-10.714285714285714 9.285714285714286 0.0 -2 -20.56100105019538 0.0 0.0 
-8.571428571428571 -9.285714285714286 0.0 -15 12.522402021995685 0.0 0.0 
-8.571428571428571 -8.571428571428571 0.0 -22 -10.101991201898656 0.0 0.0 
-8.571428571428571 -7.857142857142858 0.0 -23 -18.33616031873469 0.0 0.0 
-8.571428571428571 -7.142857142857143 0.0 -14 -16.696067667980337 0.0 0.0 
-8.571428571428571 -6.428571428571429 0.0 -6 -5.8039095792208535 0.0 0.0 
-8.571428571428571 -5.714285714285714 0.0 0 2.569178603499875 0.0 0.0 
-8.571428571428571 -5.0 0.0 3 12.974439833078598 0.0 0.0 
-8.571428571428571 -4.285714285714286 0.0 4 14.950012942325698 0.0 0.0 
-8.571428571428571 -3.5714285714285716 0.0 3 16.377544828029972 0.0 0.0 
-8.571428571428571 -2.857142857142857 0.0 7 18.142163704040875 0.0 0.0 
-8.571428571428571 -2.142857142857143 0.0 4 14.100949456057505 0.0 0.0 
-8.571428571428571 2.142857142857143 0.0 -6 -13.29297850017673 0.0 0.0 
-8.571428571428571 2.857142857142857 0.0 4 -2.038231322367004 0.0 0.0 
-8.571428571428571 3.5714285714285716 0.0 -4 -15.148036454921186 0.0 0.0 
-8.571428571428571 4.285714285714286 0.0 -1 -2.67726574117939 0.0 0.0 
-8.571428571428571 5.0 0.0 7 19.520984671918978 0.0 0.0 
-8.571428571428571 5.714285714285714 0.0 0 -0.09089320720887795 0.0 0.0 
-8.571428571428571 6.428571428571429 0.0 2 10.287814370098726 0.0 0.0 
-8.571428571428571 7.142857142857143 0.0 29 55.64025638996468 0.0 0.0 
-8.571428571428571 7.857142857142858 0.0 34 65.60136426470928 0.0 0.0 
-8.571428571428571 8.571428571428571 0.0 11 31.912645871620704 0.0 0.0 
-8.571428571428571 9.285714285714286 0.0 1 -0.7392887217986936 0.0 0.0 
-6.428571428571429 -9.285714285714286 0.0 -3 22.35152399897688 0.0 0.0 
-6.428571428571429 -8.571428571428571 0.0 -3 28.04665240398468 0.0 0.0 
-6.428571428571429 -7.857142857142858 0.0 -16 -1.0285900238258705 0.0 0.0 
-6.428571428571429 -7.142857142857143 0.0 -18 -4.350996638432775 0.0 0.0 
-6.428571428571429 -6.428571428571429 0.0 -25 -17.456800703627906 0.0 0.0 
-6.428571428571429 -5.714285714285714 0.0 -18 -4.494064862648905 0.0 0.0 
-6.428571428571429 -5.0 0.0 -10 4.161600775950003 0.0 0.0 
-6.428571428571429 -4.285714285714286 0.0 -1 22.517743500118428 0.0 0.0 
-6.428571428571429 -3.5714285714285716 0.0 5 33.03933329680045 0.0 0.0 
-6.428571428571429 -2.857142857142857 0.0 12 46.777067514327584 0.0 0.0 
-6.428571428571429 -2.142857142857143 0.0 7 32.34694182847811 0.0 0.0 
-6.428571428571429 2.142857142857143 0.0 -1 17.212904950484116 0.0 0.0 
-6.428571428571429 2.857142857142857 0.0 7 25.63532395289558 0.0 0.0 
-6.428571428571429 3.5714285714285716 0.0 -6 5.156789519510291 0.0 0.0 
-6.428571428571429 4.285714285714286 0.0 -3 17.231852096814656 0.0 0.0 
-6.428571428571429 5.0 0.0 12 42.03247543216375 0.0 0.0 
-6.428571428571429 5.714285714285714 0.0 7 27.052864257375 0.0 0.0 
-6.428571428571429 6.428571428571429 0.0 14 46.67512657745508 0.0 0.0 
-6.428571428571429 7.142857142857143 0.0 41 87.97144296386602 0.0 0.0 
-6.428571428571429 7.857142857142858 0.0 34 80.26483691066304 0.0 0.0 
-6.428571428571429 8.571428571428571 0.0 8 44.29400491284609 0.0 0.0 
-6.428571428571429 9.285714285714286 0.0 0 12.747325713709385 0.0 0.0 
-4.285714285714286 -9.285714285714286 0.0 -17 32.900393487029724 0.0 0.0 
-4.285714285714286 -8.571428571428571 0.0 -38 -36.94637318422183 0.0 0.0 
-4.285714285714286 -7.857142857142858 0.0 -44 -32.002862505829356 0.0 0.0 
-4.285714285714286 -7.142857142857143 0.0 -37 -46.646763090709825 0.0 0.0 
-4.285714285714286 -6.428571428571429 0.0 -23 -11.310953923891713 0.0 0.0 
-4.285714285714286 -5.714285714285714 0.0 -5 8.75524040234703 0.0 0.0 
-4.285714285714286 -5.0 0.0 8 37.83608332347972 0.0 0.0 
-4.285714285714286 -4.285714285714286 0.0 11 42.47267790693246 0.0 0.0 
-4.285714285714286 -3.5714285714285716 0.0 15 59.70897993651696 0.0 0.0 
-4.285714285714286 -2.857142857142857 0.0 17 59.8538797639317 0.0 0.0 
-4.285714285714286 -2.142857142857143 0.0 4 41.3688684343707 0.0 0.0 
-4.285714285714286 2.142857142857143 0.0 11 37.75236684602241 0.0 0.0 
-4.285714285714286 2.857142857142857 0.0 14 32.552910754063724 0.0 0.0 
-4.285714285714286 3.5714285714285716 0.0 -8 0.472426089077679 0.0 0.0 
-4.285714285714286 4.285714285714286 0.0 -1 18.074179248124263 0.0 0.0 
-4.285714285714286 5.0 0.0 20 50.93545685723356 0.0 0.0 
-4.285714285714286 5.714285714285714 0.0 17 42.70047292436354 0.0 0.0 
-4.285714285714286 6.428571428571429 0.0 27 61.433292493606494 0.0 0.0 
-4.285714285714286 7.142857142857143 0.0 43 89.99993657715964 0.0 0.0 
-4.285714285714286 7.857142857142858 0.0 21 60.591237029227145 0.0 0.0 
-4.285714285714286 8.571428571428571 0.0 -2 12.082634355301927 0.0 0.0 
-4.285714285714286 9.285714285714286 0.0 -4 1.4391717344903716 0.0 0.0 
-2.142857142857143 -9.285714285714286 0.0 -32 -41.02097006054581 0.0 0.0 
-2.142857142857143 -8.571428571428571 0.0 -27 -55.63775964399527 0.0 0.0 
-2.142857142857143 -7.857142857142858 0.0 -21 -30.21413027345543 0.0 0.0 
-2.142857142857143 -7.142857142857143 0.0 -15 -34.857998356088224 0.0 0.0 
-2.142857142857143 -6.428571428571429 0.0 -7 0.8024981119305288 0.0 0.0 
-2.142857142857143 -5.714285714285714 0.0 7 16.03683574316796 0.0 0.0 
-2.142857142857143 -5.0 0.0 10 36.998616668030685 0.0 0.0 
-2.142857142857143 -4.285714285714286 0.0 10 36.85820419575447 0.0 0.0 
-2.142857142857143 -3.5714285714285716 0.0 19 60.721266841487406 0.0 0.0 
-2.142857142857143 -2.857142857142857 0.0 18 48.16927608579605 0.0 0.0 
-2.142857142857143 -2.142857142857143 0.0 2 28.978251205654978 0.0 0.0 
-2.142857142857143 2.142857142857143 0.0 17 28.14743807149011 0.0 0.0 
-2.142857142857143 2.857142857142857 0.0 8 11.303724774941527 0.0 0.0 
-2.142857142857143 3.5714285714285716 0.0 -13 -24.18922189278922 0.0 0.0 
-2.142857142857143 4.285714285714286 0.0 2 6.421787056370231 0.0 0.0 
-2.142857142857143 5.0 0.0 31 45.74682940518014 0.0 0.0 
-2.142857142857143 5.714285714285714 0.0 30 40.034467615330826 0.0 0.0 
-2.142857142857143 6.428571428571429 0.0 34 46.29697523381542 0.0 0.0 
-2.142857142857143 7.142857142857143 0.0 39 60.33916453607919 0.0 0.0 
-2.142857142857143 7.857142857142858 0.0 10 20.061808200347244 0.0 0.0 
-2.142857142857143 8.571428571428571 0.0 -11 -28.694232276505396 0.0 0.0 
-2.142857142857143 9.285714285714286 0.0 -9 -40.19289692580416 0.0 0.0 
-0.0 -9.285714285714286 0.0 -15 -20.54091277839314 0.0 0.0 
-0.0 -8.571428571428571 0.0 -26 -9.565746498425135 0.0 0.0 
-0.0 -7.857142857142858 0.0 -30 -26.287398996656698 0.0 0.0 
-0.0 -7.142857142857143 0.0 -25 -5.400255831530771 0.0 0.0 
-0.0 -6.428571428571429 0.0 -12 16.95344023956101 0.0 0.0 
-0.0 -5.714285714285714 0.0 8 57.01437878955066 0.0 0.0 
-0.0 -5.0 0.0 10 55.25359410656939 0.0 0.0 
-0.0 -4.285714285714286 0.0 15 73.0884703472496 0.0 0.0 
-0.0 -3.5714285714285716 0.0 29 84.58156092007178 0.0 0.0 
-0.0 -2.857142857142857 0.0 20 72.92338528269161 0.0 0.0 
-0.0 -2.142857142857143 0.0 4 41.870676897255706 0.0 0.0 
-0.0 2.142857142857143 0.0 19 28.883276029553848 0.0 0.0 
-0.0 2.857142857142857 0.0 5 2.4022865785609024 0.0 0.0 
-0.0 3.5714285714285716 0.0 -8 -23.761557101453633 0.0 0.0 
-0.0 4.285714285714286 0.0 19 28.63039917789696 0.0 0.0 
-0.0 5.0 0.0 53 74.36726785392767 0.0 0.0 
-0.0 5.714285714285714 0.0 43 62.76056896644671 0.0 0.0 
-0.0 6.428571428571429 0.0 29 47.39638463145775 0.0 0.0 
-0.0 7.142857142857143 0.0 18 38.72391324182076 0.0 0.0 
-0.0 7.857142857142858 0.0 -14 -11.615363426095094 0.0 0.0 
-0.0 8.571428571428571 0.0 -28 -40.82772949257169 0.0 0.0 
-0.0 9.285714285714286 0.0 -21 -37.0077381657705 0.0 0.0 
0.0 -9.285714285714286 0.0 -41 -29.07278629129894 0.0 0.0 
0.0 -8.571428571428571 0.0 -49 -38.340668872516666 0.0 0.0 
0.0 -7.857142857142858 0.0 -37 -17.88828698683305 0.0 0.0 
0.0 -7.142857142857143 0.0 -25 -0.49910102287871894 0.0 0.0 
0.0 -6.428571428571429 0.0 0 46.3464825729735 0.0 0.0 
0.0 -5.714285714285714 0.0 21 67.91703281807871 0.0 0.0 
0.0 -5.0 0.0 19 70.93312432541389 0.0 0.0 
0.0 -4.285714285714286 0.0 30 85.75918947721178 0.0 0.0 
0.0 -3.5714285714285716 0.0 42 98.50435817891685 0.0 0.0 
0.0 -2.857142857142857 0.0 22 61.242683110289406 0.0 0.0 
0.0 -2.142857142857143 0.0 12 41.05905874375611 0.0 0.0 
0.0 2.142857142857143 0.0 23 18.261600379341697 0.0 0.0 
0.0 2.857142857142857 0.0 13 1.2949363136959846 0.0 0.0 
0.0 3.5714285714285716 0.0 8 -8.183078682293962 0.0 0.0 
0.0 4.285714285714286 0.0 41 61.62408160082983 0.0 0.0 
0.0 5.0 0.0 61 90.2671455596188 0.0 0.0 
0.0 5.714285714285714 0.0 23 47.436523757892424 0.0 0.0 
0.0 6.428571428571429 0.0 -8 0.3739122564348989 0.0 0.0 
0.0 7.142857142857143 0.0 -22 -21.357320536334136 0.0 0.0 
0.0 7.857142857142858 0.0 -44 -61.160047703063654 0.0 0.0 
0.0 8.571428571428571 0.0 -43 -55.421617649364535 0.0 0.0 
0.0 9.285714285714286 0.0 -10 -14.215137519904935 0.0 0.0 
2.142857142857143 -9.285714285714286 0.0 -54 -63.00991294517304 0.0 0.0 
2.142857142857143 -8.571428571428571 0.0 -46 -53.52785342556453 0.0 0.0 
2.142857142857143 -7.857142857142858 0.0 -24 -17.705354383540133 0.0 0.0 
2.142857142857143 -7.142857142857143 0.0 -5 1.407883745594681 0.0 0.0 
2.142857142857143 -6.428571428571429 0.0 22 57.04247708847493 0.0 0.0 
2.142857142857143 -5.714285714285714 0.0 36 58.83478603198124 0.0 0.0 
2.142857142857143 -5.0 0.0 34 67.36665691358391 0.0 0.0 
2.142857142857143 -4.285714285714286 0.0 51 81.83929927905172 0.0 0.0 
2.142857142857143 -3.5714285714285716 0.0 56 89.1971189177748 0.0 0.0 
2.142857142857143 -2.857142857142857 0.0 34 43.75019249435037 0.0 0.0 
2.142857142857143 -2.142857142857143 0.0 37 44.778104128713395 0.0 0.0 
2.142857142857143 1.4285714285714286 0.0 14 -9.006205928342645 0.0 0.0 
2.142857142857143 2.142857142857143 0.0 15 6.132874713263018 0.0 0.0 
2.142857142857143 2.857142857142857 0.0 12 -7.737245308449584 0.0 0.0 
2.142857142857143 3.5714285714285716 0.0 9 -6.996721293751898 0.0 0.0 
2.142857142857143 4.285714285714286 0.0 43 59.29233908146334 0.0 0.0 
2.142857142857143 5.0 0.0 39 61.9667126248594 0.0 0.0 
2.142857142857143 5.714285714285714 0.0 -21 -20.15987422324894 0.0 0.0 
2.142857142857143 6.428571428571429 0.0 -46 -69.72259940382922 0.0 0.0 
2.142857142857143 7.142857142857143 0.0 -46 -75.98566590649216 0.0 0.0 
2.142857142857143 7.857142857142858 0.0 -49 -80.94316481533717 0.0 0.0 
2.142857142857143 8.571428571428571 0.0 -30 -46.62369514738586 0.0 0.0 
2.142857142857143 9.285714285714286 0.0 3 -4.8917757796128365 0.0 0.0 
4.285714285714286 -9.285714285714286 0.0 -47 -87.95415447489239 0.0 0.0 
4.285714285714286 -8.571428571428571 0.0 -27 -51.30198414608523 0.0 0.0 
4.285714285714286 -7.857142857142858 0.0 1 -18.719665719775215 0.0 0.0 
4.285714285714286 -7.142857142857143 0.0 20 13.668753310183376 0.0 0.0 
4.285714285714286 -6.428571428571429 0.0 50 59.939594689014505 0.0 0.0 
4.285714285714286 -5.714285714285714 0.0 56 61.67036499646529 0.0 0.0 
4.285714285714286 -5.0 0.0 56 73.04480960684536 0.0 0.0 
4.285714285714286 -4.285714285714286 0.0 78 100.28485147912595 0.0 0.0 
4.285714285714286 -3.5714285714285716 0.0 67 81.84360446552213 0.0 0.0 
4.285714285714286 -2.857142857142857 0.0 42 46.7867378503571 0.0 0.0 
4.285714285714286 -2.142857142857143 0.0 53 46.2252131095423 0.0 0.0 
4.285714285714286 -1.4285714285714286 0.0 45 28.22583356306201 0.0 0.0 
4.285714285714286 1.4285714285714286 0.0 -7 -45.07766615697089 0.0 0.0 
4.285714285714286 2.142857142857143 0.0 7 -16.953894735559285 0.0 0.0 
4.285714285714286 2.857142857142857 0.0 16 -14.571505709419085 0.0 0.0 
4.285714285714286 3.5714285714285716 0.0 18 -3.625966349684134 0.0 0.0 
4.285714285714286 4.285714285714286 0.0 40 52.25891248829912 0.0 0.0 
4.285714285714286 5.0 0.0 9 12.732457039435673 0.0 0.0 
4.285714285714286 5.714285714285714 0.0 -64 -95.5710334421251 0.0 0.0 
4.285714285714286 6.428571428571429 0.0 -74 -121.95980665621641 0.0 0.0 
4.285714285714286 7.142857142857143 0.0 -51 -89.75788696382484 0.0 0.0 
4.285714285714286 7.857142857142858 0.0 -42 -77.3857064692919 0.0 0.0 
4.285714285714286 8.571428571428571 0.0 -5 -18.68393689640766 0.0 0.0 
4.285714285714286 9.285714285714286 0.0 12 0.44965458584449713 0.0 0.0 
6.428571428571429 -9.285714285714286 0.0 -22 -99.64286658570403 0.0 0.0 
6.428571428571429 -8.571428571428571 0.0 3 -26.33388853242547 0.0 0.0 
6.428571428571429 -7.857142857142858 0.0 34 -6.245692251658552 0.0 0.0 
6.428571428571429 -7.142857142857143 0.0 50 43.73237286748815 0.0 0.0 
6.428571428571429 -6.428571428571429 0.0 72 66.8584277784227 0.0 0.0 
6.428571428571429 -5.714285714285714 0.0 71 77.27044764727677 0.0 0.0 
6.428571428571429 -5.0 0.0 72 79.78735395429574 0.0 0.0 
6.428571428571429 -4.285714285714286 0.0 87 111.1625900306392 0.0 0.0 
6.428571428571429 -3.5714285714285716 0.0 59 63.264620813510845 0.0 0.0 
6.428571428571429 -2.857142857142857 0.0 44 44.76971679026501 0.0 0.0 
6.428571428571429 -2.142857142857143 0.0 53 36.44755493214183 0.0 0.0 
6.428571428571429 -1.4285714285714286 0.0 14 -16.649151238539545 0.0 0.0 
6.428571428571429 -0.7142857142857143 0.0 -20 -80.68392537582879 0.0 0.0 
6.428571428571429 -0.0 0.0 -17 -86.00742962365192 0.0 0.0 
6.428571428571429 0.0 0.0 -12 -76.51018230018038 0.0 0.0 
6.428571428571429 2.142857142857143 0.0 21 -0.4108654706261774 0.0 0.0 
6.428571428571429 2.857142857142857 0.0 23 -10.471810078871911 0.0 0.0 
6.428571428571429 3.5714285714285716 0.0 7 -11.758385660399064 0.0 0.0 
6.428571428571429 4.285714285714286 0.0 9 7.075723563168964 0.0 0.0 
6.428571428571429 5.0 0.0 -42 -70.5963503553543 0.0 0.0 
6.428571428571429 5.714285714285714 0.0 -102 -157.9907249238728 0.0 0.0 
6.428571428571429 6.428571428571429 0.0 -79 -134.76573476032203 0.0 0.0 
6.428571428571429 7.142857142857143 0.0 -31 -65.66841672957023 0.0 0.0 
6.428571428571429 7.857142857142858 0.0 -18 -53.502940041531104 0.0 0.0 
6.428571428571429 8.571428571428571 0.0 17 11.474686374779404 0.0 0.0 
6.428571428571429 9.285714285714286 0.0 24 -5.352109010354276 0.0 0.0 
8.571428571428571 -9.285714285714286 0.0 1 -81.94369453476602 0.0 0.0 
8.571428571428571 -8.571428571428571 0.0 26 -2.024818158117146 0.0 0.0 
8.571428571428571 -7.857142857142858 0.0 52 6.9809440832226315 0.0 0.0 
8.571428571428571 -7.142857142857143 0.0 66 60.86287709856843 0.0 0.0 
8.571428571428571 -6.428571428571429 0.0 85 72.30622147326744 0.0 0.0 
8.571428571428571 -5.714285714285714 0.0 81 87.98083990252819 0.0 0.0 
8.571428571428571 -5.0 0.0 83 88.17974475521397 0.0 0.0 
8.571428571428571 -4.285714285714286 0.0 83 101.00416375405959 0.0 0.0 
8.571428571428571 -3.5714285714285716 0.0 44 32.0819735668596 0.0 0.0 
8.571428571428571 -2.857142857142857 0.0 30 10.770418849215474 0.0 0.0 
8.571428571428571 -2.142857142857143 0.0 27 -14.947043906402286 0.0 0.0 
8.571428571428571 -1.4285714285714286 0.0 -13 -69.68542982768085 0.0 0.0 
8.571428571428571 -0.7142857142857143 0.0 -24 -106.72192690313418 0.0 0.0 
8.571428571428571 -0.0 0.0 -3 -82.99691742516401 0.0 0.0 
8.571428571428571 0.0 0.0 -3 -67.41047245751685 0.0 0.0 
8.571428571428571 0.7142857142857143 0.0 -1 -58.832590150006915 0.0 0.0 
8.571428571428571 1.4285714285714286 0.0 0 -43.04951167696736 0.0 0.0 
8.571428571428571 3.5714285714285716 0.0 -40 -66.77382621982565 0.0 0.0 
8.571428571428571 4.285714285714286 0.0 -29 -51.556072509260865 0.0 0.0 
8.571428571428571 5.0 0.0 -81 -139.2723175289582 0.0 0.0 
8.571428571428571 5.714285714285714 0.0 -94 -155.52417248131457 0.0 0.0 
8.571428571428571 6.428571428571429 0.0 -40 -88.00418367817194 0.0 0.0 
8.571428571428571 7.142857142857143 0.0 6 -23.797499157324047 0.0 0.0 
8.571428571428571 7.857142857142858 0.0 12 -16.820343798688363 0.0 0.0 
8.571428571428571 8.571428571428571 0.0 22 14.961057755969634 0.0 0.0 
8.571428571428571 9.285714285714286 0.0 15 -24.581491706808386 0.0 0.0 
10.714285714285714 -9.285714285714286 0.0 20 -74.01457049862591 0.0 0.0 
10.714285714285714 -8.571428571428571 0.0 50 15.079301783560929 0.0 0.0 
10.714285714285714 -7.857142857142858 0.0 74 18.507897048785537 0.0 0.0 
10.714285714285714 -7.142857142857143 0.0 84 70.30828835022942 0.0 0.0 
10.714285714285714 -6.428571428571429 0.0 97 71.37618525826937 0.0 0.0 
10.714285714285714 -5.714285714285714 0.0 88 78.397827507557 0.0 0.0 
10.714285714285714 -5.0 0.0 86 70.93301950689812 0.0 0.0 
10.714285714285714 -4.285714285714286 0.0 73 63.185109431588444 0.0 0.0 
10.714285714285714 -3.5714285714285716 0.0 34 -2.9198758407736705 0.0 0.0 
10.714285714285714 -2.857142857142857 0.0 24 -16.127568004769913 0.0 0.0 
10.714285714285714 -2.142857142857143 0.0 6 -49.74610922271647 0.0 0.0 
10.714285714285714 -1.4285714285714286 0.0 -28 -96.10256240709896 0.0 0.0 
10.714285714285714 -0.7142857142857143 0.0 -29 -112.17584211141559 0.0 0.0 
10.714285714285714 -0.0 0.0 -22 -99.0936524893284 0.0 0.0 
10.714285714285714 0.0 0.0 -15 -77.96094121194055 0.0 0.0 
10.714285714285714 0.7142857142857143 0.0 -14 -76.64217807378952 0.0 0.0 
10.714285714285714 1.4285714285714286 0.0 0 -43.61568194898321 0.0 0.0 
10.714285714285714 2.142857142857143 0.0 -4 -35.106400900993606 0.0 0.0 
10.714285714285714 4.285714285714286 0.0 -59 -113.1142291971903 0.0 0.0 
10.714285714285714 5.0 0.0 -86 -161.5907077177912 0.0 0.0 
10.714285714285714 5.714285714285714 0.0 -65 -133.9057273143659 0.0 0.0 
10.714285714285714 6.428571428571429 0.0 21 -30.675820824502182 0.0 0.0 
10.714285714285714 7.142857142857143 0.0 28 -12.77586819150298 0.0 0.0 
10.714285714285714 7.857142857142858 0.0 40 1.053268687380232 0.0 0.0 
10.714285714285714 8.571428571428571 0.0 30 -5.145987655899013 0.0 0.0 
10.714285714285714 9.285714285714286 0.0 -20 -92.25456241783607 0.0 0.0 
12.857142857142858 -9.285714285714286 0.0 50 -43.04611358954075 0.0 0.0 
12.857142857142858 -8.571428571428571 0.0 73 41.49427224926891 0.0 0.0 
12.857142857142858 -7.857142857142858 0.0 89 23.30201087334487 0.0 0.0 
12.857142857142858 -7.142857142857143 0.0 87 73.35236765657962 0.0 0.0 
12.857142857142858 -6.428571428571429 0.0 96 59.35203677195594 0.0 0.0 
12.857142857142858 -5.714285714285714 0.0 81 76.42454701828262 0.0 0.0 
12.857142857142858 -5.0 0.0 81 64.91836036688184 0.0 0.0 
12.857142857142858 -4.285714285714286 0.0 63 61.77557846556576 0.0 0.0 
12.857142857142858 -3.5714285714285716 0.0 27 -4.610173935054888 0.0 0.0 
12.857142857142858 -2.857142857142857 0.0 11 -22.504192335187412 0.0 0.0 
12.857142857142858 -2.142857142857143 0.0 -22 -89.40967462242526 0.0 0.0 
12.857142857142858 -1.4285714285714286 0.0 -58 -139.44886917385043 0.0 0.0 
12.857142857142858 -0.7142857142857143 0.0 -49 -143.24249757272548 0.0 0.0 
12.857142857142858 -0.0 0.0 -45 -121.95487600883473 0.0 0.0 
12.857142857142858 0.0 0.0 -16 -77.84821186744392 0.0 0.0 
12.857142857142858 0.7142857142857143 0.0 -10 -67.0108725583502 0.0 0.0 
12.857142857142858 1.4285714285714286 0.0 1 -43.88752046246619 0.0 0.0 
12.857142857142858 2.142857142857143 0.0 -14 -72.29183513555677 0.0 0.0 
12.857142857142858 3.5714285714285716 0.0 -86 -154.0306414262649 0.0 0.0 
12.857142857142858 4.285714285714286 0.0 -64 -139.66203561232624 0.0 0.0 
12.857142857142858 5.0 0.0 -52 -130.3772935065414 0.0 0.0 
12.857142857142858 5.714285714285714 0.0 -16 -85.47158870108728 0.0 0.0 
12.857142857142858 6.428571428571429 0.0 56 2.889601320135313 0.0 0.0 
12.857142857142858 7.142857142857143 0.0 45 -5.61759266990407 0.0 0.0 
12.857142857142858 7.857142857142858 0.0 36 -15.65726323972303 0.0 0.0 
12.857142857142858 8.571428571428571 0.0 58 -7.27076597488302 0.0 0.0 
12.857142857142858 9.285714285714286 0.0 -48 -156.3673786476466 0.0 0.0 
15.0 -9.285714285714286 0.0 61 -37.75553502659624 0.0 0.0 
15.0 -8.571428571428571 0.0 89 50.37163889949208 0.0 0.0 
15.0 -7.857142857142858 0.0 108 48.84535292876268 0.0 0.0 
15.0 -7.142857142857143 0.0 110 104.76102087328655 0.0 0.0 
15.0 -6.428571428571429 0.0 113 97.67854732179495 0.0 0.0 
15.0 -5.714285714285714 0.0 83 99.10528481318838 0.0 0.0 
15.0 -5.0 0.0 61 60.17088797699091 0.0 0.0 
15.0 -4.285714285714286 0.0 19 8.283294866561107 0.0 0.0 
15.0 -3.5714285714285716 0.0 -18 -74.77216503343826 0.0 0.0 
15.0 -2.857142857142857 0.0 -34 -102.93675884383612 0.0 0.0 
15.0 -2.142857142857143 0.0 -41 -135.8748625415689 0.0 0.0 
15.0 -1.4285714285714286 0.0 -53 -145.0891924024949 0.0 0.0 
15.0 -0.7142857142857143 0.0 -33 -129.68733512046714 0.0 0.0 
15.0 -0.0 0.0 -47 -118.15869321519327 0.0 0.0 
15.0 0.0 0.0 -38 -105.69980723144133 0.0 0.0 
15.0 0.7142857142857143 0.0 -46 -110.32499574916201 0.0 0.0 
15.0 1.4285714285714286 0.0 -55 -115.19313758734057 0.0 0.0 
15.0 2.142857142857143 0.0 -48 -130.2746511788225 0.0 0.0 
15.0 2.857142857142857 0.0 -88 -184.96614039171146 0.0 0.0 
15.0 3.5714285714285716 0.0 -53 -134.4183679564785 0.0 0.0 
15.0 4.285714285714286 0.0 -22 -114.51230034040043 0.0 0.0 
15.0 5.0 0.0 -3 -97.40128550702683 0.0 0.0 
15.0 5.714285714285714 0.0 35 -44.44214196722379 0.0 0.0 
15.0 6.428571428571429 0.0 40 -20.456679123514007 0.0 0.0 
15.0 7.142857142857143 0.0 28 -27.514952897721656 0.0 0.0 
15.0 7.857142857142858 0.0 6 -55.9423938691893 0.0 0.0 
15.0 8.571428571428571 0.0 37 -41.49526616001253 0.0 0.0 
15.0 9.285714285714286 0.0 -30 -175.01464526962846 0.0 0.0 
17.142857142857142 -9.285714285714286 0.0 95 11.196575281136944 0.0 0.0 
17.142857142857142 -8.571428571428571 0.0 123 155.25900330170225 0.0 0.0 
17.142857142857142 -7.857142857142858 0.0 126 104.26015273633206 0.0 0.0 
17.142857142857142 -7.142857142857143 0.0 106 153.90330069240537 0.0 0.0 
17.142857142857142 -6.428571428571429 0.0 86 76.1261294576469 0.0 0.0 
17.142857142857142 -5.714285714285714 0.0 43 65.40175206765721 0.0 0.0 
17.142857142857142 -5.0 0.0 20 -6.696470928313417 0.0 0.0 
17.142857142857142 -4.285714285714286 0.0 -19 -38.45627070729345 0.0 0.0 
17.142857142857142 -3.5714285714285716 0.0 -53 -110.08825972257642 0.0 0.0 
17.142857142857142 -2.857142857142857 0.0 -71 -125.79694568361373 0.0 0.0 
17.142857142857142 -2.142857142857143 0.0 -83 -169.0086128846275 0.0 0.0 
17.142857142857142 -1.4285714285714286 0.0 -80 -162.03403438417445 0.0 0.0 
17.142857142857142 -0.7142857142857143 0.0 -50 -149.44932919663506 0.0 0.0 
17.142857142857142 -0.0 0.0 -24 -96.82587010269259 0.0 0.0 
17.142857142857142 0.0 0.0 -15 -93.47832260001812 0.0 0.0 
17.142857142857142 0.7142857142857143 0.0 -21 -90.50334634984782 0.0 0.0 
17.142857142857142 1.4285714285714286 0.0 -54 -130.819369518904 0.0 0.0 
17.142857142857142 2.142857142857143 0.0 -72 -153.6611627376105 0.0 0.0 
17.142857142857142 2.857142857142857 0.0 -80 -186.415585517594 0.0 0.0 
17.142857142857142 3.5714285714285716 0.0 -29 -130.94033109675547 0.0 0.0 
17.142857142857142 4.285714285714286 0.0 2 -101.49100507464843 0.0 0.0 
17.142857142857142 5.0 0.0 16 -82.51529608868947 0.0 0.0 
17.142857142857142 5.714285714285714 0.0 63 -18.75547199815246 0.0 0.0 
17.142857142857142 6.428571428571429 0.0 28 -37.12587797294496 0.0 0.0 
17.142857142857142 7.142857142857143 0.0 17 -43.079363098613605 0.0 0.0 
17.142857142857142 7.857142857142858 0.0 6 -59.430619320706825 0.0 0.0 
17.142857142857142 8.571428571428571 0.0 -10 -75.55361422036219 0.0 0.0 
17.142857142857142 9.285714285714286 0.0 -42 -191.95969649339997 0.0 0.0 
19.285714285714285 -9.285714285714286 0.0 118 132.66164683278043 0.0 0.0 
19.285714285714285 -8.571428571428571 0.0 104 164.15265363468788 0.0 0.0 
19.285714285714285 -7.857142857142858 0.0 71 77.45573695818695 0.0 0.0 
19.285714285714285 -7.142857142857143 0.0 43 94.72928177705829 0.0 0.0 
19.285714285714285 -6.428571428571429 0.0 20 24.00409718475497 0.0 0.0 
19.285714285714285 -5.714285714285714 0.0 -8 24.474665132230683 0.0 0.0 
19.285714285714285 -5.0 0.0 -23 -47.66305162224217 0.0 0.0 
19.285714285714285 -4.285714285714286 0.0 -52 -72.25375007532843 0.0 0.0 
19.285714285714285 -3.5714285714285716 0.0 -53 -133.6203925773543 0.0 0.0 
19.285714285714285 -2.857142857142857 0.0 -46 -119.5539154640943 0.0 0.0 
19.285714285714285 -2.142857142857143 0.0 -39 -141.40753485279268 0.0 0.0 
19.285714285714285 -1.4285714285714286 0.0 -27 -104.29952033785412 0.0 0.0 
19.285714285714285 -0.7142857142857143 0.0 -26 -117.21055733646239 0.0 0.0 
19.285714285714285 -0.0 0.0 -18 -82.8070807468261 0.0 0.0 
19.285714285714285 0.0 0.0 -37 -124.83803119146611 0.0 0.0 
19.285714285714285 0.7142857142857143 0.0 -50 -135.13609712658064 0.0 0.0 
19.285714285714285 1.4285714285714286 0.0 -64 -167.94565304816092 0.0 0.0 
19.285714285714285 2.142857142857143 0.0 -71 -175.77632124975395 0.0 0.0 
19.285714285714285 2.857142857142857 0.0 -43 -157.9699353604732 0.0 0.0 
19.285714285714285 3.5714285714285716 0.0 -8 -104.05156817658498 0.0 0.0 
19.285714285714285 4.285714285714286 0.0 20 -65.00665074702454 0.0 0.0 
19.285714285714285 5.0 0.0 15 -55.33985955778831 0.0 0.0 
19.285714285714285 5.714285714285714 0.0 45 -9.356259626274678 0.0 0.0 
19.285714285714285 6.428571428571429 0.0 13 -39.41984383965696 0.0 0.0 
19.285714285714285 7.142857142857143 0.0 4 -48.678736502980385 0.0 0.0 
19.285714285714285 7.857142857142858 0.0 20 -35.70453739906361 0.0 0.0 
19.285714285714285 8.571428571428571 0.0 -17 -84.00846828606309 0.0 0.0 
19.285714285714285 9.285714285714286 0.0 -55 -172.63653628550816 0.0 0.0 
21.428571428571427 -9.285714285714286 0.0 62 68.49282615063274 0.0 0.0 
21.428571428571427 -8.571428571428571 0.0 43 2.151957596779596 0.0 0.0 
21.428571428571427 -7.857142857142858 0.0 39 45.218122542972765 0.0 0.0 
21.428571428571427 -7.142857142857143 0.0 31 0.2465378038533288 0.0 0.0 
21.428571428571427 -6.428571428571429 0.0 36 21.466113105053324 0.0 0.0 
21.428571428571427 -5.714285714285714 0.0 26 -32.69445138756822 0.0 0.0 
21.428571428571427 -5.0 0.0 34 -20.014200660767614 0.0 0.0 
21.428571428571427 -4.285714285714286 0.0 12 -84.64170603463566 0.0 0.0 
21.428571428571427 -3.5714285714285716 0.0 0 -102.99651146234812 0.0 0.0 
21.428571428571427 -2.857142857142857 0.0 -25 -155.8346034538484 0.0 0.0 
21.428571428571427 -2.142857142857143 0.0 -56 -185.07268871085452 0.0 0.0 
21.428571428571427 -1.4285714285714286 0.0 -65 -201.8929057623239 0.0 0.0 
21.428571428571427 -0.7142857142857143 0.0 -77 -203.92676572743466 0.0 0.0 
21.428571428571427 -0.0 0.0 -72 -192.75631961101075 0.0 0.0 
21.428571428571427 0.0 0.0 -78 -197.23197763567134 0.0 0.0 
21.428571428571427 0.7142857142857143 0.0 -82 -208.6821144663902 0.0 0.0 
21.428571428571427 1.4285714285714286 0.0 -55 -185.82365055359224 0.0 0.0 
21.428571428571427 2.142857142857143 0.0 -43 -180.6501247501987 0.0 0.0 
21.428571428571427 2.857142857142857 0.0 2 -122.52155500488765 0.0 0.0 
21.428571428571427 3.5714285714285716 0.0 14 -91.49210652004668 0.0 0.0 
21.428571428571427 4.285714285714286 0.0 24 -63.67080139590611 0.0 0.0 
21.428571428571427 5.0 0.0 7 -69.40831532989691 0.0 0.0 
21.428571428571427 5.714285714285714 0.0 2 -62.02749085690775 0.0 0.0 
21.428571428571427 6.428571428571429 0.0 -15 -81.52592741102437 0.0 0.0 
21.428571428571427 7.142857142857143 0.0 -23 -93.68297396544507 0.0 0.0 
21.428571428571427 7.857142857142858 0.0 5 -59.3987238045116 0.0 0.0 
21.428571428571427 8.571428571428571 0.0 -14 -106.25400945669044 0.0 0.0 
21.428571428571427 9.285714285714286 0.0 -38 -170.56631154343006 0.0 0.0 
23.57142857142857 -9.285714285714286 0.0 66 -36.915269772230914 0.0 0.0 
23.57142857142857 -8.571428571428571 0.0 102 130.66534304678873 0.0 0.0 
23.57142857142857 -7.857142857142858 0.0 126 78.17484248938564 0.0 0.0 
23.57142857142857 -7.142857142857143 0.0 119 137.90554243613192 0.0 0.0 
23.57142857142857 -6.428571428571429 0.0 93 43.75544749232674 0.0 0.0 
23.57142857142857 -5.714285714285714 0.0 30 1.9154297381895518 0.0 0.0 
23.57142857142857 -5.0 0.0 -40 -140.17067062943508 0.0 0.0 
23.57142857142857 -4.285714285714286 0.0 -99 -204.54073756649723 0.0 0.0 
23.57142857142857 -3.5714285714285716 0.0 -135 -282.86297133198394 0.0 0.0 
23.57142857142857 -2.857142857142857 0.0 -125 -256.6508313967875 0.0 0.0 
23.57142857142857 -2.142857142857143 0.0 -115 -254.52053865336845 0.0 0.0 
23.57142857142857 -1.4285714285714286 0.0 -82 -200.7256931686351 0.0 0.0 
23.57142857142857 -0.7142857142857143 0.0 -66 -183.50140106183093 0.0 0.0 
23.57142857142857 -0.0 0.0 -59 -161.69300610896934 0.0 0.0 
23.57142857142857 0.0 0.0 -53 -161.11973546750193 0.0 0.0 
23.57142857142857 0.7142857142857143 0.0 -61 -161.25538603748055 0.0 0.0 
23.57142857142857 1.4285714285714286 0.0 -35 -130.8254443946119 0.0 0.0 
23.57142857142857 2.142857142857143 0.0 -30 -118.23030044026524 0.0 0.0 
23.57142857142857 2.857142857142857 0.0 -2 -74.71708441006243 0.0 0.0 
23.57142857142857 3.5714285714285716 0.0 3 -54.60350958614569 0.0 0.0 
23.57142857142857 4.285714285714286 0.0 5 -42.86823550034555 0.0 0.0 
23.57142857142857 5.0 0.0 9 -28.108527755745303 0.0 0.0 
23.57142857142857 5.714285714285714 0.0 -6 -40.47184446412289 0.0 0.0 
23.57142857142857 6.428571428571429 0.0 -5 -39.356197217762606 0.0 0.0 
23.57142857142857 7.142857142857143 0.0 -14 -51.84417844794982 0.0 0.0 
23.57142857142857 7.857142857142858 0.0 0 -19.5295274301074 0.0 0.0 
23.57142857142857 8.571428571428571 0.0 -13 -48.06843517577799 0.0 0.0 
23.57142857142857 9.285714285714286 0.0 -32 -102.02241691552099 0.0 0.0 
25.714285714285715 -9.285714285714286 0.0 149 200.15916052609592 0.0 0.0 
25.714285714285715 -8.571428571428571 0.0 117 316.70198954545157 0.0 0.0 
25.714285714285715 -7.857142857142858 0.0 36 104.26822626667814 0.0 0.0 
25.714285714285715 -7.142857142857143 0.0 -35 79.4889144834217 0.0 0.0 
25.714285714285715 -6.428571428571429 0.0 -99 -122.09874574207547 0.0 0.0 
25.714285714285715 -5.714285714285714 0.0 -116 -102.53585964997771 0.0 0.0 
25.714285714285715 -5.0 0.0 -103 -182.33256307571259 0.0 0.0 
25.714285714285715 -4.285714285714286 0.0 -84 -119.4655142649969 0.0 0.0 
25.714285714285715 -3.5714285714285716 0.0 -79 -169.49976322774683 0.0 0.0 
25.714285714285715 -2.857142857142857 0.0 -82 -141.49315991379868 0.0 0.0 
25.714285714285715 -2.142857142857143 0.0 -86 -169.46760944511269 0.0 0.0 
25.714285714285715 -1.4285714285714286 0.0 -81 -134.2802719979023 0.0 0.0 
25.714285714285715 -0.7142857142857143 0.0 -59 -110.5731362658997 0.0 0.0 
25.714285714285715 -0.0 0.0 -49 -76.36749383359563 0.0 0.0 
25.714285714285715 0.0 0.0 -31 -60.15767813140591 0.0 0.0 
25.714285714285715 0.7142857142857143 0.0 -33 -54.79516798911507 0.0 0.0 
25.714285714285715 1.4285714285714286 0.0 -21 -46.93338243652802 0.0 0.0 
25.714285714285715 2.142857142857143 0.0 -18 -28.620291935220052 0.0 0.0 
25.714285714285715 2.857142857142857 0.0 -8 -10.884299120213281 0.0 0.0 
25.714285714285715 3.5714285714285716 0.0 5 27.211900250712688 0.0 0.0 
25.714285714285715 4.285714285714286 0.0 0 21.3099860239974 0.0 0.0 
25.714285714285715 5.0 0.0 19 57.30762180416878 0.0 0.0 
25.714285714285715 5.714285714285714 0.0 10 33.5642748991179 0.0 0.0 
25.714285714285715 6.428571428571429 0.0 10 39.556880817667995 0.0 0.0 
25.714285714285715 7.142857142857143 0.0 4 20.04252358166453 0.0 0.0 
25.714285714285715 7.857142857142858 0.0 -4 15.705585059818965 0.0 0.0 
25.714285714285715 8.571428571428571 0.0 -10 22.351443369787123 0.0 0.0 
25.714285714285715 9.285714285714286 0.0 -25 -14.100809964606153 0.0 0.0 
27.857142857142858 -9.285714285714286 0.0 -23 102.05567721001202 0.0 0.0 
27.857142857142858 -8.571428571428571 0.0 -66 -59.57394127709341 0.0 0.0 
27.857142857142858 -7.857142857142858 0.0 -76 -61.558584890006394 0.0 0.0 
27.857142857142858 -7.142857142857143 0.0 -60 -114.09190089328627 0.0 0.0 
27.857142857142858 -6.428571428571429 0.0 -38 -66.98842958870927 0.0 0.0 
27.857142857142858 -5.714285714285714 0.0 -34 -99.59631273619443 0.0 0.0 
27.857142857142858 -5.0 0.0 -40 -96.74333304242478 0.0 0.0 
27.857142857142858 -4.285714285714286 0.0 -54 -148.46747406474316 0.0 0.0 
27.857142857142858 -3.5714285714285716 0.0 -54 -143.8725527010039 0.0 0.0 
27.857142857142858 -2.857142857142857 0.0 -59 -147.32080420569469 0.0 0.0 
27.857142857142858 -2.142857142857143 0.0 -46 -95.59519515459755 0.0 0.0 
27.857142857142858 -1.4285714285714286 0.0 -49 -64.34764030088975 0.0 0.0 
27.857142857142858 -0.7142857142857143 0.0 -43 -19.2768312319742 0.0 0.0 
27.857142857142858 -0.0 0.0 -45 -5.4479908728887665 0.0 0.0 
27.857142857142858 0.0 0.0 -32 9.162187072292113 0.0 0.0 
27.857142857142858 0.7142857142857143 0.0 -12 32.51549410771784 0.0 0.0 
27.857142857142858 1.4285714285714286 0.0 6 53.64464662337224 0.0 0.0 
27.857142857142858 2.142857142857143 0.0 29 91.87895452820274 0.0 0.0 
27.857142857142858 2.857142857142857 0.0 33 94.44714124560922 0.0 0.0 
27.857142857142858 3.5714285714285716 0.0 36 106.59448557820382 0.0 0.0 
27.857142857142858 4.285714285714286 0.0 18 74.9073737305548 0.0 0.0 
27.857142857142858 5.0 0.0 13 62.93308753116708 0.0 0.0 
27.857142857142858 5.714285714285714 0.0 5 44.08166896204605 0.0 0.0 
27.857142857142858 6.428571428571429 0.0 -2 20.632519336596616 0.0 0.0 
27.857142857142858 7.142857142857143 0.0 5 24.95225195466156 0.0 0.0 
27.857142857142858 7.857142857142858 0.0 -9 -8.017946463144181 0.0 0.0 
27.857142857142858 8.571428571428571 0.0 3 14.379379758573632 0.0 0.0 
27.857142857142858 9.285714285714286 0.0 6 12.047258389609002 0.0 0.0 
