-27.857142857142858 -9.285714285714286 0.0 0 0.16661828965109787 0.0 0.0 
-27.857142857142858 -8.571428571428571 0.0 0 -0.16787180886870867 0.0 0.0 
-27.857142857142858 -7.857142857142858 0.0 0 -0.6860855550929799 0.0 0.0 
-27.857142857142858 -7.142857142857143 0.0 0 -1.1694542918898323 0.0 0.0 
-27.857142857142858 -6.428571428571429 0.0 0 -1.681786283714899 0.0 0.0 
-27.857142857142858 -5.714285714285714 0.0 -1 -1.852062718221037 0.0 0.0 
-27.857142857142858 -5.0 0.0 -1 -2.073261963266226 0.0 0.0 
-27.857142857142858 -4.285714285714286 0.0 -1 -1.8715270613102462 0.0 0.0 
-27.857142857142858 -3.5714285714285716 0.0 -1 -1.8009316001818347 0.0 0.0 
-27.857142857142858 -2.857142857142857 0.0 -1 -1.307610527165475 0.0 0.0 
-27.857142857142858 -2.142857142857143 0.0 -1 -1.0024510233592407 0.0 0.0 
-27.857142857142858 -1.4285714285714286 0.0 -1 -0.35050666973790245 0.0 0.0 
-27.857142857142858 -0.7142857142857143 0.0 -1 0.0254464278406743 0.0 0.0 
-27.857142857142858 -0.0 0.0 0 0.6410130246591823 0.0 0.0 
-27.857142857142858 0.0 0.0 0 0.9341694228981344 0.0 0.0 
-27.857142857142858 0.7142857142857143 0.0 0 1.3879003662935676 0.0 0.0 
-27.857142857142858 1.4285714285714286 0.0 0 1.5342296835676301 0.0 0.0 
-27.857142857142858 2.142857142857143 0.0 0 1.834388684866083 0.0 0.0 
-27.857142857142858 2.857142857142857 0.0 0 1.7974890506143453 0.0 0.0 
-27.857142857142858 3.5714285714285716 0.0 0 1.9672282062973678 0.0 0.0 
-27.857142857142858 4.285714285714286 0.0 0 1.9036451940255528 0.0 0.0 
-27.857142857142858 5.0 0.0 0 1.7637410096020476 0.0 0.0 
-27.857142857142858 5.714285714285714 0.0 0 1.6142796585440609 0.0 0.0 
-27.857142857142858 6.428571428571429 0.0 0 1.6254299173857603 0.0 0.0 
-27.857142857142858 7.142857142857143 0.0 0 1.015890255132918 0.0 0.0 
-27.857142857142858 7.857142857142858 0.0 0 0.6867875327635149 0.0 0.0 
-27.857142857142858 8.571428571428571 0.0 0 0.8285140532914875 0.0 0.0 
-27.857142857142858 9.285714285714286 0.0 0 0.7385970424613325 0.0 0.0 
-25.714285714285715 -9.285714285714286 0.0 0 -0.02069156885373702 0.0 0.0 
-25.714285714285715 -8.571428571428571 0.0 0 -0.5884010441737484 0.0 0.0 
-25.714285714285715 -7.857142857142858 0.0 0 -1.3306840028570126 0.0 0.0 
-25.714285714285715 -7.142857142857143 0.0 0 -1.8217290306276592 0.0 0.0 
-25.714285714285715 -6.428571428571429 0.0 -1 -2.161871045004066 0.0 0.0 
-25.714285714285715 -5.714285714285714 0.0 -1 -2.1206795505536147 0.0 0.0 
-25.714285714285715 -5.0 0.0 -1 -1.9556735128454623 0.0 0.0 
-25.714285714285715 -4.285714285714286 0.0 -1 -1.5187496017536022 0.0 0.0 
-25.714285714285715 -3.5714285714285716 0.0 -1 -1.048250704861174 0.0 0.0 
-25.714285714285715 -2.857142857142857 0.0 -1 -0.4065426852142471 0.0 0.0 
-25.714285714285715 -2.142857142857143 0.0 -1 0.24606332321641045 0.0 0.0 
-25.714285714285715 -1.4285714285714286 0.0 0 0.9313021837758633 0.0 0.0 
-25.714285714285715 -0.7142857142857143 0.0 0 1.530210752431999 0.0 0.0 
-25.714285714285715 -0.0 0.0 0 2.0303379154266272 0.0 0.0 
-25.714285714285715 0.0 0.0 0 2.4193951808416276 0.0 0.0 
-25.714285714285715 0.7142857142857143 0.0 0 2.6401851908964638 0.0 0.0 
-25.714285714285715 1.4285714285714286 0.0 0 2.7800841851397924 0.0 0.0 
-25.714285714285715 2.142857142857143 0.0 0 2.8465206932738543 0.0 0.0 
-25.714285714285715 2.857142857142857 0.0 0 2.706123257579123 0.0 0.0 
-25.714285714285715 3.5714285714285716 0.0 0 2.6126772423360283 0.0 0.0 
-25.714285714285715 4.285714285714286 0.0 0 2.502516882451127 0.0 0.0 
-25.714285714285715 5.0 0.0 0 2.043189233607723 0.0 0.0 
-25.714285714285715 5.714285714285714 0.0 0 1.7139192341886398 0.0 0.0 
-25.714285714285715 6.428571428571429 0.0 0 1.680084770490871 0.0 0.0 
-25.714285714285715 7.142857142857143 0.0 0 0.8796607004959036 0.0 0.0 
-25.714285714285715 7.857142857142858 0.0 0 0.4160968574918543 0.0 0.0 
-25.714285714285715 8.571428571428571 0.0 0 0.8675028277568135 0.0 0.0 
-25.714285714285715 9.285714285714286 0.0 0 0.9454582998900891 0.0 0.0 
-23.57142857142857 -9.285714285714286 0.0 0 -0.1171863498716057 0.0 0.0 
-23.57142857142857 -8.571428571428571 0.0 0 -0.8617756825148793 0.0 0.0 
-23.57142857142857 -7.857142857142858 0.0 0 -1.785160756617846 0.0 0.0 
-23.57142857142857 -7.142857142857143 0.0 -1 -2.0557103490189466 0.0 0.0 
-23.57142857142857 -6.428571428571429 0.0 -1 -2.2290662851933836 0.0 0.0 
-23.57142857142857 -5.714285714285714 0.0 -2 -1.8517179786795546 0.0 0.0 
-23.57142857142857 -5.0 0.0 -2 -1.4986298983512307 0.0 0.0 
-23.57142857142857 -4.285714285714286 0.0 -2 -0.8182002906509569 0.0 0.0 
-23.57142857142857 -3.5714285714285716 0.0 -1 -0.8022764383520964 0.0 0.0 
-23.57142857142857 -2.857142857142857 0.0 0 -0.17645328781601366 0.0 0.0 
-23.57142857142857 -2.142857142857143 0.0 0 0.422154182451842 0.0 0.0 
-23.57142857142857 -1.4285714285714286 0.0 0 1.1536325521986033 0.0 0.0 
-23.57142857142857 -0.7142857142857143 0.0 0 1.6446161833449957 0.0 0.0 
-23.57142857142857 -0.0 0.0 0 2.610087216026506 0.0 0.0 
-23.57142857142857 0.0 0.0 0 2.9604853967125284 0.0 0.0 
-23.57142857142857 0.7142857142857143 0.0 0 3.1307348020650356 0.0 0.0 
-23.57142857142857 1.4285714285714286 0.0 1 3.0675550233111917 0.0 0.0 
-23.57142857142857 2.142857142857143 0.0 1 3.0622078807620294 0.0 0.0 
-23.57142857142857 2.857142857142857 0.0 1 2.669522278973089 0.0 0.0 
-23.57142857142857 3.5714285714285716 0.0 1 2.498387377048247 0.0 0.0 
-23.57142857142857 4.285714285714286 0.0 1 2.224726467246601 0.0 0.0 
-23.57142857142857 5.0 0.0 1 1.7097010762947975 0.0 0.0 
-23.57142857142857 5.714285714285714 0.0 1 1.2557982562037844 0.0 0.0 
-23.57142857142857 6.428571428571429 0.0 1 1.4138888868429447 0.0 0.0 
-23.57142857142857 7.142857142857143 0.0 0 0.4434006788830661 0.0 0.0 
-23.57142857142857 7.857142857142858 0.0 0 -0.043552563261734456 0.0 0.0 
-23.57142857142857 8.571428571428571 0.0 0 0.39971566578570933 0.0 0.0 
-23.57142857142857 9.285714285714286 0.0 0 0.5061313613687337 0.0 0.0 
-21.428571428571427 -9.285714285714286 0.0 0 -0.3744825656492357 0.0 0.0 
-21.428571428571427 -8.571428571428571 0.0 0 -1.2614668861085476 0.0 0.0 
-21.428571428571427 -7.857142857142858 0.0 -1 -2.148229772361011 0.0 0.0 
-21.428571428571427 -7.142857142857143 0.0 -2 -2.105800322782687 0.0 0.0 
-21.428571428571427 -6.428571428571429 0.0 -2 -2.0653128595255255 0.0 0.0 
-21.428571428571427 -5.714285714285714 0.0 -2 -1.4404753341250496 0.0 0.0 
-21.428571428571427 -5.0 0.0 -1 -1.5785669299691194 0.0 0.0 
-21.428571428571427 -4.285714285714286 0.0 -1 -1.2117706406551405 0.0 0.0 
-21.428571428571427 -3.5714285714285716 0.0 -1 -0.8350959555321302 0.0 0.0 
-21.428571428571427 -2.857142857142857 0.0 0 -0.03714143830013139 0.0 0.0 
-21.428571428571427 -2.142857142857143 0.0 0 0.5791757220035358 0.0 0.0 
-21.428571428571427 -1.4285714285714286 0.0 0 1.4527514875249596 0.0 0.0 
-21.428571428571427 -0.7142857142857143 0.0 0 2.1179681022565577 0.0 0.0 
-21.428571428571427 -0.0 0.0 0 3.040236010633822 0.0 0.0 
-21.428571428571427 0.0 0.0 1 3.181689555420583 0.0 0.0 
-21.428571428571427 0.7142857142857143 0.0 1 3.225263326680891 0.0 0.0 
-21.428571428571427 1.4285714285714286 0.0 1 2.964546043972258 0.0 0.0 
-21.428571428571427 2.142857142857143 0.0 1 2.903307058339115 0.0 0.0 
-21.428571428571427 2.857142857142857 0.0 1 2.3981528215863026 0.0 0.0 
-21.428571428571427 3.5714285714285716 0.0 1 2.2237161274765795 0.0 0.0 
-21.428571428571427 4.285714285714286 0.0 1 1.937503057495595 0.0 0.0 
-21.428571428571427 5.0 0.0 1 1.4081986633505312 0.0 0.0 
-21.428571428571427 5.714285714285714 0.0 1 0.8647173210329695 0.0 0.0 
-21.428571428571427 6.428571428571429 0.0 1 1.0466363184663507 0.0 0.0 
-21.428571428571427 7.142857142857143 0.0 0 0.01594288883029804 0.0 0.0 
-21.428571428571427 7.857142857142858 0.0 0 -0.5323099484111202 0.0 0.0 
-21.428571428571427 8.571428571428571 0.0 0 -0.0020856234713475252 0.0 0.0 
-21.428571428571427 9.285714285714286 0.0 0 -0.04644855082179011 0.0 0.0 
-19.285714285714285 -9.285714285714286 0.0 0 -0.6864917213044958 0.0 0.0 
-19.285714285714285 -8.571428571428571 0.0 -1 -1.501503970300431 0.0 0.0 
-19.285714285714285 -7.857142857142858 0.0 -2 -2.079398909372225 0.0 0.0 
-19.285714285714285 -7.142857142857143 0.0 -2 -1.6841211483226437 0.0 0.0 
-19.285714285714285 -6.428571428571429 0.0 -3 -1.4897589332119212 0.0 0.0 
-19.285714285714285 -5.714285714285714 0.0 -1 -1.3599066594853313 0.0 0.0 
-19.285714285714285 -5.0 0.0 -1 -0.9220984539247921 0.0 0.0 
-19.285714285714285 -4.285714285714286 0.0 -1 -0.22395505229893242 0.0 0.0 
-19.285714285714285 -3.5714285714285716 0.0 0 0.010198585937466031 0.0 0.0 
-19.285714285714285 -2.857142857142857 0.0 0 0.6059562241010421 0.0 0.0 
-19.285714285714285 -2.142857142857143 0.0 0 1.1103319388180704 0.0 0.0 
-19.285714285714285 -1.4285714285714286 0.0 0 1.833396923212471 0.0 0.0 
-19.285714285714285 -0.7142857142857143 0.0 0 2.9539316613986832 0.0 0.0 
-19.285714285714285 -0.0 0.0 1 3.4034007361102425 0.0 0.0 
-19.285714285714285 0.0 0.0 1 3.2748333640970104 0.0 0.0 
-19.285714285714285 0.7142857142857143 0.0 2 3.243084453626457 0.0 0.0 
-19.285714285714285 1.4285714285714286 0.0 2 2.9431933421833785 0.0 0.0 
-19.285714285714285 2.142857142857143 0.0 2 2.8806857257504155 0.0 0.0 
-19.285714285714285 2.857142857142857 0.0 2 2.301200794942167 0.0 0.0 
-19.285714285714285 3.5714285714285716 0.0 1 2.0673326267733882 0.0 0.0 
-19.285714285714285 4.285714285714286 0.0 1 1.7579271780592511 0.0 0.0 
-19.285714285714285 5.0 0.0 1 1.1929934016147228 0.0 0.0 
-19.285714285714285 5.714285714285714 0.0 0 0.6389440171477903 0.0 0.0 
-19.285714285714285 6.428571428571429 0.0 0 0.8849121585778685 0.0 0.0 
-19.285714285714285 7.142857142857143 0.0 0 -0.06656996728500186 0.0 0.0 
-19.285714285714285 7.857142857142858 0.0 0 -0.7759511177792575 0.0 0.0 
-19.285714285714285 8.571428571428571 0.0 0 -0.00454803028775877 0.0 0.0 
-19.285714285714285 9.285714285714286 0.0 0 -0.07055936876358004 0.0 0.0 
-17.142857142857142 -9.285714285714286 0.0 -1 -1.1663396785069384 0.0 0.0 
-17.142857142857142 -8.571428571428571 0.0 -2 -1.8401860189291743 0.0 0.0 
-17.142857142857142 -7.857142857142858 0.0 -3 -1.827090735284885 0.0 0.0 
-17.142857142857142 -7.142857142857143 0.0 -2 -1.775840295927142 0.0 0.0 
-17.142857142857142 -6.428571428571429 0.0 -2 -1.5683261854845725 0.0 0.0 
-17.142857142857142 -5.714285714285714 0.0 -1 -0.9289793435014588 0.0 0.0 
-17.142857142857142 -5.0 0.0 -1 -0.4484695000167056 0.0 0.0 
-17.142857142857142 -4.285714285714286 0.0 0 0.06462781329415268 0.0 0.0 
-17.142857142857142 -3.5714285714285716 0.0 0 0.06791417226030738 0.0 0.0 
-17.142857142857142 -2.857142857142857 0.0 0 0.6992514201516498 0.0 0.0 
-17.142857142857142 -2.142857142857143 0.0 0 1.4028076484225078 0.0 0.0 
-17.142857142857142 -1.4285714285714286 0.0 0 2.9438878580274297 0.0 0.0 
-17.142857142857142 -0.7142857142857143 0.0 1 3.3527298407727626 0.0 0.0 
-17.142857142857142 -0.0 0.0 2 3.516653512330077 0.0 0.0 
-17.142857142857142 0.0 0.0 2 3.4868089050280853 0.0 0.0 
-17.142857142857142 0.7142857142857143 0.0 2 3.2319809092932443 0.0 0.0 
-17.142857142857142 1.4285714285714286 0.0 2 2.981420465484687 0.0 0.0 
-17.142857142857142 2.142857142857143 0.0 2 2.7901320084411436 0.0 0.0 
-17.142857142857142 2.857142857142857 0.0 2 2.2276180997135233 0.0 0.0 
-17.142857142857142 3.5714285714285716 0.0 1 1.9229915706693976 0.0 0.0 
-17.142857142857142 4.285714285714286 0.0 1 1.722779749621085 0.0 0.0 
-17.142857142857142 5.0 0.0 0 1.6196743662444975 0.0 0.0 
-17.142857142857142 5.714285714285714 0.0 0 0.7909946272004031 0.0 0.0 
-17.142857142857142 6.428571428571429 0.0 0 0.9124540412196316 0.0 0.0 
-17.142857142857142 7.142857142857143 0.0 0 0.5753786962157663 0.0 0.0 
-17.142857142857142 7.857142857142858 0.0 0 -0.8076648267803473 0.0 0.0 
-17.142857142857142 8.571428571428571 0.0 0 0.2390582496036004 0.0 0.0 
-17.142857142857142 9.285714285714286 0.0 0 0.5121930566252725 0.0 0.0 
-15.0 -9.285714285714286 0.0 -2 -2.017173510541927 0.0 0.0 
-15.0 -8.571428571428571 0.0 -3 -2.386239129121889 0.0 0.0 
-15.0 -7.857142857142858 0.0 -3 -2.0609401048508644 0.0 0.0 
-15.0 -7.142857142857143 0.0 -2 -1.9154636647203365 0.0 0.0 
-15.0 -6.428571428571429 0.0 -1 -1.465352518137319 0.0 0.0 
-15.0 -5.714285714285714 0.0 -1 -0.9124977891980985 0.0 0.0 
-15.0 -5.0 0.0 0 -0.3281620776755496 0.0 0.0 
-15.0 -4.285714285714286 0.0 0 0.16136521675430182 0.0 0.0 
-15.0 -3.5714285714285716 0.0 0 0.2222213100614956 0.0 0.0 
-15.0 -2.857142857142857 0.0 0 1.5066217291270527 0.0 0.0 
-15.0 -2.142857142857143 0.0 0 2.349997399070743 0.0 0.0 
-15.0 -1.4285714285714286 0.0 1 3.0897888030728655 0.0 0.0 
-15.0 1.4285714285714286 0.0 2 3.392070268174347 0.0 0.0 
-15.0 2.142857142857143 0.0 2 3.5483623268499644 0.0 0.0 
-15.0 2.857142857142857 0.0 2 2.631459746786439 0.0 0.0 
-15.0 3.5714285714285716 0.0 1 2.591470268789405 0.0 0.0 
-15.0 4.285714285714286 0.0 0 2.914808577249748 0.0 0.0 
-15.0 5.0 0.0 0 2.3464508376748827 0.0 0.0 
-15.0 5.714285714285714 0.0 0 1.8394160456896402 0.0 0.0 
-15.0 6.428571428571429 0.0 0 1.8770084578991806 0.0 0.0 
-15.0 7.142857142857143 0.0 0 1.1256024607323216 0.0 0.0 
-15.0 7.857142857142858 0.0 0 -0.5127556198334388 0.0 0.0 
-15.0 8.571428571428571 0.0 0 0.8532679280554829 0.0 0.0 
-15.0 9.285714285714286 0.0 0 1.9607498757858388 0.0 0.0 
-12.857142857142858 -9.285714285714286 0.0 -3 -2.692538715400774 0.0 0.0 
-12.857142857142858 -8.571428571428571 0.0 -3 -2.0915322576513 0.0 0.0 
-12.857142857142858 -7.857142857142858 0.0 -2 -2.3009456945179236 0.0 0.0 
-12.857142857142858 -7.142857142857143 0.0 -1 -1.678830243693871 0.0 0.0 
-12.857142857142858 -6.428571428571429 0.0 0 -1.7459193248968476 0.0 0.0 
-12.857142857142858 -5.714285714285714 0.0 0 -1.2701959892352306 0.0 0.0 
-12.857142857142858 -5.0 0.0 0 -0.8370278328237988 0.0 0.0 
-12.857142857142858 -4.285714285714286 0.0 0 -0.6775953665670773 0.0 0.0 
-12.857142857142858 -3.5714285714285716 0.0 0 0.1626320214088195 0.0 0.0 
-12.857142857142858 -2.857142857142857 0.0 0 1.2025463885160381 0.0 0.0 
-12.857142857142858 -2.142857142857143 0.0 0 1.8513755506433012 0.0 0.0 
-12.857142857142858 2.142857142857143 0.0 2 3.245041951974676 0.0 0.0 
-12.857142857142858 2.857142857142857 0.0 1 3.453973641528706 0.0 0.0 
-12.857142857142858 3.5714285714285716 0.0 0 3.052980759048438 0.0 0.0 
-12.857142857142858 4.285714285714286 0.0 0 3.4943750115618517 0.0 0.0 
-12.857142857142858 5.0 0.0 0 2.338164432487155 0.0 0.0 
-12.857142857142858 5.714285714285714 0.0 0 1.9330513220513577 0.0 0.0 
-12.857142857142858 6.428571428571429 0.0 0 2.197997667395357 0.0 0.0 
-12.857142857142858 7.142857142857143 0.0 0 1.3044047992880412 0.0 0.0 
-12.857142857142858 7.857142857142858 0.0 0 -0.9404582400423678 0.0 0.0 
-12.857142857142858 8.571428571428571 0.0 0 0.6751183663083105 0.0 0.0 
-12.857142857142858 9.285714285714286 0.0 1 2.4100897054872235 0.0 0.0 
-10.714285714285714 -9.285714285714286 0.0 -2 -2.6967616483093173 0.0 0.0 
-10.714285714285714 -8.571428571428571 0.0 -1 -2.427837422396479 0.0 0.0 
-10.714285714285714 -7.857142857142858 0.0 -1 -2.3229170636682372 0.0 0.0 
-10.714285714285714 -7.142857142857143 0.0 -1 -1.8810372049193322 0.0 0.0 
-10.714285714285714 -6.428571428571429 0.0 0 -2.38820806643591 0.0 0.0 
-10.714285714285714 -5.714285714285714 0.0 0 -2.1271448380630114 0.0 0.0 
-10.714285714285714 -5.0 0.0 0 -1.5863706150414367 0.0 0.0 
-10.714285714285714 -4.285714285714286 0.0 0 -0.8932832607215446 0.0 0.0 
-10.714285714285714 -3.5714285714285716 0.0 0 0.43870911901129817 0.0 0.0 
-10.714285714285714 -2.857142857142857 0.0 0 1.3407638288759736 0.0 0.0 
-10.714285714285714 -2.142857142857143 0.0 1 2.5129533228558483 0.0 0.0 
-10.714285714285714 2.142857142857143 0.0 1 3.87737124123486 0.0 0.0 
-10.714285714285714 2.857142857142857 0.0 1 3.6048128134333925 0.0 0.0 
-10.714285714285714 3.5714285714285716 0.0 0 2.7574826232753673 0.0 0.0 
-10.714285714285714 4.285714285714286 0.0 0 3.2405661263044987 0.0 0.0 
-10.714285714285714 5.0 0.0 0 2.1435248455679354 0.0 0.0 
-10.714285714285714 5.714285714285714 0.0 0 1.9142990701558136 0.0 0.0 
-10.714285714285714 6.428571428571429 0.0 0 2.0169353362367146 0.0 0.0 
-10.714285714285714 7.142857142857143 0.0 0 1.1424855779130931 0.0 0.0 
-10.714285714285714 7.857142857142858 0.0 -1 -1.5791238542815984 0.0 0.0 
-10.714285714285714 8.571428571428571 0.0 -1 0.21446476603377285 0.0 0.0 
-10.714285714285714 9.285714285714286 0.0 1 2.1795632323537175 0.0 0.0 
-8.571428571428571 -9.285714285714286 0.0 -1 -3.2740033433314286 0.0 0.0 
-8.571428571428571 -8.571428571428571 0.0 -1 -2.8074295606231305 0.0 0.0 
-8.571428571428571 -7.857142857142858 0.0 -1 -2.417741835570905 0.0 0.0 
-8.571428571428571 -7.142857142857143 0.0 0 -2.2383746429227127 0.0 0.0 
-8.571428571428571 -6.428571428571429 0.0 0 -1.9399236070531602 0.0 0.0 
-8.571428571428571 -5.714285714285714 0.0 0 -1.3824475409000425 0.0 0.0 
-8.571428571428571 -5.0 0.0 0 -1.0346446533758638 0.0 0.0 
-8.571428571428571 -4.285714285714286 0.0 0 0.013950258232251489 0.0 0.0 
-8.571428571428571 -3.5714285714285716 0.0 0 0.3862708034476713 0.0 0.0 
-8.571428571428571 -2.857142857142857 0.0 0 1.8210470272356085 0.0 0.0 
-8.571428571428571 -2.142857142857143 0.0 1 2.4035873049838443 0.0 0.0 
-8.571428571428571 2.142857142857143 0.0 1 3.5599208330727365 0.0 0.0 
-8.571428571428571 2.857142857142857 0.0 1 3.083763786363369 0.0 0.0 
-8.571428571428571 3.5714285714285716 0.0 0 2.4051756611099253 0.0 0.0 
-8.571428571428571 4.285714285714286 0.0 0 2.7757884647182225 0.0 0.0 
-8.571428571428571 5.0 0.0 0 1.6082136060063639 0.0 0.0 
-8.571428571428571 5.714285714285714 0.0 0 1.3538157258093049 0.0 0.0 
-8.571428571428571 6.428571428571429 0.0 0 1.5893725844588698 0.0 0.0 
-8.571428571428571 7.142857142857143 0.0 0 0.29974338643111786 0.0 0.0 
-8.571428571428571 7.857142857142858 0.0 -1 -2.54570424923661 0.0 0.0 
-8.571428571428571 8.571428571428571 0.0 -1 -0.12061203524025155 0.0 0.0 
-8.571428571428571 9.285714285714286 0.0 1 1.3189127327505998 0.0 0.0 
-6.428571428571429 -9.285714285714286 0.0 -1 -3.5729137430059397 0.0 0.0 
-6.428571428571429 -8.571428571428571 0.0 0 -2.4143699709987922 0.0 0.0 
-6.428571428571429 -7.857142857142858 0.0 0 -2.2281901811006026 0.0 0.0 
-6.428571428571429 -7.142857142857143 0.0 0 -1.448609286627073 0.0 0.0 
-6.428571428571429 -6.428571428571429 0.0 0 -1.5579504479879527 0.0 0.0 
-6.428571428571429 -5.714285714285714 0.0 0 -1.4121343235542325 0.0 0.0 
-6.428571428571429 -5.0 0.0 0 -1.2150937833952822 0.0 0.0 
-6.428571428571429 -4.285714285714286 0.0 0 -1.0348123498893451 0.0 0.0 
-6.428571428571429 -3.5714285714285716 0.0 0 0.05183129539949305 0.0 0.0 
-6.428571428571429 -2.857142857142857 0.0 0 1.552026046459884 0.0 0.0 
-6.428571428571429 -2.142857142857143 0.0 1 2.476707423697965 0.0 0.0 
-6.428571428571429 2.142857142857143 0.0 1 2.797657255730765 0.0 0.0 
-6.428571428571429 2.857142857142857 0.0 0 2.259397153716774 0.0 0.0 
-6.428571428571429 3.5714285714285716 0.0 0 1.7299539897820275 0.0 0.0 
-6.428571428571429 4.285714285714286 0.0 0 2.2188220995759838 0.0 0.0 
-6.428571428571429 5.0 0.0 0 0.8579250481121186 0.0 0.0 
-6.428571428571429 5.714285714285714 0.0 0 0.5837617722895742 0.0 0.0 
-6.428571428571429 6.428571428571429 0.0 0 0.6789758465855189 0.0 0.0 
-6.428571428571429 7.142857142857143 0.0 0 -1.1000933471697452 0.0 0.0 
-6.428571428571429 7.857142857142858 0.0 -2 -3.590932743986022 0.0 0.0 
-6.428571428571429 8.571428571428571 0.0 -1 -1.0317417839046221 0.0 0.0 
-6.428571428571429 9.285714285714286 0.0 0 0.7326814980366045 0.0 0.0 
-4.285714285714286 -9.285714285714286 0.0 0 -2.9189196465638294 0.0 0.0 
-4.285714285714286 -8.571428571428571 0.0 0 -1.5254959394003258 0.0 0.0 
-4.285714285714286 -7.857142857142858 0.0 0 -1.9149475685348318 0.0 0.0 
-4.285714285714286 -7.142857142857143 0.0 0 -1.139811909921296 0.0 0.0 
-4.285714285714286 -6.428571428571429 0.0 0 -2.430780864916321 0.0 0.0 
-4.285714285714286 -5.714285714285714 0.0 0 -2.3932400063294677 0.0 0.0 
-4.285714285714286 -5.0 0.0 0 -1.6361760154732954 0.0 0.0 
-4.285714285714286 -4.285714285714286 0.0 0 -1.1369843848938634 0.0 0.0 
-4.285714285714286 -3.5714285714285716 0.0 0 -0.05529143193905339 0.0 0.0 
-4.285714285714286 -2.857142857142857 0.0 0 1.602904759480844 0.0 0.0 
-4.285714285714286 -2.142857142857143 0.0 1 2.5299801860102544 0.0 0.0 
-4.285714285714286 2.142857142857143 0.0 1 2.032829233720003 0.0 0.0 
-4.285714285714286 2.857142857142857 0.0 0 1.4472122030481889 0.0 0.0 
-4.285714285714286 3.5714285714285716 0.0 0 1.2717705881791639 0.0 0.0 
-4.285714285714286 4.285714285714286 0.0 0 1.8476629640653504 0.0 0.0 
-4.285714285714286 5.0 0.0 0 0.4134000997369094 0.0 0.0 
-4.285714285714286 5.714285714285714 0.0 0 -0.18495903979660588 0.0 0.0 
-4.285714285714286 6.428571428571429 0.0 0 -0.7932696146102978 0.0 0.0 
-4.285714285714286 7.142857142857143 0.0 0 -1.9865504445743554 0.0 0.0 
-4.285714285714286 7.857142857142858 0.0 -2 -4.864634491351572 0.0 0.0 
-4.285714285714286 8.571428571428571 0.0 -1 -1.6128841094020765 0.0 0.0 
-4.285714285714286 9.285714285714286 0.0 0 0.14734167613473115 0.0 0.0 
-2.142857142857143 -9.285714285714286 0.0 0 -2.5801108073272947 0.0 0.0 
-2.142857142857143 -8.571428571428571 0.0 0 -1.6857887138021657 0.0 0.0 
-2.142857142857143 -7.857142857142858 0.0 0 -2.1208737763689087 0.0 0.0 
-2.142857142857143 -7.142857142857143 0.0 0 -1.6365171866631736 0.0 0.0 
-2.142857142857143 -6.428571428571429 0.0 0 -2.289929383997129 0.0 0.0 
-2.142857142857143 -5.714285714285714 0.0 0 -1.649629596422725 0.0 0.0 
-2.142857142857143 -5.0 0.0 0 -1.7140557797800589 0.0 0.0 
-2.142857142857143 -4.285714285714286 0.0 0 -0.8896803988065756 0.0 0.0 
-2.142857142857143 -3.5714285714285716 0.0 0 -0.04369121372911783 0.0 0.0 
-2.142857142857143 -2.857142857142857 0.0 1 1.8273587630102992 0.0 0.0 
-2.142857142857143 -2.142857142857143 0.0 1 2.2050580490527514 0.0 0.0 
-2.142857142857143 2.142857142857143 0.0 1 1.6008224595317144 0.0 0.0 
-2.142857142857143 2.857142857142857 0.0 0 0.8069612846170346 0.0 0.0 
-2.142857142857143 3.5714285714285716 0.0 0 1.1981155175899791 0.0 0.0 
-2.142857142857143 4.285714285714286 0.0 0 1.6124993815827895 0.0 0.0 
-2.142857142857143 5.0 0.0 0 0.46015616158247896 0.0 0.0 
-2.142857142857143 5.714285714285714 0.0 0 -1.2489791565628485 0.0 0.0 
-2.142857142857143 6.428571428571429 0.0 0 -1.3596161410120289 0.0 0.0 
-2.142857142857143 7.142857142857143 0.0 -1 -3.199496030558728 0.0 0.0 
-2.142857142857143 7.857142857142858 0.0 -3 -5.535837056274254 0.0 0.0 
-2.142857142857143 8.571428571428571 0.0 -1 -1.4944352539072145 0.0 0.0 
-2.142857142857143 9.285714285714286 0.0 0 0.8334476647358556 0.0 0.0 
-0.0 -9.285714285714286 0.0 0 -2.4790610450532844 0.0 0.0 
-0.0 -8.571428571428571 0.0 0 -1.1966350523289981 0.0 0.0 
-0.0 -7.857142857142858 0.0 0 -1.6306267841020297 0.0 0.0 
-0.0 -7.142857142857143 0.0 0 -1.3321704133182009 0.0 0.0 
-0.0 -6.428571428571429 0.0 0 -2.7832895413484118 0.0 0.0 
-0.0 -5.714285714285714 0.0 0 -1.8049346740926766 0.0 0.0 
-0.0 -5.0 0.0 0 -1.8529428222913524 0.0 0.0 
-0.0 -4.285714285714286 0.0 0 -0.8969118919515293 0.0 0.0 
-0.0 -3.5714285714285716 0.0 0 0.541816151803889 0.0 0.0 
-0.0 -2.857142857142857 0.0 1 1.6552836677732876 0.0 0.0 
-0.0 -2.142857142857143 0.0 2 2.7423320942814224 0.0 0.0 
-0.0 2.142857142857143 0.0 0 1.265749400171583 0.0 0.0 
-0.0 2.857142857142857 0.0 0 0.6978353307398422 0.0 0.0 
-0.0 3.5714285714285716 0.0 0 1.286019367100549 0.0 0.0 
-0.0 4.285714285714286 0.0 0 2.5777201484262084 0.0 0.0 
-0.0 5.0 0.0 0 -0.5125012272683638 0.0 0.0 
-0.0 5.714285714285714 0.0 -1 -2.0527440319371344 0.0 0.0 
-0.0 6.428571428571429 0.0 -1 -2.397060306036404 0.0 0.0 
-0.0 7.142857142857143 0.0 -2 -4.069960171042785 0.0 0.0 
-0.0 7.857142857142858 0.0 -4 -5.6675464115212675 0.0 0.0 
-0.0 8.571428571428571 0.0 0 -1.4178332000298806 0.0 0.0 
-0.0 9.285714285714286 0.0 0 1.8881698054452514 0.0 0.0 
0.0 -9.285714285714286 0.0 0 -1.6265257164502267 0.0 0.0 
0.0 -8.571428571428571 0.0 0 -1.4934609498891533 0.0 0.0 
0.0 -7.857142857142858 0.0 0 -2.2312504030189064 0.0 0.0 
0.0 -7.142857142857143 0.0 0 -1.9159398750134842 0.0 0.0 
0.0 -6.428571428571429 0.0 0 -2.5176362145913975 0.0 0.0 
0.0 -5.714285714285714 0.0 0 -1.8608199287502005 0.0 0.0 
0.0 -5.0 0.0 0 -1.4560888488585204 0.0 0.0 
0.0 -4.285714285714286 0.0 0 0.08470241027548919 0.0 0.0 
0.0 -3.5714285714285716 0.0 0 1.2172270078317649 0.0 0.0 
0.0 -2.857142857142857 0.0 1 1.792899349794002 0.0 0.0 
0.0 -2.142857142857143 0.0 2 3.1123719271265333 0.0 0.0 
0.0 2.142857142857143 0.0 0 -0.6450151703431027 0.0 0.0 
0.0 2.857142857142857 0.0 0 0.07609864735308425 0.0 0.0 
0.0 3.5714285714285716 0.0 0 1.7169137608435965 0.0 0.0 
0.0 4.285714285714286 0.0 0 1.6501914014434358 0.0 0.0 
0.0 5.0 0.0 -1 -2.3507842384493842 0.0 0.0 
0.0 5.714285714285714 0.0 -2 -3.9064666129900756 0.0 0.0 
0.0 6.428571428571429 0.0 -2 -3.3772182258205414 0.0 0.0 
0.0 7.142857142857143 0.0 -3 -5.251529509435403 0.0 0.0 
0.0 7.857142857142858 0.0 -4 -5.584079155087538 0.0 0.0 
0.0 8.571428571428571 0.0 0 -1.4317248097179234 0.0 0.0 
0.0 9.285714285714286 0.0 1 2.5662489885958384 0.0 0.0 
2.142857142857143 -9.285714285714286 0.0 0 -2.1030898528937776 0.0 0.0 
2.142857142857143 -8.571428571428571 0.0 0 -1.8288472734209595 0.0 0.0 
2.142857142857143 -7.857142857142858 0.0 0 -1.854873654695413 0.0 0.0 
2.142857142857143 -7.142857142857143 0.0 0 -2.658638347257539 0.0 0.0 
2.142857142857143 -6.428571428571429 0.0 -1 -1.8641967057587148 0.0 0.0 
2.142857142857143 -5.714285714285714 0.0 0 -2.628526882584139 0.0 0.0 
2.142857142857143 -5.0 0.0 0 -1.1812437570891559 0.0 0.0 
2.142857142857143 -4.285714285714286 0.0 0 0.05536325312165344 0.0 0.0 
2.142857142857143 -3.5714285714285716 0.0 1 1.363424168652307 0.0 0.0 
2.142857142857143 -2.857142857142857 0.0 2 1.8648577168478413 0.0 0.0 
2.142857142857143 -2.142857142857143 0.0 3 3.223836654040846 0.0 0.0 
2.142857142857143 1.4285714285714286 0.0 0 -1.2908340285608482 0.0 0.0 
2.142857142857143 2.142857142857143 0.0 0 -1.94024681592501 0.0 0.0 
2.142857142857143 2.857142857142857 0.0 0 -0.9976312967819281 0.0 0.0 
2.142857142857143 3.5714285714285716 0.0 0 1.0938743068362153 0.0 0.0 
2.142857142857143 4.285714285714286 0.0 0 -1.4140628488325957 0.0 0.0 
2.142857142857143 5.0 0.0 -1 -4.961034636345584 0.0 0.0 
2.142857142857143 5.714285714285714 0.0 -3 -7.532715940085531 0.0 0.0 
2.142857142857143 6.428571428571429 0.0 -4 -5.093442179045936 0.0 0.0 
2.142857142857143 7.142857142857143 0.0 -3 -6.394733103051126 0.0 0.0 
2.142857142857143 7.857142857142858 0.0 -2 -5.339481267492236 0.0 0.0 
2.142857142857143 8.571428571428571 0.0 1 -0.7839795105100902 0.0 0.0 
2.142857142857143 9.285714285714286 0.0 1 1.2329337526561903 0.0 0.0 
4.285714285714286 -9.285714285714286 0.0 0 -1.3320652387089735 0.0 0.0 
4.285714285714286 -8.571428571428571 0.0 0 -1.4601844635128263 0.0 0.0 
4.285714285714286 -7.857142857142858 0.0 -1 -3.10634933192566 0.0 0.0 
4.285714285714286 -7.142857142857143 0.0 0 -2.4437313982818294 0.0 0.0 
4.285714285714286 -6.428571428571429 0.0 0 -3.4584820351905075 0.0 0.0 
4.285714285714286 -5.714285714285714 0.0 0 -2.4162494124562004 0.0 0.0 
4.285714285714286 -5.0 0.0 0 -1.741817866176883 0.0 0.0 
4.285714285714286 -4.285714285714286 0.0 1 1.7463639515559026 0.0 0.0 
4.285714285714286 -3.5714285714285716 0.0 2 1.8554869494659854 0.0 0.0 
4.285714285714286 -2.857142857142857 0.0 2 2.934053829489262 0.0 0.0 
4.285714285714286 -2.142857142857143 0.0 3 4.006663462697691 0.0 0.0 
4.285714285714286 -1.4285714285714286 0.0 3 3.6463644524628753 0.0 0.0 
4.285714285714286 1.4285714285714286 0.0 -2 -3.012460438867733 0.0 0.0 
4.285714285714286 2.142857142857143 0.0 -1 -1.7489719020891399 0.0 0.0 
4.285714285714286 2.857142857142857 0.0 0 -0.33500050067631126 0.0 0.0 
4.285714285714286 3.5714285714285716 0.0 1 0.008627719610752482 0.0 0.0 
4.285714285714286 4.285714285714286 0.0 -1 -4.961837922126704 0.0 0.0 
4.285714285714286 5.0 0.0 -4 -8.158012320932839 0.0 0.0 
4.285714285714286 5.714285714285714 0.0 -5 -8.848911536233315 0.0 0.0 
4.285714285714286 6.428571428571429 0.0 -4 -5.5763789936538934 0.0 0.0 
4.285714285714286 7.142857142857143 0.0 -1 -4.232774621998008 0.0 0.0 
4.285714285714286 7.857142857142858 0.0 -1 -4.7339020152528395 0.0 0.0 
4.285714285714286 8.571428571428571 0.0 1 1.2332678062080482 0.0 0.0 
4.285714285714286 9.285714285714286 0.0 1 1.5329394114475687 0.0 0.0 
6.428571428571429 -9.285714285714286 0.0 0 -1.5431571725877222 0.0 0.0 
6.428571428571429 -8.571428571428571 0.0 -1 -2.6548093202660943 0.0 0.0 
6.428571428571429 -7.857142857142858 0.0 0 -3.425244876251955 0.0 0.0 
6.428571428571429 -7.142857142857143 0.0 0 -2.962817625785509 0.0 0.0 
6.428571428571429 -6.428571428571429 0.0 0 -3.2586783807780613 0.0 0.0 
6.428571428571429 -5.714285714285714 0.0 0 -2.2588061322158177 0.0 0.0 
6.428571428571429 -5.0 0.0 0 -1.1917999607592673 0.0 0.0 
6.428571428571429 -4.285714285714286 0.0 2 2.448549225255931 0.0 0.0 
6.428571428571429 -3.5714285714285716 0.0 3 2.6743861651406178 0.0 0.0 
6.428571428571429 -2.857142857142857 0.0 3 3.5606059355363024 0.0 0.0 
6.428571428571429 -2.142857142857143 0.0 5 6.640686461353896 0.0 0.0 
6.428571428571429 -1.4285714285714286 0.0 3 4.081572304435291 0.0 0.0 
6.428571428571429 -0.7142857142857143 0.0 2 1.4645705146793535 0.0 0.0 
6.428571428571429 -0.0 0.0 2 2.671036235491223 0.0 0.0 
6.428571428571429 0.0 0.0 2 1.2230262425740595 0.0 0.0 
6.428571428571429 2.142857142857143 0.0 -1 -3.018343577668406 0.0 0.0 
6.428571428571429 2.857142857142857 0.0 0 -1.4344027439547888 0.0 0.0 
6.428571428571429 3.5714285714285716 0.0 -1 -3.8219557689125794 0.0 0.0 
6.428571428571429 4.285714285714286 0.0 -3 -5.732124013264523 0.0 0.0 
6.428571428571429 5.0 0.0 -5 -10.330766284866367 0.0 0.0 
6.428571428571429 5.714285714285714 0.0 -4 -6.079378248211859 0.0 0.0 
6.428571428571429 6.428571428571429 0.0 -1 -5.35663590832264 0.0 0.0 
6.428571428571429 7.142857142857143 0.0 0 -2.0546449811187486 0.0 0.0 
6.428571428571429 7.857142857142858 0.0 -2 -4.926634735060799 0.0 0.0 
6.428571428571429 8.571428571428571 0.0 0 1.6538887126127926 0.0 0.0 
6.428571428571429 9.285714285714286 0.0 3 2.140759134815876 0.0 0.0 
8.571428571428571 -9.285714285714286 0.0 0 -2.193981692244734 0.0 0.0 
8.571428571428571 -8.571428571428571 0.0 0 -3.1004549006338906 0.0 0.0 
8.571428571428571 -7.857142857142858 0.0 0 -3.8856910788903227 0.0 0.0 
8.571428571428571 -7.142857142857143 0.0 0 -3.2090219938855333 0.0 0.0 
8.571428571428571 -6.428571428571429 0.0 0 -2.8901425437890547 0.0 0.0 
8.571428571428571 -5.714285714285714 0.0 0 -1.818426927408918 0.0 0.0 
8.571428571428571 -5.0 0.0 0 -0.6662741470467783 0.0 0.0 
8.571428571428571 -4.285714285714286 0.0 1 1.6898238815545266 0.0 0.0 
8.571428571428571 -3.5714285714285716 0.0 2 1.615645665202475 0.0 0.0 
8.571428571428571 -2.857142857142857 0.0 3 3.007334715777476 0.0 0.0 
8.571428571428571 -2.142857142857143 0.0 4 5.718889060181423 0.0 0.0 
8.571428571428571 -1.4285714285714286 0.0 4 5.950159141457756 0.0 0.0 
8.571428571428571 -0.7142857142857143 0.0 3 4.380807589299008 0.0 0.0 
8.571428571428571 -0.0 0.0 5 9.209147057535244 0.0 0.0 
8.571428571428571 0.0 0.0 1 2.783825650880678 0.0 0.0 
8.571428571428571 0.7142857142857143 0.0 -1 -2.0479560981792457 0.0 0.0 
8.571428571428571 1.4285714285714286 0.0 -1 -1.8446414935733526 0.0 0.0 
8.571428571428571 3.5714285714285716 0.0 -5 -8.545452619051503 0.0 0.0 
8.571428571428571 4.285714285714286 0.0 -4 -6.50628059888052 0.0 0.0 
8.571428571428571 5.0 0.0 -4 -7.583975977432533 0.0 0.0 
8.571428571428571 5.714285714285714 0.0 0 -3.4814286802415455 0.0 0.0 
8.571428571428571 6.428571428571429 0.0 2 3.2493923747235725 0.0 0.0 
8.571428571428571 7.142857142857143 0.0 1 -2.162728738846506 0.0 0.0 
8.571428571428571 7.857142857142858 0.0 0 -0.6730285881438072 0.0 0.0 
8.571428571428571 8.571428571428571 0.0 -1 -3.9773206256506475 0.0 0.0 
8.571428571428571 9.285714285714286 0.0 2 1.9107064488536212 0.0 0.0 
10.714285714285714 -9.285714285714286 0.0 0 -3.034294945725211 0.0 0.0 
10.714285714285714 -8.571428571428571 0.0 0 -3.010128628743837 0.0 0.0 
10.714285714285714 -7.857142857142858 0.0 0 -3.376066500808256 0.0 0.0 
10.714285714285714 -7.142857142857143 0.0 0 -1.3605171362352164 0.0 0.0 
10.714285714285714 -6.428571428571429 0.0 1 -0.7163783226498994 0.0 0.0 
10.714285714285714 -5.714285714285714 0.0 1 0.5894391429093178 0.0 0.0 
10.714285714285714 -5.0 0.0 1 1.3033191620269093 0.0 0.0 
10.714285714285714 -4.285714285714286 0.0 3 3.155201354036574 0.0 0.0 
10.714285714285714 -3.5714285714285716 0.0 2 1.3516842240863873 0.0 0.0 
10.714285714285714 -2.857142857142857 0.0 2 2.153276341493965 0.0 0.0 
10.714285714285714 -2.142857142857143 0.0 0 2.252103213573002 0.0 0.0 
10.714285714285714 -1.4285714285714286 0.0 0 1.291789295810466 0.0 0.0 
10.714285714285714 -0.7142857142857143 0.0 0 2.9025022733019568 0.0 0.0 
10.714285714285714 -0.0 0.0 3 5.425104132463828 0.0 0.0 
10.714285714285714 0.0 0.0 3 5.465307750140424 0.0 0.0 
10.714285714285714 0.7142857142857143 0.0 -1 -1.1314425955589533 0.0 0.0 
10.714285714285714 1.4285714285714286 0.0 1 2.8598978885846638 0.0 0.0 
10.714285714285714 2.142857142857143 0.0 -4 -6.827363618278604 0.0 0.0 
10.714285714285714 4.285714285714286 0.0 -4 -8.1221152873013 0.0 0.0 
10.714285714285714 5.0 0.0 0 -2.9844858674640506 0.0 0.0 
10.714285714285714 5.714285714285714 0.0 0 -3.037336993986001 0.0 0.0 
10.714285714285714 6.428571428571429 0.0 7 8.856006780098829 0.0 0.0 
10.714285714285714 7.142857142857143 0.0 1 -4.739534926899834 0.0 0.0 
10.714285714285714 7.857142857142858 0.0 0 0.1376625547966065 0.0 0.0 
10.714285714285714 8.571428571428571 0.0 0 -3.6909251370792786 0.0 0.0 
10.714285714285714 9.285714285714286 0.0 -6 -7.469096038218567 0.0 0.0 
12.857142857142858 -9.285714285714286 0.0 0 -2.0280556220941257 0.0 0.0 
12.857142857142858 -8.571428571428571 0.0 0 -3.2068903670099935 0.0 0.0 
12.857142857142858 -7.857142857142858 0.0 0 -2.574057660741778 0.0 0.0 
12.857142857142858 -7.142857142857143 0.0 0 -0.6184957571891884 0.0 0.0 
12.857142857142858 -6.428571428571429 0.0 0 0.87592667333972 0.0 0.0 
12.857142857142858 -5.714285714285714 0.0 1 0.7189667024668727 0.0 0.0 
12.857142857142858 -5.0 0.0 0 2.4459911403612367 0.0 0.0 
12.857142857142858 -4.285714285714286 0.0 2 4.252226666314858 0.0 0.0 
12.857142857142858 -3.5714285714285716 0.0 2 4.49051400637168 0.0 0.0 
12.857142857142858 -2.857142857142857 0.0 2 4.953791564935207 0.0 0.0 
12.857142857142858 -2.142857142857143 0.0 2 5.394418453169633 0.0 0.0 
12.857142857142858 -1.4285714285714286 0.0 -1 0.46551793803568575 0.0 0.0 
12.857142857142858 -0.7142857142857143 0.0 0 2.8964540184760534 0.0 0.0 
12.857142857142858 -0.0 0.0 -2 -0.5727554006707987 0.0 0.0 
12.857142857142858 0.0 0.0 0 0.9615613504825116 0.0 0.0 
12.857142857142858 0.7142857142857143 0.0 0 0.27559697703413966 0.0 0.0 
12.857142857142858 1.4285714285714286 0.0 5 3.1176176837563108 0.0 0.0 
12.857142857142858 2.142857142857143 0.0 6 2.6281650171969235 0.0 0.0 
12.857142857142858 4.285714285714286 0.0 -3 -5.5129048541064405 0.0 0.0 
12.857142857142858 5.0 0.0 1 -1.2972576953352566 0.0 0.0 
12.857142857142858 5.714285714285714 0.0 1 1.509743655512067 0.0 0.0 
12.857142857142858 6.428571428571429 0.0 5 3.596638478302628 0.0 0.0 
12.857142857142858 7.142857142857143 0.0 2 3.630100954833651 0.0 0.0 
12.857142857142858 7.857142857142858 0.0 0 -5.877585637962313 0.0 0.0 
12.857142857142858 8.571428571428571 0.0 12 13.301002633697763 0.0 0.0 
12.857142857142858 9.285714285714286 0.0 -5 -9.090891203703054 0.0 0.0 
15.0 -9.285714285714286 0.0 0 -1.6344307787937806 0.0 0.0 
15.0 -8.571428571428571 0.0 0 -3.1511258311758104 0.0 0.0 
15.0 -7.857142857142858 0.0 0 -2.0133953271459686 0.0 0.0 
15.0 -7.142857142857143 0.0 -1 -2.650517068861743 0.0 0.0 
15.0 -6.428571428571429 0.0 0 -1.5387594064974235 0.0 0.0 
15.0 -5.714285714285714 0.0 0 -2.8912980869153935 0.0 0.0 
15.0 -5.0 0.0 0 -1.274365085456576 0.0 0.0 
15.0 -4.285714285714286 0.0 1 0.9827044580942417 0.0 0.0 
15.0 -3.5714285714285716 0.0 3 4.296295539315219 0.0 0.0 
15.0 -2.857142857142857 0.0 4 5.7537320391743885 0.0 0.0 
15.0 -2.142857142857143 0.0 6 9.049407738022717 0.0 0.0 
15.0 -1.4285714285714286 0.0 3 6.572403035527838 0.0 0.0 
15.0 -0.7142857142857143 0.0 4 8.146037435122988 0.0 0.0 
15.0 -0.0 0.0 0 2.4749371778067792 0.0 0.0 
15.0 0.0 0.0 -6 -5.923977690821325 0.0 0.0 
15.0 0.7142857142857143 0.0 -5 -3.6991567082538444 0.0 0.0 
15.0 1.4285714285714286 0.0 -8 -9.559864072134328 0.0 0.0 
15.0 2.142857142857143 0.0 0 0.4366899508172626 0.0 0.0 
15.0 2.857142857142857 0.0 1 0.24107909983979425 0.0 0.0 
15.0 3.5714285714285716 0.0 0 3.827063144362885 0.0 0.0 
15.0 4.285714285714286 0.0 2 6.826430909534383 0.0 0.0 
15.0 5.0 0.0 1 2.4693536645945406 0.0 0.0 
15.0 5.714285714285714 0.0 2 7.93198356991657 0.0 0.0 
15.0 6.428571428571429 0.0 -3 -1.910009838315883 0.0 0.0 
15.0 7.142857142857143 0.0 -1 3.5437161301195417 0.0 0.0 
15.0 7.857142857142858 0.0 -4 -4.326513617737222 0.0 0.0 
15.0 8.571428571428571 0.0 8 12.66951805820458 0.0 0.0 
15.0 9.285714285714286 0.0 10 15.285398461524775 0.0 0.0 
17.142857142857142 -9.285714285714286 0.0 -1 -4.310754829613103 0.0 0.0 
17.142857142857142 -8.571428571428571 0.0 -1 -5.975417260749092 0.0 0.0 
17.142857142857142 -7.857142857142858 0.0 -1 -3.4291327036300894 0.0 0.0 
17.142857142857142 -7.142857142857143 0.0 0 -1.9670396781123884 0.0 0.0 
17.142857142857142 -6.428571428571429 0.0 2 -0.4509919790497019 0.0 0.0 
17.142857142857142 -5.714285714285714 0.0 2 -0.09326349938708622 0.0 0.0 
17.142857142857142 -5.0 0.0 1 0.8594827693657081 0.0 0.0 
17.142857142857142 -4.285714285714286 0.0 2 3.0778512486516525 0.0 0.0 
17.142857142857142 -3.5714285714285716 0.0 1 2.923748868597141 0.0 0.0 
17.142857142857142 -2.857142857142857 0.0 2 4.108060088740743 0.0 0.0 
17.142857142857142 -2.142857142857143 0.0 1 4.578387919641646 0.0 0.0 
17.142857142857142 -1.4285714285714286 0.0 1 6.037087739978301 0.0 0.0 
17.142857142857142 -0.7142857142857143 0.0 1 3.508404262382784 0.0 0.0 
17.142857142857142 -0.0 0.0 2 5.056896838712418 0.0 0.0 
17.142857142857142 0.0 0.0 -3 -5.710155335362515 0.0 0.0 
17.142857142857142 0.7142857142857143 0.0 -2 -2.3425585580710933 0.0 0.0 
17.142857142857142 1.4285714285714286 0.0 -7 -11.624960239087496 0.0 0.0 
17.142857142857142 2.142857142857143 0.0 -8 -10.136546718186391 0.0 0.0 
17.142857142857142 2.857142857142857 0.0 0 -3.4687182620012496 0.0 0.0 
17.142857142857142 3.5714285714285716 0.0 1 -1.9173502167598906 0.0 0.0 
17.142857142857142 4.285714285714286 0.0 6 4.180263039680495 0.0 0.0 
17.142857142857142 5.0 0.0 2 -3.2583321793479323 0.0 0.0 
17.142857142857142 5.714285714285714 0.0 4 5.526763328266586 0.0 0.0 
17.142857142857142 6.428571428571429 0.0 -2 -5.645084979354753 0.0 0.0 
17.142857142857142 7.142857142857143 0.0 -3 -7.479307435873009 0.0 0.0 
17.142857142857142 7.857142857142858 0.0 -3 -6.817940858366093 0.0 0.0 
17.142857142857142 8.571428571428571 0.0 -7 -8.262741831759818 0.0 0.0 
17.142857142857142 9.285714285714286 0.0 7 2.803294178726975 0.0 0.0 
19.285714285714285 -9.285714285714286 0.0 0 -4.707567584608125 0.0 0.0 
19.285714285714285 -8.571428571428571 0.0 0 -0.5485287507288505 0.0 0.0 
19.285714285714285 -7.857142857142858 0.0 1 0.30421245176976075 0.0 0.0 
19.285714285714285 -7.142857142857143 0.0 1 3.273916223363906 0.0 0.0 
19.285714285714285 -6.428571428571429 0.0 0 2.1256160816113456 0.0 0.0 
19.285714285714285 -5.714285714285714 0.0 0 3.248083841931799 0.0 0.0 
19.285714285714285 -5.0 0.0 0 3.343992292216908 0.0 0.0 
19.285714285714285 -4.285714285714286 0.0 1 7.969529732712486 0.0 0.0 
19.285714285714285 -3.5714285714285716 0.0 0 5.843808357280073 0.0 0.0 
19.285714285714285 -2.857142857142857 0.0 0 7.061178868172009 0.0 0.0 
19.285714285714285 -2.142857142857143 0.0 -2 1.4652564525132092 0.0 0.0 
19.285714285714285 -1.4285714285714286 0.0 -2 3.324112629210813 0.0 0.0 
19.285714285714285 -0.7142857142857143 0.0 -2 -2.4381692304862144 0.0 0.0 
19.285714285714285 -0.0 0.0 0 1.5967695773229493 0.0 0.0 
19.285714285714285 0.0 0.0 -1 -3.0907089721258885 0.0 0.0 
19.285714285714285 0.7142857142857143 0.0 0 0.12978073562343617 0.0 0.0 
19.285714285714285 1.4285714285714286 0.0 3 1.5954683230808016 0.0 0.0 
19.285714285714285 2.142857142857143 0.0 -1 -2.4408113398588305 0.0 0.0 
19.285714285714285 2.857142857142857 0.0 3 4.3238353275968695 0.0 0.0 
19.285714285714285 3.5714285714285716 0.0 2 1.4098843038228734 0.0 0.0 
19.285714285714285 4.285714285714286 0.0 4 5.500774188185915 0.0 0.0 
19.285714285714285 5.0 0.0 0 -0.19094707563288882 0.0 0.0 
19.285714285714285 5.714285714285714 0.0 0 5.066532148753213 0.0 0.0 
19.285714285714285 6.428571428571429 0.0 0 3.274172868264849 0.0 0.0 
19.285714285714285 7.142857142857143 0.0 -1 -1.5487738440503427 0.0 0.0 
19.285714285714285 7.857142857142858 0.0 4 7.847767844658675 0.0 0.0 
19.285714285714285 8.571428571428571 0.0 -4 -0.8866018073577462 0.0 0.0 
19.285714285714285 9.285714285714286 0.0 -4 -2.17832083086614 0.0 0.0 
21.428571428571427 -9.285714285714286 0.0 0 0.06643027206276297 0.0 0.0 
21.428571428571427 -8.571428571428571 0.0 -2 -1.5502304862059688 0.0 0.0 
21.428571428571427 -7.857142857142858 0.0 -4 -0.8268107107362566 0.0 0.0 
21.428571428571427 -7.142857142857143 0.0 -4 -0.7154199851071326 0.0 0.0 
21.428571428571427 -6.428571428571429 0.0 -2 0.8493165638853015 0.0 0.0 
21.428571428571427 -5.714285714285714 0.0 0 1.8914427525875206 0.0 0.0 
21.428571428571427 -5.0 0.0 0 4.080484050491948 0.0 0.0 
21.428571428571427 -4.285714285714286 0.0 3 7.174885225653386 0.0 0.0 
21.428571428571427 -3.5714285714285716 0.0 4 7.243313584122645 0.0 0.0 
21.428571428571427 -2.857142857142857 0.0 5 11.473750916170069 0.0 0.0 
21.428571428571427 -2.142857142857143 0.0 4 8.439856573950628 0.0 0.0 
21.428571428571427 -1.4285714285714286 0.0 3 6.640818574463195 0.0 0.0 
21.428571428571427 -0.7142857142857143 0.0 -1 -0.6105985187351746 0.0 0.0 
21.428571428571427 -0.0 0.0 -4 -5.869000649731035 0.0 0.0 
21.428571428571427 0.0 0.0 -3 -5.756628962980278 0.0 0.0 
21.428571428571427 0.7142857142857143 0.0 -3 -7.246992187466724 0.0 0.0 
21.428571428571427 1.4285714285714286 0.0 3 2.930434176404301 0.0 0.0 
21.428571428571427 2.142857142857143 0.0 1 1.120696249192208 0.0 0.0 
21.428571428571427 2.857142857142857 0.0 2 4.490751885753113 0.0 0.0 
21.428571428571427 3.5714285714285716 0.0 0 -0.0536168771669836 0.0 0.0 
21.428571428571427 4.285714285714286 0.0 -2 -1.751741333729496 0.0 0.0 
21.428571428571427 5.0 0.0 -2 -3.3278970260598197 0.0 0.0 
21.428571428571427 5.714285714285714 0.0 -2 -5.12008821250992 0.0 0.0 
21.428571428571427 6.428571428571429 0.0 0 0.9517041356157975 0.0 0.0 
21.428571428571427 7.142857142857143 0.0 0 -3.2723785801191063 0.0 0.0 
21.428571428571427 7.857142857142858 0.0 4 7.929453906751674 0.0 0.0 
21.428571428571427 8.571428571428571 0.0 3 5.1931275778718655 0.0 0.0 
21.428571428571427 9.285714285714286 0.0 0 1.7359243249623013 0.0 0.0 
23.57142857142857 -9.285714285714286 0.0 -3 -7.701204762488138 0.0 0.0 
23.57142857142857 -8.571428571428571 0.0 0 -4.256748578593745 0.0 0.0 
23.57142857142857 -7.857142857142858 0.0 1 -1.6797711840471334 0.0 0.0 
23.57142857142857 -7.142857142857143 0.0 1 -1.3145399870039487 0.0 0.0 
23.57142857142857 -6.428571428571429 0.0 1 -1.8575376753948318 0.0 0.0 
23.57142857142857 -5.714285714285714 0.0 0 -2.302111228054905 0.0 0.0 
23.57142857142857 -5.0 0.0 2 0.8520118071790175 0.0 0.0 
23.57142857142857 -4.285714285714286 0.0 4 5.251069518191697 0.0 0.0 
23.57142857142857 -3.5714285714285716 0.0 3 7.73012408476838 0.0 0.0 
23.57142857142857 -2.857142857142857 0.0 3 7.4487349334778195 0.0 0.0 
23.57142857142857 -2.142857142857143 0.0 1 4.78540546030541 0.0 0.0 
23.57142857142857 -1.4285714285714286 0.0 2 0.9183179834480648 0.0 0.0 
23.57142857142857 -0.7142857142857143 0.0 1 1.6236759585815002 0.0 0.0 
23.57142857142857 -0.0 0.0 -1 -3.610641736357068 0.0 0.0 
23.57142857142857 0.0 0.0 0 -1.6899337378275128 0.0 0.0 
23.57142857142857 0.7142857142857143 0.0 -3 -6.613812985034197 0.0 0.0 
23.57142857142857 1.4285714285714286 0.0 0 -2.1850135295761888 0.0 0.0 
23.57142857142857 2.142857142857143 0.0 0 -2.9792317284349497 0.0 0.0 
23.57142857142857 2.857142857142857 0.0 0 -1.141827765543149 0.0 0.0 
23.57142857142857 3.5714285714285716 0.0 1 -0.020151367311708412 0.0 0.0 
23.57142857142857 4.285714285714286 0.0 0 -3.036509919430395 0.0 0.0 
23.57142857142857 5.0 0.0 0 0.5049243837272538 0.0 0.0 
23.57142857142857 5.714285714285714 0.0 -1 -5.494491656339906 0.0 0.0 
23.57142857142857 6.428571428571429 0.0 -1 -1.9495742314525135 0.0 0.0 
23.57142857142857 7.142857142857143 0.0 -1 -6.011253221358981 0.0 0.0 
23.57142857142857 7.857142857142858 0.0 0 -1.6160641124472443 0.0 0.0 
23.57142857142857 8.571428571428571 0.0 0 -2.183506900305182 0.0 0.0 
23.57142857142857 9.285714285714286 0.0 0 -1.7868485630321247 0.0 0.0 
25.714285714285715 -9.285714285714286 0.0 4 7.701138625096046 0.0 0.0 
25.714285714285715 -8.571428571428571 0.0 0 2.693536757716977 0.0 0.0 
25.714285714285715 -7.857142857142858 0.0 -4 -7.578909382980591 0.0 0.0 
25.714285714285715 -7.142857142857143 0.0 -3 -2.1302542095820414 0.0 0.0 
25.714285714285715 -6.428571428571429 0.0 0 1.6718931500959053 0.0 0.0 
25.714285714285715 -5.714285714285714 0.0 4 14.014632362888873 0.0 0.0 
25.714285714285715 -5.0 0.0 8 14.06337917348279 0.0 0.0 
25.714285714285715 -4.285714285714286 0.0 6 15.768115368749438 0.0 0.0 
25.714285714285715 -3.5714285714285716 0.0 4 6.46579124295901 0.0 0.0 
25.714285714285715 -2.857142857142857 0.0 1 3.2636384802397957 0.0 0.0 
25.714285714285715 -2.142857142857143 0.0 0 -3.2418352724546646 0.0 0.0 
25.714285714285715 -1.4285714285714286 0.0 -2 -6.215112558077223 0.0 0.0 
25.714285714285715 -0.7142857142857143 0.0 -2 -8.280543306772689 0.0 0.0 
25.714285714285715 -0.0 0.0 -3 -9.376112513520628 0.0 0.0 
25.714285714285715 0.0 0.0 -1 -6.732779272079625 0.0 0.0 
25.714285714285715 0.7142857142857143 0.0 1 -3.91819993215167 0.0 0.0 
25.714285714285715 1.4285714285714286 0.0 1 -2.993070327446132 0.0 0.0 
25.714285714285715 2.142857142857143 0.0 1 -0.9555903092067792 0.0 0.0 
25.714285714285715 2.857142857142857 0.0 -1 -5.047035705319594 0.0 0.0 
25.714285714285715 3.5714285714285716 0.0 -1 -3.222922182408577 0.0 0.0 
25.714285714285715 4.285714285714286 0.0 -3 -8.987488749952561 0.0 0.0 
25.714285714285715 5.0 0.0 -1 -3.437177707290888 0.0 0.0 
25.714285714285715 5.714285714285714 0.0 -1 -5.21018006652306 0.0 0.0 
25.714285714285715 6.428571428571429 0.0 0 -1.9801004917337535 0.0 0.0 
25.714285714285715 7.142857142857143 0.0 0 -1.8824309408560413 0.0 0.0 
25.714285714285715 7.857142857142858 0.0 0 -3.1745633849642974 0.0 0.0 
25.714285714285715 8.571428571428571 0.0 -1 -3.4662188593686976 0.0 0.0 
25.714285714285715 9.285714285714286 0.0 -1 -5.3866865538497075 0.0 0.0 
27.857142857142858 -9.285714285714286 0.0 -5 -8.527981005586865 0.0 0.0 
27.857142857142858 -8.571428571428571 0.0 0 -19.341728468427316 0.0 0.0 
27.857142857142858 -7.857142857142858 0.0 3 -3.4228751685374155 0.0 0.0 
27.857142857142858 -7.142857142857143 0.0 6 -1.491111545660008 0.0 0.0 
27.857142857142858 -6.428571428571429 0.0 5 8.657171102365282 0.0 0.0 
27.857142857142858 -5.714285714285714 0.0 4 4.445256055054978 0.0 0.0 
27.857142857142858 -5.0 0.0 3 7.301764944782194 0.0 0.0 
27.857142857142858 -4.285714285714286 0.0 3 3.7675764506466134 0.0 0.0 
27.857142857142858 -3.5714285714285716 0.0 3 4.922965486564327 0.0 0.0 
27.857142857142858 -2.857142857142857 0.0 2 0.6335263265906144 0.0 0.0 
27.857142857142858 -2.142857142857143 0.0 1 -0.7699239988167672 0.0 0.0 
27.857142857142858 -1.4285714285714286 0.0 0 -4.4734769414266315 0.0 0.0 
27.857142857142858 -0.7142857142857143 0.0 0 -3.6836027553444834 0.0 0.0 
27.857142857142858 -0.0 0.0 0 -2.8220119029516013 0.0 0.0 
27.857142857142858 0.0 0.0 1 -0.774204629489969 0.0 0.0 
27.857142857142858 0.7142857142857143 0.0 2 2.6287832035287915 0.0 0.0 
27.857142857142858 1.4285714285714286 0.0 1 1.5739650767659308 0.0 0.0 
27.857142857142858 2.142857142857143 0.0 0 1.8691080255856662 0.0 0.0 
27.857142857142858 2.857142857142857 0.0 -1 -1.7495112810282347 0.0 0.0 
27.857142857142858 3.5714285714285716 0.0 -1 -1.0561635496350303 0.0 0.0 
27.857142857142858 4.285714285714286 0.0 -1 -1.497377018215507 0.0 0.0 
27.857142857142858 5.0 0.0 0 -1.4370977736047152 0.0 0.0 
27.857142857142858 5.714285714285714 0.0 0 0.4676551708327731 0.0 0.0 
27.857142857142858 6.428571428571429 0.0 0 -1.8438235821088946 0.0 0.0 
27.857142857142858 7.142857142857143 0.0 1 2.121912584757907 0.0 0.0 
27.857142857142858 7.857142857142858 0.0 0 -2.556039439425527 0.0 0.0 
27.857142857142858 8.571428571428571 0.0 0 0.5140199507579801 0.0 0.0 
27.857142857142858 9.285714285714286 0.0 -1 -6.423887668205512 0.0 0.0 
