-27.857142857142858 -9.285714285714286 0.0 -4 -8.500628965400129 0.0 0.0 
-27.857142857142858 -8.571428571428571 0.0 22 70.38572796485423 0.0 0.0 
-27.857142857142858 -7.857142857142858 0.0 28 70.4999269711322 0.0 0.0 
-27.857142857142858 -7.142857142857143 0.0 25 64.54515036178046 0.0 0.0 
-27.857142857142858 -6.428571428571429 0.0 16 10.995864420988497 0.0 0.0 
-27.857142857142858 -5.714285714285714 0.0 9 -15.28013758285286 0.0 0.0 
-27.857142857142858 -5.0 0.0 4 -48.764383674686556 0.0 0.0 
-27.857142857142858 -4.285714285714286 0.0 5 -56.356059151395485 0.0 0.0 
-27.857142857142858 -3.5714285714285716 0.0 3 -66.2087290982223 0.0 0.0 
-27.857142857142858 -2.857142857142857 0.0 4 -62.88077715367595 0.0 0.0 
-27.857142857142858 -2.142857142857143 0.0 1 -74.33588408859121 0.0 0.0 
-27.857142857142858 -1.4285714285714286 0.0 -1 -85.14554354103555 0.0 0.0 
-27.857142857142858 -0.7142857142857143 0.0 -8 -96.3811100035143 0.0 0.0 
-27.857142857142858 -0.0 0.0 -12 -101.99224516184711 0.0 0.0 
-27.857142857142858 0.0 0.0 -15 -110.08064652424736 0.0 0.0 
-27.857142857142858 0.7142857142857143 0.0 -19 -112.14090369435218 0.0 0.0 
-27.857142857142858 1.4285714285714286 0.0 -19 -111.92175435414386 0.0 0.0 
-27.857142857142858 2.142857142857143 0.0 -20 -116.78334679574263 0.0 0.0 
-27.857142857142858 2.857142857142857 0.0 -23 -109.2586139099902 0.0 0.0 
-27.857142857142858 3.5714285714285716 0.0 -18 -80.40757110893016 0.0 0.0 
-27.857142857142858 4.285714285714286 0.0 -3 -51.92418702715512 0.0 0.0 
-27.857142857142858 5.0 0.0 2 -41.368305423332664 0.0 0.0 
-27.857142857142858 5.714285714285714 0.0 0 -23.08505535204966 0.0 0.0 
-27.857142857142858 6.428571428571429 0.0 7 9.275405818395267 0.0 0.0 
-27.857142857142858 7.142857142857143 0.0 16 14.836403976636415 0.0 0.0 
-27.857142857142858 7.857142857142858 0.0 11 0.6042622039597987 0.0 0.0 
-27.857142857142858 8.571428571428571 0.0 5 4.473244373623047 0.0 0.0 
-27.857142857142858 9.285714285714286 0.0 18 14.470113829364289 0.0 0.0 
-25.714285714285715 -9.285714285714286 0.0 23 36.23346578892435 0.0 0.0 
-25.714285714285715 -8.571428571428571 0.0 55 96.43885053816527 0.0 0.0 
-25.714285714285715 -7.857142857142858 0.0 50 78.67702532011214 0.0 0.0 
-25.714285714285715 -7.142857142857143 0.0 25 27.974503331488748 0.0 0.0 
-25.714285714285715 -6.428571428571429 0.0 -5 -52.051822795205865 0.0 0.0 
-25.714285714285715 -5.714285714285714 0.0 -29 -100.52812640398633 0.0 0.0 
-25.714285714285715 -5.0 0.0 -39 -128.15894752443788 0.0 0.0 
-25.714285714285715 -4.285714285714286 0.0 -41 -127.87580679949221 0.0 0.0 
-25.714285714285715 -3.5714285714285716 0.0 -39 -123.78786817303505 0.0 0.0 
-25.714285714285715 -2.857142857142857 0.0 -34 -112.85161541871544 0.0 0.0 
-25.714285714285715 -2.142857142857143 0.0 -31 -115.65386258391025 0.0 0.0 
-25.714285714285715 -1.4285714285714286 0.0 -35 -118.79117026406114 0.0 0.0 
-25.714285714285715 -0.7142857142857143 0.0 -34 -120.19891639363004 0.0 0.0 
-25.714285714285715 -0.0 0.0 -30 -110.10704327722706 0.0 0.0 
-25.714285714285715 0.0 0.0 -28 -110.41307412876401 0.0 0.0 
-25.714285714285715 0.7142857142857143 0.0 -30 -105.82621680957864 0.0 0.0 
-25.714285714285715 1.4285714285714286 0.0 -28 -92.24066738734672 0.0 0.0 
-25.714285714285715 2.142857142857143 0.0 -27 -86.03658780097635 0.0 0.0 
-25.714285714285715 2.857142857142857 0.0 -34 -84.38663556125258 0.0 0.0 
-25.714285714285715 3.5714285714285716 0.0 -25 -53.04981019462156 0.0 0.0 
-25.714285714285715 4.285714285714286 0.0 -8 -10.252710163688391 0.0 0.0 
-25.714285714285715 5.0 0.0 -6 -11.332911462291179 0.0 0.0 
-25.714285714285715 5.714285714285714 0.0 -15 -16.243965839132386 0.0 0.0 
-25.714285714285715 6.428571428571429 0.0 4 18.928076600993755 0.0 0.0 
-25.714285714285715 7.142857142857143 0.0 19 39.02317432555492 0.0 0.0 
-25.714285714285715 7.857142857142858 0.0 5 18.135060694643162 0.0 0.0 
-25.714285714285715 8.571428571428571 0.0 -2 19.536470834312734 0.0 0.0 
-25.714285714285715 9.285714285714286 0.0 17 21.50049943295566 0.0 0.0 
-23.57142857142857 -9.285714285714286 0.0 64 75.83702509515152 0.0 0.0 
-23.57142857142857 -8.571428571428571 0.0 73 83.69481133136006 0.0 0.0 
-23.57142857142857 -7.857142857142858 0.0 35 22.34135686102229 0.0 0.0 
-23.57142857142857 -7.142857142857143 0.0 -13 -73.54617775823192 0.0 0.0 
-23.57142857142857 -6.428571428571429 0.0 -53 -150.9534303360045 0.0 0.0 
-23.57142857142857 -5.714285714285714 0.0 -72 -183.86289475626683 0.0 0.0 
-23.57142857142857 -5.0 0.0 -65 -166.71555232880115 0.0 0.0 
-23.57142857142857 -4.285714285714286 0.0 -46 -140.1999287709402 0.0 0.0 
-23.57142857142857 -3.5714285714285716 0.0 -32 -114.41259040387499 0.0 0.0 
-23.57142857142857 -2.857142857142857 0.0 -19 -92.39776605184316 0.0 0.0 
-23.57142857142857 -2.142857142857143 0.0 -10 -80.12990353930928 0.0 0.0 
-23.57142857142857 -1.4285714285714286 0.0 -12 -78.04835289965094 0.0 0.0 
-23.57142857142857 -0.7142857142857143 0.0 -12 -73.72138891480037 0.0 0.0 
-23.57142857142857 -0.0 0.0 -10 -56.92144109971736 0.0 0.0 
-23.57142857142857 0.0 0.0 -14 -60.19772268931249 0.0 0.0 
-23.57142857142857 0.7142857142857143 0.0 -24 -59.6706221656196 0.0 0.0 
-23.57142857142857 1.4285714285714286 0.0 -25 -51.92560301019179 0.0 0.0 
-23.57142857142857 2.142857142857143 0.0 -28 -48.70919627508814 0.0 0.0 
-23.57142857142857 2.857142857142857 0.0 -36 -59.05187789272841 0.0 0.0 
-23.57142857142857 3.5714285714285716 0.0 -24 -21.65911547885956 0.0 0.0 
-23.57142857142857 4.285714285714286 0.0 5 25.117815947770794 0.0 0.0 
-23.57142857142857 5.0 0.0 9 19.711848361896145 0.0 0.0 
-23.57142857142857 5.714285714285714 0.0 -1 8.793984352643667 0.0 0.0 
-23.57142857142857 6.428571428571429 0.0 16 43.23730215628291 0.0 0.0 
-23.57142857142857 7.142857142857143 0.0 23 52.869766464676296 0.0 0.0 
-23.57142857142857 7.857142857142858 0.0 7 18.883985739330292 0.0 0.0 
-23.57142857142857 8.571428571428571 0.0 4 26.43918838878337 0.0 0.0 
-23.57142857142857 9.285714285714286 0.0 9 7.622689007463723 0.0 0.0 
-21.428571428571427 -9.285714285714286 0.0 82 73.71625064329984 0.0 0.0 
-21.428571428571427 -8.571428571428571 0.0 47 11.517114574159734 0.0 0.0 
-21.428571428571427 -7.857142857142858 0.0 -8 -81.54187456172694 0.0 0.0 
-21.428571428571427 -7.142857142857143 0.0 -53 -170.34761357181515 0.0 0.0 
-21.428571428571427 -6.428571428571429 0.0 -75 -200.3398295359351 0.0 0.0 
-21.428571428571427 -5.714285714285714 0.0 -69 -186.655768469732 0.0 0.0 
-21.428571428571427 -5.0 0.0 -39 -130.3395690733543 0.0 0.0 
-21.428571428571427 -4.285714285714286 0.0 -13 -87.90197902240718 0.0 0.0 
-21.428571428571427 -3.5714285714285716 0.0 1 -56.72473403198653 0.0 0.0 
-21.428571428571427 -2.857142857142857 0.0 9 -39.66152852077847 0.0 0.0 
-21.428571428571427 -2.142857142857143 0.0 7 -28.808627328788624 0.0 0.0 
-21.428571428571427 -1.4285714285714286 0.0 0 -40.73566008825272 0.0 0.0 
-21.428571428571427 -0.7142857142857143 0.0 -10 -42.45031129832484 0.0 0.0 
-21.428571428571427 -0.0 0.0 -9 -35.49041009361245 0.0 0.0 
-21.428571428571427 0.0 0.0 -19 -48.51433714543742 0.0 0.0 
-21.428571428571427 0.7142857142857143 0.0 -32 -67.12183181030242 0.0 0.0 
-21.428571428571427 1.4285714285714286 0.0 -29 -57.757263218746104 0.0 0.0 
-21.428571428571427 2.142857142857143 0.0 -22 -54.51578862534616 0.0 0.0 
-21.428571428571427 2.857142857142857 0.0 -23 -56.08609575279558 0.0 0.0 
-21.428571428571427 3.5714285714285716 0.0 -3 -12.707839107987908 0.0 0.0 
-21.428571428571427 4.285714285714286 0.0 28 32.96741832526785 0.0 0.0 
-21.428571428571427 5.0 0.0 18 2.704253277129318 0.0 0.0 
-21.428571428571427 5.714285714285714 0.0 1 -15.17235822212913 0.0 0.0 
-21.428571428571427 6.428571428571429 0.0 27 29.676923142557733 0.0 0.0 
-21.428571428571427 7.142857142857143 0.0 39 56.29536963000379 0.0 0.0 
-21.428571428571427 7.857142857142858 0.0 19 2.950635420382177 0.0 0.0 
-21.428571428571427 8.571428571428571 0.0 10 -8.870084067537295 0.0 0.0 
-21.428571428571427 9.285714285714286 0.0 -10 -56.62648746670081 0.0 0.0 
-19.285714285714285 -9.285714285714286 0.0 74 46.135902555228114 0.0 0.0 
-19.285714285714285 -8.571428571428571 0.0 15 -3.8939151975356197 0.0 0.0 
-19.285714285714285 -7.857142857142858 0.0 -41 -132.79164243106433 0.0 0.0 
-19.285714285714285 -7.142857142857143 0.0 -73 -151.42038193505226 0.0 0.0 
-19.285714285714285 -6.428571428571429 0.0 -80 -167.56862760679326 0.0 0.0 
-19.285714285714285 -5.714285714285714 0.0 -58 -101.72980278202799 0.0 0.0 
-19.285714285714285 -5.0 0.0 -24 -54.642820668332355 0.0 0.0 
-19.285714285714285 -4.285714285714286 0.0 -3 -7.8546884965439965 0.0 0.0 
-19.285714285714285 -3.5714285714285716 0.0 4 -3.09239445267265 0.0 0.0 
-19.285714285714285 -2.857142857142857 0.0 7 12.767079313659478 0.0 0.0 
-19.285714285714285 -2.142857142857143 0.0 7 3.2829205167940403 0.0 0.0 
-19.285714285714285 -1.4285714285714286 0.0 -3 -16.384335931542335 0.0 0.0 
-19.285714285714285 -0.7142857142857143 0.0 -8 -29.262506561612383 0.0 0.0 
-19.285714285714285 -0.0 0.0 -2 -21.647519282396505 0.0 0.0 
-19.285714285714285 0.0 0.0 -6 -43.27474936813949 0.0 0.0 
-19.285714285714285 0.7142857142857143 0.0 -23 -66.78361169754356 0.0 0.0 
-19.285714285714285 1.4285714285714286 0.0 -16 -54.241271557046865 0.0 0.0 
-19.285714285714285 2.142857142857143 0.0 -8 -53.18719474968499 0.0 0.0 
-19.285714285714285 2.857142857142857 0.0 -13 -64.615017631673 0.0 0.0 
-19.285714285714285 3.5714285714285716 0.0 5 -23.557240149174675 0.0 0.0 
-19.285714285714285 4.285714285714286 0.0 37 22.148948432579992 0.0 0.0 
-19.285714285714285 5.0 0.0 17 -14.243253069374305 0.0 0.0 
-19.285714285714285 5.714285714285714 0.0 0 -35.14403923432476 0.0 0.0 
-19.285714285714285 6.428571428571429 0.0 29 14.30310182806964 0.0 0.0 
-19.285714285714285 7.142857142857143 0.0 44 49.01097163001701 0.0 0.0 
-19.285714285714285 7.857142857142858 0.0 20 -12.748141418852327 0.0 0.0 
-19.285714285714285 8.571428571428571 0.0 4 -40.941848375189416 0.0 0.0 
-19.285714285714285 9.285714285714286 0.0 -23 -109.50536134104448 0.0 0.0 
-17.142857142857142 -9.285714285714286 0.0 27 49.369173199303205 0.0 0.0 
-17.142857142857142 -8.571428571428571 0.0 -60 -34.84592774540207 0.0 0.0 
-17.142857142857142 -7.857142857142858 0.0 -107 -126.27610287692937 0.0 0.0 
-17.142857142857142 -7.142857142857143 0.0 -110 -98.43004161347427 0.0 0.0 
-17.142857142857142 -6.428571428571429 0.0 -85 -78.8501333021061 0.0 0.0 
-17.142857142857142 -5.714285714285714 0.0 -45 -3.3453296295750903 0.0 0.0 
-17.142857142857142 -5.0 0.0 -2 36.50261286163363 0.0 0.0 
-17.142857142857142 -4.285714285714286 0.0 17 69.59733660525474 0.0 0.0 
-17.142857142857142 -3.5714285714285716 0.0 27 62.612923877445304 0.0 0.0 
-17.142857142857142 -2.857142857142857 0.0 33 69.67842256502217 0.0 0.0 
-17.142857142857142 -2.142857142857143 0.0 28 45.88140369312087 0.0 0.0 
-17.142857142857142 -1.4285714285714286 0.0 14 19.09028015999753 0.0 0.0 
-17.142857142857142 -0.7142857142857143 0.0 7 -1.3765425971099425 0.0 0.0 
-17.142857142857142 -0.0 0.0 9 4.305916604677628 0.0 0.0 
-17.142857142857142 0.0 0.0 -6 -36.794337505764936 0.0 0.0 
-17.142857142857142 0.7142857142857143 0.0 -32 -74.53027841680824 0.0 0.0 
-17.142857142857142 1.4285714285714286 0.0 -24 -64.02826440784818 0.0 0.0 
-17.142857142857142 2.142857142857143 0.0 -10 -48.65256614997989 0.0 0.0 
-17.142857142857142 2.857142857142857 0.0 -11 -54.28216473874064 0.0 0.0 
-17.142857142857142 3.5714285714285716 0.0 13 0.09969855541678818 0.0 0.0 
-17.142857142857142 4.285714285714286 0.0 37 36.21466894505825 0.0 0.0 
-17.142857142857142 5.0 0.0 6 -11.494543054203383 0.0 0.0 
-17.142857142857142 5.714285714285714 0.0 -7 -36.42708918334086 0.0 0.0 
-17.142857142857142 6.428571428571429 0.0 26 26.03319853406517 0.0 0.0 
-17.142857142857142 7.142857142857143 0.0 42 64.26735940109995 0.0 0.0 
-17.142857142857142 7.857142857142858 0.0 10 -7.075491528509829 0.0 0.0 
-17.142857142857142 8.571428571428571 0.0 -7 -42.725196426686956 0.0 0.0 
-17.142857142857142 9.285714285714286 0.0 -27 -98.611602508267 0.0 0.0 
-15.0 -9.285714285714286 0.0 -73 -41.63046391316484 0.0 0.0 
-15.0 -8.571428571428571 0.0 -128 -101.30709345365997 0.0 0.0 
-15.0 -7.857142857142858 0.0 -115 -98.96431391845556 0.0 0.0 
-15.0 -7.142857142857143 0.0 -78 -49.21478519982031 0.0 0.0 
-15.0 -6.428571428571429 0.0 -27 5.261274680419078 0.0 0.0 
-15.0 -5.714285714285714 0.0 20 69.90741531843935 0.0 0.0 
-15.0 -5.0 0.0 53 109.06580716247828 0.0 0.0 
-15.0 -4.285714285714286 0.0 61 118.1217694405895 0.0 0.0 
-15.0 -3.5714285714285716 0.0 59 107.25179083555979 0.0 0.0 
-15.0 -2.857142857142857 0.0 49 92.20586503579523 0.0 0.0 
-15.0 -2.142857142857143 0.0 28 52.01622824695007 0.0 0.0 
-15.0 -1.4285714285714286 0.0 0 -0.4064723053777315 0.0 0.0 
-15.0 1.4285714285714286 0.0 -23 -46.58730090539153 0.0 0.0 
-15.0 2.142857142857143 0.0 -1 -23.21423718084096 0.0 0.0 
-15.0 2.857142857142857 0.0 -3 -25.149451892391465 0.0 0.0 
-15.0 3.5714285714285716 0.0 15 17.90731448746844 0.0 0.0 
-15.0 4.285714285714286 0.0 28 48.158915239024594 0.0 0.0 
-15.0 5.0 0.0 -4 -9.867032204230327 0.0 0.0 
-15.0 5.714285714285714 0.0 -9 -18.229735560007832 0.0 0.0 
-15.0 6.428571428571429 0.0 25 47.02043941956783 0.0 0.0 
-15.0 7.142857142857143 0.0 35 79.71055226843852 0.0 0.0 
-15.0 7.857142857142858 0.0 -6 -3.1143068311913 0.0 0.0 
-15.0 8.571428571428571 0.0 -19 -26.826639860615437 0.0 0.0 
-15.0 9.285714285714286 0.0 -13 -51.74958818991561 0.0 0.0 
-12.857142857142858 -9.285714285714286 0.0 -102 -88.09946375832052 0.0 0.0 
-12.857142857142858 -8.571428571428571 0.0 -100 -73.02132315790712 0.0 0.0 
-12.857142857142858 -7.857142857142858 0.0 -62 -47.3616359818343 0.0 0.0 
-12.857142857142858 -7.142857142857143 0.0 -12 27.51220435791525 0.0 0.0 
-12.857142857142858 -6.428571428571429 0.0 26 71.02259834226837 0.0 0.0 
-12.857142857142858 -5.714285714285714 0.0 59 127.42450007120772 0.0 0.0 
-12.857142857142858 -5.0 0.0 62 133.16106096517152 0.0 0.0 
-12.857142857142858 -4.285714285714286 0.0 54 126.82440395054682 0.0 0.0 
-12.857142857142858 -3.5714285714285716 0.0 38 92.20327619160796 0.0 0.0 
-12.857142857142858 -2.857142857142857 0.0 18 57.00292102878548 0.0 0.0 
-12.857142857142858 -2.142857142857143 0.0 -8 5.464188833544473 0.0 0.0 
-12.857142857142858 2.142857142857143 0.0 9 14.230754810706147 0.0 0.0 
-12.857142857142858 2.857142857142857 0.0 -4 -2.330323608240961 0.0 0.0 
-12.857142857142858 3.5714285714285716 0.0 7 34.18139582293284 0.0 0.0 
-12.857142857142858 4.285714285714286 0.0 17 55.17502617792509 0.0 0.0 
-12.857142857142858 5.0 0.0 -17 -1.3976512552701195 0.0 0.0 
-12.857142857142858 5.714285714285714 0.0 -9 12.303425770216265 0.0 0.0 
-12.857142857142858 6.428571428571429 0.0 27 82.65738165734612 0.0 0.0 
-12.857142857142858 7.142857142857143 0.0 23 94.5380394164126 0.0 0.0 
-12.857142857142858 7.857142857142858 0.0 -22 1.2541343251749275 0.0 0.0 
-12.857142857142858 8.571428571428571 0.0 -30 -9.50742158367396 0.0 0.0 
-12.857142857142858 9.285714285714286 0.0 -5 -6.666724379797611 0.0 0.0 
-10.714285714285714 -9.285714285714286 0.0 -87 -81.827370579605 0.0 0.0 
-10.714285714285714 -8.571428571428571 0.0 -72 -79.9765725201892 0.0 0.0 
-10.714285714285714 -7.857142857142858 0.0 -28 -19.611756229642765 0.0 0.0 
-10.714285714285714 -7.142857142857143 0.0 8 21.448152592499667 0.0 0.0 
-10.714285714285714 -6.428571428571429 0.0 34 67.52654146002317 0.0 0.0 
-10.714285714285714 -5.714285714285714 0.0 51 89.25608692725936 0.0 0.0 
-10.714285714285714 -5.0 0.0 45 90.44832813468908 0.0 0.0 
-10.714285714285714 -4.285714285714286 0.0 38 78.56900316696559 0.0 0.0 
-10.714285714285714 -3.5714285714285716 0.0 34 68.06371688421022 0.0 0.0 
-10.714285714285714 -2.857142857142857 0.0 19 38.124982357564164 0.0 0.0 
-10.714285714285714 -2.142857142857143 0.0 -3 -4.3525105527956285 0.0 0.0 
-10.714285714285714 2.142857142857143 0.0 6 3.3693685424902178 0.0 0.0 
-10.714285714285714 2.857142857142857 0.0 -16 -17.30524319008297 0.0 0.0 
-10.714285714285714 3.5714285714285716 0.0 -3 13.976094092212417 0.0 0.0 
-10.714285714285714 4.285714285714286 0.0 10 43.985382943062206 0.0 0.0 
-10.714285714285714 5.0 0.0 -16 -3.001897091052836 0.0 0.0 
-10.714285714285714 5.714285714285714 0.0 -3 24.989458079988683 0.0 0.0 
-10.714285714285714 6.428571428571429 0.0 30 88.07803698160457 0.0 0.0 
-10.714285714285714 7.142857142857143 0.0 4 61.441525656987096 0.0 0.0 
-10.714285714285714 7.857142857142858 0.0 -43 -41.94381933228016 0.0 0.0 
-10.714285714285714 8.571428571428571 0.0 -42 -48.34391412558894 0.0 0.0 
-10.714285714285714 9.285714285714286 0.0 -9 -14.199658218935507 0.0 0.0 
-8.571428571428571 -9.285714285714286 0.0 -65 -120.00433094839433 0.0 0.0 
-8.571428571428571 -8.571428571428571 0.0 -56 -146.65389337078992 0.0 0.0 
-8.571428571428571 -7.857142857142858 0.0 -14 -80.80964341647899 0.0 0.0 
-8.571428571428571 -7.142857142857143 0.0 20 -51.19320727514026 0.0 0.0 
-8.571428571428571 -6.428571428571429 0.0 56 30.07203203218016 0.0 0.0 
-8.571428571428571 -5.714285714285714 0.0 81 59.889011742034626 0.0 0.0 
-8.571428571428571 -5.0 0.0 79 97.7940949732231 0.0 0.0 
-8.571428571428571 -4.285714285714286 0.0 77 85.01545945147399 0.0 0.0 
-8.571428571428571 -3.5714285714285716 0.0 59 74.45240523958151 0.0 0.0 
-8.571428571428571 -2.857142857142857 0.0 23 -4.590021649712227 0.0 0.0 
-8.571428571428571 -2.142857142857143 0.0 -15 -59.08827250427914 0.0 0.0 
-8.571428571428571 2.142857142857143 0.0 7 -40.330546438644575 0.0 0.0 
-8.571428571428571 2.857142857142857 0.0 -28 -68.20948395532713 0.0 0.0 
-8.571428571428571 3.5714285714285716 0.0 -12 -43.2477366565701 0.0 0.0 
-8.571428571428571 4.285714285714286 0.0 4 -0.16333851496140994 0.0 0.0 
-8.571428571428571 5.0 0.0 -19 -47.10595707774275 0.0 0.0 
-8.571428571428571 5.714285714285714 0.0 -4 -10.20258121164551 0.0 0.0 
-8.571428571428571 6.428571428571429 0.0 22 31.26520907279432 0.0 0.0 
-8.571428571428571 7.142857142857143 0.0 -15 -16.89292969146703 0.0 0.0 
-8.571428571428571 7.857142857142858 0.0 -61 -124.01229700547451 0.0 0.0 
-8.571428571428571 8.571428571428571 0.0 -49 -120.04153659060805 0.0 0.0 
-8.571428571428571 9.285714285714286 0.0 -20 -85.64866144455203 0.0 0.0 
-6.428571428571429 -9.285714285714286 0.0 -35 -218.91941810998725 0.0 0.0 
-6.428571428571429 -8.571428571428571 0.0 6 -148.87973771550617 0.0 0.0 
-6.428571428571429 -7.857142857142858 0.0 59 -66.87063720043554 0.0 0.0 
-6.428571428571429 -7.142857142857143 0.0 97 19.55992563915936 0.0 0.0 
-6.428571428571429 -6.428571428571429 0.0 121 94.33261750918041 0.0 0.0 
-6.428571428571429 -5.714285714285714 0.0 112 96.11204129333578 0.0 0.0 
-6.428571428571429 -5.0 0.0 80 78.81432580882485 0.0 0.0 
-6.428571428571429 -4.285714285714286 0.0 55 36.99993561037101 0.0 0.0 
-6.428571428571429 -3.5714285714285716 0.0 26 0.3713097317642706 0.0 0.0 
-6.428571428571429 -2.857142857142857 0.0 -13 -87.74473408552845 0.0 0.0 
-6.428571428571429 -2.142857142857143 0.0 -36 -126.2095354704993 0.0 0.0 
-6.428571428571429 2.142857142857143 0.0 -12 -106.69192111617477 0.0 0.0 
-6.428571428571429 2.857142857142857 0.0 -59 -151.5561792871577 0.0 0.0 
-6.428571428571429 3.5714285714285716 0.0 -27 -109.94885127594748 0.0 0.0 
-6.428571428571429 4.285714285714286 0.0 3 -44.396473197958564 0.0 0.0 
-6.428571428571429 5.0 0.0 -11 -87.79388943793711 0.0 0.0 
-6.428571428571429 5.714285714285714 0.0 -2 -58.238460891152044 0.0 0.0 
-6.428571428571429 6.428571428571429 0.0 2 -54.14514792106134 0.0 0.0 
-6.428571428571429 7.142857142857143 0.0 -44 -124.64236719758908 0.0 0.0 
-6.428571428571429 7.857142857142858 0.0 -81 -217.3352085837392 0.0 0.0 
-6.428571428571429 8.571428571428571 0.0 -60 -177.19905519714422 0.0 0.0 
-6.428571428571429 9.285714285714286 0.0 -26 -164.58563585678843 0.0 0.0 
-4.285714285714286 -9.285714285714286 0.0 60 -123.59539622275356 0.0 0.0 
-4.285714285714286 -8.571428571428571 0.0 74 74.51357839517033 0.0 0.0 
-4.285714285714286 -7.857142857142858 0.0 74 -12.541927009166649 0.0 0.0 
-4.285714285714286 -7.142857142857143 0.0 75 122.19935611588986 0.0 0.0 
-4.285714285714286 -6.428571428571429 0.0 83 62.424772514311094 0.0 0.0 
-4.285714285714286 -5.714285714285714 0.0 60 116.22881807072181 0.0 0.0 
-4.285714285714286 -5.0 0.0 43 30.46600503862956 0.0 0.0 
-4.285714285714286 -4.285714285714286 0.0 42 74.33176345939421 0.0 0.0 
-4.285714285714286 -3.5714285714285716 0.0 15 -34.70381392374006 0.0 0.0 
-4.285714285714286 -2.857142857142857 0.0 -20 -74.27882828004883 0.0 0.0 
-4.285714285714286 -2.142857142857143 0.0 -31 -149.59423305333513 0.0 0.0 
-4.285714285714286 2.142857142857143 0.0 -38 -129.77809520633275 0.0 0.0 
-4.285714285714286 2.857142857142857 0.0 -70 -182.86602512401933 0.0 0.0 
-4.285714285714286 3.5714285714285716 0.0 -20 -94.83707665874363 0.0 0.0 
-4.285714285714286 4.285714285714286 0.0 14 -35.359088631211634 0.0 0.0 
-4.285714285714286 5.0 0.0 -10 -77.99058683618024 0.0 0.0 
-4.285714285714286 5.714285714285714 0.0 -19 -88.38676646878233 0.0 0.0 
-4.285714285714286 6.428571428571429 0.0 -26 -106.83692517966985 0.0 0.0 
-4.285714285714286 7.142857142857143 0.0 -76 -184.9916711225112 0.0 0.0 
-4.285714285714286 7.857142857142858 0.0 -99 -231.65124724602512 0.0 0.0 
-4.285714285714286 8.571428571428571 0.0 -56 -134.5769239844162 0.0 0.0 
-4.285714285714286 9.285714285714286 0.0 -40 -146.8359557550034 0.0 0.0 
-2.142857142857143 -9.285714285714286 0.0 25 -79.54659887222455 0.0 0.0 
-2.142857142857143 -8.571428571428571 0.0 -1 -56.66803958517477 0.0 0.0 
-2.142857142857143 -7.857142857142858 0.0 36 -39.61340784855889 0.0 0.0 
-2.142857142857143 -7.142857142857143 0.0 80 91.04971909730429 0.0 0.0 
-2.142857142857143 -6.428571428571429 0.0 114 103.6199492356748 0.0 0.0 
-2.142857142857143 -5.714285714285714 0.0 94 128.76135982646053 0.0 0.0 
-2.142857142857143 -5.0 0.0 79 61.23406091097215 0.0 0.0 
-2.142857142857143 -4.285714285714286 0.0 68 74.70482951041836 0.0 0.0 
-2.142857142857143 -3.5714285714285716 0.0 17 -57.905126536879095 0.0 0.0 
-2.142857142857143 -2.857142857142857 0.0 -34 -125.16380691184727 0.0 0.0 
-2.142857142857143 -2.142857142857143 0.0 -43 -190.13821649401063 0.0 0.0 
-2.142857142857143 2.142857142857143 0.0 -52 -186.82012274619285 0.0 0.0 
-2.142857142857143 2.857142857142857 0.0 -70 -211.32201094497387 0.0 0.0 
-2.142857142857143 3.5714285714285716 0.0 -6 -93.26964936635814 0.0 0.0 
-2.142857142857143 4.285714285714286 0.0 20 -38.722147799222 0.0 0.0 
-2.142857142857143 5.0 0.0 -32 -119.47118477346473 0.0 0.0 
-2.142857142857143 5.714285714285714 0.0 -68 -173.6296767220173 0.0 0.0 
-2.142857142857143 6.428571428571429 0.0 -89 -212.09402844373182 0.0 0.0 
-2.142857142857143 7.142857142857143 0.0 -123 -258.367927173565 0.0 0.0 
-2.142857142857143 7.857142857142858 0.0 -118 -261.4096725788041 0.0 0.0 
-2.142857142857143 8.571428571428571 0.0 -35 -130.8434221435192 0.0 0.0 
-2.142857142857143 9.285714285714286 0.0 -8 -115.01507247433699 0.0 0.0 
-0.0 -9.285714285714286 0.0 19 -179.46198099216357 0.0 0.0 
-0.0 -8.571428571428571 0.0 73 -12.068279957189901 0.0 0.0 
-0.0 -7.857142857142858 0.0 136 34.530908491550434 0.0 0.0 
-0.0 -7.142857142857143 0.0 171 162.00945621642046 0.0 0.0 
-0.0 -6.428571428571429 0.0 158 116.51777945827331 0.0 0.0 
-0.0 -5.714285714285714 0.0 97 80.21075226268022 0.0 0.0 
-0.0 -5.0 0.0 77 6.409616988838849 0.0 0.0 
-0.0 -4.285714285714286 0.0 39 -32.7374521598756 0.0 0.0 
-0.0 -3.5714285714285716 0.0 -27 -179.25783259196692 0.0 0.0 
-0.0 -2.857142857142857 0.0 -68 -255.46051890979467 0.0 0.0 
-0.0 -2.142857142857143 0.0 -54 -270.38009324886036 0.0 0.0 
-0.0 2.142857142857143 0.0 -71 -247.19560219499448 0.0 0.0 
-0.0 2.857142857142857 0.0 -76 -250.1006443630369 0.0 0.0 
-0.0 3.5714285714285716 0.0 -16 -125.92927644179342 0.0 0.0 
-0.0 4.285714285714286 0.0 -16 -119.50048292047367 0.0 0.0 
-0.0 5.0 0.0 -101 -256.6484564619291 0.0 0.0 
-0.0 5.714285714285714 0.0 -141 -326.0211375752756 0.0 0.0 
-0.0 6.428571428571429 0.0 -123 -309.9599981812893 0.0 0.0 
-0.0 7.142857142857143 0.0 -96 -266.925219054784 0.0 0.0 
-0.0 7.857142857142858 0.0 -37 -182.3207073478356 0.0 0.0 
-0.0 8.571428571428571 0.0 43 -61.71105885380544 0.0 0.0 
-0.0 9.285714285714286 0.0 19 -154.92684337547888 0.0 0.0 
0.0 -9.285714285714286 0.0 112 -70.64880780868317 0.0 0.0 
0.0 -8.571428571428571 0.0 160 146.84095502583335 0.0 0.0 
0.0 -7.857142857142858 0.0 183 80.11660023640945 0.0 0.0 
0.0 -7.142857142857143 0.0 182 227.61757896360464 0.0 0.0 
0.0 -6.428571428571429 0.0 131 63.63169136893606 0.0 0.0 
0.0 -5.714285714285714 0.0 66 67.09366878646046 0.0 0.0 
0.0 -5.0 0.0 55 -57.27541304041722 0.0 0.0 
0.0 -4.285714285714286 0.0 3 -63.490815449218616 0.0 0.0 
0.0 -3.5714285714285716 0.0 -67 -261.3594962740239 0.0 0.0 
0.0 -2.857142857142857 0.0 -86 -255.94594188354426 0.0 0.0 
0.0 -2.142857142857143 0.0 -87 -326.22005398301155 0.0 0.0 
0.0 2.142857142857143 0.0 -84 -260.8171767905135 0.0 0.0 
0.0 2.857142857142857 0.0 -78 -259.7935209428544 0.0 0.0 
0.0 3.5714285714285716 0.0 -14 -127.30218758195913 0.0 0.0 
0.0 4.285714285714286 0.0 -34 -177.38464238471622 0.0 0.0 
0.0 5.0 0.0 -133 -322.13164575215706 0.0 0.0 
0.0 5.714285714285714 0.0 -144 -339.3585139339058 0.0 0.0 
0.0 6.428571428571429 0.0 -76 -224.27737804587957 0.0 0.0 
0.0 7.142857142857143 0.0 -19 -150.595367652881 0.0 0.0 
0.0 7.857142857142858 0.0 50 -57.56386415408693 0.0 0.0 
0.0 8.571428571428571 0.0 94 18.420374281804328 0.0 0.0 
0.0 9.285714285714286 0.0 -3 -196.710088231128 0.0 0.0 
2.142857142857143 -9.285714285714286 0.0 160 17.62914183927822 0.0 0.0 
2.142857142857143 -8.571428571428571 0.0 187 163.1584855194431 0.0 0.0 
2.142857142857143 -7.857142857142858 0.0 195 115.79212917340345 0.0 0.0 
2.142857142857143 -7.142857142857143 0.0 172 202.70157098234154 0.0 0.0 
2.142857142857143 -6.428571428571429 0.0 98 33.30297437725096 0.0 0.0 
2.142857142857143 -5.714285714285714 0.0 40 16.93051289144347 0.0 0.0 
2.142857142857143 -5.0 0.0 25 -85.74043801655813 0.0 0.0 
2.142857142857143 -4.285714285714286 0.0 -65 -171.27485937543332 0.0 0.0 
2.142857142857143 -3.5714285714285716 0.0 -140 -351.72867696409287 0.0 0.0 
2.142857142857143 -2.857142857142857 0.0 -143 -354.705588489922 0.0 0.0 
2.142857142857143 -2.142857142857143 0.0 -163 -432.68804162778974 0.0 0.0 
2.142857142857143 1.4285714285714286 0.0 -52 -247.08405794765935 0.0 0.0 
2.142857142857143 2.142857142857143 0.0 -36 -254.03839294364147 0.0 0.0 
2.142857142857143 2.857142857142857 0.0 -41 -230.502682511378 0.0 0.0 
2.142857142857143 3.5714285714285716 0.0 0 -142.99020321681513 0.0 0.0 
2.142857142857143 4.285714285714286 0.0 -60 -251.44226377743666 0.0 0.0 
2.142857142857143 5.0 0.0 -178 -402.73838686177896 0.0 0.0 
2.142857142857143 5.714285714285714 0.0 -139 -317.97511119219126 0.0 0.0 
2.142857142857143 6.428571428571429 0.0 -17 -153.09806685140933 0.0 0.0 
2.142857142857143 7.142857142857143 0.0 56 -77.04001822013863 0.0 0.0 
2.142857142857143 7.857142857142858 0.0 118 -11.09793505614968 0.0 0.0 
2.142857142857143 8.571428571428571 0.0 123 -2.4372283329922197 0.0 0.0 
2.142857142857143 9.285714285714286 0.0 -34 -312.6622407913125 0.0 0.0 
4.285714285714286 -9.285714285714286 0.0 204 78.74470547908822 0.0 0.0 
4.285714285714286 -8.571428571428571 0.0 208 176.00032402830357 0.0 0.0 
4.285714285714286 -7.857142857142858 0.0 187 111.17589471190712 0.0 0.0 
4.285714285714286 -7.142857142857143 0.0 125 122.70903448309008 0.0 0.0 
4.285714285714286 -6.428571428571429 0.0 40 -60.96898225517043 0.0 0.0 
4.285714285714286 -5.714285714285714 0.0 -17 -106.24510697083394 0.0 0.0 
4.285714285714286 -5.0 0.0 -38 -210.38382898709585 0.0 0.0 
4.285714285714286 -4.285714285714286 0.0 -138 -342.7290256363098 0.0 0.0 
4.285714285714286 -3.5714285714285716 0.0 -178 -469.2591723250952 0.0 0.0 
4.285714285714286 -2.857142857142857 0.0 -163 -463.2591873671591 0.0 0.0 
4.285714285714286 -2.142857142857143 0.0 -199 -548.3245062836858 0.0 0.0 
4.285714285714286 -1.4285714285714286 0.0 -244 -568.1604153589016 0.0 0.0 
4.285714285714286 1.4285714285714286 0.0 -22 -202.21810817858875 0.0 0.0 
4.285714285714286 2.142857142857143 0.0 -47 -260.587113045407 0.0 0.0 
4.285714285714286 2.857142857142857 0.0 -88 -288.5551405348641 0.0 0.0 
4.285714285714286 3.5714285714285716 0.0 -56 -240.70803115379937 0.0 0.0 
4.285714285714286 4.285714285714286 0.0 -119 -355.8346778783836 0.0 0.0 
4.285714285714286 5.0 0.0 -174 -405.08256664747864 0.0 0.0 
4.285714285714286 5.714285714285714 0.0 -42 -201.71267179231154 0.0 0.0 
4.285714285714286 6.428571428571429 0.0 97 -59.97588244850414 0.0 0.0 
4.285714285714286 7.142857142857143 0.0 143 -2.298115488247248 0.0 0.0 
4.285714285714286 7.857142857142858 0.0 162 17.8953222168837 0.0 0.0 
4.285714285714286 8.571428571428571 0.0 117 -54.55981742449998 0.0 0.0 
4.285714285714286 9.285714285714286 0.0 -86 -484.4626106490181 0.0 0.0 
6.428571428571429 -9.285714285714286 0.0 227 103.88437931781283 0.0 0.0 
6.428571428571429 -8.571428571428571 0.0 183 162.90310866409294 0.0 0.0 
6.428571428571429 -7.857142857142858 0.0 147 47.54664679434063 0.0 0.0 
6.428571428571429 -7.142857142857143 0.0 72 27.309004663530402 0.0 0.0 
6.428571428571429 -6.428571428571429 0.0 3 -161.8871962375082 0.0 0.0 
6.428571428571429 -5.714285714285714 0.0 -33 -179.29065402641797 0.0 0.0 
6.428571428571429 -5.0 0.0 -65 -305.74267741247644 0.0 0.0 
6.428571428571429 -4.285714285714286 0.0 -164 -424.8607599183109 0.0 0.0 
6.428571428571429 -3.5714285714285716 0.0 -183 -518.9085612273293 0.0 0.0 
6.428571428571429 -2.857142857142857 0.0 -174 -493.1545066979345 0.0 0.0 
6.428571428571429 -2.142857142857143 0.0 -228 -580.0383550195432 0.0 0.0 
6.428571428571429 -1.4285714285714286 0.0 -234 -507.08486268508426 0.0 0.0 
6.428571428571429 -0.7142857142857143 0.0 -170 -410.47874907734024 0.0 0.0 
6.428571428571429 -0.0 0.0 -132 -312.51933853198534 0.0 0.0 
6.428571428571429 0.0 0.0 -122 -316.23274975889126 0.0 0.0 
6.428571428571429 2.142857142857143 0.0 -91 -328.58546096673524 0.0 0.0 
6.428571428571429 2.857142857142857 0.0 -118 -340.9100246634109 0.0 0.0 
6.428571428571429 3.5714285714285716 0.0 -51 -268.5950967940297 0.0 0.0 
6.428571428571429 4.285714285714286 0.0 -77 -320.28189333971795 0.0 0.0 
6.428571428571429 5.0 0.0 -44 -266.65538515933076 0.0 0.0 
6.428571428571429 5.714285714285714 0.0 122 -38.470621213745666 0.0 0.0 
6.428571428571429 6.428571428571429 0.0 178 0.31768815454967125 0.0 0.0 
6.428571428571429 7.142857142857143 0.0 162 31.534052035676552 0.0 0.0 
6.428571428571429 7.857142857142858 0.0 132 -25.956380366833912 0.0 0.0 
6.428571428571429 8.571428571428571 0.0 58 -133.26085528898346 0.0 0.0 
6.428571428571429 9.285714285714286 0.0 -139 -627.0394844293955 0.0 0.0 
8.571428571428571 -9.285714285714286 0.0 228 122.08118160627237 0.0 0.0 
8.571428571428571 -8.571428571428571 0.0 162 219.72767807936197 0.0 0.0 
8.571428571428571 -7.857142857142858 0.0 126 32.89080883403858 0.0 0.0 
8.571428571428571 -7.142857142857143 0.0 45 35.981432999170636 0.0 0.0 
8.571428571428571 -6.428571428571429 0.0 -24 -201.0306786212684 0.0 0.0 
8.571428571428571 -5.714285714285714 0.0 -70 -180.3715210628272 0.0 0.0 
8.571428571428571 -5.0 0.0 -124 -369.8601739485269 0.0 0.0 
8.571428571428571 -4.285714285714286 0.0 -217 -430.41885207899804 0.0 0.0 
8.571428571428571 -3.5714285714285716 0.0 -233 -515.5155316033733 0.0 0.0 
8.571428571428571 -2.857142857142857 0.0 -254 -479.1019946164952 0.0 0.0 
8.571428571428571 -2.142857142857143 0.0 -320 -579.3557485709423 0.0 0.0 
8.571428571428571 -1.4285714285714286 0.0 -298 -490.3205729195488 0.0 0.0 
8.571428571428571 -0.7142857142857143 0.0 -221 -441.86124074062195 0.0 0.0 
8.571428571428571 -0.0 0.0 -140 -331.458324902061 0.0 0.0 
8.571428571428571 0.0 0.0 -85 -303.87126644017275 0.0 0.0 
8.571428571428571 0.7142857142857143 0.0 -42 -222.6753117099112 0.0 0.0 
8.571428571428571 1.4285714285714286 0.0 -15 -223.0075835259327 0.0 0.0 
8.571428571428571 3.5714285714285716 0.0 -13 -220.78423273866508 0.0 0.0 
8.571428571428571 4.285714285714286 0.0 3 -256.31857608983296 0.0 0.0 
8.571428571428571 5.0 0.0 86 -129.50338550331355 0.0 0.0 
8.571428571428571 5.714285714285714 0.0 227 44.75508593091649 0.0 0.0 
8.571428571428571 6.428571428571429 0.0 159 18.725670306665336 0.0 0.0 
8.571428571428571 7.142857142857143 0.0 117 -4.512619821364808 0.0 0.0 
8.571428571428571 7.857142857142858 0.0 77 -95.03386647037036 0.0 0.0 
8.571428571428571 8.571428571428571 0.0 -22 -247.8702358964519 0.0 0.0 
8.571428571428571 9.285714285714286 0.0 -175 -680.8760430515565 0.0 0.0 
10.714285714285714 -9.285714285714286 0.0 213 218.3416166457439 0.0 0.0 
10.714285714285714 -8.571428571428571 0.0 111 254.55764957045508 0.0 0.0 
10.714285714285714 -7.857142857142858 0.0 54 45.38089452703588 0.0 0.0 
10.714285714285714 -7.142857142857143 0.0 -28 14.162880241166391 0.0 0.0 
10.714285714285714 -6.428571428571429 0.0 -105 -216.64790460619858 0.0 0.0 
10.714285714285714 -5.714285714285714 0.0 -150 -218.33725021842912 0.0 0.0 
10.714285714285714 -5.0 0.0 -219 -427.51588169038644 0.0 0.0 
10.714285714285714 -4.285714285714286 0.0 -310 -497.46750607001974 0.0 0.0 
10.714285714285714 -3.5714285714285716 0.0 -322 -574.2585508230304 0.0 0.0 
10.714285714285714 -2.857142857142857 0.0 -328 -543.4083896621747 0.0 0.0 
10.714285714285714 -2.142857142857143 0.0 -316 -551.6679433700656 0.0 0.0 
10.714285714285714 -1.4285714285714286 0.0 -206 -393.40070072204054 0.0 0.0 
10.714285714285714 -0.7142857142857143 0.0 -107 -306.0478262875546 0.0 0.0 
10.714285714285714 -0.0 0.0 -38 -204.0611529955699 0.0 0.0 
10.714285714285714 0.0 0.0 -10 -220.98692336292603 0.0 0.0 
10.714285714285714 0.7142857142857143 0.0 -9 -184.3898846780642 0.0 0.0 
10.714285714285714 1.4285714285714286 0.0 -15 -224.4800426271331 0.0 0.0 
10.714285714285714 2.142857142857143 0.0 -100 -315.86932951336536 0.0 0.0 
10.714285714285714 4.285714285714286 0.0 96 -126.58099952035211 0.0 0.0 
10.714285714285714 5.0 0.0 189 12.598971768086841 0.0 0.0 
10.714285714285714 5.714285714285714 0.0 218 95.68968904496643 0.0 0.0 
10.714285714285714 6.428571428571429 0.0 104 6.514878095114398 0.0 0.0 
10.714285714285714 7.142857142857143 0.0 45 -76.39530939433732 0.0 0.0 
10.714285714285714 7.857142857142858 0.0 37 -140.59236983558702 0.0 0.0 
10.714285714285714 8.571428571428571 0.0 -76 -304.1597795263029 0.0 0.0 
10.714285714285714 9.285714285714286 0.0 -199 -618.5484079849273 0.0 0.0 
12.857142857142858 -9.285714285714286 0.0 141 235.816003495997 0.0 0.0 
12.857142857142858 -8.571428571428571 0.0 34 188.1327600565227 0.0 0.0 
12.857142857142858 -7.857142857142858 0.0 -23 0.9238708986798656 0.0 0.0 
12.857142857142858 -7.142857142857143 0.0 -111 -106.58590030738854 0.0 0.0 
12.857142857142858 -6.428571428571429 0.0 -191 -316.55290358242496 0.0 0.0 
12.857142857142858 -5.714285714285714 0.0 -236 -367.37915444361454 0.0 0.0 
12.857142857142858 -5.0 0.0 -282 -517.9628894039953 0.0 0.0 
12.857142857142858 -4.285714285714286 0.0 -308 -524.3379622579581 0.0 0.0 
12.857142857142858 -3.5714285714285716 0.0 -259 -494.8131172722675 0.0 0.0 
12.857142857142858 -2.857142857142857 0.0 -217 -409.6449512456108 0.0 0.0 
12.857142857142858 -2.142857142857143 0.0 -173 -359.3028005609502 0.0 0.0 
12.857142857142858 -1.4285714285714286 0.0 -110 -260.26224971801014 0.0 0.0 
12.857142857142858 -0.7142857142857143 0.0 -70 -216.10688490301422 0.0 0.0 
12.857142857142858 -0.0 0.0 -43 -187.11342852478657 0.0 0.0 
12.857142857142858 0.0 0.0 -34 -219.9516624917789 0.0 0.0 
12.857142857142858 0.7142857142857143 0.0 -32 -200.24633262095588 0.0 0.0 
12.857142857142858 1.4285714285714286 0.0 -17 -230.5127246416762 0.0 0.0 
12.857142857142858 2.142857142857143 0.0 -21 -209.01671002610556 0.0 0.0 
12.857142857142858 3.5714285714285716 0.0 137 10.719740411573682 0.0 0.0 
12.857142857142858 4.285714285714286 0.0 149 -10.229143948135231 0.0 0.0 
12.857142857142858 5.0 0.0 200 120.50049957033906 0.0 0.0 
12.857142857142858 5.714285714285714 0.0 112 68.15828172028182 0.0 0.0 
12.857142857142858 6.428571428571429 0.0 8 -52.71046046323275 0.0 0.0 
12.857142857142858 7.142857142857143 0.0 0 -97.730946632204 0.0 0.0 
12.857142857142858 7.857142857142858 0.0 -9 -152.77311688222233 0.0 0.0 
12.857142857142858 8.571428571428571 0.0 -65 -241.8616430446216 0.0 0.0 
12.857142857142858 9.285714285714286 0.0 -162 -440.4255343631123 0.0 0.0 
15.0 -9.285714285714286 0.0 72 199.47394122530773 0.0 0.0 
15.0 -8.571428571428571 0.0 -40 55.40503320563407 0.0 0.0 
15.0 -7.857142857142858 0.0 -107 -108.66872332279839 0.0 0.0 
15.0 -7.142857142857143 0.0 -167 -230.62743427942814 0.0 0.0 
15.0 -6.428571428571429 0.0 -205 -345.87655486739743 0.0 0.0 
15.0 -5.714285714285714 0.0 -198 -347.4536995492018 0.0 0.0 
15.0 -5.0 0.0 -214 -401.63479552850276 0.0 0.0 
15.0 -4.285714285714286 0.0 -233 -383.29065062826555 0.0 0.0 
15.0 -3.5714285714285716 0.0 -222 -369.51498634851845 0.0 0.0 
15.0 -2.857142857142857 0.0 -222 -348.3917458839819 0.0 0.0 
15.0 -2.142857142857143 0.0 -164 -307.7605557126278 0.0 0.0 
15.0 -1.4285714285714286 0.0 -95 -230.58433586602254 0.0 0.0 
15.0 -0.7142857142857143 0.0 -20 -157.76803291244445 0.0 0.0 
15.0 -0.0 0.0 0 -125.3895622417445 0.0 0.0 
15.0 0.0 0.0 -11 -142.76693416193126 0.0 0.0 
15.0 0.7142857142857143 0.0 -12 -123.50419909913798 0.0 0.0 
15.0 1.4285714285714286 0.0 -24 -160.76898336975108 0.0 0.0 
15.0 2.142857142857143 0.0 26 -79.50388557208545 0.0 0.0 
15.0 2.857142857142857 0.0 124 48.92811303144387 0.0 0.0 
15.0 3.5714285714285716 0.0 158 90.54255426491196 0.0 0.0 
15.0 4.285714285714286 0.0 140 115.42985373160224 0.0 0.0 
15.0 5.0 0.0 149 163.20944575555447 0.0 0.0 
15.0 5.714285714285714 0.0 29 54.17902669642632 0.0 0.0 
15.0 6.428571428571429 0.0 -59 -88.22227437474876 0.0 0.0 
15.0 7.142857142857143 0.0 -14 -29.246054111595253 0.0 0.0 
15.0 7.857142857142858 0.0 -54 -139.42485045828207 0.0 0.0 
15.0 8.571428571428571 0.0 -79 -139.91337656442758 0.0 0.0 
15.0 9.285714285714286 0.0 -67 -206.94833119807777 0.0 0.0 
17.142857142857142 -9.285714285714286 0.0 -21 24.29307811360647 0.0 0.0 
17.142857142857142 -8.571428571428571 0.0 -94 -70.24243256760711 0.0 0.0 
17.142857142857142 -7.857142857142858 0.0 -92 -120.82980327647552 0.0 0.0 
17.142857142857142 -7.142857142857143 0.0 -120 -206.71661632546517 0.0 0.0 
17.142857142857142 -6.428571428571429 0.0 -153 -265.24819460576816 0.0 0.0 
17.142857142857142 -5.714285714285714 0.0 -188 -337.65462390800803 0.0 0.0 
17.142857142857142 -5.0 0.0 -244 -426.92160151208884 0.0 0.0 
17.142857142857142 -4.285714285714286 0.0 -259 -446.1179646788625 0.0 0.0 
17.142857142857142 -3.5714285714285716 0.0 -218 -392.64466160102995 0.0 0.0 
17.142857142857142 -2.857142857142857 0.0 -167 -324.4175806762087 0.0 0.0 
17.142857142857142 -2.142857142857143 0.0 -96 -236.93811702561786 0.0 0.0 
17.142857142857142 -1.4285714285714286 0.0 -56 -173.91499906388083 0.0 0.0 
17.142857142857142 -0.7142857142857143 0.0 -19 -132.7697534361286 0.0 0.0 
17.142857142857142 -0.0 0.0 -21 -143.37799479498238 0.0 0.0 
17.142857142857142 0.0 0.0 -49 -171.0292614713254 0.0 0.0 
17.142857142857142 0.7142857142857143 0.0 -9 -106.53058210849207 0.0 0.0 
17.142857142857142 1.4285714285714286 0.0 0 -95.6209543258432 0.0 0.0 
17.142857142857142 2.142857142857143 0.0 88 41.429785859731936 0.0 0.0 
17.142857142857142 2.857142857142857 0.0 169 153.17647446915208 0.0 0.0 
17.142857142857142 3.5714285714285716 0.0 146 183.72389021100204 0.0 0.0 
17.142857142857142 4.285714285714286 0.0 106 147.51853967697983 0.0 0.0 
17.142857142857142 5.0 0.0 68 130.71982484348223 0.0 0.0 
17.142857142857142 5.714285714285714 0.0 -17 4.572442520374707 0.0 0.0 
17.142857142857142 6.428571428571429 0.0 -84 -98.97940033850946 0.0 0.0 
17.142857142857142 7.142857142857143 0.0 -13 6.459608206973819 0.0 0.0 
17.142857142857142 7.857142857142858 0.0 -74 -148.2628959567795 0.0 0.0 
17.142857142857142 8.571428571428571 0.0 -103 -92.74223799604496 0.0 0.0 
17.142857142857142 9.285714285714286 0.0 11 -51.23581885754162 0.0 0.0 
19.285714285714285 -9.285714285714286 0.0 6 27.722145051013825 0.0 0.0 
19.285714285714285 -8.571428571428571 0.0 -32 102.52475494977946 0.0 0.0 
19.285714285714285 -7.857142857142858 0.0 -96 -159.2998782030133 0.0 0.0 
19.285714285714285 -7.142857142857143 0.0 -155 -201.4843745811723 0.0 0.0 
19.285714285714285 -6.428571428571429 0.0 -223 -400.1289236144565 0.0 0.0 
19.285714285714285 -5.714285714285714 0.0 -217 -348.19945589488924 0.0 0.0 
19.285714285714285 -5.0 0.0 -250 -423.6066682161666 0.0 0.0 
19.285714285714285 -4.285714285714286 0.0 -242 -334.90731070303354 0.0 0.0 
19.285714285714285 -3.5714285714285716 0.0 -231 -337.1819564222552 0.0 0.0 
19.285714285714285 -2.857142857142857 0.0 -202 -276.3781365072339 0.0 0.0 
19.285714285714285 -2.142857142857143 0.0 -152 -240.62556790141014 0.0 0.0 
19.285714285714285 -1.4285714285714286 0.0 -97 -154.0127904128846 0.0 0.0 
19.285714285714285 -0.7142857142857143 0.0 -47 -99.93071339812386 0.0 0.0 
19.285714285714285 -0.0 0.0 -4 -36.36649386315055 0.0 0.0 
19.285714285714285 0.0 0.0 15 -7.752773082304763 0.0 0.0 
19.285714285714285 0.7142857142857143 0.0 88 89.23542077617286 0.0 0.0 
19.285714285714285 1.4285714285714286 0.0 107 118.41262761401988 0.0 0.0 
19.285714285714285 2.142857142857143 0.0 154 223.30631407985467 0.0 0.0 
19.285714285714285 2.857142857142857 0.0 146 252.2512695568706 0.0 0.0 
19.285714285714285 3.5714285714285716 0.0 56 197.4668560274317 0.0 0.0 
19.285714285714285 4.285714285714286 0.0 31 155.3189133432256 0.0 0.0 
19.285714285714285 5.0 0.0 -22 76.89409429889928 0.0 0.0 
19.285714285714285 5.714285714285714 0.0 -43 22.054804222540135 0.0 0.0 
19.285714285714285 6.428571428571429 0.0 -54 -31.521886140556262 0.0 0.0 
19.285714285714285 7.142857142857143 0.0 12 89.09528902701015 0.0 0.0 
19.285714285714285 7.857142857142858 0.0 -42 -85.52493423346614 0.0 0.0 
19.285714285714285 8.571428571428571 0.0 -67 22.475062715817614 0.0 0.0 
19.285714285714285 9.285714285714286 0.0 59 99.59993555200194 0.0 0.0 
21.428571428571427 -9.285714285714286 0.0 39 235.07820771421933 0.0 0.0 
21.428571428571427 -8.571428571428571 0.0 -119 5.33456437036142 0.0 0.0 
21.428571428571427 -7.857142857142858 0.0 -208 -164.29879949697022 0.0 0.0 
21.428571428571427 -7.142857142857143 0.0 -293 -268.75363396060465 0.0 0.0 
21.428571428571427 -6.428571428571429 0.0 -326 -312.2824500366291 0.0 0.0 
21.428571428571427 -5.714285714285714 0.0 -357 -365.31223599651406 0.0 0.0 
21.428571428571427 -5.0 0.0 -328 -334.7709518105935 0.0 0.0 
21.428571428571427 -4.285714285714286 0.0 -259 -282.5724652666279 0.0 0.0 
21.428571428571427 -3.5714285714285716 0.0 -141 -152.31889679835064 0.0 0.0 
21.428571428571427 -2.857142857142857 0.0 -43 -37.92571001372053 0.0 0.0 
21.428571428571427 -2.142857142857143 0.0 25 70.81393976695975 0.0 0.0 
21.428571428571427 -1.4285714285714286 0.0 70 147.62951728554356 0.0 0.0 
21.428571428571427 -0.7142857142857143 0.0 62 156.88418236497657 0.0 0.0 
21.428571428571427 -0.0 0.0 51 150.19080579572292 0.0 0.0 
21.428571428571427 0.0 0.0 40 145.58529239911496 0.0 0.0 
21.428571428571427 0.7142857142857143 0.0 71 185.96706837509345 0.0 0.0 
21.428571428571427 1.4285714285714286 0.0 94 225.33061054266287 0.0 0.0 
21.428571428571427 2.142857142857143 0.0 117 283.44529786207045 0.0 0.0 
21.428571428571427 2.857142857142857 0.0 106 312.9964371655658 0.0 0.0 
21.428571428571427 3.5714285714285716 0.0 38 220.39585188614336 0.0 0.0 
21.428571428571427 4.285714285714286 0.0 37 213.6407294361229 0.0 0.0 
21.428571428571427 5.0 0.0 -10 108.2909483583089 0.0 0.0 
21.428571428571427 5.714285714285714 0.0 -25 81.40204167910696 0.0 0.0 
21.428571428571427 6.428571428571429 0.0 -16 31.852027386124355 0.0 0.0 
21.428571428571427 7.142857142857143 0.0 2 116.70910551498639 0.0 0.0 
21.428571428571427 7.857142857142858 0.0 -48 -74.35680796441986 0.0 0.0 
21.428571428571427 8.571428571428571 0.0 -34 101.49941042568355 0.0 0.0 
21.428571428571427 9.285714285714286 0.0 86 186.49852012041472 0.0 0.0 
23.57142857142857 -9.285714285714286 0.0 -193 -54.09961219431847 0.0 0.0 
23.57142857142857 -8.571428571428571 0.0 -396 -516.5691224762263 0.0 0.0 
23.57142857142857 -7.857142857142858 0.0 -331 -338.1860868761993 0.0 0.0 
23.57142857142857 -7.142857142857143 0.0 -304 -491.19902102723495 0.0 0.0 
23.57142857142857 -6.428571428571429 0.0 -151 -225.9122082320008 0.0 0.0 
23.57142857142857 -5.714285714285714 0.0 -68 -238.45085634314438 0.0 0.0 
23.57142857142857 -5.0 0.0 7 -15.246002271152904 0.0 0.0 
23.57142857142857 -4.285714285714286 0.0 27 -5.456336979841339 0.0 0.0 
23.57142857142857 -3.5714285714285716 0.0 11 62.36515925312986 0.0 0.0 
23.57142857142857 -2.857142857142857 0.0 4 89.58347783040116 0.0 0.0 
23.57142857142857 -2.142857142857143 0.0 -13 74.20645779634529 0.0 0.0 
23.57142857142857 -1.4285714285714286 0.0 -3 138.09341088171206 0.0 0.0 
23.57142857142857 -0.7142857142857143 0.0 9 100.84787601227751 0.0 0.0 
23.57142857142857 -0.0 0.0 27 178.99034340918854 0.0 0.0 
23.57142857142857 0.0 0.0 80 185.00423499385096 0.0 0.0 
23.57142857142857 0.7142857142857143 0.0 111 312.7704444650434 0.0 0.0 
23.57142857142857 1.4285714285714286 0.0 142 318.00591164460155 0.0 0.0 
23.57142857142857 2.142857142857143 0.0 134 413.75123361818385 0.0 0.0 
23.57142857142857 2.857142857142857 0.0 109 316.18751599313913 0.0 0.0 
23.57142857142857 3.5714285714285716 0.0 58 294.68837049049847 0.0 0.0 
23.57142857142857 4.285714285714286 0.0 47 161.72616335211998 0.0 0.0 
23.57142857142857 5.0 0.0 16 171.90123532820158 0.0 0.0 
23.57142857142857 5.714285714285714 0.0 -10 37.292286256562186 0.0 0.0 
23.57142857142857 6.428571428571429 0.0 2 94.20968729682356 0.0 0.0 
23.57142857142857 7.142857142857143 0.0 -4 41.85659502753616 0.0 0.0 
23.57142857142857 7.857142857142858 0.0 -49 -36.542191030270374 0.0 0.0 
23.57142857142857 8.571428571428571 0.0 10 90.59323979983648 0.0 0.0 
23.57142857142857 9.285714285714286 0.0 76 204.9577991875263 0.0 0.0 
25.714285714285715 -9.285714285714286 0.0 -227 -584.9840020322071 0.0 0.0 
25.714285714285715 -8.571428571428571 0.0 -90 -311.9731275850036 0.0 0.0 
25.714285714285715 -7.857142857142858 0.0 2 -214.5224272098228 0.0 0.0 
25.714285714285715 -7.142857142857143 0.0 33 -23.514522959730726 0.0 0.0 
25.714285714285715 -6.428571428571429 0.0 -38 -49.25668013899656 0.0 0.0 
25.714285714285715 -5.714285714285714 0.0 -111 -25.14776283933577 0.0 0.0 
25.714285714285715 -5.0 0.0 -209 -62.344396549335556 0.0 0.0 
25.714285714285715 -4.285714285714286 0.0 -176 14.047245563483557 0.0 0.0 
25.714285714285715 -3.5714285714285716 0.0 -163 67.04212270273001 0.0 0.0 
25.714285714285715 -2.857142857142857 0.0 -75 155.49345652387194 0.0 0.0 
25.714285714285715 -2.142857142857143 0.0 -26 222.71542049995313 0.0 0.0 
25.714285714285715 -1.4285714285714286 0.0 40 254.8017996286715 0.0 0.0 
25.714285714285715 -0.7142857142857143 0.0 103 329.60525638071357 0.0 0.0 
25.714285714285715 -0.0 0.0 145 336.72518499897524 0.0 0.0 
25.714285714285715 0.0 0.0 213 462.4694396802208 0.0 0.0 
25.714285714285715 0.7142857142857143 0.0 207 440.3824436120708 0.0 0.0 
25.714285714285715 1.4285714285714286 0.0 206 503.4392025097452 0.0 0.0 
25.714285714285715 2.142857142857143 0.0 148 351.2978877801325 0.0 0.0 
25.714285714285715 2.857142857142857 0.0 91 309.6271968199524 0.0 0.0 
25.714285714285715 3.5714285714285716 0.0 40 98.09721649036445 0.0 0.0 
25.714285714285715 4.285714285714286 0.0 11 93.73573660044705 0.0 0.0 
25.714285714285715 5.0 0.0 10 -35.30090682136816 0.0 0.0 
25.714285714285715 5.714285714285714 0.0 3 9.621770228925321 0.0 0.0 
25.714285714285715 6.428571428571429 0.0 17 -62.34161800590721 0.0 0.0 
25.714285714285715 7.142857142857143 0.0 25 29.28522427763633 0.0 0.0 
25.714285714285715 7.857142857142858 0.0 -22 -166.3346870490433 0.0 0.0 
25.714285714285715 8.571428571428571 0.0 52 54.80658044317328 0.0 0.0 
25.714285714285715 9.285714285714286 0.0 12 -70.92276765822811 0.0 0.0 
27.857142857142858 -9.285714285714286 0.0 84 20.28379381123609 0.0 0.0 
27.857142857142858 -8.571428571428571 0.0 -76 238.62462039982177 0.0 0.0 
27.857142857142858 -7.857142857142858 0.0 -203 9.014435185764683 0.0 0.0 
27.857142857142858 -7.142857142857143 0.0 -346 28.83808386112321 0.0 0.0 
27.857142857142858 -6.428571428571429 0.0 -330 -18.155243780354226 0.0 0.0 
27.857142857142858 -5.714285714285714 0.0 -256 111.50577827405789 0.0 0.0 
27.857142857142858 -5.0 0.0 -124 214.7894816969549 0.0 0.0 
27.857142857142858 -4.285714285714286 0.0 -1 369.040462530802 0.0 0.0 
27.857142857142858 -3.5714285714285716 0.0 108 451.9309907543144 0.0 0.0 
27.857142857142858 -2.857142857142857 0.0 185 492.7225742437971 0.0 0.0 
27.857142857142858 -2.142857142857143 0.0 252 504.82899312087096 0.0 0.0 
27.857142857142858 -1.4285714285714286 0.0 268 461.65508332236556 0.0 0.0 
27.857142857142858 -0.7142857142857143 0.0 299 479.95631811702344 0.0 0.0 
27.857142857142858 -0.0 0.0 289 435.0582898042679 0.0 0.0 
27.857142857142858 0.0 0.0 291 446.0254448516848 0.0 0.0 
27.857142857142858 0.7142857142857143 0.0 238 345.2846728451389 0.0 0.0 
27.857142857142858 1.4285714285714286 0.0 172 250.89928338829324 0.0 0.0 
27.857142857142858 2.142857142857143 0.0 110 117.33750239002919 0.0 0.0 
27.857142857142858 2.857142857142857 0.0 49 2.0435426136859007 0.0 0.0 
27.857142857142858 3.5714285714285716 0.0 25 -71.71428940045945 0.0 0.0 
27.857142857142858 4.285714285714286 0.0 -2 -121.05452985404824 0.0 0.0 
27.857142857142858 5.0 0.0 -13 -149.699092389193 0.0 0.0 
27.857142857142858 5.714285714285714 0.0 -25 -158.53648473785955 0.0 0.0 
27.857142857142858 6.428571428571429 0.0 -37 -175.75743021551182 0.0 0.0 
27.857142857142858 7.142857142857143 0.0 -17 -116.6807748562814 0.0 0.0 
27.857142857142858 7.857142857142858 0.0 -54 -203.06393473634137 0.0 0.0 
27.857142857142858 8.571428571428571 0.0 19 -67.63300155411203 0.0 0.0 
27.857142857142858 9.285714285714286 0.0 -28 -131.0407011475731 0.0 0.0 
