-27.857142857142858 -9.285714285714286 0.0 0 -0.07756209873085747 0.0 0.0 
-27.857142857142858 -8.571428571428571 0.0 0 -0.05406997252284454 0.0 0.0 
-27.857142857142858 -7.857142857142858 0.0 0 -0.0915324688929834 0.0 0.0 
-27.857142857142858 -7.142857142857143 0.0 0 -0.0696100966218186 0.0 0.0 
-27.857142857142858 -6.428571428571429 0.0 0 -0.09075833238417264 0.0 0.0 
-27.857142857142858 -5.714285714285714 0.0 0 -0.07123081857097639 0.0 0.0 
-27.857142857142858 -5.0 0.0 0 -0.08161768589997469 0.0 0.0 
-27.857142857142858 -4.285714285714286 0.0 0 -0.06414329168421781 0.0 0.0 
-27.857142857142858 -3.5714285714285716 0.0 0 -0.06732919380234362 0.0 0.0 
-27.857142857142858 -2.857142857142857 0.0 0 -0.051614525208108296 0.0 0.0 
-27.857142857142858 -2.142857142857143 0.0 0 -0.050282523657444435 0.0 0.0 
-27.857142857142858 -1.4285714285714286 0.0 0 -0.036381147620816345 0.0 0.0 
-27.857142857142858 -0.7142857142857143 0.0 0 -0.03266675794887577 0.0 0.0 
-27.857142857142858 -0.0 0.0 0 -0.02079149905488789 0.0 0.0 
-27.857142857142858 0.0 0.0 0 -0.016250512209767157 0.0 0.0 
-27.857142857142858 0.7142857142857143 0.0 0 -0.006580972366673377 0.0 0.0 
-27.857142857142858 1.4285714285714286 0.0 0 -0.0023490160428042174 0.0 0.0 
-27.857142857142858 2.142857142857143 0.0 0 0.004855050068962979 0.0 0.0 
-27.857142857142858 2.857142857142857 0.0 0 0.007797579099926311 0.0 0.0 
-27.857142857142858 3.5714285714285716 0.0 0 0.012162268695730411 0.0 0.0 
-27.857142857142858 4.285714285714286 0.0 0 0.013071329553041054 0.0 0.0 
-27.857142857142858 5.0 0.0 0 0.014406150056332853 0.0 0.0 
-27.857142857142858 5.714285714285714 0.0 0 0.012753363157497312 0.0 0.0 
-27.857142857142858 6.428571428571429 0.0 0 0.01195679977208129 0.0 0.0 
-27.857142857142858 7.142857142857143 0.0 0 0.007893985947843803 0.0 0.0 
-27.857142857142858 7.857142857142858 0.0 0 -0.0002886324709015652 0.0 0.0 
-27.857142857142858 8.571428571428571 0.0 0 0.013718186561517886 0.0 0.0 
-27.857142857142858 9.285714285714286 0.0 0 0.009160773608969289 0.0 0.0 
-25.714285714285715 -9.285714285714286 0.0 0 -0.07040537540582593 0.0 0.0 
-25.714285714285715 -8.571428571428571 0.0 0 -0.035522246341468625 0.0 0.0 
-25.714285714285715 -7.857142857142858 0.0 0 -0.07856641223857778 0.0 0.0 
-25.714285714285715 -7.142857142857143 0.0 0 -0.04783756402959358 0.0 0.0 
-25.714285714285715 -6.428571428571429 0.0 0 -0.07420918026257517 0.0 0.0 
-25.714285714285715 -5.714285714285714 0.0 0 -0.04809495911687741 0.0 0.0 
-25.714285714285715 -5.0 0.0 0 -0.06389998843953776 0.0 0.0 
-25.714285714285715 -4.285714285714286 0.0 0 -0.04195435734368426 0.0 0.0 
-25.714285714285715 -3.5714285714285716 0.0 0 -0.050776778374335446 0.0 0.0 
-25.714285714285715 -2.857142857142857 0.0 0 -0.03242805393804807 0.0 0.0 
-25.714285714285715 -2.142857142857143 0.0 0 -0.036859390001135306 0.0 0.0 
-25.714285714285715 -1.4285714285714286 0.0 0 -0.021902601514318075 0.0 0.0 
-25.714285714285715 -0.7142857142857143 0.0 0 -0.024009997875642945 0.0 0.0 
-25.714285714285715 -0.0 0.0 0 -0.01235577265239089 0.0 0.0 
-25.714285714285715 0.0 0.0 0 -0.013484837033021838 0.0 0.0 
-25.714285714285715 0.7142857142857143 0.0 0 -0.004861109823866559 0.0 0.0 
-25.714285714285715 1.4285714285714286 0.0 0 -0.005875939170674622 0.0 0.0 
-25.714285714285715 2.142857142857143 0.0 0 -0.00015032102263775292 0.0 0.0 
-25.714285714285715 2.857142857142857 0.0 0 -0.0019483823101778784 0.0 0.0 
-25.714285714285715 3.5714285714285716 0.0 0 0.0006674450011880592 0.0 0.0 
-25.714285714285715 4.285714285714286 0.0 0 -0.002383926149398332 0.0 0.0 
-25.714285714285715 5.0 0.0 0 -0.0019827772424946995 0.0 0.0 
-25.714285714285715 5.714285714285714 0.0 0 -0.007559839678104795 0.0 0.0 
-25.714285714285715 6.428571428571429 0.0 0 -0.009208822471426388 0.0 0.0 
-25.714285714285715 7.142857142857143 0.0 0 -0.015428816534957212 0.0 0.0 
-25.714285714285715 7.857142857142858 0.0 0 -0.025222055319521937 0.0 0.0 
-25.714285714285715 8.571428571428571 0.0 0 0.0025920220737425514 0.0 0.0 
-25.714285714285715 9.285714285714286 0.0 0 -0.023295391747471656 0.0 0.0 
-23.57142857142857 -9.285714285714286 0.0 0 -0.07094430821434401 0.0 0.0 
-23.57142857142857 -8.571428571428571 0.0 0 -0.03556336298797844 0.0 0.0 
-23.57142857142857 -7.857142857142858 0.0 0 -0.07248911160670116 0.0 0.0 
-23.57142857142857 -7.142857142857143 0.0 0 -0.041082358092537644 0.0 0.0 
-23.57142857142857 -6.428571428571429 0.0 0 -0.06180246699379592 0.0 0.0 
-23.57142857142857 -5.714285714285714 0.0 0 -0.03602619179561084 0.0 0.0 
-23.57142857142857 -5.0 0.0 0 -0.04708224684286027 0.0 0.0 
-23.57142857142857 -4.285714285714286 0.0 0 -0.02629296780758239 0.0 0.0 
-23.57142857142857 -3.5714285714285716 0.0 0 -0.03134637739771665 0.0 0.0 
-23.57142857142857 -2.857142857142857 0.0 0 -0.014724829165154942 0.0 0.0 
-23.57142857142857 -2.142857142857143 0.0 0 -0.016425068612800922 0.0 0.0 
-23.57142857142857 -1.4285714285714286 0.0 0 -0.0037526383710479766 0.0 0.0 
-23.57142857142857 -0.7142857142857143 0.0 0 -0.004355992455030414 0.0 0.0 
-23.57142857142857 -0.0 0.0 0 0.004462864761582306 0.0 0.0 
-23.57142857142857 0.0 0.0 0 0.0038216175944525872 0.0 0.0 
-23.57142857142857 0.7142857142857143 0.0 0 0.009411043203682346 0.0 0.0 
-23.57142857142857 1.4285714285714286 0.0 0 0.008308772072857625 0.0 0.0 
-23.57142857142857 2.142857142857143 0.0 0 0.011221311376879088 0.0 0.0 
-23.57142857142857 2.857142857142857 0.0 0 0.00910079642375269 0.0 0.0 
-23.57142857142857 3.5714285714285716 0.0 0 0.008979193302937963 0.0 0.0 
-23.57142857142857 4.285714285714286 0.0 0 0.004610640447754357 0.0 0.0 
-23.57142857142857 5.0 0.0 0 0.002770889749009773 0.0 0.0 
-23.57142857142857 5.714285714285714 0.0 0 -0.0021664503069909642 0.0 0.0 
-23.57142857142857 6.428571428571429 0.0 0 -0.001478251896458064 0.0 0.0 
-23.57142857142857 7.142857142857143 0.0 0 -0.008376781195901795 0.0 0.0 
-23.57142857142857 7.857142857142858 0.0 0 -0.0227365697720341 0.0 0.0 
-23.57142857142857 8.571428571428571 0.0 0 0.007598532088296653 0.0 0.0 
-23.57142857142857 9.285714285714286 0.0 0 -0.025026932079190524 0.0 0.0 
-21.428571428571427 -9.285714285714286 0.0 0 -0.08158859767140483 0.0 0.0 
-21.428571428571427 -8.571428571428571 0.0 0 -0.04306014590421515 0.0 0.0 
-21.428571428571427 -7.857142857142858 0.0 0 -0.08108438196127779 0.0 0.0 
-21.428571428571427 -7.142857142857143 0.0 0 -0.04737235923908675 0.0 0.0 
-21.428571428571427 -6.428571428571429 0.0 0 -0.06944088209838727 0.0 0.0 
-21.428571428571427 -5.714285714285714 0.0 0 -0.0428886012940117 0.0 0.0 
-21.428571428571427 -5.0 0.0 0 -0.05565622959049207 0.0 0.0 
-21.428571428571427 -4.285714285714286 0.0 0 -0.03506814162438909 0.0 0.0 
-21.428571428571427 -3.5714285714285716 0.0 0 -0.041987958114047264 0.0 0.0 
-21.428571428571427 -2.857142857142857 0.0 0 -0.026059915039724383 0.0 0.0 
-21.428571428571427 -2.142857142857143 0.0 0 -0.029619115395846787 0.0 0.0 
-21.428571428571427 -1.4285714285714286 0.0 0 -0.01805235711898693 0.0 0.0 
-21.428571428571427 -0.7142857142857143 0.0 0 -0.020827943687533768 0.0 0.0 
-21.428571428571427 -0.0 0.0 0 -0.013470353058677744 0.0 0.0 
-21.428571428571427 0.0 0.0 0 -0.01600133580119075 0.0 0.0 
-21.428571428571427 0.7142857142857143 0.0 0 -0.011431549414359164 0.0 0.0 
-21.428571428571427 1.4285714285714286 0.0 0 -0.013441701372286084 0.0 0.0 
-21.428571428571427 2.142857142857143 0.0 0 -0.010506962510759447 0.0 0.0 
-21.428571428571427 2.857142857142857 0.0 0 -0.012298321989479027 0.0 0.0 
-21.428571428571427 3.5714285714285716 0.0 0 -0.010739555198774342 0.0 0.0 
-21.428571428571427 4.285714285714286 0.0 0 -0.013376692123585995 0.0 0.0 
-21.428571428571427 5.0 0.0 0 -0.014190561073443807 0.0 0.0 
-21.428571428571427 5.714285714285714 0.0 0 -0.02168897563350402 0.0 0.0 
-21.428571428571427 6.428571428571429 0.0 0 -0.023780300286225905 0.0 0.0 
-21.428571428571427 7.142857142857143 0.0 0 -0.0333614877088468 0.0 0.0 
-21.428571428571427 7.857142857142858 0.0 0 -0.04959419567873718 0.0 0.0 
-21.428571428571427 8.571428571428571 0.0 0 -0.008887292041521198 0.0 0.0 
-21.428571428571427 9.285714285714286 0.0 0 -0.05345749625302834 0.0 0.0 
-19.285714285714285 -9.285714285714286 0.0 0 -0.09238587008173384 0.0 0.0 
-19.285714285714285 -8.571428571428571 0.0 0 -0.04942830146820714 0.0 0.0 
-19.285714285714285 -7.857142857142858 0.0 0 -0.08781340165249134 0.0 0.0 
-19.285714285714285 -7.142857142857143 0.0 0 -0.051727105718951304 0.0 0.0 
-19.285714285714285 -6.428571428571429 0.0 0 -0.07478407642929769 0.0 0.0 
-19.285714285714285 -5.714285714285714 0.0 0 -0.04760799256949353 0.0 0.0 
-19.285714285714285 -5.0 0.0 0 -0.06157375834709641 0.0 0.0 
-19.285714285714285 -4.285714285714286 0.0 0 -0.04112779811860205 0.0 0.0 
-19.285714285714285 -3.5714285714285716 0.0 0 -0.04897009353113838 0.0 0.0 
-19.285714285714285 -2.857142857142857 0.0 0 -0.03306886988443458 0.0 0.0 
-19.285714285714285 -2.142857142857143 0.0 0 -0.03675399768948673 0.0 0.0 
-19.285714285714285 -1.4285714285714286 0.0 0 -0.024949510531077215 0.0 0.0 
-19.285714285714285 -0.7142857142857143 0.0 0 -0.028191400720228653 0.0 0.0 
-19.285714285714285 -0.0 0.0 0 -0.020855549660424612 0.0 0.0 
-19.285714285714285 0.0 0.0 0 -0.02317637053256987 0.0 0.0 
-19.285714285714285 0.7142857142857143 0.0 0 -0.018083030273454922 0.0 0.0 
-19.285714285714285 1.4285714285714286 0.0 0 -0.01868187308460716 0.0 0.0 
-19.285714285714285 2.142857142857143 0.0 0 -0.014356891185143134 0.0 0.0 
-19.285714285714285 2.857142857142857 0.0 0 -0.015928256314483344 0.0 0.0 
-19.285714285714285 3.5714285714285716 0.0 0 -0.015785892521938884 0.0 0.0 
-19.285714285714285 4.285714285714286 0.0 0 -0.02104719970224453 0.0 0.0 
-19.285714285714285 5.0 0.0 0 -0.023848366112111215 0.0 0.0 
-19.285714285714285 5.714285714285714 0.0 0 -0.03226541605878566 0.0 0.0 
-19.285714285714285 6.428571428571429 0.0 0 -0.034108928070911315 0.0 0.0 
-19.285714285714285 7.142857142857143 0.0 0 -0.04217015855800861 0.0 0.0 
-19.285714285714285 7.857142857142858 0.0 0 -0.06674171381563328 0.0 0.0 
-19.285714285714285 8.571428571428571 0.0 0 -0.012084872458173688 0.0 0.0 
-19.285714285714285 9.285714285714286 0.0 0 -0.08252417630097128 0.0 0.0 
-17.142857142857142 -9.285714285714286 0.0 0 -0.11115447948585568 0.0 0.0 
-17.142857142857142 -8.571428571428571 0.0 0 -0.05896255592503801 0.0 0.0 
-17.142857142857142 -7.857142857142858 0.0 0 -0.1013457686328337 0.0 0.0 
-17.142857142857142 -7.142857142857143 0.0 0 -0.05964812999040116 0.0 0.0 
-17.142857142857142 -6.428571428571429 0.0 0 -0.08591299142105949 0.0 0.0 
-17.142857142857142 -5.714285714285714 0.0 0 -0.055256898693888834 0.0 0.0 
-17.142857142857142 -5.0 0.0 0 -0.07143325062322525 0.0 0.0 
-17.142857142857142 -4.285714285714286 0.0 0 -0.04851702586858401 0.0 0.0 
-17.142857142857142 -3.5714285714285716 0.0 0 -0.05746975345454214 0.0 0.0 
-17.142857142857142 -2.857142857142857 0.0 0 -0.03907370125917224 0.0 0.0 
-17.142857142857142 -2.142857142857143 0.0 0 -0.042064638657339726 0.0 0.0 
-17.142857142857142 -1.4285714285714286 0.0 0 -0.027544184399958045 0.0 0.0 
-17.142857142857142 -0.7142857142857143 0.0 0 -0.03255803120199589 0.0 0.0 
-17.142857142857142 -0.0 0.0 0 -0.025062098750609323 0.0 0.0 
-17.142857142857142 0.0 0.0 0 -0.02881420643570794 0.0 0.0 
-17.142857142857142 0.7142857142857143 0.0 0 -0.025783813689118907 0.0 0.0 
-17.142857142857142 1.4285714285714286 0.0 0 -0.02728735543608543 0.0 0.0 
-17.142857142857142 2.142857142857143 0.0 0 -0.023129510714564386 0.0 0.0 
-17.142857142857142 2.857142857142857 0.0 0 -0.025445138552536606 0.0 0.0 
-17.142857142857142 3.5714285714285716 0.0 0 -0.02528440057532727 0.0 0.0 
-17.142857142857142 4.285714285714286 0.0 0 -0.03099498885896069 0.0 0.0 
-17.142857142857142 5.0 0.0 0 -0.034191358657573626 0.0 0.0 
-17.142857142857142 5.714285714285714 0.0 0 -0.043463113022539274 0.0 0.0 
-17.142857142857142 6.428571428571429 0.0 0 -0.04671730925300656 0.0 0.0 
-17.142857142857142 7.142857142857143 0.0 0 -0.05148193544233615 0.0 0.0 
-17.142857142857142 7.857142857142858 0.0 0 -0.08464740049159794 0.0 0.0 
-17.142857142857142 8.571428571428571 0.0 0 -0.011169511742415619 0.0 0.0 
-17.142857142857142 9.285714285714286 0.0 0 -0.102711150781089 0.0 0.0 
-15.0 -9.285714285714286 0.0 0 -0.13048453821393335 0.0 0.0 
-15.0 -8.571428571428571 0.0 0 -0.06407316452673124 0.0 0.0 
-15.0 -7.857142857142858 0.0 0 -0.11368999230843352 0.0 0.0 
-15.0 -7.142857142857143 0.0 0 -0.06294930841975893 0.0 0.0 
-15.0 -6.428571428571429 0.0 0 -0.09449613576635837 0.0 0.0 
-15.0 -5.714285714285714 0.0 0 -0.05786841446530878 0.0 0.0 
-15.0 -5.0 0.0 0 -0.07794509754560447 0.0 0.0 
-15.0 -4.285714285714286 0.0 0 -0.05137225280155082 0.0 0.0 
-15.0 -3.5714285714285716 0.0 0 -0.06350808059900528 0.0 0.0 
-15.0 -2.857142857142857 0.0 0 -0.042591272181731185 0.0 0.0 
-15.0 -2.142857142857143 0.0 0 -0.04545033181777801 0.0 0.0 
-15.0 -1.4285714285714286 0.0 0 -0.03629776387021407 0.0 0.0 
-15.0 1.4285714285714286 0.0 0 -0.02429082567275518 0.0 0.0 
-15.0 2.142857142857143 0.0 0 -0.014241180601355992 0.0 0.0 
-15.0 2.857142857142857 0.0 0 -0.020293433334083316 0.0 0.0 
-15.0 3.5714285714285716 0.0 0 -0.016805416854631217 0.0 0.0 
-15.0 4.285714285714286 0.0 0 -0.02620883678022115 0.0 0.0 
-15.0 5.0 0.0 0 -0.028388482781040864 0.0 0.0 
-15.0 5.714285714285714 0.0 0 -0.04109124985366744 0.0 0.0 
-15.0 6.428571428571429 0.0 0 -0.0461444321590881 0.0 0.0 
-15.0 7.142857142857143 0.0 0 -0.04977833607122726 0.0 0.0 
-15.0 7.857142857142858 0.0 0 -0.09088509635836962 0.0 0.0 
-15.0 8.571428571428571 0.0 0 -0.001965349829137566 0.0 0.0 
-15.0 9.285714285714286 0.0 0 -0.1003136965704846 0.0 0.0 
-12.857142857142858 -9.285714285714286 0.0 0 -0.144529252502137 0.0 0.0 
-12.857142857142858 -8.571428571428571 0.0 0 -0.06536028326397016 0.0 0.0 
-12.857142857142858 -7.857142857142858 0.0 0 -0.12150620568101525 0.0 0.0 
-12.857142857142858 -7.142857142857143 0.0 0 -0.06257345555762722 0.0 0.0 
-12.857142857142858 -6.428571428571429 0.0 0 -0.09882102140123826 0.0 0.0 
-12.857142857142858 -5.714285714285714 0.0 0 -0.05700608658378199 0.0 0.0 
-12.857142857142858 -5.0 0.0 0 -0.0807192780024693 0.0 0.0 
-12.857142857142858 -4.285714285714286 0.0 0 -0.05134584410306322 0.0 0.0 
-12.857142857142858 -3.5714285714285716 0.0 0 -0.06701958519805677 0.0 0.0 
-12.857142857142858 -2.857142857142857 0.0 0 -0.04491545258561313 0.0 0.0 
-12.857142857142858 -2.142857142857143 0.0 0 -0.055901450190483454 0.0 0.0 
-12.857142857142858 2.142857142857143 0.0 0 -0.018597324483328216 0.0 0.0 
-12.857142857142858 2.857142857142857 0.0 0 -0.010774752165126647 0.0 0.0 
-12.857142857142858 3.5714285714285716 0.0 0 -0.02020748518838776 0.0 0.0 
-12.857142857142858 4.285714285714286 0.0 0 -0.02175660507626217 0.0 0.0 
-12.857142857142858 5.0 0.0 0 -0.03540369224199401 0.0 0.0 
-12.857142857142858 5.714285714285714 0.0 0 -0.043132277911670486 0.0 0.0 
-12.857142857142858 6.428571428571429 0.0 0 -0.0579583055693232 0.0 0.0 
-12.857142857142858 7.142857142857143 0.0 0 -0.0542747039717117 0.0 0.0 
-12.857142857142858 7.857142857142858 0.0 0 -0.10740397280078393 0.0 0.0 
-12.857142857142858 8.571428571428571 0.0 0 -0.0035136074228000417 0.0 0.0 
-12.857142857142858 9.285714285714286 0.0 0 -0.10204141939446967 0.0 0.0 
-10.714285714285714 -9.285714285714286 0.0 0 -0.15696951468113368 0.0 0.0 
-10.714285714285714 -8.571428571428571 0.0 0 -0.06951264013784976 0.0 0.0 
-10.714285714285714 -7.857142857142858 0.0 0 -0.1300233482655648 0.0 0.0 
-10.714285714285714 -7.142857142857143 0.0 0 -0.06589290704363536 0.0 0.0 
-10.714285714285714 -6.428571428571429 0.0 0 -0.10545684625834739 0.0 0.0 
-10.714285714285714 -5.714285714285714 0.0 0 -0.06128710187844826 0.0 0.0 
-10.714285714285714 -5.0 0.0 0 -0.08847032885336623 0.0 0.0 
-10.714285714285714 -4.285714285714286 0.0 0 -0.0595720876742385 0.0 0.0 
-10.714285714285714 -3.5714285714285716 0.0 0 -0.08010088763534119 0.0 0.0 
-10.714285714285714 -2.857142857142857 0.0 0 -0.05657240060692967 0.0 0.0 
-10.714285714285714 -2.142857142857143 0.0 0 -0.07831854564459914 0.0 0.0 
-10.714285714285714 2.142857142857143 0.0 0 -0.025561537029399936 0.0 0.0 
-10.714285714285714 2.857142857142857 0.0 0 -0.01736726967042982 0.0 0.0 
-10.714285714285714 3.5714285714285716 0.0 0 -0.027833521257734577 0.0 0.0 
-10.714285714285714 4.285714285714286 0.0 0 -0.031610606145698245 0.0 0.0 
-10.714285714285714 5.0 0.0 0 -0.048139347556591494 0.0 0.0 
-10.714285714285714 5.714285714285714 0.0 0 -0.05832850723956294 0.0 0.0 
-10.714285714285714 6.428571428571429 0.0 0 -0.07627576988538802 0.0 0.0 
-10.714285714285714 7.142857142857143 0.0 0 -0.07129318412956417 0.0 0.0 
-10.714285714285714 7.857142857142858 0.0 0 -0.13005596459079616 0.0 0.0 
-10.714285714285714 8.571428571428571 0.0 0 -0.016759087845852554 0.0 0.0 
-10.714285714285714 9.285714285714286 0.0 0 -0.11943956931851672 0.0 0.0 
-8.571428571428571 -9.285714285714286 0.0 0 -0.17587158009851725 0.0 0.0 
-8.571428571428571 -8.571428571428571 0.0 0 -0.0783369183557865 0.0 0.0 
-8.571428571428571 -7.857142857142858 0.0 0 -0.14455818463374243 0.0 0.0 
-8.571428571428571 -7.142857142857143 0.0 0 -0.07328109416707199 0.0 0.0 
-8.571428571428571 -6.428571428571429 0.0 0 -0.11644395902375068 0.0 0.0 
-8.571428571428571 -5.714285714285714 0.0 0 -0.06767697520453664 0.0 0.0 
-8.571428571428571 -5.0 0.0 0 -0.09708365655434187 0.0 0.0 
-8.571428571428571 -4.285714285714286 0.0 0 -0.06482002706719082 0.0 0.0 
-8.571428571428571 -3.5714285714285716 0.0 0 -0.08837768294773204 0.0 0.0 
-8.571428571428571 -2.857142857142857 0.0 0 -0.06224087238192119 0.0 0.0 
-8.571428571428571 -2.142857142857143 0.0 0 -0.09374282073687991 0.0 0.0 
-8.571428571428571 2.142857142857143 0.0 0 -0.034826751599831736 0.0 0.0 
-8.571428571428571 2.857142857142857 0.0 0 -0.02438797019800787 0.0 0.0 
-8.571428571428571 3.5714285714285716 0.0 0 -0.0362906500846811 0.0 0.0 
-8.571428571428571 4.285714285714286 0.0 0 -0.04250564949213988 0.0 0.0 
-8.571428571428571 5.0 0.0 0 -0.06405100002806396 0.0 0.0 
-8.571428571428571 5.714285714285714 0.0 0 -0.07748158443358989 0.0 0.0 
-8.571428571428571 6.428571428571429 0.0 0 -0.0994893655106368 0.0 0.0 
-8.571428571428571 7.142857142857143 0.0 0 -0.09267033167082621 0.0 0.0 
-8.571428571428571 7.857142857142858 0.0 0 -0.15594159738247398 0.0 0.0 
-8.571428571428571 8.571428571428571 0.0 0 -0.028869993884032993 0.0 0.0 
-8.571428571428571 9.285714285714286 0.0 0 -0.14406686141850258 0.0 0.0 
-6.428571428571429 -9.285714285714286 0.0 0 -0.19799344752745865 0.0 0.0 
-6.428571428571429 -8.571428571428571 0.0 0 -0.08358862590055363 0.0 0.0 
-6.428571428571429 -7.857142857142858 0.0 0 -0.15794385147281245 0.0 0.0 
-6.428571428571429 -7.142857142857143 0.0 0 -0.0740652594740398 0.0 0.0 
-6.428571428571429 -6.428571428571429 0.0 0 -0.1225015715722312 0.0 0.0 
-6.428571428571429 -5.714285714285714 0.0 0 -0.06594490893844608 0.0 0.0 
-6.428571428571429 -5.0 0.0 0 -0.10116324871133069 0.0 0.0 
-6.428571428571429 -4.285714285714286 0.0 0 -0.06642465960368442 0.0 0.0 
-6.428571428571429 -3.5714285714285716 0.0 0 -0.0980180785903868 0.0 0.0 
-6.428571428571429 -2.857142857142857 0.0 0 -0.07052705017109498 0.0 0.0 
-6.428571428571429 -2.142857142857143 0.0 0 -0.11007958550334919 0.0 0.0 
-6.428571428571429 2.142857142857143 0.0 0 -0.044796796838352845 0.0 0.0 
-6.428571428571429 2.857142857142857 0.0 0 -0.03042771783332511 0.0 0.0 
-6.428571428571429 3.5714285714285716 0.0 0 -0.044810892875231545 0.0 0.0 
-6.428571428571429 4.285714285714286 0.0 0 -0.05504378281281836 0.0 0.0 
-6.428571428571429 5.0 0.0 0 -0.08381457928514514 0.0 0.0 
-6.428571428571429 5.714285714285714 0.0 0 -0.10176487493053891 0.0 0.0 
-6.428571428571429 6.428571428571429 0.0 0 -0.12804872467319348 0.0 0.0 
-6.428571428571429 7.142857142857143 0.0 0 -0.1189495299881936 0.0 0.0 
-6.428571428571429 7.857142857142858 0.0 0 -0.18653496758624544 0.0 0.0 
-6.428571428571429 8.571428571428571 0.0 0 -0.04160258925970328 0.0 0.0 
-6.428571428571429 9.285714285714286 0.0 0 -0.17015248211350922 0.0 0.0 
-4.285714285714286 -9.285714285714286 0.0 0 -0.21757795282378223 0.0 0.0 
-4.285714285714286 -8.571428571428571 0.0 0 -0.08464839938014612 0.0 0.0 
-4.285714285714286 -7.857142857142858 0.0 0 -0.16760658771460363 0.0 0.0 
-4.285714285714286 -7.142857142857143 0.0 0 -0.07067410461876765 0.0 0.0 
-4.285714285714286 -6.428571428571429 0.0 0 -0.12582050439928139 0.0 0.0 
-4.285714285714286 -5.714285714285714 0.0 0 -0.061552004705519865 0.0 0.0 
-4.285714285714286 -5.0 0.0 0 -0.10325281033080252 0.0 0.0 
-4.285714285714286 -4.285714285714286 0.0 0 -0.06527466048985066 0.0 0.0 
-4.285714285714286 -3.5714285714285716 0.0 0 -0.10498254077000874 0.0 0.0 
-4.285714285714286 -2.857142857142857 0.0 0 -0.07755666880933486 0.0 0.0 
-4.285714285714286 -2.142857142857143 0.0 0 -0.12797229819769257 0.0 0.0 
-4.285714285714286 2.142857142857143 0.0 0 -0.055401387701348906 0.0 0.0 
-4.285714285714286 2.857142857142857 0.0 0 -0.03483845021601506 0.0 0.0 
-4.285714285714286 3.5714285714285716 0.0 0 -0.05335305737533122 0.0 0.0 
-4.285714285714286 4.285714285714286 0.0 0 -0.07037442627416583 0.0 0.0 
-4.285714285714286 5.0 0.0 0 -0.1095349972492253 0.0 0.0 
-4.285714285714286 5.714285714285714 0.0 0 -0.1331063616218558 0.0 0.0 
-4.285714285714286 6.428571428571429 0.0 0 -0.1631335834330687 0.0 0.0 
-4.285714285714286 7.142857142857143 0.0 0 -0.14940202236634362 0.0 0.0 
-4.285714285714286 7.857142857142858 0.0 0 -0.2205867419311341 0.0 0.0 
-4.285714285714286 8.571428571428571 0.0 0 -0.054938418862471694 0.0 0.0 
-4.285714285714286 9.285714285714286 0.0 0 -0.19633531856615974 0.0 0.0 
-2.142857142857143 -9.285714285714286 0.0 0 -0.23790400989741237 0.0 0.0 
-2.142857142857143 -8.571428571428571 0.0 0 -0.08722539279827081 0.0 0.0 
-2.142857142857143 -7.857142857142858 0.0 0 -0.17684401678323716 0.0 0.0 
-2.142857142857143 -7.142857142857143 0.0 0 -0.06677765657944651 0.0 0.0 
-2.142857142857143 -6.428571428571429 0.0 0 -0.12692701047929125 0.0 0.0 
-2.142857142857143 -5.714285714285714 0.0 0 -0.054933035291767796 0.0 0.0 
-2.142857142857143 -5.0 0.0 0 -0.10206982662170139 0.0 0.0 
-2.142857142857143 -4.285714285714286 0.0 0 -0.06163085433697948 0.0 0.0 
-2.142857142857143 -3.5714285714285716 0.0 0 -0.10933302236797167 0.0 0.0 
-2.142857142857143 -2.857142857142857 0.0 0 -0.08243387323645923 0.0 0.0 
-2.142857142857143 -2.142857142857143 0.0 0 -0.14570651040141613 0.0 0.0 
-2.142857142857143 2.142857142857143 0.0 0 -0.06801448216986405 0.0 0.0 
-2.142857142857143 2.857142857142857 0.0 0 -0.03745853597893839 0.0 0.0 
-2.142857142857143 3.5714285714285716 0.0 0 -0.06360276727618157 0.0 0.0 
-2.142857142857143 4.285714285714286 0.0 0 -0.09199123932099389 0.0 0.0 
-2.142857142857143 5.0 0.0 0 -0.14631206446523648 0.0 0.0 
-2.142857142857143 5.714285714285714 0.0 0 -0.17588343264040565 0.0 0.0 
-2.142857142857143 6.428571428571429 0.0 0 -0.20807415437234336 0.0 0.0 
-2.142857142857143 7.142857142857143 0.0 0 -0.18495384122752775 0.0 0.0 
-2.142857142857143 7.857142857142858 0.0 0 -0.25742224374764533 0.0 0.0 
-2.142857142857143 8.571428571428571 0.0 0 -0.06830601080878147 0.0 0.0 
-2.142857142857143 9.285714285714286 0.0 0 -0.22249010458982033 0.0 0.0 
-0.0 -9.285714285714286 0.0 0 -0.26143663318036703 0.0 0.0 
-0.0 -8.571428571428571 0.0 0 -0.08956890514362956 0.0 0.0 
-0.0 -7.857142857142858 0.0 0 -0.18485993008690021 0.0 0.0 
-0.0 -7.142857142857143 0.0 0 -0.05917861966252781 0.0 0.0 
-0.0 -6.428571428571429 0.0 0 -0.12407741699102501 0.0 0.0 
-0.0 -5.714285714285714 0.0 0 -0.043553746429576434 0.0 0.0 
-0.0 -5.0 0.0 0 -0.09636704683926665 0.0 0.0 
-0.0 -4.285714285714286 0.0 0 -0.053799462140522905 0.0 0.0 
-0.0 -3.5714285714285716 0.0 0 -0.11066465653378288 0.0 0.0 
-0.0 -2.857142857142857 0.0 0 -0.08233865882386093 0.0 0.0 
-0.0 -2.142857142857143 0.0 0 -0.16141578213783453 0.0 0.0 
-0.0 2.142857142857143 0.0 0 -0.08390505343622046 0.0 0.0 
-0.0 2.857142857142857 0.0 0 -0.03798215947265929 0.0 0.0 
-0.0 3.5714285714285716 0.0 0 -0.07875967393678583 0.0 0.0 
-0.0 4.285714285714286 0.0 0 -0.12628653098612022 0.0 0.0 
-0.0 5.0 0.0 0 -0.20169115423804676 0.0 0.0 
-0.0 5.714285714285714 0.0 0 -0.23487904513669108 0.0 0.0 
-0.0 6.428571428571429 0.0 0 -0.2644405598995166 0.0 0.0 
-0.0 7.142857142857143 0.0 0 -0.22306369413559524 0.0 0.0 
-0.0 7.857142857142858 0.0 0 -0.29200473285180045 0.0 0.0 
-0.0 8.571428571428571 0.0 0 -0.07691829474910603 0.0 0.0 
-0.0 9.285714285714286 0.0 0 -0.24776509987847078 0.0 0.0 
0.0 -9.285714285714286 0.0 0 -0.2863966932214504 0.0 0.0 
0.0 -8.571428571428571 0.0 0 -0.08795763132702816 0.0 0.0 
0.0 -7.857142857142858 0.0 0 -0.18874468443924144 0.0 0.0 
0.0 -7.142857142857143 0.0 0 -0.04409553756290066 0.0 0.0 
0.0 -6.428571428571429 0.0 0 -0.11500172031108212 0.0 0.0 
0.0 -5.714285714285714 0.0 0 -0.02543166488672588 0.0 0.0 
0.0 -5.0 0.0 0 -0.08519904427818394 0.0 0.0 
0.0 -4.285714285714286 0.0 0 -0.04109292396231039 0.0 0.0 
0.0 -3.5714285714285716 0.0 0 -0.10927524332086799 0.0 0.0 
0.0 -2.857142857142857 0.0 0 -0.0711629769355744 0.0 0.0 
0.0 -2.142857142857143 0.0 0 -0.18864263287088745 0.0 0.0 
0.0 2.142857142857143 0.0 0 -0.10707053793440023 0.0 0.0 
0.0 2.857142857142857 0.0 0 -0.036556475569352403 0.0 0.0 
0.0 3.5714285714285716 0.0 0 -0.10677962185274162 0.0 0.0 
0.0 4.285714285714286 0.0 0 -0.18311368644387147 0.0 0.0 
0.0 5.0 0.0 0 -0.28694482999558824 0.0 0.0 
0.0 5.714285714285714 0.0 0 -0.3129865669924802 0.0 0.0 
0.0 6.428571428571429 0.0 0 -0.33263407279541035 0.0 0.0 
0.0 7.142857142857143 0.0 0 -0.2576984670439843 0.0 0.0 
0.0 7.857142857142858 0.0 0 -0.3166515615462297 0.0 0.0 
0.0 8.571428571428571 0.0 0 -0.07742162082912632 0.0 0.0 
0.0 9.285714285714286 0.0 0 -0.25652210861737557 0.0 0.0 
2.142857142857143 -9.285714285714286 0.0 0 -0.31351190000871365 0.0 0.0 
2.142857142857143 -8.571428571428571 0.0 0 -0.08276670023642568 0.0 0.0 
2.142857142857143 -7.857142857142858 0.0 0 -0.18797532496175667 0.0 0.0 
2.142857142857143 -7.142857142857143 0.0 0 -0.021281381713593645 0.0 0.0 
2.142857142857143 -6.428571428571429 0.0 0 -0.10020123529052181 0.0 0.0 
2.142857142857143 -5.714285714285714 0.0 0 -0.0033066456962679014 0.0 0.0 
2.142857142857143 -5.0 0.0 0 -0.07251529454448613 0.0 0.0 
2.142857142857143 -4.285714285714286 0.0 0 -0.0307542045239379 0.0 0.0 
2.142857142857143 -3.5714285714285716 0.0 0 -0.09836976054502194 0.0 0.0 
2.142857142857143 -2.857142857142857 0.0 0 -0.05083215407889563 0.0 0.0 
2.142857142857143 -2.142857142857143 0.0 0 -0.18703061174309554 0.0 0.0 
2.142857142857143 1.4285714285714286 0.0 0 -0.4033030002143786 0.0 0.0 
2.142857142857143 2.142857142857143 0.0 0 -0.18282672459447097 0.0 0.0 
2.142857142857143 2.857142857142857 0.0 0 -0.13465220999180966 0.0 0.0 
2.142857142857143 3.5714285714285716 0.0 0 -0.17936568575534706 0.0 0.0 
2.142857142857143 4.285714285714286 0.0 0 -0.35419989707604393 0.0 0.0 
2.142857142857143 5.0 0.0 0 -0.4267726102855529 0.0 0.0 
2.142857142857143 5.714285714285714 0.0 0 -0.46730853904040315 0.0 0.0 
2.142857142857143 6.428571428571429 0.0 0 -0.41398057831875595 0.0 0.0 
2.142857142857143 7.142857142857143 0.0 0 -0.3189439591877906 0.0 0.0 
2.142857142857143 7.857142857142858 0.0 0 -0.3323954444310328 0.0 0.0 
2.142857142857143 8.571428571428571 0.0 0 -0.015238028405502042 0.0 0.0 
2.142857142857143 9.285714285714286 0.0 0 -0.37049481947687746 0.0 0.0 
4.285714285714286 -9.285714285714286 0.0 0 -0.3363202632404057 0.0 0.0 
4.285714285714286 -8.571428571428571 0.0 0 -0.06381346890953823 0.0 0.0 
4.285714285714286 -7.857142857142858 0.0 0 -0.16688783806563406 0.0 0.0 
4.285714285714286 -7.142857142857143 0.0 0 0.024957722988563538 0.0 0.0 
4.285714285714286 -6.428571428571429 0.0 0 -0.058938746513433615 0.0 0.0 
4.285714285714286 -5.714285714285714 0.0 0 0.044015226663116136 0.0 0.0 
4.285714285714286 -5.0 0.0 0 -0.034654533140026283 0.0 0.0 
4.285714285714286 -4.285714285714286 0.0 0 -0.012694824852842457 0.0 0.0 
4.285714285714286 -3.5714285714285716 0.0 0 -0.09375818861929436 0.0 0.0 
4.285714285714286 -2.857142857142857 0.0 0 -0.11868823355196131 0.0 0.0 
4.285714285714286 -2.142857142857143 0.0 0 -0.20727727872265425 0.0 0.0 
4.285714285714286 -1.4285714285714286 0.0 0 -0.2896481343465982 0.0 0.0 
4.285714285714286 1.4285714285714286 0.0 0 -0.509571210416059 0.0 0.0 
4.285714285714286 2.142857142857143 0.0 0 -0.12122411962652585 0.0 0.0 
4.285714285714286 2.857142857142857 0.0 0 -0.05575242409280834 0.0 0.0 
4.285714285714286 3.5714285714285716 0.0 0 -0.12015538705300555 0.0 0.0 
4.285714285714286 4.285714285714286 0.0 0 -0.37448226991532585 0.0 0.0 
4.285714285714286 5.0 0.0 0 -0.4296270781532018 0.0 0.0 
4.285714285714286 5.714285714285714 0.0 0 -0.4314131764812892 0.0 0.0 
4.285714285714286 6.428571428571429 0.0 0 -0.32698703791704753 0.0 0.0 
4.285714285714286 7.142857142857143 0.0 0 -0.20739464703284763 0.0 0.0 
4.285714285714286 7.857142857142858 0.0 0 -0.07323031090960874 0.0 0.0 
4.285714285714286 8.571428571428571 0.0 0 0.19688922948720294 0.0 0.0 
4.285714285714286 9.285714285714286 0.0 0 0.0001400074776638227 0.0 0.0 
6.428571428571429 -9.285714285714286 0.0 0 -0.3625025795178713 0.0 0.0 
6.428571428571429 -8.571428571428571 0.0 0 -0.0407106846227545 0.0 0.0 
6.428571428571429 -7.857142857142858 0.0 0 -0.13494999450090214 0.0 0.0 
6.428571428571429 -7.142857142857143 0.0 0 0.0694226930527922 0.0 0.0 
6.428571428571429 -6.428571428571429 0.0 0 -0.028325284105818443 0.0 0.0 
6.428571428571429 -5.714285714285714 0.0 0 0.06179415058854543 0.0 0.0 
6.428571428571429 -5.0 0.0 0 -0.02947673844037002 0.0 0.0 
6.428571428571429 -4.285714285714286 0.0 0 -0.015049588586119766 0.0 0.0 
6.428571428571429 -3.5714285714285716 0.0 0 -0.0745575100356553 0.0 0.0 
6.428571428571429 -2.857142857142857 0.0 0 -0.12050711163010563 0.0 0.0 
6.428571428571429 -2.142857142857143 0.0 0 -0.20272023732994565 0.0 0.0 
6.428571428571429 -1.4285714285714286 0.0 0 -0.44069789216126765 0.0 0.0 
6.428571428571429 -0.7142857142857143 0.0 0 -0.6390333257302526 0.0 0.0 
6.428571428571429 -0.0 0.0 0 -0.6342918724356046 0.0 0.0 
6.428571428571429 0.0 0.0 0 -0.9986765083165883 0.0 0.0 
6.428571428571429 2.142857142857143 0.0 0 -0.882244193241575 0.0 0.0 
6.428571428571429 2.857142857142857 0.0 0 -0.19971103560782086 0.0 0.0 
6.428571428571429 3.5714285714285716 0.0 0 -0.6205275788506186 0.0 0.0 
6.428571428571429 4.285714285714286 0.0 0 -0.6777852381724179 0.0 0.0 
6.428571428571429 5.0 0.0 0 -0.8236547568424752 0.0 0.0 
6.428571428571429 5.714285714285714 0.0 0 -0.5298738750788805 0.0 0.0 
6.428571428571429 6.428571428571429 0.0 0 -0.5305080086299641 0.0 0.0 
6.428571428571429 7.142857142857143 0.0 0 -0.36474696644577154 0.0 0.0 
6.428571428571429 7.857142857142858 0.0 0 -0.12765189989282683 0.0 0.0 
6.428571428571429 8.571428571428571 0.0 0 -0.0349238378671666 0.0 0.0 
6.428571428571429 9.285714285714286 0.0 0 -0.0120392461112655 0.0 0.0 
8.571428571428571 -9.285714285714286 0.0 0 -0.47361870943508655 0.0 0.0 
8.571428571428571 -8.571428571428571 0.0 0 -0.026433584909701505 0.0 0.0 
8.571428571428571 -7.857142857142858 0.0 0 -0.20163456025163917 0.0 0.0 
8.571428571428571 -7.142857142857143 0.0 0 0.06320883791804222 0.0 0.0 
8.571428571428571 -6.428571428571429 0.0 0 -0.10282904605815318 0.0 0.0 
8.571428571428571 -5.714285714285714 0.0 0 0.051450142522884046 0.0 0.0 
8.571428571428571 -5.0 0.0 0 -0.06571463037002584 0.0 0.0 
8.571428571428571 -4.285714285714286 0.0 0 0.012951273484845371 0.0 0.0 
8.571428571428571 -3.5714285714285716 0.0 0 -0.0689578629274547 0.0 0.0 
8.571428571428571 -2.857142857142857 0.0 0 -0.011840461821150117 0.0 0.0 
8.571428571428571 -2.142857142857143 0.0 0 -0.025584140245694442 0.0 0.0 
8.571428571428571 -1.4285714285714286 0.0 0 0.04455784435409982 0.0 0.0 
8.571428571428571 -0.7142857142857143 0.0 0 -0.20068048075408662 0.0 0.0 
8.571428571428571 -0.0 0.0 0 -0.12198016465489075 0.0 0.0 
8.571428571428571 0.0 0.0 0 -0.6094327978490106 0.0 0.0 
8.571428571428571 0.7142857142857143 0.0 0 -1.5908418935453439 0.0 0.0 
8.571428571428571 1.4285714285714286 0.0 0 -1.157760585577166 0.0 0.0 
8.571428571428571 3.5714285714285716 0.0 0 -1.9459587467323853 0.0 0.0 
8.571428571428571 4.285714285714286 0.0 0 -0.8864435559787839 0.0 0.0 
8.571428571428571 5.0 0.0 0 -0.7286660760537853 0.0 0.0 
8.571428571428571 5.714285714285714 0.0 0 -0.5203998931839 0.0 0.0 
8.571428571428571 6.428571428571429 0.0 0 -0.37406378018702 0.0 0.0 
8.571428571428571 7.142857142857143 0.0 0 -0.6243041797558935 0.0 0.0 
8.571428571428571 7.857142857142858 0.0 0 -0.025364012094884425 0.0 0.0 
8.571428571428571 8.571428571428571 0.0 0 -0.7705649463398037 0.0 0.0 
8.571428571428571 9.285714285714286 0.0 0 -0.02061498067785464 0.0 0.0 
10.714285714285714 -9.285714285714286 0.0 0 -0.3824113139605857 0.0 0.0 
10.714285714285714 -8.571428571428571 0.0 0 0.25045693243569217 0.0 0.0 
10.714285714285714 -7.857142857142858 0.0 0 0.00282948069012412 0.0 0.0 
10.714285714285714 -7.142857142857143 0.0 0 0.36079262548859836 0.0 0.0 
10.714285714285714 -6.428571428571429 0.0 0 0.06489386307828393 0.0 0.0 
10.714285714285714 -5.714285714285714 0.0 0 0.21449612866760903 0.0 0.0 
10.714285714285714 -5.0 0.0 0 -0.08158624536398146 0.0 0.0 
10.714285714285714 -4.285714285714286 0.0 0 -0.017646995800240317 0.0 0.0 
10.714285714285714 -3.5714285714285716 0.0 0 -0.23406101468619483 0.0 0.0 
10.714285714285714 -2.857142857142857 0.0 0 -0.1404646269962559 0.0 0.0 
10.714285714285714 -2.142857142857143 0.0 0 -0.2338227634196921 0.0 0.0 
10.714285714285714 -1.4285714285714286 0.0 0 -0.017337928511193368 0.0 0.0 
10.714285714285714 -0.7142857142857143 0.0 0 -0.14061617230319928 0.0 0.0 
10.714285714285714 -0.0 0.0 0 0.333677633093442 0.0 0.0 
10.714285714285714 0.0 0.0 0 0.36711368411380396 0.0 0.0 
10.714285714285714 0.7142857142857143 0.0 0 -0.3350502583836156 0.0 0.0 
10.714285714285714 1.4285714285714286 0.0 0 0.0034573546353396933 0.0 0.0 
10.714285714285714 2.142857142857143 0.0 0 -1.8869421710126684 0.0 0.0 
10.714285714285714 5.0 0.0 0 -0.5380154524668399 0.0 0.0 
10.714285714285714 5.714285714285714 0.0 0 -1.7942176155559915 0.0 0.0 
10.714285714285714 6.428571428571429 0.0 0 -0.6115536465834694 0.0 0.0 
10.714285714285714 7.142857142857143 0.0 0 -1.5917053751866312 0.0 0.0 
10.714285714285714 7.857142857142858 0.0 0 -1.1569794783534983 0.0 0.0 
10.714285714285714 8.571428571428571 0.0 0 -1.774957024731983 0.0 0.0 
10.714285714285714 9.285714285714286 0.0 0 -2.7178801837298217 0.0 0.0 
12.857142857142858 -9.285714285714286 0.0 0 -0.10599123587573339 0.0 0.0 
12.857142857142858 -8.571428571428571 0.0 0 0.34662793305020595 0.0 0.0 
12.857142857142858 -7.857142857142858 0.0 0 0.08973696577872148 0.0 0.0 
12.857142857142858 -7.142857142857143 0.0 0 0.3019313317559933 0.0 0.0 
12.857142857142858 -6.428571428571429 0.0 0 0.04143950579998468 0.0 0.0 
12.857142857142858 -5.714285714285714 0.0 0 0.21349819458680386 0.0 0.0 
12.857142857142858 -5.0 0.0 0 0.04594404050941392 0.0 0.0 
12.857142857142858 -4.285714285714286 0.0 0 0.18558099608322243 0.0 0.0 
12.857142857142858 -3.5714285714285716 0.0 0 -0.004774233709593512 0.0 0.0 
12.857142857142858 -2.857142857142857 0.0 0 0.01300473263579821 0.0 0.0 
12.857142857142858 -2.142857142857143 0.0 0 -0.18770511375508114 0.0 0.0 
12.857142857142858 -1.4285714285714286 0.0 0 -0.04279861469340018 0.0 0.0 
12.857142857142858 -0.7142857142857143 0.0 0 -0.282236467153686 0.0 0.0 
12.857142857142858 -0.0 0.0 0 0.4012314069527349 0.0 0.0 
12.857142857142858 0.0 0.0 0 0.30960909516581864 0.0 0.0 
12.857142857142858 0.7142857142857143 0.0 0 1.768334389962118 0.0 0.0 
12.857142857142858 1.4285714285714286 0.0 0 1.0864767230756693 0.0 0.0 
12.857142857142858 2.142857142857143 0.0 1 3.215775768292284 0.0 0.0 
12.857142857142858 4.285714285714286 0.0 0 -0.8318730445042264 0.0 0.0 
12.857142857142858 5.0 0.0 0 -1.1674573904241996 0.0 0.0 
12.857142857142858 5.714285714285714 0.0 0 -0.048405624958223537 0.0 0.0 
12.857142857142858 6.428571428571429 0.0 0 -1.3202133081221394 0.0 0.0 
12.857142857142858 7.142857142857143 0.0 0 0.4334654530616275 0.0 0.0 
12.857142857142858 7.857142857142858 0.0 0 -1.9899799372873606 0.0 0.0 
12.857142857142858 8.571428571428571 0.0 0 0.8755801199323263 0.0 0.0 
12.857142857142858 9.285714285714286 0.0 -1 -4.649599506840298 0.0 0.0 
15.0 -9.285714285714286 0.0 0 0.2493271792985873 0.0 0.0 
15.0 -8.571428571428571 0.0 0 0.5199041128789937 0.0 0.0 
15.0 -7.857142857142858 0.0 0 0.4674871166213858 0.0 0.0 
15.0 -7.142857142857143 0.0 0 0.5683838333826368 0.0 0.0 
15.0 -6.428571428571429 0.0 0 0.432911952311658 0.0 0.0 
15.0 -5.714285714285714 0.0 0 0.4441798477454854 0.0 0.0 
15.0 -5.0 0.0 0 0.30219503816413207 0.0 0.0 
15.0 -4.285714285714286 0.0 0 0.3551253917584899 0.0 0.0 
15.0 -3.5714285714285716 0.0 0 0.3549583312393251 0.0 0.0 
15.0 -2.857142857142857 0.0 0 0.4949550114071863 0.0 0.0 
15.0 -2.142857142857143 0.0 0 0.48123636618959886 0.0 0.0 
15.0 -1.4285714285714286 0.0 0 0.6437791761850438 0.0 0.0 
15.0 -0.7142857142857143 0.0 0 0.1303347825417226 0.0 0.0 
15.0 -0.0 0.0 0 0.4774588975802434 0.0 0.0 
15.0 0.0 0.0 0 -0.70139680234356 0.0 0.0 
15.0 0.7142857142857143 0.0 0 1.0210264714302562 0.0 0.0 
15.0 1.4285714285714286 0.0 0 0.34470882726670354 0.0 0.0 
15.0 2.142857142857143 0.0 0 3.569921648467929 0.0 0.0 
15.0 2.857142857142857 0.0 1 4.0108024108601645 0.0 0.0 
15.0 3.5714285714285716 0.0 0 1.8780512598908943 0.0 0.0 
15.0 4.285714285714286 0.0 0 2.97524660056528 0.0 0.0 
15.0 5.0 0.0 0 1.7260212725598199 0.0 0.0 
15.0 5.714285714285714 0.0 0 2.747441473703187 0.0 0.0 
15.0 6.428571428571429 0.0 0 1.3390366389491763 0.0 0.0 
15.0 7.142857142857143 0.0 0 2.926540888326106 0.0 0.0 
15.0 7.857142857142858 0.0 0 1.5953863853742787 0.0 0.0 
15.0 8.571428571428571 0.0 0 3.378668250487336 0.0 0.0 
15.0 9.285714285714286 0.0 0 2.9190110908838074 0.0 0.0 
17.142857142857142 -9.285714285714286 0.0 0 0.9049727933843846 0.0 0.0 
17.142857142857142 -8.571428571428571 0.0 0 0.49743985658310075 0.0 0.0 
17.142857142857142 -7.857142857142858 0.0 0 0.8274241077139863 0.0 0.0 
17.142857142857142 -7.142857142857143 0.0 0 0.38682716697920505 0.0 0.0 
17.142857142857142 -6.428571428571429 0.0 0 0.5945339745785178 0.0 0.0 
17.142857142857142 -5.714285714285714 0.0 0 0.24954880082431818 0.0 0.0 
17.142857142857142 -5.0 0.0 0 0.4000138204921833 0.0 0.0 
17.142857142857142 -4.285714285714286 0.0 0 0.06976469837967858 0.0 0.0 
17.142857142857142 -3.5714285714285716 0.0 0 0.09566814090902998 0.0 0.0 
17.142857142857142 -2.857142857142857 0.0 0 -0.2525871627532261 0.0 0.0 
17.142857142857142 -2.142857142857143 0.0 0 -0.37101996847050706 0.0 0.0 
17.142857142857142 -1.4285714285714286 0.0 0 -0.43031383583360566 0.0 0.0 
17.142857142857142 -0.7142857142857143 0.0 0 -0.6298828587372287 0.0 0.0 
17.142857142857142 -0.0 0.0 0 0.05123889892016459 0.0 0.0 
17.142857142857142 0.0 0.0 0 -0.7173028850625359 0.0 0.0 
17.142857142857142 0.7142857142857143 0.0 0 -0.5319234222838504 0.0 0.0 
17.142857142857142 1.4285714285714286 0.0 0 -1.5933666756279479 0.0 0.0 
17.142857142857142 2.142857142857143 0.0 -1 -2.4836143335590988 0.0 0.0 
17.142857142857142 2.857142857142857 0.0 0 0.31247567824905076 0.0 0.0 
17.142857142857142 3.5714285714285716 0.0 0 0.125576770502136 0.0 0.0 
17.142857142857142 4.285714285714286 0.0 0 0.5567712742551374 0.0 0.0 
17.142857142857142 5.0 0.0 0 0.04293894827799244 0.0 0.0 
17.142857142857142 5.714285714285714 0.0 0 0.3979377004227522 0.0 0.0 
17.142857142857142 6.428571428571429 0.0 0 -0.31623820035312533 0.0 0.0 
17.142857142857142 7.142857142857143 0.0 0 -0.05128987483940642 0.0 0.0 
17.142857142857142 7.857142857142858 0.0 0 0.088511983586636 0.0 0.0 
17.142857142857142 8.571428571428571 0.0 0 -0.6717971936461231 0.0 0.0 
17.142857142857142 9.285714285714286 0.0 0 2.241725972733718 0.0 0.0 
19.285714285714285 -9.285714285714286 0.0 0 0.42951625910298175 0.0 0.0 
19.285714285714285 -8.571428571428571 0.0 0 -0.32878573747162887 0.0 0.0 
19.285714285714285 -7.857142857142858 0.0 0 0.058969609252783994 0.0 0.0 
19.285714285714285 -7.142857142857143 0.0 0 -0.7088207704216993 0.0 0.0 
19.285714285714285 -6.428571428571429 0.0 0 -0.49201572120916837 0.0 0.0 
19.285714285714285 -5.714285714285714 0.0 0 -1.1785935568873707 0.0 0.0 
19.285714285714285 -5.0 0.0 0 -1.030770474511022 0.0 0.0 
19.285714285714285 -4.285714285714286 0.0 0 -1.550864511977233 0.0 0.0 
19.285714285714285 -3.5714285714285716 0.0 0 -1.294328185742367 0.0 0.0 
19.285714285714285 -2.857142857142857 0.0 0 -1.389869024153681 0.0 0.0 
19.285714285714285 -2.142857142857143 0.0 0 -0.8742940080129173 0.0 0.0 
19.285714285714285 -1.4285714285714286 0.0 0 -0.48127063052584595 0.0 0.0 
19.285714285714285 -0.7142857142857143 0.0 0 -0.32435697404611163 0.0 0.0 
19.285714285714285 -0.0 0.0 0 -0.04142770085472708 0.0 0.0 
19.285714285714285 0.0 0.0 0 -0.13810942283544503 0.0 0.0 
19.285714285714285 0.7142857142857143 0.0 0 -0.00043023965670718756 0.0 0.0 
19.285714285714285 1.4285714285714286 0.0 0 0.7000687557520362 0.0 0.0 
19.285714285714285 2.142857142857143 0.0 0 -0.5924606935487138 0.0 0.0 
19.285714285714285 2.857142857142857 0.0 0 -0.08263869438459573 0.0 0.0 
19.285714285714285 3.5714285714285716 0.0 0 -0.04840256510945967 0.0 0.0 
19.285714285714285 4.285714285714286 0.0 0 0.1518087075683405 0.0 0.0 
19.285714285714285 5.0 0.0 0 -0.05304583125570135 0.0 0.0 
19.285714285714285 5.714285714285714 0.0 0 0.23839139376779434 0.0 0.0 
19.285714285714285 6.428571428571429 0.0 0 0.09638415252745011 0.0 0.0 
19.285714285714285 7.142857142857143 0.0 0 -0.16394203522973497 0.0 0.0 
19.285714285714285 7.857142857142858 0.0 0 0.5482975386126261 0.0 0.0 
19.285714285714285 8.571428571428571 0.0 0 -1.150491677077948 0.0 0.0 
19.285714285714285 9.285714285714286 0.0 0 -0.030299314259965487 0.0 0.0 
21.428571428571427 -9.285714285714286 0.0 0 -0.6333299752520575 0.0 0.0 
21.428571428571427 -8.571428571428571 0.0 0 -0.28577923190235854 0.0 0.0 
21.428571428571427 -7.857142857142858 0.0 0 -0.7085421258502559 0.0 0.0 
21.428571428571427 -7.142857142857143 0.0 0 -0.5153984555088597 0.0 0.0 
21.428571428571427 -6.428571428571429 0.0 0 -0.6659740263371129 0.0 0.0 
21.428571428571427 -5.714285714285714 0.0 0 -0.3405084593441998 0.0 0.0 
21.428571428571427 -5.0 0.0 0 -0.19885266757809572 0.0 0.0 
21.428571428571427 -4.285714285714286 0.0 0 0.217643920960447 0.0 0.0 
21.428571428571427 -3.5714285714285716 0.0 0 0.3411782942561534 0.0 0.0 
21.428571428571427 -2.857142857142857 0.0 0 0.38381703684513624 0.0 0.0 
21.428571428571427 -2.142857142857143 0.0 -1 -0.13857642096786904 0.0 0.0 
21.428571428571427 -1.4285714285714286 0.0 -1 -0.5176329277550356 0.0 0.0 
21.428571428571427 -0.7142857142857143 0.0 -1 -1.1021991686763593 0.0 0.0 
21.428571428571427 -0.0 0.0 0 -0.9663404751191638 0.0 0.0 
21.428571428571427 0.0 0.0 0 -0.6899457572577925 0.0 0.0 
21.428571428571427 0.7142857142857143 0.0 0 -0.5574287899412549 0.0 0.0 
21.428571428571427 1.4285714285714286 0.0 0 0.13688074058405209 0.0 0.0 
21.428571428571427 2.142857142857143 0.0 0 0.0656723602005565 0.0 0.0 
21.428571428571427 2.857142857142857 0.0 0 -0.028338915809321852 0.0 0.0 
21.428571428571427 3.5714285714285716 0.0 0 -0.14140233450247003 0.0 0.0 
21.428571428571427 4.285714285714286 0.0 0 -0.19717319292663216 0.0 0.0 
21.428571428571427 5.0 0.0 0 -0.34585575606764485 0.0 0.0 
21.428571428571427 5.714285714285714 0.0 0 -0.2929608526169038 0.0 0.0 
21.428571428571427 6.428571428571429 0.0 0 -0.08899374462915863 0.0 0.0 
21.428571428571427 7.142857142857143 0.0 0 -0.463501597357695 0.0 0.0 
21.428571428571427 7.857142857142858 0.0 0 0.4912069783743512 0.0 0.0 
21.428571428571427 8.571428571428571 0.0 0 -0.43809590085361083 0.0 0.0 
21.428571428571427 9.285714285714286 0.0 0 -0.4247764293804531 0.0 0.0 
23.57142857142857 -9.285714285714286 0.0 1 0.3533068196198679 0.0 0.0 
23.57142857142857 -8.571428571428571 0.0 0 1.2359396977634636 0.0 0.0 
23.57142857142857 -7.857142857142858 0.0 0 0.5579396295218795 0.0 0.0 
23.57142857142857 -7.142857142857143 0.0 0 1.1182175924109674 0.0 0.0 
23.57142857142857 -6.428571428571429 0.0 0 0.4801671511249006 0.0 0.0 
23.57142857142857 -5.714285714285714 0.0 0 0.663595875346 0.0 0.0 
23.57142857142857 -5.0 0.0 -1 -0.19749445880195138 0.0 0.0 
23.57142857142857 -4.285714285714286 0.0 -1 -0.418833510242441 0.0 0.0 
23.57142857142857 -3.5714285714285716 0.0 -1 -1.2405549223994403 0.0 0.0 
23.57142857142857 -2.857142857142857 0.0 -1 -1.1266801301653042 0.0 0.0 
23.57142857142857 -2.142857142857143 0.0 0 -1.1664740813603591 0.0 0.0 
23.57142857142857 -1.4285714285714286 0.0 0 -0.34127395312089637 0.0 0.0 
23.57142857142857 -0.7142857142857143 0.0 0 -0.04129479200161479 0.0 0.0 
23.57142857142857 -0.0 0.0 0 0.30584972329702115 0.0 0.0 
23.57142857142857 0.0 0.0 0 0.13545226567297056 0.0 0.0 
23.57142857142857 0.7142857142857143 0.0 0 -0.15020156038148816 0.0 0.0 
23.57142857142857 1.4285714285714286 0.0 0 -0.2764446807808191 0.0 0.0 
23.57142857142857 2.142857142857143 0.0 0 -0.13223862058397712 0.0 0.0 
23.57142857142857 2.857142857142857 0.0 0 -0.1625492550114668 0.0 0.0 
23.57142857142857 3.5714285714285716 0.0 0 -0.05466704333048275 0.0 0.0 
23.57142857142857 4.285714285714286 0.0 0 -0.015769693791180664 0.0 0.0 
23.57142857142857 5.0 0.0 0 0.03505255695240352 0.0 0.0 
23.57142857142857 5.714285714285714 0.0 0 -0.09418848416161928 0.0 0.0 
23.57142857142857 6.428571428571429 0.0 0 0.10346847639729939 0.0 0.0 
23.57142857142857 7.142857142857143 0.0 0 -0.3525953815858669 0.0 0.0 
23.57142857142857 7.857142857142858 0.0 0 0.20040909780572536 0.0 0.0 
23.57142857142857 8.571428571428571 0.0 0 -0.1653121077221625 0.0 0.0 
23.57142857142857 9.285714285714286 0.0 0 -0.2752610798913139 0.0 0.0 
25.714285714285715 -9.285714285714286 0.0 0 1.2013823406115822 0.0 0.0 
25.714285714285715 -8.571428571428571 0.0 0 0.5589030070009798 0.0 0.0 
25.714285714285715 -7.857142857142858 0.0 0 0.3252058457548258 0.0 0.0 
25.714285714285715 -7.142857142857143 0.0 0 -0.3085272277681642 0.0 0.0 
25.714285714285715 -6.428571428571429 0.0 0 -0.6616828058235715 0.0 0.0 
25.714285714285715 -5.714285714285714 0.0 0 -1.0679657466670642 0.0 0.0 
25.714285714285715 -5.0 0.0 0 -1.1051029821171436 0.0 0.0 
25.714285714285715 -4.285714285714286 0.0 0 -0.9641307281681576 0.0 0.0 
25.714285714285715 -3.5714285714285716 0.0 0 -0.6216604724163373 0.0 0.0 
25.714285714285715 -2.857142857142857 0.0 0 -0.30064415872628114 0.0 0.0 
25.714285714285715 -2.142857142857143 0.0 0 -0.1946131684595973 0.0 0.0 
25.714285714285715 -1.4285714285714286 0.0 0 -0.2371668858475712 0.0 0.0 
25.714285714285715 -0.7142857142857143 0.0 0 -0.35350940026719113 0.0 0.0 
25.714285714285715 -0.0 0.0 0 -0.38675040013510587 0.0 0.0 
25.714285714285715 0.0 0.0 0 -0.191180597711755 0.0 0.0 
25.714285714285715 0.7142857142857143 0.0 0 -0.031153447869606304 0.0 0.0 
25.714285714285715 1.4285714285714286 0.0 0 0.044626362565853755 0.0 0.0 
25.714285714285715 2.142857142857143 0.0 0 0.08507882634848664 0.0 0.0 
25.714285714285715 2.857142857142857 0.0 0 0.05995426366897383 0.0 0.0 
25.714285714285715 3.5714285714285716 0.0 0 0.023520950397865573 0.0 0.0 
25.714285714285715 4.285714285714286 0.0 0 -0.002840387347921483 0.0 0.0 
25.714285714285715 5.0 0.0 0 0.03430805855572325 0.0 0.0 
25.714285714285715 5.714285714285714 0.0 0 -0.02520187786958364 0.0 0.0 
25.714285714285715 6.428571428571429 0.0 0 0.16884610371385955 0.0 0.0 
25.714285714285715 7.142857142857143 0.0 0 -0.053009833931004 0.0 0.0 
25.714285714285715 7.857142857142858 0.0 0 0.1751321529572164 0.0 0.0 
25.714285714285715 8.571428571428571 0.0 0 0.016481664198347762 0.0 0.0 
25.714285714285715 9.285714285714286 0.0 0 -0.004130874380276789 0.0 0.0 
27.857142857142858 -9.285714285714286 0.0 0 -0.13097508700147326 0.0 0.0 
27.857142857142858 -8.571428571428571 0.0 0 -0.8185491152684928 0.0 0.0 
27.857142857142858 -7.857142857142858 0.0 0 -0.6688006206638715 0.0 0.0 
27.857142857142858 -7.142857142857143 0.0 0 -0.9808211815302632 0.0 0.0 
27.857142857142858 -6.428571428571429 0.0 0 -0.7700186422763144 0.0 0.0 
27.857142857142858 -5.714285714285714 0.0 0 -0.8535506441727697 0.0 0.0 
27.857142857142858 -5.0 0.0 0 -0.6709301568923198 0.0 0.0 
27.857142857142858 -4.285714285714286 0.0 0 -0.7191613342692037 0.0 0.0 
27.857142857142858 -3.5714285714285716 0.0 0 -0.613700100298268 0.0 0.0 
27.857142857142858 -2.857142857142857 0.0 0 -0.5690634305677229 0.0 0.0 
27.857142857142858 -2.142857142857143 0.0 0 -0.33675370217331213 0.0 0.0 
27.857142857142858 -1.4285714285714286 0.0 0 -0.1086368138095537 0.0 0.0 
27.857142857142858 -0.7142857142857143 0.0 0 0.20711146371375802 0.0 0.0 
27.857142857142858 -0.0 0.0 0 0.3379424199940992 0.0 0.0 
27.857142857142858 0.0 0.0 0 0.42265662798098 0.0 0.0 
27.857142857142858 0.7142857142857143 0.0 0 0.37098201813680765 0.0 0.0 
27.857142857142858 1.4285714285714286 0.0 0 0.31084648421398325 0.0 0.0 
27.857142857142858 2.142857142857143 0.0 0 0.24452039915211432 0.0 0.0 
27.857142857142858 2.857142857142857 0.0 0 0.24199803251649582 0.0 0.0 
27.857142857142858 3.5714285714285716 0.0 0 0.23382334353833295 0.0 0.0 
27.857142857142858 4.285714285714286 0.0 0 0.23928791880778771 0.0 0.0 
27.857142857142858 5.0 0.0 0 0.2553138468879682 0.0 0.0 
27.857142857142858 5.714285714285714 0.0 0 0.1833590511271664 0.0 0.0 
27.857142857142858 6.428571428571429 0.0 0 0.24176832626625638 0.0 0.0 
27.857142857142858 7.142857142857143 0.0 0 0.12540527822727537 0.0 0.0 
27.857142857142858 7.857142857142858 0.0 0 0.1982434457790972 0.0 0.0 
27.857142857142858 8.571428571428571 0.0 0 0.11528163439351452 0.0 0.0 
27.857142857142858 9.285714285714286 0.0 0 0.13195311474843702 0.0 0.0 
