-27.857142857142858 -9.285714285714286 0.0 0 -0.1197951132475537 0.0 0.0 
-27.857142857142858 -8.571428571428571 0.0 0 -0.048135381980601424 0.0 0.0 
-27.857142857142858 -7.857142857142858 0.0 0 -0.12005389011890533 0.0 0.0 
-27.857142857142858 -7.142857142857143 0.0 0 -0.0674941749802339 0.0 0.0 
-27.857142857142858 -6.428571428571429 0.0 0 -0.1202751081306448 0.0 0.0 
-27.857142857142858 -5.714285714285714 0.0 0 -0.07963381603152866 0.0 0.0 
-27.857142857142858 -5.0 0.0 0 -0.1154022295314525 0.0 0.0 
-27.857142857142858 -4.285714285714286 0.0 0 -0.08223028424405038 0.0 0.0 
-27.857142857142858 -3.5714285714285716 0.0 0 -0.10433229090117271 0.0 0.0 
-27.857142857142858 -2.857142857142857 0.0 0 -0.07646911307529244 0.0 0.0 
-27.857142857142858 -2.142857142857143 0.0 0 -0.08864704512208127 0.0 0.0 
-27.857142857142858 -1.4285714285714286 0.0 0 -0.06522007998784324 0.0 0.0 
-27.857142857142858 -0.7142857142857143 0.0 0 -0.07087886115708679 0.0 0.0 
-27.857142857142858 -0.0 0.0 0 -0.05151336129101898 0.0 0.0 
-27.857142857142858 0.0 0.0 0 -0.05323424661007288 0.0 0.0 
-27.857142857142858 0.7142857142857143 0.0 0 -0.03747390607002171 0.0 0.0 
-27.857142857142858 1.4285714285714286 0.0 0 -0.03688162828577477 0.0 0.0 
-27.857142857142858 2.142857142857143 0.0 0 -0.024056509579445544 0.0 0.0 
-27.857142857142858 2.857142857142857 0.0 0 -0.02205824345505717 0.0 0.0 
-27.857142857142858 3.5714285714285716 0.0 0 -0.011597394478800732 0.0 0.0 
-27.857142857142858 4.285714285714286 0.0 0 -0.009090210487161349 0.0 0.0 
-27.857142857142858 5.0 0.0 0 -0.0006214565895655156 0.0 0.0 
-27.857142857142858 5.714285714285714 0.0 0 0.0008520408139893586 0.0 0.0 
-27.857142857142858 6.428571428571429 0.0 0 0.0046498337114956444 0.0 0.0 
-27.857142857142858 7.142857142857143 0.0 0 0.012327726146403315 0.0 0.0 
-27.857142857142858 7.857142857142858 0.0 0 -0.001275674238159447 0.0 0.0 
-27.857142857142858 8.571428571428571 0.0 0 -0.0027026113108020965 0.0 0.0 
-27.857142857142858 9.285714285714286 0.0 0 0.03050098351696592 0.0 0.0 
-25.714285714285715 -9.285714285714286 0.0 0 -0.09109593565303836 0.0 0.0 
-25.714285714285715 -8.571428571428571 0.0 0 -0.021686990716034183 0.0 0.0 
-25.714285714285715 -7.857142857142858 0.0 0 -0.09614361953679036 0.0 0.0 
-25.714285714285715 -7.142857142857143 0.0 0 -0.05191099444150751 0.0 0.0 
-25.714285714285715 -6.428571428571429 0.0 0 -0.10758820793466196 0.0 0.0 
-25.714285714285715 -5.714285714285714 0.0 0 -0.0748210833355818 0.0 0.0 
-25.714285714285715 -5.0 0.0 0 -0.11327004065761279 0.0 0.0 
-25.714285714285715 -4.285714285714286 0.0 0 -0.08636131104450608 0.0 0.0 
-25.714285714285715 -3.5714285714285716 0.0 0 -0.11086250543546874 0.0 0.0 
-25.714285714285715 -2.857142857142857 0.0 0 -0.08744642383642967 0.0 0.0 
-25.714285714285715 -2.142857142857143 0.0 0 -0.10167294250458109 0.0 0.0 
-25.714285714285715 -1.4285714285714286 0.0 0 -0.08103907817579234 0.0 0.0 
-25.714285714285715 -0.7142857142857143 0.0 0 -0.08836622541721197 0.0 0.0 
-25.714285714285715 -0.0 0.0 0 -0.07046890896291444 0.0 0.0 
-25.714285714285715 0.0 0.0 0 -0.07335656586720175 0.0 0.0 
-25.714285714285715 0.7142857142857143 0.0 0 -0.05790641340608574 0.0 0.0 
-25.714285714285715 1.4285714285714286 0.0 0 -0.0578340929823468 0.0 0.0 
-25.714285714285715 2.142857142857143 0.0 0 -0.04428195096229302 0.0 0.0 
-25.714285714285715 2.857142857142857 0.0 0 -0.04191237435206713 0.0 0.0 
-25.714285714285715 3.5714285714285716 0.0 0 -0.029470641830802058 0.0 0.0 
-25.714285714285715 4.285714285714286 0.0 0 -0.026548763674597138 0.0 0.0 
-25.714285714285715 5.0 0.0 0 -0.01585970075433942 0.0 0.0 
-25.714285714285715 5.714285714285714 0.0 0 -0.01396869653449912 0.0 0.0 
-25.714285714285715 6.428571428571429 0.0 0 -0.008055980852435838 0.0 0.0 
-25.714285714285715 7.142857142857143 0.0 0 0.014332100277423319 0.0 0.0 
-25.714285714285715 7.857142857142858 0.0 0 -0.013373531986318276 0.0 0.0 
-25.714285714285715 8.571428571428571 0.0 0 0.0020505198742942106 0.0 0.0 
-25.714285714285715 9.285714285714286 0.0 0 0.012174093739504621 0.0 0.0 
-23.57142857142857 -9.285714285714286 0.0 0 -0.09361406669725326 0.0 0.0 
-23.57142857142857 -8.571428571428571 0.0 0 -0.028082377783221934 0.0 0.0 
-23.57142857142857 -7.857142857142858 0.0 0 -0.10174978309322748 0.0 0.0 
-23.57142857142857 -7.142857142857143 0.0 0 -0.06023185345256837 0.0 0.0 
-23.57142857142857 -6.428571428571429 0.0 0 -0.1120856484457525 0.0 0.0 
-23.57142857142857 -5.714285714285714 0.0 0 -0.08074119603057428 0.0 0.0 
-23.57142857142857 -5.0 0.0 0 -0.11373705127732882 0.0 0.0 
-23.57142857142857 -4.285714285714286 0.0 0 -0.08757653401608267 0.0 0.0 
-23.57142857142857 -3.5714285714285716 0.0 0 -0.10600784356060297 0.0 0.0 
-23.57142857142857 -2.857142857142857 0.0 0 -0.0831233883518539 0.0 0.0 
-23.57142857142857 -2.142857142857143 0.0 0 -0.09153012354601897 0.0 0.0 
-23.57142857142857 -1.4285714285714286 0.0 0 -0.07171105081982027 0.0 0.0 
-23.57142857142857 -0.7142857142857143 0.0 0 -0.0743688641777279 0.0 0.0 
-23.57142857142857 -0.0 0.0 0 -0.05813210832126564 0.0 0.0 
-23.57142857142857 0.0 0.0 0 -0.057622060883080445 0.0 0.0 
-23.57142857142857 0.7142857142857143 0.0 0 -0.04425488946531039 0.0 0.0 
-23.57142857142857 1.4285714285714286 0.0 0 -0.04141780500362626 0.0 0.0 
-23.57142857142857 2.142857142857143 0.0 0 -0.029650234588833868 0.0 0.0 
-23.57142857142857 2.857142857142857 0.0 0 -0.025095707085281124 0.0 0.0 
-23.57142857142857 3.5714285714285716 0.0 0 -0.013617553282862847 0.0 0.0 
-23.57142857142857 4.285714285714286 0.0 0 -0.0073124811499863124 0.0 0.0 
-23.57142857142857 5.0 0.0 0 0.0055926041299674935 0.0 0.0 
-23.57142857142857 5.714285714285714 0.0 0 0.008784553602128438 0.0 0.0 
-23.57142857142857 6.428571428571429 0.0 0 0.0077765817013055495 0.0 0.0 
-23.57142857142857 7.142857142857143 0.0 0 0.03126237921917252 0.0 0.0 
-23.57142857142857 7.857142857142858 0.0 0 -0.013121702466906256 0.0 0.0 
-23.57142857142857 8.571428571428571 0.0 0 0.008344077486280688 0.0 0.0 
-23.57142857142857 9.285714285714286 0.0 0 0.01972473891565931 0.0 0.0 
-21.428571428571427 -9.285714285714286 0.0 0 -0.10919133388478214 0.0 0.0 
-21.428571428571427 -8.571428571428571 0.0 0 -0.04287495044688709 0.0 0.0 
-21.428571428571427 -7.857142857142858 0.0 0 -0.13127052183465604 0.0 0.0 
-21.428571428571427 -7.142857142857143 0.0 0 -0.08704530765226698 0.0 0.0 
-21.428571428571427 -6.428571428571429 0.0 0 -0.14720492614213418 0.0 0.0 
-21.428571428571427 -5.714285714285714 0.0 0 -0.11227351839672763 0.0 0.0 
-21.428571428571427 -5.0 0.0 0 -0.14977595385381587 0.0 0.0 
-21.428571428571427 -4.285714285714286 0.0 0 -0.11958469203103891 0.0 0.0 
-21.428571428571427 -3.5714285714285716 0.0 0 -0.13981914618218522 0.0 0.0 
-21.428571428571427 -2.857142857142857 0.0 0 -0.11255105865243445 0.0 0.0 
-21.428571428571427 -2.142857142857143 0.0 0 -0.1209998850487318 0.0 0.0 
-21.428571428571427 -1.4285714285714286 0.0 0 -0.09685459053557981 0.0 0.0 
-21.428571428571427 -0.7142857142857143 0.0 0 -0.09952073045395689 0.0 0.0 
-21.428571428571427 -0.0 0.0 0 -0.08030704525547071 0.0 0.0 
-21.428571428571427 0.0 0.0 0 -0.0798958948846101 0.0 0.0 
-21.428571428571427 0.7142857142857143 0.0 0 -0.06435101088859382 0.0 0.0 
-21.428571428571427 1.4285714285714286 0.0 0 -0.06098466094772409 0.0 0.0 
-21.428571428571427 2.142857142857143 0.0 0 -0.04588243073902118 0.0 0.0 
-21.428571428571427 2.857142857142857 0.0 0 -0.039688388868390864 0.0 0.0 
-21.428571428571427 3.5714285714285716 0.0 0 -0.026231118455357392 0.0 0.0 
-21.428571428571427 4.285714285714286 0.0 0 -0.023031355882729303 0.0 0.0 
-21.428571428571427 5.0 0.0 0 -0.012751047182545465 0.0 0.0 
-21.428571428571427 5.714285714285714 0.0 0 -0.01260302963176265 0.0 0.0 
-21.428571428571427 6.428571428571429 0.0 0 -0.014528482924286252 0.0 0.0 
-21.428571428571427 7.142857142857143 0.0 0 0.016099270573417465 0.0 0.0 
-21.428571428571427 7.857142857142858 0.0 0 -0.03918999576996621 0.0 0.0 
-21.428571428571427 8.571428571428571 0.0 0 -0.010408527304950677 0.0 0.0 
-21.428571428571427 9.285714285714286 0.0 0 -0.01662277519831385 0.0 0.0 
-19.285714285714285 -9.285714285714286 0.0 0 -0.12469593778961693 0.0 0.0 
-19.285714285714285 -8.571428571428571 0.0 0 -0.05094667858962024 0.0 0.0 
-19.285714285714285 -7.857142857142858 0.0 0 -0.15314131217123944 0.0 0.0 
-19.285714285714285 -7.142857142857143 0.0 0 -0.10022386065870814 0.0 0.0 
-19.285714285714285 -6.428571428571429 0.0 0 -0.16780306975187967 0.0 0.0 
-19.285714285714285 -5.714285714285714 0.0 0 -0.12464177834524018 0.0 0.0 
-19.285714285714285 -5.0 0.0 0 -0.16579430274850732 0.0 0.0 
-19.285714285714285 -4.285714285714286 0.0 0 -0.12775275887570425 0.0 0.0 
-19.285714285714285 -3.5714285714285716 0.0 0 -0.14854117268512845 0.0 0.0 
-19.285714285714285 -2.857142857142857 0.0 0 -0.11349026384358574 0.0 0.0 
-19.285714285714285 -2.142857142857143 0.0 0 -0.12013453727329727 0.0 0.0 
-19.285714285714285 -1.4285714285714286 0.0 0 -0.08863580372637617 0.0 0.0 
-19.285714285714285 -0.7142857142857143 0.0 0 -0.0916166987496334 0.0 0.0 
-19.285714285714285 -0.0 0.0 0 -0.06951295386299336 0.0 0.0 
-19.285714285714285 0.0 0.0 0 -0.07102005218708754 0.0 0.0 
-19.285714285714285 0.7142857142857143 0.0 0 -0.05629698741862707 0.0 0.0 
-19.285714285714285 1.4285714285714286 0.0 0 -0.05647116408367247 0.0 0.0 
-19.285714285714285 2.142857142857143 0.0 0 -0.0437008640147084 0.0 0.0 
-19.285714285714285 2.857142857142857 0.0 0 -0.0418699369961342 0.0 0.0 
-19.285714285714285 3.5714285714285716 0.0 0 -0.0291871580504584 0.0 0.0 
-19.285714285714285 4.285714285714286 0.0 0 -0.025366114341850095 0.0 0.0 
-19.285714285714285 5.0 0.0 0 -0.01109370912302314 0.0 0.0 
-19.285714285714285 5.714285714285714 0.0 0 -0.008586990384450217 0.0 0.0 
-19.285714285714285 6.428571428571429 0.0 0 -0.015708926501108188 0.0 0.0 
-19.285714285714285 7.142857142857143 0.0 0 0.021143845038722117 0.0 0.0 
-19.285714285714285 7.857142857142858 0.0 0 -0.0562324161571863 0.0 0.0 
-19.285714285714285 8.571428571428571 0.0 0 -0.01189383882778114 0.0 0.0 
-19.285714285714285 9.285714285714286 0.0 0 -0.059427794237233385 0.0 0.0 
-17.142857142857142 -9.285714285714286 0.0 0 -0.1392690193164188 0.0 0.0 
-17.142857142857142 -8.571428571428571 0.0 0 -0.05223570999513596 0.0 0.0 
-17.142857142857142 -7.857142857142858 0.0 0 -0.16789083585306153 0.0 0.0 
-17.142857142857142 -7.142857142857143 0.0 0 -0.10201126442400463 0.0 0.0 
-17.142857142857142 -6.428571428571429 0.0 0 -0.177884077201888 0.0 0.0 
-17.142857142857142 -5.714285714285714 0.0 0 -0.12391379348030579 0.0 0.0 
-17.142857142857142 -5.0 0.0 0 -0.17049626918048955 0.0 0.0 
-17.142857142857142 -4.285714285714286 0.0 0 -0.12339765937698363 0.0 0.0 
-17.142857142857142 -3.5714285714285716 0.0 0 -0.14713314477898487 0.0 0.0 
-17.142857142857142 -2.857142857142857 0.0 0 -0.10422851789714205 0.0 0.0 
-17.142857142857142 -2.142857142857143 0.0 0 -0.11009509116435813 0.0 0.0 
-17.142857142857142 -1.4285714285714286 0.0 0 -0.06731079680085643 0.0 0.0 
-17.142857142857142 -0.7142857142857143 0.0 0 -0.07896946051986975 0.0 0.0 
-17.142857142857142 -0.0 0.0 0 -0.058209956405913296 0.0 0.0 
-17.142857142857142 0.0 0.0 0 -0.06784084213203603 0.0 0.0 
-17.142857142857142 0.7142857142857143 0.0 0 -0.06179695376455526 0.0 0.0 
-17.142857142857142 1.4285714285714286 0.0 0 -0.06341030142200345 0.0 0.0 
-17.142857142857142 2.142857142857143 0.0 0 -0.046627251902791975 0.0 0.0 
-17.142857142857142 2.857142857142857 0.0 0 -0.04214049554783854 0.0 0.0 
-17.142857142857142 3.5714285714285716 0.0 0 -0.025041965715889482 0.0 0.0 
-17.142857142857142 4.285714285714286 0.0 0 -0.02079359915076452 0.0 0.0 
-17.142857142857142 5.0 0.0 0 -0.006401094593046039 0.0 0.0 
-17.142857142857142 5.714285714285714 0.0 0 -0.0030519275503489637 0.0 0.0 
-17.142857142857142 6.428571428571429 0.0 0 -0.016070383563413778 0.0 0.0 
-17.142857142857142 7.142857142857143 0.0 0 0.0346487350816351 0.0 0.0 
-17.142857142857142 7.857142857142858 0.0 0 -0.06336980860008257 0.0 0.0 
-17.142857142857142 8.571428571428571 0.0 0 0.003245085922487307 0.0 0.0 
-17.142857142857142 9.285714285714286 0.0 0 -0.08042360511052135 0.0 0.0 
-15.0 -9.285714285714286 0.0 0 -0.14008384841772215 0.0 0.0 
-15.0 -8.571428571428571 0.0 0 -0.04733237794937282 0.0 0.0 
-15.0 -7.857142857142858 0.0 0 -0.1675245270724568 0.0 0.0 
-15.0 -7.142857142857143 0.0 0 -0.09625563054540877 0.0 0.0 
-15.0 -6.428571428571429 0.0 0 -0.1763937400075285 0.0 0.0 
-15.0 -5.714285714285714 0.0 0 -0.11930201143174941 0.0 0.0 
-15.0 -5.0 0.0 0 -0.1703391992052093 0.0 0.0 
-15.0 -4.285714285714286 0.0 0 -0.12138861619815272 0.0 0.0 
-15.0 -3.5714285714285716 0.0 0 -0.14875665977967278 0.0 0.0 
-15.0 -2.857142857142857 0.0 0 -0.10533781553868213 0.0 0.0 
-15.0 -2.142857142857143 0.0 0 -0.10047263993927107 0.0 0.0 
-15.0 -1.4285714285714286 0.0 0 -0.07490837447327944 0.0 0.0 
-15.0 1.4285714285714286 0.0 0 -0.04403199134288463 0.0 0.0 
-15.0 2.142857142857143 0.0 0 -0.019127654751263982 0.0 0.0 
-15.0 2.857142857142857 0.0 0 -0.01854424826278451 0.0 0.0 
-15.0 3.5714285714285716 0.0 0 0.0027285726921353406 0.0 0.0 
-15.0 4.285714285714286 0.0 0 0.004957350693259744 0.0 0.0 
-15.0 5.0 0.0 0 0.02119094543915327 0.0 0.0 
-15.0 5.714285714285714 0.0 0 0.025706689416019196 0.0 0.0 
-15.0 6.428571428571429 0.0 0 0.004819668088019924 0.0 0.0 
-15.0 7.142857142857143 0.0 0 0.06602802260654317 0.0 0.0 
-15.0 7.857142857142858 0.0 0 -0.052157899719231966 0.0 0.0 
-15.0 8.571428571428571 0.0 0 0.02486077441363155 0.0 0.0 
-15.0 9.285714285714286 0.0 0 -0.05994836224822129 0.0 0.0 
-12.857142857142858 -9.285714285714286 0.0 0 -0.14022278542920483 0.0 0.0 
-12.857142857142858 -8.571428571428571 0.0 0 -0.05462707231355052 0.0 0.0 
-12.857142857142858 -7.857142857142858 0.0 0 -0.16976453308027145 0.0 0.0 
-12.857142857142858 -7.142857142857143 0.0 0 -0.10409769576927677 0.0 0.0 
-12.857142857142858 -6.428571428571429 0.0 0 -0.1816473681437636 0.0 0.0 
-12.857142857142858 -5.714285714285714 0.0 0 -0.12954487556247823 0.0 0.0 
-12.857142857142858 -5.0 0.0 0 -0.17883535900277975 0.0 0.0 
-12.857142857142858 -4.285714285714286 0.0 0 -0.13304140587818844 0.0 0.0 
-12.857142857142858 -3.5714285714285716 0.0 0 -0.16069555367906183 0.0 0.0 
-12.857142857142858 -2.857142857142857 0.0 0 -0.11729564574271598 0.0 0.0 
-12.857142857142858 -2.142857142857143 0.0 0 -0.11673296929143538 0.0 0.0 
-12.857142857142858 2.142857142857143 0.0 0 -0.011579016907249272 0.0 0.0 
-12.857142857142858 2.857142857142857 0.0 0 0.0026632260361253725 0.0 0.0 
-12.857142857142858 3.5714285714285716 0.0 0 0.013806825317523364 0.0 0.0 
-12.857142857142858 4.285714285714286 0.0 0 0.028838195756378075 0.0 0.0 
-12.857142857142858 5.0 0.0 0 0.03650678025923029 0.0 0.0 
-12.857142857142858 5.714285714285714 0.0 0 0.05272970336182367 0.0 0.0 
-12.857142857142858 6.428571428571429 0.0 0 0.015618589149924249 0.0 0.0 
-12.857142857142858 7.142857142857143 0.0 0 0.0909469385846294 0.0 0.0 
-12.857142857142858 7.857142857142858 0.0 0 -0.04810404362054104 0.0 0.0 
-12.857142857142858 8.571428571428571 0.0 0 0.03251297076265738 0.0 0.0 
-12.857142857142858 9.285714285714286 0.0 0 -0.03898108004619411 0.0 0.0 
-10.714285714285714 -9.285714285714286 0.0 0 -0.15705871885934056 0.0 0.0 
-10.714285714285714 -8.571428571428571 0.0 0 -0.07490795323220092 0.0 0.0 
-10.714285714285714 -7.857142857142858 0.0 0 -0.18763937438556655 0.0 0.0 
-10.714285714285714 -7.142857142857143 0.0 0 -0.12615282786446608 0.0 0.0 
-10.714285714285714 -6.428571428571429 0.0 0 -0.2021871752058273 0.0 0.0 
-10.714285714285714 -5.714285714285714 0.0 0 -0.15386592522768966 0.0 0.0 
-10.714285714285714 -5.0 0.0 0 -0.20127177521506198 0.0 0.0 
-10.714285714285714 -4.285714285714286 0.0 0 -0.15501666385704926 0.0 0.0 
-10.714285714285714 -3.5714285714285716 0.0 0 -0.18130647545637968 0.0 0.0 
-10.714285714285714 -2.857142857142857 0.0 0 -0.12517417107193013 0.0 0.0 
-10.714285714285714 -2.142857142857143 0.0 0 -0.12974988446307972 0.0 0.0 
-10.714285714285714 2.142857142857143 0.0 0 -0.012241948526419431 0.0 0.0 
-10.714285714285714 2.857142857142857 0.0 0 0.009646007879746827 0.0 0.0 
-10.714285714285714 3.5714285714285716 0.0 0 0.021757345237490205 0.0 0.0 
-10.714285714285714 4.285714285714286 0.0 0 0.04284684112816513 0.0 0.0 
-10.714285714285714 5.0 0.0 0 0.05090136251423972 0.0 0.0 
-10.714285714285714 5.714285714285714 0.0 0 0.07004779830875504 0.0 0.0 
-10.714285714285714 6.428571428571429 0.0 0 0.024475089752999828 0.0 0.0 
-10.714285714285714 7.142857142857143 0.0 0 0.10272074356097079 0.0 0.0 
-10.714285714285714 7.857142857142858 0.0 0 -0.05154554315486641 0.0 0.0 
-10.714285714285714 8.571428571428571 0.0 0 0.025808289101264856 0.0 0.0 
-10.714285714285714 9.285714285714286 0.0 0 -0.04259276998051378 0.0 0.0 
-8.571428571428571 -9.285714285714286 0.0 0 -0.1841348740825683 0.0 0.0 
-8.571428571428571 -8.571428571428571 0.0 0 -0.08841599528995309 0.0 0.0 
-8.571428571428571 -7.857142857142858 0.0 0 -0.21015335846835503 0.0 0.0 
-8.571428571428571 -7.142857142857143 0.0 0 -0.13976582437657423 0.0 0.0 
-8.571428571428571 -6.428571428571429 0.0 0 -0.22014469564273415 0.0 0.0 
-8.571428571428571 -5.714285714285714 0.0 0 -0.16315563995476837 0.0 0.0 
-8.571428571428571 -5.0 0.0 0 -0.21223746180988318 0.0 0.0 
-8.571428571428571 -4.285714285714286 0.0 0 -0.15826203803370198 0.0 0.0 
-8.571428571428571 -3.5714285714285716 0.0 0 -0.19328926465254603 0.0 0.0 
-8.571428571428571 -2.857142857142857 0.0 0 -0.1313175082796505 0.0 0.0 
-8.571428571428571 -2.142857142857143 0.0 0 -0.14778970946343176 0.0 0.0 
-8.571428571428571 2.142857142857143 0.0 0 -0.0034787781128558415 0.0 0.0 
-8.571428571428571 2.857142857142857 0.0 0 0.02112355289614325 0.0 0.0 
-8.571428571428571 3.5714285714285716 0.0 0 0.03723469128080861 0.0 0.0 
-8.571428571428571 4.285714285714286 0.0 0 0.06294996986711195 0.0 0.0 
-8.571428571428571 5.0 0.0 0 0.07200684749914571 0.0 0.0 
-8.571428571428571 5.714285714285714 0.0 0 0.09220635125875609 0.0 0.0 
-8.571428571428571 6.428571428571429 0.0 0 0.03691037715762797 0.0 0.0 
-8.571428571428571 7.142857142857143 0.0 0 0.117076981077386 0.0 0.0 
-8.571428571428571 7.857142857142858 0.0 0 -0.05706214856876944 0.0 0.0 
-8.571428571428571 8.571428571428571 0.0 0 0.026378115405891456 0.0 0.0 
-8.571428571428571 9.285714285714286 0.0 0 -0.05523727276289093 0.0 0.0 
-6.428571428571429 -9.285714285714286 0.0 0 -0.19917278343886355 0.0 0.0 
-6.428571428571429 -8.571428571428571 0.0 0 -0.08735382435388643 0.0 0.0 
-6.428571428571429 -7.857142857142858 0.0 0 -0.2213512996286614 0.0 0.0 
-6.428571428571429 -7.142857142857143 0.0 0 -0.141192022634655 0.0 0.0 
-6.428571428571429 -6.428571428571429 0.0 0 -0.23146506610003537 0.0 0.0 
-6.428571428571429 -5.714285714285714 0.0 0 -0.16852686587731527 0.0 0.0 
-6.428571428571429 -5.0 0.0 0 -0.22618594282615284 0.0 0.0 
-6.428571428571429 -4.285714285714286 0.0 0 -0.16477787818198583 0.0 0.0 
-6.428571428571429 -3.5714285714285716 0.0 0 -0.20630766050851873 0.0 0.0 
-6.428571428571429 -2.857142857142857 0.0 0 -0.13384447364733398 0.0 0.0 
-6.428571428571429 -2.142857142857143 0.0 0 -0.15429753120052092 0.0 0.0 
-6.428571428571429 2.142857142857143 0.0 0 0.006991206343716819 0.0 0.0 
-6.428571428571429 2.857142857142857 0.0 0 0.0367379594463452 0.0 0.0 
-6.428571428571429 3.5714285714285716 0.0 0 0.05847413326048074 0.0 0.0 
-6.428571428571429 4.285714285714286 0.0 0 0.09226163497451516 0.0 0.0 
-6.428571428571429 5.0 0.0 0 0.10205350263789176 0.0 0.0 
-6.428571428571429 5.714285714285714 0.0 0 0.121084221102737 0.0 0.0 
-6.428571428571429 6.428571428571429 0.0 0 0.050902436862873573 0.0 0.0 
-6.428571428571429 7.142857142857143 0.0 0 0.13080308987246686 0.0 0.0 
-6.428571428571429 7.857142857142858 0.0 0 -0.06916287247608871 0.0 0.0 
-6.428571428571429 8.571428571428571 0.0 0 0.027242087878743167 0.0 0.0 
-6.428571428571429 9.285714285714286 0.0 0 -0.06572842327185599 0.0 0.0 
-4.285714285714286 -9.285714285714286 0.0 0 -0.21053536180911686 0.0 0.0 
-4.285714285714286 -8.571428571428571 0.0 0 -0.09515466763884477 0.0 0.0 
-4.285714285714286 -7.857142857142858 0.0 0 -0.23679971177963283 0.0 0.0 
-4.285714285714286 -7.142857142857143 0.0 0 -0.15298489492383582 0.0 0.0 
-4.285714285714286 -6.428571428571429 0.0 0 -0.24528445829248835 0.0 0.0 
-4.285714285714286 -5.714285714285714 0.0 0 -0.1751882576083467 0.0 0.0 
-4.285714285714286 -5.0 0.0 0 -0.23140232665671387 0.0 0.0 
-4.285714285714286 -4.285714285714286 0.0 0 -0.1623586376282989 0.0 0.0 
-4.285714285714286 -3.5714285714285716 0.0 0 -0.20751952425324766 0.0 0.0 
-4.285714285714286 -2.857142857142857 0.0 0 -0.13151749879378838 0.0 0.0 
-4.285714285714286 -2.142857142857143 0.0 0 -0.15638255821993863 0.0 0.0 
-4.285714285714286 2.142857142857143 0.0 0 0.01481001274135841 0.0 0.0 
-4.285714285714286 2.857142857142857 0.0 0 0.05460408035826179 0.0 0.0 
-4.285714285714286 3.5714285714285716 0.0 0 0.08563671249735991 0.0 0.0 
-4.285714285714286 4.285714285714286 0.0 0 0.13088355776688831 0.0 0.0 
-4.285714285714286 5.0 0.0 0 0.13960475086733573 0.0 0.0 
-4.285714285714286 5.714285714285714 0.0 0 0.1537724152892024 0.0 0.0 
-4.285714285714286 6.428571428571429 0.0 0 0.06129673599557918 0.0 0.0 
-4.285714285714286 7.142857142857143 0.0 0 0.13781321784043565 0.0 0.0 
-4.285714285714286 7.857142857142858 0.0 0 -0.09344205330230246 0.0 0.0 
-4.285714285714286 8.571428571428571 0.0 0 0.0177980179841947 0.0 0.0 
-4.285714285714286 9.285714285714286 0.0 0 -0.07913899586877396 0.0 0.0 
-2.142857142857143 -9.285714285714286 0.0 0 -0.22905538788780636 0.0 0.0 
-2.142857142857143 -8.571428571428571 0.0 0 -0.10684347110305016 0.0 0.0 
-2.142857142857143 -7.857142857142858 0.0 0 -0.25318659652390385 0.0 0.0 
-2.142857142857143 -7.142857142857143 0.0 0 -0.16184786635009096 0.0 0.0 
-2.142857142857143 -6.428571428571429 0.0 0 -0.2531282864420957 0.0 0.0 
-2.142857142857143 -5.714285714285714 0.0 0 -0.17415695943903792 0.0 0.0 
-2.142857142857143 -5.0 0.0 0 -0.22729538345999653 0.0 0.0 
-2.142857142857143 -4.285714285714286 0.0 0 -0.14901779104028395 0.0 0.0 
-2.142857142857143 -3.5714285714285716 0.0 0 -0.19714716007951244 0.0 0.0 
-2.142857142857143 -2.857142857142857 0.0 0 -0.11800927975551412 0.0 0.0 
-2.142857142857143 -2.142857142857143 0.0 0 -0.14959418453604165 0.0 0.0 
-2.142857142857143 2.142857142857143 0.0 0 0.018889500169816067 0.0 0.0 
-2.142857142857143 2.857142857142857 0.0 0 0.07637905244874321 0.0 0.0 
-2.142857142857143 3.5714285714285716 0.0 0 0.12297221341646856 0.0 0.0 
-2.142857142857143 4.285714285714286 0.0 0 0.18223420271881147 0.0 0.0 
-2.142857142857143 5.0 0.0 0 0.1840950285204989 0.0 0.0 
-2.142857142857143 5.714285714285714 0.0 0 0.18595078476970223 0.0 0.0 
-2.142857142857143 6.428571428571429 0.0 0 0.060874222370950984 0.0 0.0 
-2.142857142857143 7.142857142857143 0.0 0 0.12980679380338137 0.0 0.0 
-2.142857142857143 7.857142857142858 0.0 0 -0.13456146541369335 0.0 0.0 
-2.142857142857143 8.571428571428571 0.0 0 -0.004025938396567487 0.0 0.0 
-2.142857142857143 9.285714285714286 0.0 0 -0.09656899326359172 0.0 0.0 
-0.0 -9.285714285714286 0.0 0 -0.24505237172358163 0.0 0.0 
-0.0 -8.571428571428571 0.0 0 -0.11280135972708445 0.0 0.0 
-0.0 -7.857142857142858 0.0 0 -0.2661087367741348 0.0 0.0 
-0.0 -7.142857142857143 0.0 0 -0.16465525616978371 0.0 0.0 
-0.0 -6.428571428571429 0.0 0 -0.2543593082518253 0.0 0.0 
-0.0 -5.714285714285714 0.0 0 -0.16261608862066487 0.0 0.0 
-0.0 -5.0 0.0 0 -0.21081693035393653 0.0 0.0 
-0.0 -4.285714285714286 0.0 0 -0.1181592624186939 0.0 0.0 
-0.0 -3.5714285714285716 0.0 0 -0.1719409882650358 0.0 0.0 
-0.0 -2.857142857142857 0.0 0 -0.08610568634930421 0.0 0.0 
-0.0 -2.142857142857143 0.0 0 -0.12139139283756903 0.0 0.0 
-0.0 2.142857142857143 0.0 0 0.018093110880370602 0.0 0.0 
-0.0 2.857142857142857 0.0 0 0.10781863374861059 0.0 0.0 
-0.0 3.5714285714285716 0.0 0 0.17940472147648698 0.0 0.0 
-0.0 4.285714285714286 0.0 0 0.2522285661657041 0.0 0.0 
-0.0 5.0 0.0 0 0.2332938143637156 0.0 0.0 
-0.0 5.714285714285714 0.0 0 0.21058208826931404 0.0 0.0 
-0.0 6.428571428571429 0.0 0 0.041824815691230505 0.0 0.0 
-0.0 7.142857142857143 0.0 0 0.09918833021219786 0.0 0.0 
-0.0 7.857142857142858 0.0 0 -0.19776474436850944 0.0 0.0 
-0.0 8.571428571428571 0.0 0 -0.03641638765076394 0.0 0.0 
-0.0 9.285714285714286 0.0 0 -0.11178452313688159 0.0 0.0 
0.0 -9.285714285714286 0.0 0 -0.2574987763042813 0.0 0.0 
0.0 -8.571428571428571 0.0 0 -0.12065320158913584 0.0 0.0 
0.0 -7.857142857142858 0.0 0 -0.2784398412279989 0.0 0.0 
0.0 -7.142857142857143 0.0 0 -0.16689838175093571 0.0 0.0 
0.0 -6.428571428571429 0.0 0 -0.248217853243694 0.0 0.0 
0.0 -5.714285714285714 0.0 0 -0.14080732567676918 0.0 0.0 
0.0 -5.0 0.0 0 -0.17783454049999595 0.0 0.0 
0.0 -4.285714285714286 0.0 0 -0.06553673560951156 0.0 0.0 
0.0 -3.5714285714285716 0.0 0 -0.13349847537297438 0.0 0.0 
0.0 -2.857142857142857 0.0 0 -0.017367514018276325 0.0 0.0 
0.0 -2.142857142857143 0.0 0 -0.07439700993382908 0.0 0.0 
0.0 2.142857142857143 0.0 0 0.007978524075444225 0.0 0.0 
0.0 2.857142857142857 0.0 0 0.15885883276561646 0.0 0.0 
0.0 3.5714285714285716 0.0 0 0.26285732339696766 0.0 0.0 
0.0 4.285714285714286 0.0 0 0.34141096300942275 0.0 0.0 
0.0 5.0 0.0 0 0.26652412535012515 0.0 0.0 
0.0 5.714285714285714 0.0 0 0.2024040554615232 0.0 0.0 
0.0 6.428571428571429 0.0 0 -0.01797917875230251 0.0 0.0 
0.0 7.142857142857143 0.0 0 0.03308544276134126 0.0 0.0 
0.0 7.857142857142858 0.0 0 -0.28885649619126863 0.0 0.0 
0.0 8.571428571428571 0.0 0 -0.10783495038149246 0.0 0.0 
0.0 9.285714285714286 0.0 0 -0.10142239200679327 0.0 0.0 
2.142857142857143 -9.285714285714286 0.0 0 -0.2737359527682657 0.0 0.0 
2.142857142857143 -8.571428571428571 0.0 0 -0.1373184502510273 0.0 0.0 
2.142857142857143 -7.857142857142858 0.0 0 -0.29692181952113395 0.0 0.0 
2.142857142857143 -7.142857142857143 0.0 0 -0.17212171995335224 0.0 0.0 
2.142857142857143 -6.428571428571429 0.0 0 -0.23647539342743656 0.0 0.0 
2.142857142857143 -5.714285714285714 0.0 0 -0.1098003617000047 0.0 0.0 
2.142857142857143 -5.0 0.0 0 -0.12635150334392545 0.0 0.0 
2.142857142857143 -4.285714285714286 0.0 0 0.0025409921580387546 0.0 0.0 
2.142857142857143 -3.5714285714285716 0.0 0 -0.06753238038346462 0.0 0.0 
2.142857142857143 -2.857142857142857 0.0 0 0.09396561850206031 0.0 0.0 
2.142857142857143 -2.142857142857143 0.0 0 -0.007555827406662364 0.0 0.0 
2.142857142857143 1.4285714285714286 0.0 0 -0.20346135515710465 0.0 0.0 
2.142857142857143 2.142857142857143 0.0 0 -0.04593391083415699 0.0 0.0 
2.142857142857143 2.857142857142857 0.0 0 0.10764902239423296 0.0 0.0 
2.142857142857143 3.5714285714285716 0.0 0 0.3738687982846595 0.0 0.0 
2.142857142857143 4.285714285714286 0.0 0 0.3358920831754213 0.0 0.0 
2.142857142857143 5.0 0.0 0 0.2270841574893535 0.0 0.0 
2.142857142857143 5.714285714285714 0.0 0 0.0357810454838961 0.0 0.0 
2.142857142857143 6.428571428571429 0.0 0 -0.16206452744228217 0.0 0.0 
2.142857142857143 7.142857142857143 0.0 0 -0.1211148057417761 0.0 0.0 
2.142857142857143 7.857142857142858 0.0 0 -0.4687164524749451 0.0 0.0 
2.142857142857143 8.571428571428571 0.0 0 -0.08128515270255426 0.0 0.0 
2.142857142857143 9.285714285714286 0.0 0 -0.19516940824942902 0.0 0.0 
4.285714285714286 -9.285714285714286 0.0 0 -0.28749688999703793 0.0 0.0 
4.285714285714286 -8.571428571428571 0.0 0 -0.15378402412654513 0.0 0.0 
4.285714285714286 -7.857142857142858 0.0 0 -0.3031809535615008 0.0 0.0 
4.285714285714286 -7.142857142857143 0.0 0 -0.15440218400058608 0.0 0.0 
4.285714285714286 -6.428571428571429 0.0 0 -0.18278598927779952 0.0 0.0 
4.285714285714286 -5.714285714285714 0.0 0 -0.03295046556472389 0.0 0.0 
4.285714285714286 -5.0 0.0 0 -0.023290154958647197 0.0 0.0 
4.285714285714286 -4.285714285714286 0.0 0 0.08676441313436462 0.0 0.0 
4.285714285714286 -3.5714285714285716 0.0 0 0.034712738885662585 0.0 0.0 
4.285714285714286 -2.857142857142857 0.0 0 0.07910401038817479 0.0 0.0 
4.285714285714286 -2.142857142857143 0.0 0 0.05474674846825891 0.0 0.0 
4.285714285714286 -1.4285714285714286 0.0 0 -0.05409960784457005 0.0 0.0 
4.285714285714286 1.4285714285714286 0.0 0 -0.33958982423441836 0.0 0.0 
4.285714285714286 2.142857142857143 0.0 0 0.05507331123999905 0.0 0.0 
4.285714285714286 2.857142857142857 0.0 0 0.2714728666792927 0.0 0.0 
4.285714285714286 3.5714285714285716 0.0 0 0.7185986062050779 0.0 0.0 
4.285714285714286 4.285714285714286 0.0 0 0.5250110231948356 0.0 0.0 
4.285714285714286 5.0 0.0 0 0.2205177421204224 0.0 0.0 
4.285714285714286 5.714285714285714 0.0 0 -0.06642925028607607 0.0 0.0 
4.285714285714286 6.428571428571429 0.0 0 -0.24178932070860581 0.0 0.0 
4.285714285714286 7.142857142857143 0.0 0 -0.20122728142910495 0.0 0.0 
4.285714285714286 7.857142857142858 0.0 0 -0.4173234447340286 0.0 0.0 
4.285714285714286 8.571428571428571 0.0 0 0.12454561694725994 0.0 0.0 
4.285714285714286 9.285714285714286 0.0 0 0.35847376829050925 0.0 0.0 
6.428571428571429 -9.285714285714286 0.0 0 -0.3394911327325274 0.0 0.0 
6.428571428571429 -8.571428571428571 0.0 0 -0.2136223755584753 0.0 0.0 
6.428571428571429 -7.857142857142858 0.0 0 -0.3573398802483162 0.0 0.0 
6.428571428571429 -7.142857142857143 0.0 0 -0.17785031081351713 0.0 0.0 
6.428571428571429 -6.428571428571429 0.0 0 -0.17312031734552913 0.0 0.0 
6.428571428571429 -5.714285714285714 0.0 0 0.022731291196631087 0.0 0.0 
6.428571428571429 -5.0 0.0 0 0.0991084211145017 0.0 0.0 
6.428571428571429 -4.285714285714286 0.0 0 0.2680157636785229 0.0 0.0 
6.428571428571429 -3.5714285714285716 0.0 0 0.32360409935070045 0.0 0.0 
6.428571428571429 -2.857142857142857 0.0 0 0.3039720243473233 0.0 0.0 
6.428571428571429 -2.142857142857143 0.0 0 0.2616984968335525 0.0 0.0 
6.428571428571429 -1.4285714285714286 0.0 0 0.04603380691179676 0.0 0.0 
6.428571428571429 -0.7142857142857143 0.0 0 -0.2529466368683986 0.0 0.0 
6.428571428571429 -0.0 0.0 0 -0.44584373538388505 0.0 0.0 
6.428571428571429 0.0 0.0 0 -0.7357318709858102 0.0 0.0 
6.428571428571429 2.142857142857143 0.0 0 -1.0356819601070564 0.0 0.0 
6.428571428571429 2.857142857142857 0.0 0 0.2839561081070261 0.0 0.0 
6.428571428571429 3.5714285714285716 0.0 0 0.6142634618414613 0.0 0.0 
6.428571428571429 4.285714285714286 0.0 0 0.41701653634221747 0.0 0.0 
6.428571428571429 5.0 0.0 0 -0.49980676348517983 0.0 0.0 
6.428571428571429 5.714285714285714 0.0 0 -0.5258395858892831 0.0 0.0 
6.428571428571429 6.428571428571429 0.0 0 -0.7892806169959391 0.0 0.0 
6.428571428571429 7.142857142857143 0.0 0 -0.7499291329772089 0.0 0.0 
6.428571428571429 7.857142857142858 0.0 0 -0.7170666083800595 0.0 0.0 
6.428571428571429 8.571428571428571 0.0 0 -0.09396098825027441 0.0 0.0 
6.428571428571429 9.285714285714286 0.0 0 0.515508969614738 0.0 0.0 
8.571428571428571 -9.285714285714286 0.0 0 -0.43941518354700504 0.0 0.0 
8.571428571428571 -8.571428571428571 0.0 0 -0.2189494830199617 0.0 0.0 
8.571428571428571 -7.857142857142858 0.0 0 -0.4022790586438693 0.0 0.0 
8.571428571428571 -7.142857142857143 0.0 0 -0.05847436063573985 0.0 0.0 
8.571428571428571 -6.428571428571429 0.0 0 -0.060782107888710274 0.0 0.0 
8.571428571428571 -5.714285714285714 0.0 0 0.24156590757388416 0.0 0.0 
8.571428571428571 -5.0 0.0 0 0.2442715541317373 0.0 0.0 
8.571428571428571 -4.285714285714286 0.0 0 0.45857906422549244 0.0 0.0 
8.571428571428571 -3.5714285714285716 0.0 0 0.52250880706125 0.0 0.0 
8.571428571428571 -2.857142857142857 0.0 0 0.7360707454935926 0.0 0.0 
8.571428571428571 -2.142857142857143 0.0 0 0.8105098948939767 0.0 0.0 
8.571428571428571 -1.4285714285714286 0.0 0 1.161333056587305 0.0 0.0 
8.571428571428571 -0.7142857142857143 0.0 0 0.8432330739401297 0.0 0.0 
8.571428571428571 -0.0 0.0 0 0.5545853737536109 0.0 0.0 
8.571428571428571 0.0 0.0 0 0.37179210854870254 0.0 0.0 
8.571428571428571 0.7142857142857143 0.0 0 -0.9837153202467757 0.0 0.0 
8.571428571428571 1.4285714285714286 0.0 0 -1.2123234436073782 0.0 0.0 
8.571428571428571 3.5714285714285716 0.0 0 -0.8155495881156142 0.0 0.0 
8.571428571428571 4.285714285714286 0.0 0 -0.31262933899617434 0.0 0.0 
8.571428571428571 5.0 0.0 0 -1.0143903757278885 0.0 0.0 
8.571428571428571 5.714285714285714 0.0 0 -1.1385402370688342 0.0 0.0 
8.571428571428571 6.428571428571429 0.0 0 -0.6774004306956545 0.0 0.0 
8.571428571428571 7.142857142857143 0.0 0 -1.5288790149375604 0.0 0.0 
8.571428571428571 7.857142857142858 0.0 0 -0.3661829603458292 0.0 0.0 
8.571428571428571 8.571428571428571 0.0 0 -1.157970430959383 0.0 0.0 
8.571428571428571 9.285714285714286 0.0 0 0.6218540600696718 0.0 0.0 
10.714285714285714 -9.285714285714286 0.0 0 -0.19953287473865505 0.0 0.0 
10.714285714285714 -8.571428571428571 0.0 0 -0.06178599570728627 0.0 0.0 
10.714285714285714 -7.857142857142858 0.0 0 -0.10946323106367162 0.0 0.0 
10.714285714285714 -7.142857142857143 0.0 0 0.18841840331634513 0.0 0.0 
10.714285714285714 -6.428571428571429 0.0 0 0.2157371004573766 0.0 0.0 
10.714285714285714 -5.714285714285714 0.0 0 0.47352481115219586 0.0 0.0 
10.714285714285714 -5.0 0.0 0 0.4935599048415477 0.0 0.0 
10.714285714285714 -4.285714285714286 0.0 0 0.6813382947690596 0.0 0.0 
10.714285714285714 -3.5714285714285716 0.0 0 0.660242471009735 0.0 0.0 
10.714285714285714 -2.857142857142857 0.0 0 0.7903087563527869 0.0 0.0 
10.714285714285714 -2.142857142857143 0.0 0 0.6276089805052019 0.0 0.0 
10.714285714285714 -1.4285714285714286 0.0 0 1.1307403891595795 0.0 0.0 
10.714285714285714 -0.7142857142857143 0.0 0 1.2069607297408327 0.0 0.0 
10.714285714285714 -0.0 0.0 0 1.438385388524007 0.0 0.0 
10.714285714285714 0.0 0.0 1 2.495802368497171 0.0 0.0 
10.714285714285714 0.7142857142857143 0.0 0 0.670606522031904 0.0 0.0 
10.714285714285714 1.4285714285714286 0.0 0 1.0678300099265474 0.0 0.0 
10.714285714285714 2.142857142857143 0.0 0 -0.9634293924401024 0.0 0.0 
10.714285714285714 5.0 0.0 0 -1.0828316537407452 0.0 0.0 
10.714285714285714 5.714285714285714 0.0 0 -2.292629442931312 0.0 0.0 
10.714285714285714 6.428571428571429 0.0 0 -0.663364086706377 0.0 0.0 
10.714285714285714 7.142857142857143 0.0 0 -2.027598157341205 0.0 0.0 
10.714285714285714 7.857142857142858 0.0 0 -1.1124822067303168 0.0 0.0 
10.714285714285714 8.571428571428571 0.0 0 -1.7737189360239127 0.0 0.0 
10.714285714285714 9.285714285714286 0.0 0 -2.641527333346831 0.0 0.0 
12.857142857142858 -9.285714285714286 0.0 0 -0.2542211003529726 0.0 0.0 
12.857142857142858 -8.571428571428571 0.0 0 -0.3466996053007686 0.0 0.0 
12.857142857142858 -7.857142857142858 0.0 0 -0.02515208868029717 0.0 0.0 
12.857142857142858 -7.142857142857143 0.0 0 0.2500338849254369 0.0 0.0 
12.857142857142858 -6.428571428571429 0.0 0 0.6168110746355624 0.0 0.0 
12.857142857142858 -5.714285714285714 0.0 0 0.8407259848662748 0.0 0.0 
12.857142857142858 -5.0 0.0 0 1.0234527752081404 0.0 0.0 
12.857142857142858 -4.285714285714286 0.0 0 1.077098568586285 0.0 0.0 
12.857142857142858 -3.5714285714285716 0.0 0 1.107390798002224 0.0 0.0 
12.857142857142858 -2.857142857142857 0.0 0 1.1856223770324275 0.0 0.0 
12.857142857142858 -2.142857142857143 0.0 0 0.960891239028116 0.0 0.0 
12.857142857142858 -1.4285714285714286 0.0 0 1.2089941414110528 0.0 0.0 
12.857142857142858 -0.7142857142857143 0.0 0 0.9507757292968405 0.0 0.0 
12.857142857142858 -0.0 0.0 0 1.5024626506697105 0.0 0.0 
12.857142857142858 0.0 0.0 1 2.0393991011884385 0.0 0.0 
12.857142857142858 0.7142857142857143 0.0 1 3.266123501118538 0.0 0.0 
12.857142857142858 1.4285714285714286 0.0 1 2.8051759859031065 0.0 0.0 
12.857142857142858 2.142857142857143 0.0 3 5.383783362516745 0.0 0.0 
12.857142857142858 4.285714285714286 0.0 0 -1.133425841490239 0.0 0.0 
12.857142857142858 5.0 0.0 0 -1.450475731475106 0.0 0.0 
12.857142857142858 5.714285714285714 0.0 0 0.1972081303534523 0.0 0.0 
12.857142857142858 6.428571428571429 0.0 0 -0.9383642540395677 0.0 0.0 
12.857142857142858 7.142857142857143 0.0 0 1.4731296018593436 0.0 0.0 
12.857142857142858 7.857142857142858 0.0 0 -1.8308068644125153 0.0 0.0 
12.857142857142858 8.571428571428571 0.0 0 2.427673633713358 0.0 0.0 
12.857142857142858 9.285714285714286 0.0 -1 -3.9652894022847005 0.0 0.0 
15.0 -9.285714285714286 0.0 0 0.11606591372223729 0.0 0.0 
15.0 -8.571428571428571 0.0 0 0.042530496934880646 0.0 0.0 
15.0 -7.857142857142858 0.0 0 0.6955188013188753 0.0 0.0 
15.0 -7.142857142857143 0.0 0 0.7245857543195231 0.0 0.0 
15.0 -6.428571428571429 0.0 0 1.1436412428933431 0.0 0.0 
15.0 -5.714285714285714 0.0 0 1.0906927587565638 0.0 0.0 
15.0 -5.0 0.0 0 1.4403189585737415 0.0 0.0 
15.0 -4.285714285714286 0.0 0 1.4390457496957783 0.0 0.0 
15.0 -3.5714285714285716 0.0 0 1.6747171704993076 0.0 0.0 
15.0 -2.857142857142857 0.0 0 1.6874364825045747 0.0 0.0 
15.0 -2.142857142857143 0.0 0 1.4749873422315947 0.0 0.0 
15.0 -1.4285714285714286 0.0 0 1.4778973178057493 0.0 0.0 
15.0 -0.7142857142857143 0.0 0 0.4982613162600112 0.0 0.0 
15.0 -0.0 0.0 0 0.8165978943584772 0.0 0.0 
15.0 0.0 0.0 0 -0.49912253479062346 0.0 0.0 
15.0 0.7142857142857143 0.0 0 1.3824315911267977 0.0 0.0 
15.0 1.4285714285714286 0.0 0 0.23455936930140212 0.0 0.0 
15.0 2.142857142857143 0.0 1 4.4831876939992945 0.0 0.0 
15.0 2.857142857142857 0.0 2 4.628525800021444 0.0 0.0 
15.0 3.5714285714285716 0.0 0 1.9069263235688592 0.0 0.0 
15.0 4.285714285714286 0.0 0 3.2129376764557986 0.0 0.0 
15.0 5.0 0.0 0 1.8386478509662898 0.0 0.0 
15.0 5.714285714285714 0.0 0 3.608257874720814 0.0 0.0 
15.0 6.428571428571429 0.0 0 1.9150395980860062 0.0 0.0 
15.0 7.142857142857143 0.0 0 4.363293160471879 0.0 0.0 
15.0 7.857142857142858 0.0 0 2.3922061394743994 0.0 0.0 
15.0 8.571428571428571 0.0 1 5.206841910672101 0.0 0.0 
15.0 9.285714285714286 0.0 1 5.731083964324281 0.0 0.0 
17.142857142857142 -9.285714285714286 0.0 0 0.06825052488729244 0.0 0.0 
17.142857142857142 -8.571428571428571 0.0 0 -0.5506145562546835 0.0 0.0 
17.142857142857142 -7.857142857142858 0.0 0 0.5969883364670759 0.0 0.0 
17.142857142857142 -7.142857142857143 0.0 0 0.13033489038804585 0.0 0.0 
17.142857142857142 -6.428571428571429 0.0 0 0.9512440394384248 0.0 0.0 
17.142857142857142 -5.714285714285714 0.0 0 0.3689447878492692 0.0 0.0 
17.142857142857142 -5.0 0.0 0 0.8185082480305531 0.0 0.0 
17.142857142857142 -4.285714285714286 0.0 0 0.12750810896138787 0.0 0.0 
17.142857142857142 -3.5714285714285716 0.0 0 0.29396100815902754 0.0 0.0 
17.142857142857142 -2.857142857142857 0.0 0 -0.13052046775972925 0.0 0.0 
17.142857142857142 -2.142857142857143 0.0 0 0.004196856356046386 0.0 0.0 
17.142857142857142 -1.4285714285714286 0.0 1 0.4320890500626364 0.0 0.0 
17.142857142857142 -0.7142857142857143 0.0 1 0.20135508697142268 0.0 0.0 
17.142857142857142 -0.0 0.0 0 0.6702752371842344 0.0 0.0 
17.142857142857142 0.0 0.0 0 -0.9576332135894338 0.0 0.0 
17.142857142857142 0.7142857142857143 0.0 0 -1.3409767868391995 0.0 0.0 
17.142857142857142 1.4285714285714286 0.0 0 -2.4479337846191846 0.0 0.0 
17.142857142857142 2.142857142857143 0.0 -1 -3.064074384180935 0.0 0.0 
17.142857142857142 2.857142857142857 0.0 0 -0.12326055945313963 0.0 0.0 
17.142857142857142 3.5714285714285716 0.0 0 -1.011474204172555 0.0 0.0 
17.142857142857142 4.285714285714286 0.0 0 0.5047787347010219 0.0 0.0 
17.142857142857142 5.0 0.0 0 -0.3748359197198714 0.0 0.0 
17.142857142857142 5.714285714285714 0.0 0 0.5964143370073438 0.0 0.0 
17.142857142857142 6.428571428571429 0.0 0 -0.43708863747020066 0.0 0.0 
17.142857142857142 7.142857142857143 0.0 0 -0.234921003416729 0.0 0.0 
17.142857142857142 7.857142857142858 0.0 0 -0.10732134973803045 0.0 0.0 
17.142857142857142 8.571428571428571 0.0 0 -1.0990601470915493 0.0 0.0 
17.142857142857142 9.285714285714286 0.0 1 3.806441944406382 0.0 0.0 
19.285714285714285 -9.285714285714286 0.0 0 -1.2345013111019743 0.0 0.0 
19.285714285714285 -8.571428571428571 0.0 0 -0.8665328119321779 0.0 0.0 
19.285714285714285 -7.857142857142858 0.0 0 -0.5257998801964026 0.0 0.0 
19.285714285714285 -7.142857142857143 0.0 0 -0.5692125682724156 0.0 0.0 
19.285714285714285 -6.428571428571429 0.0 0 -0.39386751386116203 0.0 0.0 
19.285714285714285 -5.714285714285714 0.0 1 -0.49568880521557457 0.0 0.0 
19.285714285714285 -5.0 0.0 1 -0.17081385890456513 0.0 0.0 
19.285714285714285 -4.285714285714286 0.0 1 -0.03438444432437082 0.0 0.0 
19.285714285714285 -3.5714285714285716 0.0 1 0.39299859845766294 0.0 0.0 
19.285714285714285 -2.857142857142857 0.0 1 0.577577443503692 0.0 0.0 
19.285714285714285 -2.142857142857143 0.0 0 0.28239844685946747 0.0 0.0 
19.285714285714285 -1.4285714285714286 0.0 0 0.14079032610010112 0.0 0.0 
19.285714285714285 -0.7142857142857143 0.0 0 -0.6360188857675582 0.0 0.0 
19.285714285714285 -0.0 0.0 0 -0.07096113995954145 0.0 0.0 
19.285714285714285 0.0 0.0 0 0.32992960912530717 0.0 0.0 
19.285714285714285 0.7142857142857143 0.0 0 0.524812046559482 0.0 0.0 
19.285714285714285 1.4285714285714286 0.0 0 1.5444822285468593 0.0 0.0 
19.285714285714285 2.142857142857143 0.0 -1 -0.8657885726800991 0.0 0.0 
19.285714285714285 2.857142857142857 0.0 0 -0.1798120085718231 0.0 0.0 
19.285714285714285 3.5714285714285716 0.0 0 -0.35162832719165865 0.0 0.0 
19.285714285714285 4.285714285714286 0.0 0 0.3273151149561598 0.0 0.0 
19.285714285714285 5.0 0.0 0 0.03949650168499682 0.0 0.0 
19.285714285714285 5.714285714285714 0.0 0 0.38385190418428633 0.0 0.0 
19.285714285714285 6.428571428571429 0.0 0 0.5376543432452207 0.0 0.0 
19.285714285714285 7.142857142857143 0.0 0 -0.40573930672061387 0.0 0.0 
19.285714285714285 7.857142857142858 0.0 0 0.6780726904493661 0.0 0.0 
19.285714285714285 8.571428571428571 0.0 0 -1.5580272286118482 0.0 0.0 
19.285714285714285 9.285714285714286 0.0 0 0.020267673986552617 0.0 0.0 
21.428571428571427 -9.285714285714286 0.0 0 -0.7973391638057699 0.0 0.0 
21.428571428571427 -8.571428571428571 0.0 0 0.9280772556566557 0.0 0.0 
21.428571428571427 -7.857142857142858 0.0 0 0.36491485967566106 0.0 0.0 
21.428571428571427 -7.142857142857143 0.0 0 1.6268638796960284 0.0 0.0 
21.428571428571427 -6.428571428571429 0.0 0 1.2589117793174918 0.0 0.0 
21.428571428571427 -5.714285714285714 0.0 0 2.2147140459599095 0.0 0.0 
21.428571428571427 -5.0 0.0 0 1.6727697837802125 0.0 0.0 
21.428571428571427 -4.285714285714286 0.0 0 1.869740899964217 0.0 0.0 
21.428571428571427 -3.5714285714285716 0.0 0 0.6545924730611683 0.0 0.0 
21.428571428571427 -2.857142857142857 0.0 0 0.4029045773938509 0.0 0.0 
21.428571428571427 -2.142857142857143 0.0 -1 -0.1678759978342366 0.0 0.0 
21.428571428571427 -1.4285714285714286 0.0 0 0.4443294307509118 0.0 0.0 
21.428571428571427 -0.7142857142857143 0.0 0 0.019663243226420768 0.0 0.0 
21.428571428571427 -0.0 0.0 0 -0.27796684264929167 0.0 0.0 
21.428571428571427 0.0 0.0 0 -0.6607776121760116 0.0 0.0 
21.428571428571427 0.7142857142857143 0.0 0 -1.1689610902306247 0.0 0.0 
21.428571428571427 1.4285714285714286 0.0 0 -0.22850020518932962 0.0 0.0 
21.428571428571427 2.142857142857143 0.0 0 -0.3622409081348367 0.0 0.0 
21.428571428571427 2.857142857142857 0.0 0 -0.4480222432023021 0.0 0.0 
21.428571428571427 3.5714285714285716 0.0 0 -0.39480141551994363 0.0 0.0 
21.428571428571427 4.285714285714286 0.0 0 -0.38856471355742195 0.0 0.0 
21.428571428571427 5.0 0.0 0 -0.37953844848914825 0.0 0.0 
21.428571428571427 5.714285714285714 0.0 0 -0.687811163704995 0.0 0.0 
21.428571428571427 6.428571428571429 0.0 0 0.08211578508574696 0.0 0.0 
21.428571428571427 7.142857142857143 0.0 0 -0.9541822622225816 0.0 0.0 
21.428571428571427 7.857142857142858 0.0 0 0.4359346714400355 0.0 0.0 
21.428571428571427 8.571428571428571 0.0 0 -0.30793087353424126 0.0 0.0 
21.428571428571427 9.285714285714286 0.0 0 -0.7962033931408141 0.0 0.0 
23.57142857142857 -9.285714285714286 0.0 0 1.0716801463468004 0.0 0.0 
23.57142857142857 -8.571428571428571 0.0 0 1.0475312776311791 0.0 0.0 
23.57142857142857 -7.857142857142858 0.0 0 1.2822929329532724 0.0 0.0 
23.57142857142857 -7.142857142857143 0.0 0 0.6990207358458139 0.0 0.0 
23.57142857142857 -6.428571428571429 0.0 0 0.27863440245990734 0.0 0.0 
23.57142857142857 -5.714285714285714 0.0 0 -0.46288041690918746 0.0 0.0 
23.57142857142857 -5.0 0.0 0 -0.339419065226946 0.0 0.0 
23.57142857142857 -4.285714285714286 0.0 0 -0.21311852114353824 0.0 0.0 
23.57142857142857 -3.5714285714285716 0.0 0 0.28748566387516084 0.0 0.0 
23.57142857142857 -2.857142857142857 0.0 1 1.259401963995895 0.0 0.0 
23.57142857142857 -2.142857142857143 0.0 1 0.9999022927442367 0.0 0.0 
23.57142857142857 -1.4285714285714286 0.0 0 0.7588130616924817 0.0 0.0 
23.57142857142857 -0.7142857142857143 0.0 0 -0.040231474402615985 0.0 0.0 
23.57142857142857 -0.0 0.0 0 -0.6991455719413235 0.0 0.0 
23.57142857142857 0.0 0.0 0 -0.7230682935586127 0.0 0.0 
23.57142857142857 0.7142857142857143 0.0 0 -1.185152644513708 0.0 0.0 
23.57142857142857 1.4285714285714286 0.0 0 -0.9273319838194678 0.0 0.0 
23.57142857142857 2.142857142857143 0.0 0 -0.6309611093345744 0.0 0.0 
23.57142857142857 2.857142857142857 0.0 0 -0.42851910056459863 0.0 0.0 
23.57142857142857 3.5714285714285716 0.0 0 -0.35695338505748475 0.0 0.0 
23.57142857142857 4.285714285714286 0.0 0 -0.3734543771160501 0.0 0.0 
23.57142857142857 5.0 0.0 0 -0.29244589279339445 0.0 0.0 
23.57142857142857 5.714285714285714 0.0 0 -0.7419717068968347 0.0 0.0 
23.57142857142857 6.428571428571429 0.0 0 -0.1519708103198313 0.0 0.0 
23.57142857142857 7.142857142857143 0.0 0 -0.9704378345026146 0.0 0.0 
23.57142857142857 7.857142857142858 0.0 0 -0.36704887462560626 0.0 0.0 
23.57142857142857 8.571428571428571 0.0 0 -0.22433285626539312 0.0 0.0 
23.57142857142857 9.285714285714286 0.0 0 -1.037218640606583 0.0 0.0 
25.714285714285715 -9.285714285714286 0.0 0 -0.6262081458661741 0.0 0.0 
25.714285714285715 -8.571428571428571 0.0 0 -1.789931179369897 0.0 0.0 
25.714285714285715 -7.857142857142858 0.0 0 -1.176752491149124 0.0 0.0 
25.714285714285715 -7.142857142857143 0.0 1 -1.5773368381031325 0.0 0.0 
25.714285714285715 -6.428571428571429 0.0 1 -0.41001956507142623 0.0 0.0 
25.714285714285715 -5.714285714285714 0.0 2 0.1646575385300615 0.0 0.0 
25.714285714285715 -5.0 0.0 2 1.3138435469926595 0.0 0.0 
25.714285714285715 -4.285714285714286 0.0 1 1.150905699617495 0.0 0.0 
25.714285714285715 -3.5714285714285716 0.0 0 0.8338957889256137 0.0 0.0 
25.714285714285715 -2.857142857142857 0.0 0 -0.5276930865303308 0.0 0.0 
25.714285714285715 -2.142857142857143 0.0 0 -1.27997417882472 0.0 0.0 
25.714285714285715 -1.4285714285714286 0.0 0 -1.9197870885759494 0.0 0.0 
25.714285714285715 -0.7142857142857143 0.0 0 -1.7590031496469227 0.0 0.0 
25.714285714285715 -0.0 0.0 0 -1.711696472693494 0.0 0.0 
25.714285714285715 0.0 0.0 0 -1.0756485711715238 0.0 0.0 
25.714285714285715 0.7142857142857143 0.0 0 -1.0077928654581196 0.0 0.0 
25.714285714285715 1.4285714285714286 0.0 0 -0.8480795830496831 0.0 0.0 
25.714285714285715 2.142857142857143 0.0 0 -0.9159606110166343 0.0 0.0 
25.714285714285715 2.857142857142857 0.0 0 -0.8718756466911335 0.0 0.0 
25.714285714285715 3.5714285714285716 0.0 0 -0.9612015615672688 0.0 0.0 
25.714285714285715 4.285714285714286 0.0 0 -0.9352110830492508 0.0 0.0 
25.714285714285715 5.0 0.0 0 -0.7407380717856977 0.0 0.0 
25.714285714285715 5.714285714285714 0.0 0 -0.9152869441915403 0.0 0.0 
25.714285714285715 6.428571428571429 0.0 0 -0.46708754656028806 0.0 0.0 
25.714285714285715 7.142857142857143 0.0 0 -0.7506538365086673 0.0 0.0 
25.714285714285715 7.857142857142858 0.0 0 -0.5976770585302493 0.0 0.0 
25.714285714285715 8.571428571428571 0.0 0 -0.36194265303149153 0.0 0.0 
25.714285714285715 9.285714285714286 0.0 0 -1.0815866070843356 0.0 0.0 
27.857142857142858 -9.285714285714286 0.0 1 -0.7376319150257791 0.0 0.0 
27.857142857142858 -8.571428571428571 0.0 1 0.6088130337798403 0.0 0.0 
27.857142857142858 -7.857142857142858 0.0 1 0.3641307172760855 0.0 0.0 
27.857142857142858 -7.142857142857143 0.0 1 0.9270184270518044 0.0 0.0 
27.857142857142858 -6.428571428571429 0.0 0 0.29968227013306925 0.0 0.0 
27.857142857142858 -5.714285714285714 0.0 0 0.20131789746389478 0.0 0.0 
27.857142857142858 -5.0 0.0 0 -0.6331234822240988 0.0 0.0 
27.857142857142858 -4.285714285714286 0.0 0 -0.9263722481964012 0.0 0.0 
27.857142857142858 -3.5714285714285716 0.0 0 -1.3399367735523056 0.0 0.0 
27.857142857142858 -2.857142857142857 0.0 0 -1.3700018653091064 0.0 0.0 
27.857142857142858 -2.142857142857143 0.0 0 -1.4832772502639413 0.0 0.0 
27.857142857142858 -1.4285714285714286 0.0 0 -1.4292237543519761 0.0 0.0 
27.857142857142858 -0.7142857142857143 0.0 0 -1.4430090208080735 0.0 0.0 
27.857142857142858 -0.0 0.0 0 -1.4218792008419041 0.0 0.0 
27.857142857142858 0.0 0.0 0 -1.2754241336321464 0.0 0.0 
27.857142857142858 0.7142857142857143 0.0 0 -0.9852869459567458 0.0 0.0 
27.857142857142858 1.4285714285714286 0.0 0 -0.7683833847096131 0.0 0.0 
27.857142857142858 2.142857142857143 0.0 0 -0.5789108622358101 0.0 0.0 
27.857142857142858 2.857142857142857 0.0 0 -0.4647458838243979 0.0 0.0 
27.857142857142858 3.5714285714285716 0.0 0 -0.35349980728833574 0.0 0.0 
27.857142857142858 4.285714285714286 0.0 0 -0.37285204466403005 0.0 0.0 
27.857142857142858 5.0 0.0 0 -0.18700386762999002 0.0 0.0 
27.857142857142858 5.714285714285714 0.0 0 -0.31563146012709165 0.0 0.0 
27.857142857142858 6.428571428571429 0.0 0 -0.05443851795060892 0.0 0.0 
27.857142857142858 7.142857142857143 0.0 0 -0.09947874644248741 0.0 0.0 
27.857142857142858 7.857142857142858 0.0 0 -0.004920776829031914 0.0 0.0 
27.857142857142858 8.571428571428571 0.0 0 0.15409029316741996 0.0 0.0 
27.857142857142858 9.285714285714286 0.0 0 -0.3319078178329474 0.0 0.0 
