-27.857142857142858 -9.285714285714286 0.0 5 11.589051260292074 0.0 0.0 
-27.857142857142858 -8.571428571428571 0.0 -6 -27.896952153529142 0.0 0.0 
-27.857142857142858 -7.857142857142858 0.0 -24 -71.05030262761215 0.0 0.0 
-27.857142857142858 -7.142857142857143 0.0 -37 -98.27311971698907 0.0 0.0 
-27.857142857142858 -6.428571428571429 0.0 -39 -99.5355123641448 0.0 0.0 
-27.857142857142858 -5.714285714285714 0.0 -34 -85.64797766212294 0.0 0.0 
-27.857142857142858 -5.0 0.0 -29 -69.050828410209 0.0 0.0 
-27.857142857142858 -4.285714285714286 0.0 -23 -52.23724316438646 0.0 0.0 
-27.857142857142858 -3.5714285714285716 0.0 -20 -37.726906696647966 0.0 0.0 
-27.857142857142858 -2.857142857142857 0.0 -19 -29.466283956742977 0.0 0.0 
-27.857142857142858 -2.142857142857143 0.0 -19 -20.937862034259375 0.0 0.0 
-27.857142857142858 -1.4285714285714286 0.0 -15 -8.102985292211088 0.0 0.0 
-27.857142857142858 -0.7142857142857143 0.0 -13 6.12453149351969 0.0 0.0 
-27.857142857142858 -0.0 0.0 -12 16.094102490638306 0.0 0.0 
-27.857142857142858 0.0 0.0 -10 27.701573379506627 0.0 0.0 
-27.857142857142858 0.7142857142857143 0.0 -6 36.01080133730433 0.0 0.0 
-27.857142857142858 1.4285714285714286 0.0 -3 41.93688866663441 0.0 0.0 
-27.857142857142858 2.142857142857143 0.0 -1 49.26656443912877 0.0 0.0 
-27.857142857142858 2.857142857142857 0.0 2 58.729633639885776 0.0 0.0 
-27.857142857142858 3.5714285714285716 0.0 5 55.286375685869224 0.0 0.0 
-27.857142857142858 4.285714285714286 0.0 5 46.446098732703355 0.0 0.0 
-27.857142857142858 5.0 0.0 3 42.18789557511775 0.0 0.0 
-27.857142857142858 5.714285714285714 0.0 6 40.94441523116587 0.0 0.0 
-27.857142857142858 6.428571428571429 0.0 6 23.84024642303713 0.0 0.0 
-27.857142857142858 7.142857142857143 0.0 0 7.692914501452212 0.0 0.0 
-27.857142857142858 7.857142857142858 0.0 -3 8.570651221549682 0.0 0.0 
-27.857142857142858 8.571428571428571 0.0 1 13.701342318601334 0.0 0.0 
-27.857142857142858 9.285714285714286 0.0 7 10.653203773506021 0.0 0.0 
-25.714285714285715 -9.285714285714286 0.0 8 -6.976452529507739 0.0 0.0 
-25.714285714285715 -8.571428571428571 0.0 -17 -59.00869636401997 0.0 0.0 
-25.714285714285715 -7.857142857142858 0.0 -39 -99.40832823633858 0.0 0.0 
-25.714285714285715 -7.142857142857143 0.0 -44 -104.79165437954725 0.0 0.0 
-25.714285714285715 -6.428571428571429 0.0 -34 -79.22736286655642 0.0 0.0 
-25.714285714285715 -5.714285714285714 0.0 -19 -44.35705889781121 0.0 0.0 
-25.714285714285715 -5.0 0.0 -7 -14.243050259269939 0.0 0.0 
-25.714285714285715 -4.285714285714286 0.0 -2 4.177363385254004 0.0 0.0 
-25.714285714285715 -3.5714285714285716 0.0 0 18.299191432165077 0.0 0.0 
-25.714285714285715 -2.857142857142857 0.0 0 24.22173317999748 0.0 0.0 
-25.714285714285715 -2.142857142857143 0.0 0 29.929124821342594 0.0 0.0 
-25.714285714285715 -1.4285714285714286 0.0 0 37.93475819366334 0.0 0.0 
-25.714285714285715 -0.7142857142857143 0.0 5 47.22669049613167 0.0 0.0 
-25.714285714285715 -0.0 0.0 6 49.22195367077739 0.0 0.0 
-25.714285714285715 0.0 0.0 7 51.42638908669353 0.0 0.0 
-25.714285714285715 0.7142857142857143 0.0 11 55.44610321670748 0.0 0.0 
-25.714285714285715 1.4285714285714286 0.0 11 53.42323904386192 0.0 0.0 
-25.714285714285715 2.142857142857143 0.0 13 51.6557700267518 0.0 0.0 
-25.714285714285715 2.857142857142857 0.0 18 56.323918322827495 0.0 0.0 
-25.714285714285715 3.5714285714285716 0.0 22 51.30917936312049 0.0 0.0 
-25.714285714285715 4.285714285714286 0.0 12 30.52447824284763 0.0 0.0 
-25.714285714285715 5.0 0.0 7 15.833090377705016 0.0 0.0 
-25.714285714285715 5.714285714285714 0.0 10 18.638380245748177 0.0 0.0 
-25.714285714285715 6.428571428571429 0.0 7 0.7414935280577772 0.0 0.0 
-25.714285714285715 7.142857142857143 0.0 -6 -28.78637598747962 0.0 0.0 
-25.714285714285715 7.857142857142858 0.0 -6 -24.031848679719758 0.0 0.0 
-25.714285714285715 8.571428571428571 0.0 2 -5.099500490171955 0.0 0.0 
-25.714285714285715 9.285714285714286 0.0 3 -20.03384400607595 0.0 0.0 
-23.57142857142857 -9.285714285714286 0.0 -4 -34.092574100652826 0.0 0.0 
-23.57142857142857 -8.571428571428571 0.0 -37 -66.52044117383781 0.0 0.0 
-23.57142857142857 -7.857142857142858 0.0 -47 -91.30609278025688 0.0 0.0 
-23.57142857142857 -7.142857142857143 0.0 -41 -56.54688455171345 0.0 0.0 
-23.57142857142857 -6.428571428571429 0.0 -22 -22.896424125829235 0.0 0.0 
-23.57142857142857 -5.714285714285714 0.0 -5 22.306570047528176 0.0 0.0 
-23.57142857142857 -5.0 0.0 3 36.72236178821029 0.0 0.0 
-23.57142857142857 -4.285714285714286 0.0 7 47.33803148603249 0.0 0.0 
-23.57142857142857 -3.5714285714285716 0.0 5 43.876713759538916 0.0 0.0 
-23.57142857142857 -2.857142857142857 0.0 4 44.53948838852705 0.0 0.0 
-23.57142857142857 -2.142857142857143 0.0 6 37.31364922458911 0.0 0.0 
-23.57142857142857 -1.4285714285714286 0.0 8 43.18279325740149 0.0 0.0 
-23.57142857142857 -0.7142857142857143 0.0 14 43.34525842288316 0.0 0.0 
-23.57142857142857 -0.0 0.0 14 42.97186342466559 0.0 0.0 
-23.57142857142857 0.0 0.0 14 36.58795533559347 0.0 0.0 
-23.57142857142857 0.7142857142857143 0.0 18 43.692913030441645 0.0 0.0 
-23.57142857142857 1.4285714285714286 0.0 22 36.53143442954622 0.0 0.0 
-23.57142857142857 2.142857142857143 0.0 21 35.492550422777555 0.0 0.0 
-23.57142857142857 2.857142857142857 0.0 24 38.79248538803654 0.0 0.0 
-23.57142857142857 3.5714285714285716 0.0 22 34.654524192694964 0.0 0.0 
-23.57142857142857 4.285714285714286 0.0 8 -2.2779477252094225 0.0 0.0 
-23.57142857142857 5.0 0.0 0 -19.465854003743303 0.0 0.0 
-23.57142857142857 5.714285714285714 0.0 6 -8.37106755889047 0.0 0.0 
-23.57142857142857 6.428571428571429 0.0 4 -15.715184087994032 0.0 0.0 
-23.57142857142857 7.142857142857143 0.0 -13 -47.25341198831599 0.0 0.0 
-23.57142857142857 7.857142857142858 0.0 -12 -49.80352399149729 0.0 0.0 
-23.57142857142857 8.571428571428571 0.0 -5 -38.65350454573759 0.0 0.0 
-23.57142857142857 9.285714285714286 0.0 -12 -60.62800485887539 0.0 0.0 
-21.428571428571427 -9.285714285714286 0.0 -35 -48.555162850243946 0.0 0.0 
-21.428571428571427 -8.571428571428571 0.0 -66 -62.35793231519503 0.0 0.0 
-21.428571428571427 -7.857142857142858 0.0 -59 -55.31284494473741 0.0 0.0 
-21.428571428571427 -7.142857142857143 0.0 -39 -1.79522943840621 0.0 0.0 
-21.428571428571427 -6.428571428571429 0.0 -12 31.81285142694432 0.0 0.0 
-21.428571428571427 -5.714285714285714 0.0 9 73.82954047574233 0.0 0.0 
-21.428571428571427 -5.0 0.0 19 68.55330839120369 0.0 0.0 
-21.428571428571427 -4.285714285714286 0.0 17 68.44951305670813 0.0 0.0 
-21.428571428571427 -3.5714285714285716 0.0 17 49.757851078948526 0.0 0.0 
-21.428571428571427 -2.857142857142857 0.0 19 48.70868805851207 0.0 0.0 
-21.428571428571427 -2.142857142857143 0.0 15 33.97585036122567 0.0 0.0 
-21.428571428571427 -1.4285714285714286 0.0 17 38.424236719460765 0.0 0.0 
-21.428571428571427 -0.7142857142857143 0.0 19 35.712025151475686 0.0 0.0 
-21.428571428571427 -0.0 0.0 17 32.16079796409581 0.0 0.0 
-21.428571428571427 0.0 0.0 11 21.117776533346003 0.0 0.0 
-21.428571428571427 0.7142857142857143 0.0 16 30.60074059291199 0.0 0.0 
-21.428571428571427 1.4285714285714286 0.0 16 24.926543479698775 0.0 0.0 
-21.428571428571427 2.142857142857143 0.0 11 19.67809761339086 0.0 0.0 
-21.428571428571427 2.857142857142857 0.0 14 24.854953825221592 0.0 0.0 
-21.428571428571427 3.5714285714285716 0.0 15 23.250073224110423 0.0 0.0 
-21.428571428571427 4.285714285714286 0.0 1 -10.403946161832799 0.0 0.0 
-21.428571428571427 5.0 0.0 -8 -23.215359911104766 0.0 0.0 
-21.428571428571427 5.714285714285714 0.0 0 -4.465588321877483 0.0 0.0 
-21.428571428571427 6.428571428571429 0.0 -1 -18.577857301356353 0.0 0.0 
-21.428571428571427 7.142857142857143 0.0 -20 -51.45466063967042 0.0 0.0 
-21.428571428571427 7.857142857142858 0.0 -18 -51.343935548396786 0.0 0.0 
-21.428571428571427 8.571428571428571 0.0 -6 -24.954192598847506 0.0 0.0 
-21.428571428571427 9.285714285714286 0.0 -18 -50.32898305002695 0.0 0.0 
-19.285714285714285 -9.285714285714286 0.0 -79 -84.74469829575159 0.0 0.0 
-19.285714285714285 -8.571428571428571 0.0 -77 -69.11914509405713 0.0 0.0 
-19.285714285714285 -7.857142857142858 0.0 -40 -13.532771690179217 0.0 0.0 
-19.285714285714285 -7.142857142857143 0.0 -2 40.7271110706059 0.0 0.0 
-19.285714285714285 -6.428571428571429 0.0 28 77.22316245842212 0.0 0.0 
-19.285714285714285 -5.714285714285714 0.0 42 91.87192543571874 0.0 0.0 
-19.285714285714285 -5.0 0.0 38 74.17202267058386 0.0 0.0 
-19.285714285714285 -4.285714285714286 0.0 26 51.37713491164873 0.0 0.0 
-19.285714285714285 -3.5714285714285716 0.0 21 33.70040798321647 0.0 0.0 
-19.285714285714285 -2.857142857142857 0.0 14 21.405583967312538 0.0 0.0 
-19.285714285714285 -2.142857142857143 0.0 7 9.328687555457073 0.0 0.0 
-19.285714285714285 -1.4285714285714286 0.0 4 9.59503283004987 0.0 0.0 
-19.285714285714285 -0.7142857142857143 0.0 6 13.98757921442266 0.0 0.0 
-19.285714285714285 -0.0 0.0 1 5.843635538886906 0.0 0.0 
-19.285714285714285 0.0 0.0 -1 1.6535543655317362 0.0 0.0 
-19.285714285714285 0.7142857142857143 0.0 5 17.73746204420293 0.0 0.0 
-19.285714285714285 1.4285714285714286 0.0 12 25.92581127742386 0.0 0.0 
-19.285714285714285 2.142857142857143 0.0 10 21.987560032050425 0.0 0.0 
-19.285714285714285 2.857142857142857 0.0 15 36.058503964143554 0.0 0.0 
-19.285714285714285 3.5714285714285716 0.0 12 30.009878534484535 0.0 0.0 
-19.285714285714285 4.285714285714286 0.0 -7 -11.63535757428907 0.0 0.0 
-19.285714285714285 5.0 0.0 -19 -27.10890851999094 0.0 0.0 
-19.285714285714285 5.714285714285714 0.0 -2 1.4224934457344007 0.0 0.0 
-19.285714285714285 6.428571428571429 0.0 -3 -12.232954226877336 0.0 0.0 
-19.285714285714285 7.142857142857143 0.0 -26 -45.53453716433742 0.0 0.0 
-19.285714285714285 7.857142857142858 0.0 -27 -47.6368722111252 0.0 0.0 
-19.285714285714285 8.571428571428571 0.0 -7 -1.5598729216701663 0.0 0.0 
-19.285714285714285 9.285714285714286 0.0 -3 -9.187932448558563 0.0 0.0 
-17.142857142857142 -9.285714285714286 0.0 -68 -93.4422852261759 0.0 0.0 
-17.142857142857142 -8.571428571428571 0.0 -31 -26.856365842966397 0.0 0.0 
-17.142857142857142 -7.857142857142858 0.0 9 28.318906177280574 0.0 0.0 
-17.142857142857142 -7.142857142857143 0.0 42 68.70430397196034 0.0 0.0 
-17.142857142857142 -6.428571428571429 0.0 52 79.7201520953158 0.0 0.0 
-17.142857142857142 -5.714285714285714 0.0 46 69.83085271371473 0.0 0.0 
-17.142857142857142 -5.0 0.0 25 35.16007357696874 0.0 0.0 
-17.142857142857142 -4.285714285714286 0.0 7 2.6233218878677036 0.0 0.0 
-17.142857142857142 -3.5714285714285716 0.0 0 -12.331515755581371 0.0 0.0 
-17.142857142857142 -2.857142857142857 0.0 -5 -23.588914902593032 0.0 0.0 
-17.142857142857142 -2.142857142857143 0.0 -13 -29.682224041057804 0.0 0.0 
-17.142857142857142 -1.4285714285714286 0.0 -10 -22.646270710986318 0.0 0.0 
-17.142857142857142 -0.7142857142857143 0.0 -2 -4.916630686493624 0.0 0.0 
-17.142857142857142 -0.0 0.0 -1 -5.6200093831971465 0.0 0.0 
-17.142857142857142 0.0 0.0 0 2.898604022699651 0.0 0.0 
-17.142857142857142 0.7142857142857143 0.0 14 30.448802016801135 0.0 0.0 
-17.142857142857142 1.4285714285714286 0.0 20 40.74979485147098 0.0 0.0 
-17.142857142857142 2.142857142857143 0.0 10 29.241584097003255 0.0 0.0 
-17.142857142857142 2.857142857142857 0.0 9 33.92175579069222 0.0 0.0 
-17.142857142857142 3.5714285714285716 0.0 5 22.88902699345867 0.0 0.0 
-17.142857142857142 4.285714285714286 0.0 -17 -21.180628583828263 0.0 0.0 
-17.142857142857142 5.0 0.0 -25 -26.55634273293813 0.0 0.0 
-17.142857142857142 5.714285714285714 0.0 -3 10.073945614067474 0.0 0.0 
-17.142857142857142 6.428571428571429 0.0 -9 -9.360570089751997 0.0 0.0 
-17.142857142857142 7.142857142857143 0.0 -35 -48.48767305838366 0.0 0.0 
-17.142857142857142 7.857142857142858 0.0 -34 -50.64923553708514 0.0 0.0 
-17.142857142857142 8.571428571428571 0.0 -3 14.98639676013578 0.0 0.0 
-17.142857142857142 9.285714285714286 0.0 7 21.730853736695153 0.0 0.0 
-15.0 -9.285714285714286 0.0 -32 -71.33102850666646 0.0 0.0 
-15.0 -8.571428571428571 0.0 1 -25.16225180616977 0.0 0.0 
-15.0 -7.857142857142858 0.0 40 27.34868266941229 0.0 0.0 
-15.0 -7.142857142857143 0.0 50 37.651442815886824 0.0 0.0 
-15.0 -6.428571428571429 0.0 45 37.17029334780863 0.0 0.0 
-15.0 -5.714285714285714 0.0 27 8.158561459938326 0.0 0.0 
-15.0 -5.0 0.0 5 -24.821535250097895 0.0 0.0 
-15.0 -4.285714285714286 0.0 -5 -49.89652713470169 0.0 0.0 
-15.0 -3.5714285714285716 0.0 -9 -52.45862387251514 0.0 0.0 
-15.0 -2.857142857142857 0.0 -13 -53.76280558504854 0.0 0.0 
-15.0 -2.142857142857143 0.0 -11 -45.58540456365773 0.0 0.0 
-15.0 -1.4285714285714286 0.0 0 -24.71216653431491 0.0 0.0 
-15.0 1.4285714285714286 0.0 15 34.161686559840945 0.0 0.0 
-15.0 2.142857142857143 0.0 1 17.33494501961929 0.0 0.0 
-15.0 2.857142857142857 0.0 1 15.61312805215885 0.0 0.0 
-15.0 3.5714285714285716 0.0 -1 8.779826932090817 0.0 0.0 
-15.0 4.285714285714286 0.0 -26 -34.51840926758433 0.0 0.0 
-15.0 5.0 0.0 -27 -30.584884366254435 0.0 0.0 
-15.0 5.714285714285714 0.0 -1 9.74976679972641 0.0 0.0 
-15.0 6.428571428571429 0.0 -14 -19.43025514355946 0.0 0.0 
-15.0 7.142857142857143 0.0 -41 -64.74866945817995 0.0 0.0 
-15.0 7.857142857142858 0.0 -37 -65.72506656209357 0.0 0.0 
-15.0 8.571428571428571 0.0 -1 7.0241150635611085 0.0 0.0 
-15.0 9.285714285714286 0.0 11 24.355756731082245 0.0 0.0 
-12.857142857142858 -9.285714285714286 0.0 4 -79.74304905692611 0.0 0.0 
-12.857142857142858 -8.571428571428571 0.0 43 -24.88337980365167 0.0 0.0 
-12.857142857142858 -7.857142857142858 0.0 66 4.590628180921584 0.0 0.0 
-12.857142857142858 -7.142857142857143 0.0 56 1.2702361077566309 0.0 0.0 
-12.857142857142858 -6.428571428571429 0.0 39 -11.09643147650955 0.0 0.0 
-12.857142857142858 -5.714285714285714 0.0 20 -39.229023595997205 0.0 0.0 
-12.857142857142858 -5.0 0.0 0 -61.89315478725942 0.0 0.0 
-12.857142857142858 -4.285714285714286 0.0 -6 -75.40341417638302 0.0 0.0 
-12.857142857142858 -3.5714285714285716 0.0 -9 -70.61302752825597 0.0 0.0 
-12.857142857142858 -2.857142857142857 0.0 -15 -70.69374071353792 0.0 0.0 
-12.857142857142858 -2.142857142857143 0.0 -17 -58.317024920134195 0.0 0.0 
-12.857142857142858 2.142857142857143 0.0 -4 -19.132028888965607 0.0 0.0 
-12.857142857142858 2.857142857142857 0.0 -3 -6.925104692345069 0.0 0.0 
-12.857142857142858 3.5714285714285716 0.0 -5 -23.62239684577597 0.0 0.0 
-12.857142857142858 4.285714285714286 0.0 -25 -54.045678279878175 0.0 0.0 
-12.857142857142858 5.0 0.0 -26 -56.5229329981632 0.0 0.0 
-12.857142857142858 5.714285714285714 0.0 0 -13.262202977469048 0.0 0.0 
-12.857142857142858 6.428571428571429 0.0 -21 -59.976920649024535 0.0 0.0 
-12.857142857142858 7.142857142857143 0.0 -48 -103.65622475017325 0.0 0.0 
-12.857142857142858 7.857142857142858 0.0 -32 -91.10487012125829 0.0 0.0 
-12.857142857142858 8.571428571428571 0.0 1 -20.231961909859233 0.0 0.0 
-12.857142857142858 9.285714285714286 0.0 9 -17.09542093963015 0.0 0.0 
-10.714285714285714 -9.285714285714286 0.0 54 -49.85091866289921 0.0 0.0 
-10.714285714285714 -8.571428571428571 0.0 74 29.130769821099975 0.0 0.0 
-10.714285714285714 -7.857142857142858 0.0 70 3.741073833296923 0.0 0.0 
-10.714285714285714 -7.142857142857143 0.0 48 21.920441383970626 0.0 0.0 
-10.714285714285714 -6.428571428571429 0.0 30 -23.018965010202734 0.0 0.0 
-10.714285714285714 -5.714285714285714 0.0 6 -28.513437518888793 0.0 0.0 
-10.714285714285714 -5.0 0.0 -14 -73.00184519415613 0.0 0.0 
-10.714285714285714 -4.285714285714286 0.0 -30 -76.91184269746104 0.0 0.0 
-10.714285714285714 -3.5714285714285716 0.0 -40 -98.49010619652478 0.0 0.0 
-10.714285714285714 -2.857142857142857 0.0 -45 -91.95226622239677 0.0 0.0 
-10.714285714285714 -2.142857142857143 0.0 -32 -76.5531706904962 0.0 0.0 
-10.714285714285714 2.142857142857143 0.0 -11 -34.64729596163388 0.0 0.0 
-10.714285714285714 2.857142857142857 0.0 -11 -27.79638712625792 0.0 0.0 
-10.714285714285714 3.5714285714285716 0.0 -7 -35.2185691159889 0.0 0.0 
-10.714285714285714 4.285714285714286 0.0 -25 -67.96220436368483 0.0 0.0 
-10.714285714285714 5.0 0.0 -22 -63.69069241100485 0.0 0.0 
-10.714285714285714 5.714285714285714 0.0 -1 -32.22072442588123 0.0 0.0 
-10.714285714285714 6.428571428571429 0.0 -24 -78.6675871081782 0.0 0.0 
-10.714285714285714 7.142857142857143 0.0 -50 -120.18258555928674 0.0 0.0 
-10.714285714285714 7.857142857142858 0.0 -25 -89.3562048901614 0.0 0.0 
-10.714285714285714 8.571428571428571 0.0 0 -26.13470932289032 0.0 0.0 
-10.714285714285714 9.285714285714286 0.0 -4 -40.128116420231464 0.0 0.0 
-8.571428571428571 -9.285714285714286 0.0 75 10.335766330209538 0.0 0.0 
-8.571428571428571 -8.571428571428571 0.0 70 86.50584385564576 0.0 0.0 
-8.571428571428571 -7.857142857142858 0.0 50 23.63683709678736 0.0 0.0 
-8.571428571428571 -7.142857142857143 0.0 16 34.125444155979025 0.0 0.0 
-8.571428571428571 -6.428571428571429 0.0 -10 -43.75779666448231 0.0 0.0 
-8.571428571428571 -5.714285714285714 0.0 -40 -54.795349493000685 0.0 0.0 
-8.571428571428571 -5.0 0.0 -53 -105.39228782112471 0.0 0.0 
-8.571428571428571 -4.285714285714286 0.0 -53 -90.4380239007416 0.0 0.0 
-8.571428571428571 -3.5714285714285716 0.0 -48 -105.29406818319103 0.0 0.0 
-8.571428571428571 -2.857142857142857 0.0 -36 -73.71955702265518 0.0 0.0 
-8.571428571428571 -2.142857142857143 0.0 -15 -54.59331998255135 0.0 0.0 
-8.571428571428571 2.142857142857143 0.0 -24 -53.89545367465635 0.0 0.0 
-8.571428571428571 2.857142857142857 0.0 -15 -36.316823585296156 0.0 0.0 
-8.571428571428571 3.5714285714285716 0.0 0 -25.334344261084343 0.0 0.0 
-8.571428571428571 4.285714285714286 0.0 -20 -60.21225194791651 0.0 0.0 
-8.571428571428571 5.0 0.0 -22 -55.1610413483924 0.0 0.0 
-8.571428571428571 5.714285714285714 0.0 -9 -39.105612422742524 0.0 0.0 
-8.571428571428571 6.428571428571429 0.0 -35 -86.9754389139099 0.0 0.0 
-8.571428571428571 7.142857142857143 0.0 -52 -113.79809017216172 0.0 0.0 
-8.571428571428571 7.857142857142858 0.0 -18 -65.12481439807533 0.0 0.0 
-8.571428571428571 8.571428571428571 0.0 10 -1.6261458210635524 0.0 0.0 
-8.571428571428571 9.285714285714286 0.0 -5 -22.01577914057581 0.0 0.0 
-6.428571428571429 -9.285714285714286 0.0 51 56.70548643551155 0.0 0.0 
-6.428571428571429 -8.571428571428571 0.0 18 36.64266222109555 0.0 0.0 
-6.428571428571429 -7.857142857142858 0.0 -3 -6.698448441912934 0.0 0.0 
-6.428571428571429 -7.142857142857143 0.0 -20 -20.953316880028492 0.0 0.0 
-6.428571428571429 -6.428571428571429 0.0 -26 -56.97490623513919 0.0 0.0 
-6.428571428571429 -5.714285714285714 0.0 -35 -65.7988384100465 0.0 0.0 
-6.428571428571429 -5.0 0.0 -31 -81.13957950413867 0.0 0.0 
-6.428571428571429 -4.285714285714286 0.0 -33 -79.37239881166045 0.0 0.0 
-6.428571428571429 -3.5714285714285716 0.0 -38 -97.9465034696749 0.0 0.0 
-6.428571428571429 -2.857142857142857 0.0 -32 -73.35303101119425 0.0 0.0 
-6.428571428571429 -2.142857142857143 0.0 -11 -49.32673731656258 0.0 0.0 
-6.428571428571429 2.142857142857143 0.0 -30 -56.78862690506424 0.0 0.0 
-6.428571428571429 2.857142857142857 0.0 -11 -21.49830014427449 0.0 0.0 
-6.428571428571429 3.5714285714285716 0.0 3 -9.405962457592963 0.0 0.0 
-6.428571428571429 4.285714285714286 0.0 -24 -56.25501441801511 0.0 0.0 
-6.428571428571429 5.0 0.0 -28 -58.907486752862376 0.0 0.0 
-6.428571428571429 5.714285714285714 0.0 -19 -48.94288722841894 0.0 0.0 
-6.428571428571429 6.428571428571429 0.0 -43 -90.2514967348885 0.0 0.0 
-6.428571428571429 7.142857142857143 0.0 -44 -91.52294093851967 0.0 0.0 
-6.428571428571429 7.857142857142858 0.0 -4 -27.691364574273827 0.0 0.0 
-6.428571428571429 8.571428571428571 0.0 21 22.719292906846437 0.0 0.0 
-6.428571428571429 9.285714285714286 0.0 13 8.934695837079962 0.0 0.0 
-4.285714285714286 -9.285714285714286 0.0 12 -16.324450248869972 0.0 0.0 
-4.285714285714286 -8.571428571428571 0.0 20 -2.1159681152693963 0.0 0.0 
-4.285714285714286 -7.857142857142858 0.0 27 12.645950354932111 0.0 0.0 
-4.285714285714286 -7.142857142857143 0.0 19 -11.61611850389292 0.0 0.0 
-4.285714285714286 -6.428571428571429 0.0 -1 -52.67135840379973 0.0 0.0 
-4.285714285714286 -5.714285714285714 0.0 -32 -102.96843776371114 0.0 0.0 
-4.285714285714286 -5.0 0.0 -41 -121.47484567564436 0.0 0.0 
-4.285714285714286 -4.285714285714286 0.0 -53 -140.2500087297247 0.0 0.0 
-4.285714285714286 -3.5714285714285716 0.0 -62 -147.62802018314693 0.0 0.0 
-4.285714285714286 -2.857142857142857 0.0 -46 -113.76413920964323 0.0 0.0 
-4.285714285714286 -2.142857142857143 0.0 -21 -73.45282153094985 0.0 0.0 
-4.285714285714286 2.142857142857143 0.0 -35 -72.42164890215786 0.0 0.0 
-4.285714285714286 2.857142857142857 0.0 0 -21.82353778776223 0.0 0.0 
-4.285714285714286 3.5714285714285716 0.0 6 -15.322511131535869 0.0 0.0 
-4.285714285714286 4.285714285714286 0.0 -31 -77.38156852721048 0.0 0.0 
-4.285714285714286 5.0 0.0 -39 -87.04150258627287 0.0 0.0 
-4.285714285714286 5.714285714285714 0.0 -27 -69.25184437714017 0.0 0.0 
-4.285714285714286 6.428571428571429 0.0 -33 -89.19598181168902 0.0 0.0 
-4.285714285714286 7.142857142857143 0.0 -15 -62.06409300785647 0.0 0.0 
-4.285714285714286 7.857142857142858 0.0 27 14.068454578007195 0.0 0.0 
-4.285714285714286 8.571428571428571 0.0 44 42.871245438443694 0.0 0.0 
-4.285714285714286 9.285714285714286 0.0 27 -2.9099442161764486 0.0 0.0 
-2.142857142857143 -9.285714285714286 0.0 63 56.24314395417039 0.0 0.0 
-2.142857142857143 -8.571428571428571 0.0 56 106.6638139420842 0.0 0.0 
-2.142857142857143 -7.857142857142858 0.0 23 8.65032566311558 0.0 0.0 
-2.142857142857143 -7.142857142857143 0.0 -10 -13.120806301034966 0.0 0.0 
-2.142857142857143 -6.428571428571429 0.0 -53 -123.53543163342651 0.0 0.0 
-2.142857142857143 -5.714285714285714 0.0 -72 -118.45424973362347 0.0 0.0 
-2.142857142857143 -5.0 0.0 -71 -148.7946755166885 0.0 0.0 
-2.142857142857143 -4.285714285714286 0.0 -76 -129.82057754396158 0.0 0.0 
-2.142857142857143 -3.5714285714285716 0.0 -77 -144.36899358976024 0.0 0.0 
-2.142857142857143 -2.857142857142857 0.0 -45 -68.74599873878863 0.0 0.0 
-2.142857142857143 -2.142857142857143 0.0 -22 -43.08613934290902 0.0 0.0 
-2.142857142857143 2.142857142857143 0.0 -25 -20.95560856576374 0.0 0.0 
-2.142857142857143 2.857142857142857 0.0 11 29.58386568970241 0.0 0.0 
-2.142857142857143 3.5714285714285716 0.0 6 19.383496668387302 0.0 0.0 
-2.142857142857143 4.285714285714286 0.0 -39 -59.897951366978646 0.0 0.0 
-2.142857142857143 5.0 0.0 -40 -60.274362398466494 0.0 0.0 
-2.142857142857143 5.714285714285714 0.0 -10 -15.257493947319041 0.0 0.0 
-2.142857142857143 6.428571428571429 0.0 3 1.7410979805446871 0.0 0.0 
-2.142857142857143 7.142857142857143 0.0 32 46.97797153196677 0.0 0.0 
-2.142857142857143 7.857142857142858 0.0 63 102.40594757780998 0.0 0.0 
-2.142857142857143 8.571428571428571 0.0 56 108.37185694638468 0.0 0.0 
-2.142857142857143 9.285714285714286 0.0 8 19.028270527240654 0.0 0.0 
-0.0 -9.285714285714286 0.0 42 82.43224045913958 0.0 0.0 
-0.0 -8.571428571428571 0.0 4 10.131280821555485 0.0 0.0 
-0.0 -7.857142857142858 0.0 -19 -21.826139694424228 0.0 0.0 
-0.0 -7.142857142857143 0.0 -45 -84.57153833799931 0.0 0.0 
-0.0 -6.428571428571429 0.0 -79 -136.23667611174835 0.0 0.0 
-0.0 -5.714285714285714 0.0 -88 -146.6454741527102 0.0 0.0 
-0.0 -5.0 0.0 -77 -137.5380938265984 0.0 0.0 
-0.0 -4.285714285714286 0.0 -92 -149.65112683519396 0.0 0.0 
-0.0 -3.5714285714285716 0.0 -84 -126.30061200607537 0.0 0.0 
-0.0 -2.857142857142857 0.0 -49 -58.05662328707315 0.0 0.0 
-0.0 -2.142857142857143 0.0 -35 -40.10366527642262 0.0 0.0 
-0.0 2.142857142857143 0.0 1 11.575944097885703 0.0 0.0 
-0.0 2.857142857142857 0.0 30 60.4922204355223 0.0 0.0 
-0.0 3.5714285714285716 0.0 8 24.533908405954087 0.0 0.0 
-0.0 4.285714285714286 0.0 -45 -60.32393012255867 0.0 0.0 
-0.0 5.0 0.0 -36 -40.451357038205074 0.0 0.0 
-0.0 5.714285714285714 0.0 12 37.19913867449263 0.0 0.0 
-0.0 6.428571428571429 0.0 33 58.90385285049561 0.0 0.0 
-0.0 7.142857142857143 0.0 56 96.49860030291075 0.0 0.0 
-0.0 7.857142857142858 0.0 67 106.96008178904977 0.0 0.0 
-0.0 8.571428571428571 0.0 44 77.72975418402963 0.0 0.0 
-0.0 9.285714285714286 0.0 4 7.609569647048488 0.0 0.0 
0.0 -9.285714285714286 0.0 20 36.81927903880475 0.0 0.0 
0.0 -8.571428571428571 0.0 -1 -14.108382076291903 0.0 0.0 
0.0 -7.857142857142858 0.0 -28 -50.60423501160456 0.0 0.0 
0.0 -7.142857142857143 0.0 -61 -123.52970302660478 0.0 0.0 
0.0 -6.428571428571429 0.0 -99 -164.7854272737997 0.0 0.0 
0.0 -5.714285714285714 0.0 -95 -160.4338473373624 0.0 0.0 
0.0 -5.0 0.0 -92 -152.5717900194476 0.0 0.0 
0.0 -4.285714285714286 0.0 -110 -171.92885947851389 0.0 0.0 
0.0 -3.5714285714285716 0.0 -84 -116.00350923329987 0.0 0.0 
0.0 -2.857142857142857 0.0 -39 -49.166573371685566 0.0 0.0 
0.0 -2.142857142857143 0.0 -34 -33.0028121588256 0.0 0.0 
0.0 2.142857142857143 0.0 10 36.61355162666216 0.0 0.0 
0.0 2.857142857142857 0.0 18 65.64716207133793 0.0 0.0 
0.0 3.5714285714285716 0.0 -13 -2.4756953315935633 0.0 0.0 
0.0 4.285714285714286 0.0 -60 -75.89116817772071 0.0 0.0 
0.0 5.0 0.0 -19 -13.175346757977806 0.0 0.0 
0.0 5.714285714285714 0.0 55 93.39005461277462 0.0 0.0 
0.0 6.428571428571429 0.0 72 102.87419448985169 0.0 0.0 
0.0 7.142857142857143 0.0 80 121.44907020262035 0.0 0.0 
0.0 7.857142857142858 0.0 68 96.80338923766763 0.0 0.0 
0.0 8.571428571428571 0.0 18 32.26605196693118 0.0 0.0 
0.0 9.285714285714286 0.0 -8 -43.9513132219635 0.0 0.0 
2.142857142857143 -9.285714285714286 0.0 16 41.30152347029208 0.0 0.0 
2.142857142857143 -8.571428571428571 0.0 -25 -8.684495826318312 0.0 0.0 
2.142857142857143 -7.857142857142858 0.0 -61 -72.64103533186916 0.0 0.0 
2.142857142857143 -7.142857142857143 0.0 -95 -127.19372869025302 0.0 0.0 
2.142857142857143 -6.428571428571429 0.0 -127 -160.0725837131049 0.0 0.0 
2.142857142857143 -5.714285714285714 0.0 -106 -126.72153968616297 0.0 0.0 
2.142857142857143 -5.0 0.0 -105 -130.01970581764718 0.0 0.0 
2.142857142857143 -4.285714285714286 0.0 -115 -118.79785430995136 0.0 0.0 
2.142857142857143 -3.5714285714285716 0.0 -68 -38.61086351767699 0.0 0.0 
2.142857142857143 -2.857142857142857 0.0 -30 13.194124130234087 0.0 0.0 
2.142857142857143 -2.142857142857143 0.0 -38 19.08314010943633 0.0 0.0 
2.142857142857143 1.4285714285714286 0.0 9 61.53100092801692 0.0 0.0 
2.142857142857143 2.142857142857143 0.0 -2 37.595879808971944 0.0 0.0 
2.142857142857143 2.857142857142857 0.0 10 58.88838910555972 0.0 0.0 
2.142857142857143 3.5714285714285716 0.0 -3 3.626139297038751 0.0 0.0 
2.142857142857143 4.285714285714286 0.0 -18 -24.149224860734236 0.0 0.0 
2.142857142857143 5.0 0.0 57 96.62458654342902 0.0 0.0 
2.142857142857143 5.714285714285714 0.0 119 180.69652867499332 0.0 0.0 
2.142857142857143 6.428571428571429 0.0 95 155.21649216903296 0.0 0.0 
2.142857142857143 7.142857142857143 0.0 67 119.61908750035083 0.0 0.0 
2.142857142857143 7.857142857142858 0.0 31 58.09307308820951 0.0 0.0 
2.142857142857143 8.571428571428571 0.0 -21 -13.245804246249435 0.0 0.0 
2.142857142857143 9.285714285714286 0.0 -30 -51.289448572415964 0.0 0.0 
4.285714285714286 -9.285714285714286 0.0 -21 42.25122347544129 0.0 0.0 
4.285714285714286 -8.571428571428571 0.0 -70 -30.51118015024916 0.0 0.0 
4.285714285714286 -7.857142857142858 0.0 -100 -70.84437028470535 0.0 0.0 
4.285714285714286 -7.142857142857143 0.0 -129 -120.56232345898657 0.0 0.0 
4.285714285714286 -6.428571428571429 0.0 -143 -118.08636514906368 0.0 0.0 
4.285714285714286 -5.714285714285714 0.0 -120 -86.66166306978542 0.0 0.0 
4.285714285714286 -5.0 0.0 -129 -94.26963698232791 0.0 0.0 
4.285714285714286 -4.285714285714286 0.0 -124 -61.27913110023542 0.0 0.0 
4.285714285714286 -3.5714285714285716 0.0 -60 25.406654900040365 0.0 0.0 
4.285714285714286 -2.857142857142857 0.0 -35 52.73945796368248 0.0 0.0 
4.285714285714286 -2.142857142857143 0.0 -29 78.05315093442458 0.0 0.0 
4.285714285714286 -1.4285714285714286 0.0 29 152.1625393085124 0.0 0.0 
4.285714285714286 1.4285714285714286 0.0 34 69.3012999764866 0.0 0.0 
4.285714285714286 2.142857142857143 0.0 20 64.27020287772422 0.0 0.0 
4.285714285714286 2.857142857142857 0.0 45 91.84831563907719 0.0 0.0 
4.285714285714286 3.5714285714285716 0.0 41 60.06123616538541 0.0 0.0 
4.285714285714286 4.285714285714286 0.0 39 61.49221306059574 0.0 0.0 
4.285714285714286 5.0 0.0 121 198.26195960469215 0.0 0.0 
4.285714285714286 5.714285714285714 0.0 122 211.44393593466447 0.0 0.0 
4.285714285714286 6.428571428571429 0.0 47 132.38009008500032 0.0 0.0 
4.285714285714286 7.142857142857143 0.0 8 54.02901878859402 0.0 0.0 
4.285714285714286 7.857142857142858 0.0 -29 -13.272221199026397 0.0 0.0 
4.285714285714286 8.571428571428571 0.0 -53 -43.45470687602238 0.0 0.0 
4.285714285714286 9.285714285714286 0.0 -23 -2.463352152680791 0.0 0.0 
6.428571428571429 -9.285714285714286 0.0 -67 25.795753580496488 0.0 0.0 
6.428571428571429 -8.571428571428571 0.0 -121 -71.1348643331732 0.0 0.0 
6.428571428571429 -7.857142857142858 0.0 -143 -79.73187919641234 0.0 0.0 
6.428571428571429 -7.142857142857143 0.0 -164 -133.6891757725878 0.0 0.0 
6.428571428571429 -6.428571428571429 0.0 -164 -105.81612619862557 0.0 0.0 
6.428571428571429 -5.714285714285714 0.0 -133 -86.19298606495866 0.0 0.0 
6.428571428571429 -5.0 0.0 -136 -83.04770846711801 0.0 0.0 
6.428571428571429 -4.285714285714286 0.0 -100 -23.405652552927364 0.0 0.0 
6.428571428571429 -3.5714285714285716 0.0 -27 67.59445165432275 0.0 0.0 
6.428571428571429 -2.857142857142857 0.0 -7 75.72361725580852 0.0 0.0 
6.428571428571429 -2.142857142857143 0.0 29 128.1377976625477 0.0 0.0 
6.428571428571429 -1.4285714285714286 0.0 94 200.08028746850954 0.0 0.0 
6.428571428571429 -0.7142857142857143 0.0 97 204.55231421296838 0.0 0.0 
6.428571428571429 -0.0 0.0 74 166.2573669289988 0.0 0.0 
6.428571428571429 0.0 0.0 68 136.7879842873972 0.0 0.0 
6.428571428571429 2.142857142857143 0.0 18 63.343982497313206 0.0 0.0 
6.428571428571429 2.857142857142857 0.0 56 104.13232656415153 0.0 0.0 
6.428571428571429 3.5714285714285716 0.0 59 85.09327327694604 0.0 0.0 
6.428571428571429 4.285714285714286 0.0 76 124.2828926889087 0.0 0.0 
6.428571428571429 5.0 0.0 139 233.4428437764755 0.0 0.0 
6.428571428571429 5.714285714285714 0.0 76 181.14124108527932 0.0 0.0 
6.428571428571429 6.428571428571429 0.0 -22 41.91895962710882 0.0 0.0 
6.428571428571429 7.142857142857143 0.0 -43 -21.147764764758662 0.0 0.0 
6.428571428571429 7.857142857142858 0.0 -74 -81.84322309065556 0.0 0.0 
6.428571428571429 8.571428571428571 0.0 -72 -50.89174377287971 0.0 0.0 
6.428571428571429 9.285714285714286 0.0 9 56.97357518524517 0.0 0.0 
8.571428571428571 -9.285714285714286 0.0 -126 -47.67439484212301 0.0 0.0 
8.571428571428571 -8.571428571428571 0.0 -162 -157.11043541695736 0.0 0.0 
8.571428571428571 -7.857142857142858 0.0 -162 -121.29295540477716 0.0 0.0 
8.571428571428571 -7.142857142857143 0.0 -162 -174.76845789356065 0.0 0.0 
8.571428571428571 -6.428571428571429 0.0 -144 -111.62481048244737 0.0 0.0 
8.571428571428571 -5.714285714285714 0.0 -107 -104.89360036495438 0.0 0.0 
8.571428571428571 -5.0 0.0 -96 -71.6254823769697 0.0 0.0 
8.571428571428571 -4.285714285714286 0.0 -34 -2.2443120648998445 0.0 0.0 
8.571428571428571 -3.5714285714285716 0.0 35 94.92969165680896 0.0 0.0 
8.571428571428571 -2.857142857142857 0.0 58 112.75510102084797 0.0 0.0 
8.571428571428571 -2.142857142857143 0.0 115 211.2411438631609 0.0 0.0 
8.571428571428571 -1.4285714285714286 0.0 156 260.5677919164618 0.0 0.0 
8.571428571428571 -0.7142857142857143 0.0 119 240.7486832897666 0.0 0.0 
8.571428571428571 -0.0 0.0 91 175.2182147146683 0.0 0.0 
8.571428571428571 0.0 0.0 56 113.76353770583933 0.0 0.0 
8.571428571428571 0.7142857142857143 0.0 43 83.16651926861223 0.0 0.0 
8.571428571428571 1.4285714285714286 0.0 12 22.198331172824744 0.0 0.0 
8.571428571428571 3.5714285714285716 0.0 82 115.30107062717698 0.0 0.0 
8.571428571428571 4.285714285714286 0.0 107 183.4391005253978 0.0 0.0 
8.571428571428571 5.0 0.0 106 196.88436317556742 0.0 0.0 
8.571428571428571 5.714285714285714 0.0 5 99.16053089977852 0.0 0.0 
8.571428571428571 6.428571428571429 0.0 -88 -79.66612785925972 0.0 0.0 
8.571428571428571 7.142857142857143 0.0 -78 -68.17186249452067 0.0 0.0 
8.571428571428571 7.857142857142858 0.0 -88 -108.91097101985235 0.0 0.0 
8.571428571428571 8.571428571428571 0.0 -74 -29.565545787237824 0.0 0.0 
8.571428571428571 9.285714285714286 0.0 41 113.23150980141472 0.0 0.0 
10.714285714285714 -9.285714285714286 0.0 -138 -126.0143703282809 0.0 0.0 
10.714285714285714 -8.571428571428571 0.0 -157 -189.02323282286 0.0 0.0 
10.714285714285714 -7.857142857142858 0.0 -147 -158.84771715842984 0.0 0.0 
10.714285714285714 -7.142857142857143 0.0 -136 -183.66387136228838 0.0 0.0 
10.714285714285714 -6.428571428571429 0.0 -108 -111.15630291997508 0.0 0.0 
10.714285714285714 -5.714285714285714 0.0 -56 -80.83581621646454 0.0 0.0 
10.714285714285714 -5.0 0.0 -24 -11.228250556380942 0.0 0.0 
10.714285714285714 -4.285714285714286 0.0 53 86.36646474031285 0.0 0.0 
10.714285714285714 -3.5714285714285716 0.0 99 173.1967380523473 0.0 0.0 
10.714285714285714 -2.857142857142857 0.0 107 188.5194134286443 0.0 0.0 
10.714285714285714 -2.142857142857143 0.0 131 248.6317883072074 0.0 0.0 
10.714285714285714 -1.4285714285714286 0.0 121 229.207798575857 0.0 0.0 
10.714285714285714 -0.7142857142857143 0.0 72 176.05426688350548 0.0 0.0 
10.714285714285714 -0.0 0.0 63 110.23291190055889 0.0 0.0 
10.714285714285714 0.0 0.0 59 98.01679472813126 0.0 0.0 
10.714285714285714 0.7142857142857143 0.0 55 74.99855427539033 0.0 0.0 
10.714285714285714 1.4285714285714286 0.0 47 65.79804323824695 0.0 0.0 
10.714285714285714 2.142857142857143 0.0 67 109.390428497103 0.0 0.0 
10.714285714285714 4.285714285714286 0.0 59 156.4700889741825 0.0 0.0 
10.714285714285714 5.0 0.0 25 108.06543428306986 0.0 0.0 
10.714285714285714 5.714285714285714 0.0 -82 -35.038920573585926 0.0 0.0 
10.714285714285714 6.428571428571429 0.0 -104 -109.04655211228781 0.0 0.0 
10.714285714285714 7.142857142857143 0.0 -78 -72.3502968073082 0.0 0.0 
10.714285714285714 7.857142857142858 0.0 -58 -70.47910042277026 0.0 0.0 
10.714285714285714 8.571428571428571 0.0 -40 22.195775718408996 0.0 0.0 
10.714285714285714 9.285714285714286 0.0 49 143.46693410795262 0.0 0.0 
12.857142857142858 -9.285714285714286 0.0 -135 -183.35449757984793 0.0 0.0 
12.857142857142858 -8.571428571428571 0.0 -149 -214.76714513100148 0.0 0.0 
12.857142857142858 -7.857142857142858 0.0 -118 -165.14867575104233 0.0 0.0 
12.857142857142858 -7.142857142857143 0.0 -99 -153.9959822313908 0.0 0.0 
12.857142857142858 -6.428571428571429 0.0 -54 -60.58443732532763 0.0 0.0 
12.857142857142858 -5.714285714285714 0.0 -9 -18.78546421911713 0.0 0.0 
12.857142857142858 -5.0 0.0 20 50.98755946213801 0.0 0.0 
12.857142857142858 -4.285714285714286 0.0 81 127.26544688695724 0.0 0.0 
12.857142857142858 -3.5714285714285716 0.0 102 170.2658587070513 0.0 0.0 
12.857142857142858 -2.857142857142857 0.0 117 178.77663775549468 0.0 0.0 
12.857142857142858 -2.142857142857143 0.0 137 221.3905865814362 0.0 0.0 
12.857142857142858 -1.4285714285714286 0.0 113 198.92542444135307 0.0 0.0 
12.857142857142858 -0.7142857142857143 0.0 87 173.1276904156705 0.0 0.0 
12.857142857142858 -0.0 0.0 65 105.75856674255189 0.0 0.0 
12.857142857142858 0.0 0.0 58 107.07933445842178 0.0 0.0 
12.857142857142858 0.7142857142857143 0.0 53 72.9941020340982 0.0 0.0 
12.857142857142858 1.4285714285714286 0.0 65 91.04012767896755 0.0 0.0 
12.857142857142858 2.142857142857143 0.0 103 151.56537374155565 0.0 0.0 
12.857142857142858 3.5714285714285716 0.0 27 95.00939174149755 0.0 0.0 
12.857142857142858 4.285714285714286 0.0 2 92.99922101767956 0.0 0.0 
12.857142857142858 5.0 0.0 -36 -4.929873750773545 0.0 0.0 
12.857142857142858 5.714285714285714 0.0 -129 -109.20003442277664 0.0 0.0 
12.857142857142858 6.428571428571429 0.0 -91 -111.33943682971014 0.0 0.0 
12.857142857142858 7.142857142857143 0.0 -40 -36.045038082861254 0.0 0.0 
12.857142857142858 7.857142857142858 0.0 -41 -71.99512660892822 0.0 0.0 
12.857142857142858 8.571428571428571 0.0 34 93.09774339291127 0.0 0.0 
12.857142857142858 9.285714285714286 0.0 54 124.63341084945401 0.0 0.0 
15.0 -9.285714285714286 0.0 -110 -203.30297137288076 0.0 0.0 
15.0 -8.571428571428571 0.0 -111 -170.4292868000127 0.0 0.0 
15.0 -7.857142857142858 0.0 -83 -137.38708270180678 0.0 0.0 
15.0 -7.142857142857143 0.0 -71 -109.04862376004792 0.0 0.0 
15.0 -6.428571428571429 0.0 -38 -56.04856674802065 0.0 0.0 
15.0 -5.714285714285714 0.0 -1 -29.107410003207292 0.0 0.0 
15.0 -5.0 0.0 35 24.969787037162966 0.0 0.0 
15.0 -4.285714285714286 0.0 106 111.9956842452272 0.0 0.0 
15.0 -3.5714285714285716 0.0 135 175.49798280098952 0.0 0.0 
15.0 -2.857142857142857 0.0 153 222.72582818663727 0.0 0.0 
15.0 -2.142857142857143 0.0 160 258.20177732523734 0.0 0.0 
15.0 -1.4285714285714286 0.0 108 198.49705501767272 0.0 0.0 
15.0 -0.7142857142857143 0.0 82 144.877927681902 0.0 0.0 
15.0 -0.0 0.0 40 64.11766046654603 0.0 0.0 
15.0 0.0 0.0 44 82.94355905829144 0.0 0.0 
15.0 0.7142857142857143 0.0 64 88.68600370242271 0.0 0.0 
15.0 1.4285714285714286 0.0 70 126.4442602946651 0.0 0.0 
15.0 2.142857142857143 0.0 113 180.6713857603633 0.0 0.0 
15.0 2.857142857142857 0.0 49 127.68762948774591 0.0 0.0 
15.0 3.5714285714285716 0.0 -25 31.539363901640904 0.0 0.0 
15.0 4.285714285714286 0.0 -49 -35.19407000982775 0.0 0.0 
15.0 5.0 0.0 -75 -82.36505339829006 0.0 0.0 
15.0 5.714285714285714 0.0 -110 -142.3388886076833 0.0 0.0 
15.0 6.428571428571429 0.0 -57 -82.40663651083578 0.0 0.0 
15.0 7.142857142857143 0.0 -3 -29.55509208477916 0.0 0.0 
15.0 7.857142857142858 0.0 -33 -69.7999966491938 0.0 0.0 
15.0 8.571428571428571 0.0 67 108.09849986364958 0.0 0.0 
15.0 9.285714285714286 0.0 84 104.54781797496572 0.0 0.0 
17.142857142857142 -9.285714285714286 0.0 -91 -187.38719726143157 0.0 0.0 
17.142857142857142 -8.571428571428571 0.0 -141 -221.75144891071466 0.0 0.0 
17.142857142857142 -7.857142857142858 0.0 -100 -202.01214343195164 0.0 0.0 
17.142857142857142 -7.142857142857143 0.0 -69 -168.65407940739573 0.0 0.0 
17.142857142857142 -6.428571428571429 0.0 12 -74.59258710910964 0.0 0.0 
17.142857142857142 -5.714285714285714 0.0 73 4.66476691088533 0.0 0.0 
17.142857142857142 -5.0 0.0 124 107.83897019502189 0.0 0.0 
17.142857142857142 -4.285714285714286 0.0 163 192.95826565264093 0.0 0.0 
17.142857142857142 -3.5714285714285716 0.0 144 215.20134494275933 0.0 0.0 
17.142857142857142 -2.857142857142857 0.0 131 209.23301029320967 0.0 0.0 
17.142857142857142 -2.142857142857143 0.0 119 195.4044811764856 0.0 0.0 
17.142857142857142 -1.4285714285714286 0.0 100 163.81593380327064 0.0 0.0 
17.142857142857142 -0.7142857142857143 0.0 103 134.7543027488032 0.0 0.0 
17.142857142857142 -0.0 0.0 94 115.48812808983968 0.0 0.0 
17.142857142857142 0.0 0.0 86 110.54620050574601 0.0 0.0 
17.142857142857142 0.7142857142857143 0.0 88 119.34602113727942 0.0 0.0 
17.142857142857142 1.4285714285714286 0.0 42 91.17565247006857 0.0 0.0 
17.142857142857142 2.142857142857143 0.0 36 114.56546720735275 0.0 0.0 
17.142857142857142 2.857142857142857 0.0 -37 -7.435336769838528 0.0 0.0 
17.142857142857142 3.5714285714285716 0.0 -72 -66.39552831973704 0.0 0.0 
17.142857142857142 4.285714285714286 0.0 -58 -96.42641495994145 0.0 0.0 
17.142857142857142 5.0 0.0 -67 -115.30822121317014 0.0 0.0 
17.142857142857142 5.714285714285714 0.0 -35 -107.03385449356473 0.0 0.0 
17.142857142857142 6.428571428571429 0.0 -2 -53.6722602023702 0.0 0.0 
17.142857142857142 7.142857142857143 0.0 22 -31.638682268244185 0.0 0.0 
17.142857142857142 7.857142857142858 0.0 -21 -84.3176861366566 0.0 0.0 
17.142857142857142 8.571428571428571 0.0 41 72.5352317128143 0.0 0.0 
17.142857142857142 9.285714285714286 0.0 55 26.193226856493354 0.0 0.0 
19.285714285714285 -9.285714285714286 0.0 -113 -328.23548100628955 0.0 0.0 
19.285714285714285 -8.571428571428571 0.0 -111 -326.2769373873243 0.0 0.0 
19.285714285714285 -7.857142857142858 0.0 -21 -192.33980895096607 0.0 0.0 
19.285714285714285 -7.142857142857143 0.0 34 -126.4854789016395 0.0 0.0 
19.285714285714285 -6.428571428571429 0.0 100 0.7366658331956017 0.0 0.0 
19.285714285714285 -5.714285714285714 0.0 141 48.58367899410487 0.0 0.0 
19.285714285714285 -5.0 0.0 175 147.5036615561135 0.0 0.0 
19.285714285714285 -4.285714285714286 0.0 196 195.6259673864717 0.0 0.0 
19.285714285714285 -3.5714285714285716 0.0 187 236.2424362960193 0.0 0.0 
19.285714285714285 -2.857142857142857 0.0 167 220.49016056587521 0.0 0.0 
19.285714285714285 -2.142857142857143 0.0 122 188.24562972445904 0.0 0.0 
19.285714285714285 -1.4285714285714286 0.0 72 114.03344672116562 0.0 0.0 
19.285714285714285 -0.7142857142857143 0.0 32 46.57078986623546 0.0 0.0 
19.285714285714285 -0.0 0.0 31 31.999179435401103 0.0 0.0 
19.285714285714285 0.0 0.0 41 43.347900352678536 0.0 0.0 
19.285714285714285 0.7142857142857143 0.0 59 69.88141217864589 0.0 0.0 
19.285714285714285 1.4285714285714286 0.0 34 57.62319358453563 0.0 0.0 
19.285714285714285 2.142857142857143 0.0 9 35.0270268507857 0.0 0.0 
19.285714285714285 2.857142857142857 0.0 -45 -65.6190649145589 0.0 0.0 
19.285714285714285 3.5714285714285716 0.0 -73 -128.6356342969628 0.0 0.0 
19.285714285714285 4.285714285714286 0.0 -46 -124.48758797118367 0.0 0.0 
19.285714285714285 5.0 0.0 -61 -155.89840699000632 0.0 0.0 
19.285714285714285 5.714285714285714 0.0 -7 -107.82909225367081 0.0 0.0 
19.285714285714285 6.428571428571429 0.0 17 -72.89203325128922 0.0 0.0 
19.285714285714285 7.142857142857143 0.0 19 -67.0575959324106 0.0 0.0 
19.285714285714285 7.857142857142858 0.0 8 -90.94328370470697 0.0 0.0 
19.285714285714285 8.571428571428571 0.0 42 38.04468807805698 0.0 0.0 
19.285714285714285 9.285714285714286 0.0 20 -56.59819714420166 0.0 0.0 
21.428571428571427 -9.285714285714286 0.0 -21 -333.1213376892998 0.0 0.0 
21.428571428571427 -8.571428571428571 0.0 45 -50.34155096634271 0.0 0.0 
21.428571428571427 -7.857142857142858 0.0 105 -61.40232929281245 0.0 0.0 
21.428571428571427 -7.142857142857143 0.0 136 99.84460162370384 0.0 0.0 
21.428571428571427 -6.428571428571429 0.0 164 108.63904341449123 0.0 0.0 
21.428571428571427 -5.714285714285714 0.0 157 192.7954485554173 0.0 0.0 
21.428571428571427 -5.0 0.0 148 198.21637616338373 0.0 0.0 
21.428571428571427 -4.285714285714286 0.0 113 205.3826483812592 0.0 0.0 
21.428571428571427 -3.5714285714285716 0.0 74 160.52919194039862 0.0 0.0 
21.428571428571427 -2.857142857142857 0.0 53 124.63915987541444 0.0 0.0 
21.428571428571427 -2.142857142857143 0.0 33 91.60832153296941 0.0 0.0 
21.428571428571427 -1.4285714285714286 0.0 49 80.73932397004803 0.0 0.0 
21.428571428571427 -0.7142857142857143 0.0 49 67.6397712959288 0.0 0.0 
21.428571428571427 -0.0 0.0 69 77.80756313456797 0.0 0.0 
21.428571428571427 0.0 0.0 69 84.48475641005498 0.0 0.0 
21.428571428571427 0.7142857142857143 0.0 44 49.740406856776104 0.0 0.0 
21.428571428571427 1.4285714285714286 0.0 19 9.321335234206117 0.0 0.0 
21.428571428571427 2.142857142857143 0.0 -25 -85.23438265665018 0.0 0.0 
21.428571428571427 2.857142857142857 0.0 -50 -148.81555649764226 0.0 0.0 
21.428571428571427 3.5714285714285716 0.0 -61 -205.18184933196025 0.0 0.0 
21.428571428571427 4.285714285714286 0.0 -29 -173.06551270043985 0.0 0.0 
21.428571428571427 5.0 0.0 -36 -190.50602138635156 0.0 0.0 
21.428571428571427 5.714285714285714 0.0 -3 -133.60453177711477 0.0 0.0 
21.428571428571427 6.428571428571429 0.0 15 -107.37798551202368 0.0 0.0 
21.428571428571427 7.142857142857143 0.0 0 -114.46730380124927 0.0 0.0 
21.428571428571427 7.857142857142858 0.0 18 -118.39271556723274 0.0 0.0 
21.428571428571427 8.571428571428571 0.0 48 -3.499336089532349 0.0 0.0 
21.428571428571427 9.285714285714286 0.0 -22 -188.8656390456119 0.0 0.0 
23.57142857142857 -9.285714285714286 0.0 93 -24.72771388008197 0.0 0.0 
23.57142857142857 -8.571428571428571 0.0 62 187.063218701528 0.0 0.0 
23.57142857142857 -7.857142857142858 0.0 59 33.82614666089388 0.0 0.0 
23.57142857142857 -7.142857142857143 0.0 19 147.482989731007 0.0 0.0 
23.57142857142857 -6.428571428571429 0.0 25 22.68764234784743 0.0 0.0 
23.57142857142857 -5.714285714285714 0.0 22 127.37050982862269 0.0 0.0 
23.57142857142857 -5.0 0.0 49 65.34695341587931 0.0 0.0 
23.57142857142857 -4.285714285714286 0.0 86 217.8876301587522 0.0 0.0 
23.57142857142857 -3.5714285714285716 0.0 105 150.03961598329732 0.0 0.0 
23.57142857142857 -2.857142857142857 0.0 151 288.92772218993065 0.0 0.0 
23.57142857142857 -2.142857142857143 0.0 138 150.67617368459406 0.0 0.0 
23.57142857142857 -1.4285714285714286 0.0 147 229.76584140981453 0.0 0.0 
23.57142857142857 -0.7142857142857143 0.0 118 66.75629930600326 0.0 0.0 
23.57142857142857 -0.0 0.0 96 127.30344541428073 0.0 0.0 
23.57142857142857 0.0 0.0 66 -8.166995547851371 0.0 0.0 
23.57142857142857 0.7142857142857143 0.0 1 -11.567014381826937 0.0 0.0 
23.57142857142857 1.4285714285714286 0.0 -26 -153.3108653663371 0.0 0.0 
23.57142857142857 2.142857142857143 0.0 -65 -167.53501787708325 0.0 0.0 
23.57142857142857 2.857142857142857 0.0 -61 -250.6352922509642 0.0 0.0 
23.57142857142857 3.5714285714285716 0.0 -44 -196.45885369754387 0.0 0.0 
23.57142857142857 4.285714285714286 0.0 -15 -203.8631196573344 0.0 0.0 
23.57142857142857 5.0 0.0 1 -146.80202818015155 0.0 0.0 
23.57142857142857 5.714285714285714 0.0 5 -149.14661734601654 0.0 0.0 
23.57142857142857 6.428571428571429 0.0 16 -92.67600568460114 0.0 0.0 
23.57142857142857 7.142857142857143 0.0 -12 -141.7772499075296 0.0 0.0 
23.57142857142857 7.857142857142858 0.0 0 -126.20370963921471 0.0 0.0 
23.57142857142857 8.571428571428571 0.0 27 -69.55081374153707 0.0 0.0 
23.57142857142857 9.285714285714286 0.0 -70 -252.5248186313389 0.0 0.0 
25.714285714285715 -9.285714285714286 0.0 -37 -32.435103285145516 0.0 0.0 
25.714285714285715 -8.571428571428571 0.0 -97 -272.1454727134347 0.0 0.0 
25.714285714285715 -7.857142857142858 0.0 -28 -182.6820901221613 0.0 0.0 
25.714285714285715 -7.142857142857143 0.0 64 -130.28532760949398 0.0 0.0 
25.714285714285715 -6.428571428571429 0.0 178 83.98912060934066 0.0 0.0 
25.714285714285715 -5.714285714285714 0.0 262 187.82703026362378 0.0 0.0 
25.714285714285715 -5.0 0.0 289 293.5559948874598 0.0 0.0 
25.714285714285715 -4.285714285714286 0.0 278 269.97480719336977 0.0 0.0 
25.714285714285715 -3.5714285714285716 0.0 200 211.0371167587458 0.0 0.0 
25.714285714285715 -2.857142857142857 0.0 151 136.27697257718734 0.0 0.0 
25.714285714285715 -2.142857142857143 0.0 97 80.15325664265131 0.0 0.0 
25.714285714285715 -1.4285714285714286 0.0 69 13.696274139153559 0.0 0.0 
25.714285714285715 -0.7142857142857143 0.0 54 -14.857707960971481 0.0 0.0 
25.714285714285715 -0.0 0.0 15 -96.66003261006863 0.0 0.0 
25.714285714285715 0.0 0.0 -4 -126.6492775838517 0.0 0.0 
25.714285714285715 0.7142857142857143 0.0 -57 -221.12851140322178 0.0 0.0 
25.714285714285715 1.4285714285714286 0.0 -62 -231.6277451202195 0.0 0.0 
25.714285714285715 2.142857142857143 0.0 -76 -266.3665575400649 0.0 0.0 
25.714285714285715 2.857142857142857 0.0 -65 -247.60929586520234 0.0 0.0 
25.714285714285715 3.5714285714285716 0.0 -50 -230.8358500939441 0.0 0.0 
25.714285714285715 4.285714285714286 0.0 -48 -209.24864870460348 0.0 0.0 
25.714285714285715 5.0 0.0 -32 -193.41568797203738 0.0 0.0 
25.714285714285715 5.714285714285714 0.0 -33 -181.87285771160734 0.0 0.0 
25.714285714285715 6.428571428571429 0.0 -24 -165.13127590221646 0.0 0.0 
25.714285714285715 7.142857142857143 0.0 -23 -145.30642198987266 0.0 0.0 
25.714285714285715 7.857142857142858 0.0 -18 -150.11117975334156 0.0 0.0 
25.714285714285715 8.571428571428571 0.0 12 -74.89886318687974 0.0 0.0 
25.714285714285715 9.285714285714286 0.0 -77 -248.65445465704659 0.0 0.0 
27.857142857142858 -9.285714285714286 0.0 65 -179.90429507638197 0.0 0.0 
27.857142857142858 -8.571428571428571 0.0 195 7.962638285684648 0.0 0.0 
27.857142857142858 -7.857142857142858 0.0 262 151.2764985317708 0.0 0.0 
27.857142857142858 -7.142857142857143 0.0 273 220.6906368505276 0.0 0.0 
27.857142857142858 -6.428571428571429 0.0 266 246.05774878231318 0.0 0.0 
27.857142857142858 -5.714285714285714 0.0 204 168.9049541501862 0.0 0.0 
27.857142857142858 -5.0 0.0 146 112.35616981439296 0.0 0.0 
27.857142857142858 -4.285714285714286 0.0 97 44.86395174923902 0.0 0.0 
27.857142857142858 -3.5714285714285716 0.0 66 40.75596644685879 0.0 0.0 
27.857142857142858 -2.857142857142857 0.0 31 -9.83747476534839 0.0 0.0 
27.857142857142858 -2.142857142857143 0.0 5 -22.179600904234675 0.0 0.0 
27.857142857142858 -1.4285714285714286 0.0 -31 -103.84334123997083 0.0 0.0 
27.857142857142858 -0.7142857142857143 0.0 -47 -129.7748926081408 0.0 0.0 
27.857142857142858 -0.0 0.0 -62 -181.34517297945027 0.0 0.0 
27.857142857142858 0.0 0.0 -64 -187.9616734801721 0.0 0.0 
27.857142857142858 0.7142857142857143 0.0 -69 -205.96553125978076 0.0 0.0 
27.857142857142858 1.4285714285714286 0.0 -80 -210.45644840258012 0.0 0.0 
27.857142857142858 2.142857142857143 0.0 -80 -203.0179048843705 0.0 0.0 
27.857142857142858 2.857142857142857 0.0 -85 -198.16424079677643 0.0 0.0 
27.857142857142858 3.5714285714285716 0.0 -69 -166.3503090185677 0.0 0.0 
27.857142857142858 4.285714285714286 0.0 -66 -141.12947701935406 0.0 0.0 
27.857142857142858 5.0 0.0 -48 -114.2164596926371 0.0 0.0 
27.857142857142858 5.714285714285714 0.0 -33 -78.54703494990021 0.0 0.0 
27.857142857142858 6.428571428571429 0.0 -27 -78.4193960089224 0.0 0.0 
27.857142857142858 7.142857142857143 0.0 -5 -33.95080775890899 0.0 0.0 
27.857142857142858 7.857142857142858 0.0 -11 -43.84479703800762 0.0 0.0 
27.857142857142858 8.571428571428571 0.0 7 18.132889158902536 0.0 0.0 
27.857142857142858 9.285714285714286 0.0 -58 -118.91975056923083 0.0 0.0 
