-27.857142857142858 -9.285714285714286 0.0 0 -0.16550255470369546 0.0 0.0 
-27.857142857142858 -8.571428571428571 0.0 0 0.04671503403912051 0.0 0.0 
-27.857142857142858 -7.857142857142858 0.0 0 -0.17263581419406693 0.0 0.0 
-27.857142857142858 -7.142857142857143 0.0 0 -0.017602456562624037 0.0 0.0 
-27.857142857142858 -6.428571428571429 0.0 0 -0.2338131015045382 0.0 0.0 
-27.857142857142858 -5.714285714285714 0.0 0 -0.08980744494117898 0.0 0.0 
-27.857142857142858 -5.0 0.0 0 -0.25971429566088633 0.0 0.0 
-27.857142857142858 -4.285714285714286 0.0 0 -0.11227853802424022 0.0 0.0 
-27.857142857142858 -3.5714285714285716 0.0 0 -0.2295552494208279 0.0 0.0 
-27.857142857142858 -2.857142857142857 0.0 0 -0.08182024115090458 0.0 0.0 
-27.857142857142858 -2.142857142857143 0.0 0 -0.1539568489670493 0.0 0.0 
-27.857142857142858 -1.4285714285714286 0.0 0 -0.012685014996277694 0.0 0.0 
-27.857142857142858 -0.7142857142857143 0.0 0 -0.05376586651119314 0.0 0.0 
-27.857142857142858 -0.0 0.0 0 0.07087671591904063 0.0 0.0 
-27.857142857142858 0.0 0.0 0 0.04550398314321488 0.0 0.0 
-27.857142857142858 0.7142857142857143 0.0 0 0.14628988966304296 0.0 0.0 
-27.857142857142858 1.4285714285714286 0.0 0 0.1265494745184353 0.0 0.0 
-27.857142857142858 2.142857142857143 0.0 0 0.2040014208763763 0.0 0.0 
-27.857142857142858 2.857142857142857 0.0 0 0.18880876422815673 0.0 0.0 
-27.857142857142858 3.5714285714285716 0.0 0 0.24531045804375706 0.0 0.0 
-27.857142857142858 4.285714285714286 0.0 0 0.24071770845920593 0.0 0.0 
-27.857142857142858 5.0 0.0 0 0.27712594039502625 0.0 0.0 
-27.857142857142858 5.714285714285714 0.0 0 0.2340392694737546 0.0 0.0 
-27.857142857142858 6.428571428571429 0.0 0 0.30773291539923564 0.0 0.0 
-27.857142857142858 7.142857142857143 0.0 0 0.22800994618062945 0.0 0.0 
-27.857142857142858 7.857142857142858 0.0 0 0.18918661533822417 0.0 0.0 
-27.857142857142858 8.571428571428571 0.0 0 0.15590163321623274 0.0 0.0 
-27.857142857142858 9.285714285714286 0.0 0 0.2710059289272924 0.0 0.0 
-25.714285714285715 -9.285714285714286 0.0 0 -0.06992616455726802 0.0 0.0 
-25.714285714285715 -8.571428571428571 0.0 0 -0.00854374942960652 0.0 0.0 
-25.714285714285715 -7.857142857142858 0.0 0 -0.16058214647863792 0.0 0.0 
-25.714285714285715 -7.142857142857143 0.0 0 -0.16415791600775137 0.0 0.0 
-25.714285714285715 -6.428571428571429 0.0 0 -0.28932164255698295 0.0 0.0 
-25.714285714285715 -5.714285714285714 0.0 0 -0.27108730524669117 0.0 0.0 
-25.714285714285715 -5.0 0.0 0 -0.3269617364436319 0.0 0.0 
-25.714285714285715 -4.285714285714286 0.0 0 -0.27187680397486774 0.0 0.0 
-25.714285714285715 -3.5714285714285716 0.0 0 -0.26743497793992244 0.0 0.0 
-25.714285714285715 -2.857142857142857 0.0 0 -0.18781638616606697 0.0 0.0 
-25.714285714285715 -2.142857142857143 0.0 0 -0.14345285927040652 0.0 0.0 
-25.714285714285715 -1.4285714285714286 0.0 0 -0.054193687858436854 0.0 0.0 
-25.714285714285715 -0.7142857142857143 0.0 0 0.00580434278406039 0.0 0.0 
-25.714285714285715 -0.0 0.0 0 0.08695191308079184 0.0 0.0 
-25.714285714285715 0.0 0.0 0 0.1435866487782317 0.0 0.0 
-25.714285714285715 0.7142857142857143 0.0 0 0.20529858444947308 0.0 0.0 
-25.714285714285715 1.4285714285714286 0.0 0 0.2476408905319809 0.0 0.0 
-25.714285714285715 2.142857142857143 0.0 0 0.29029921017118 0.0 0.0 
-25.714285714285715 2.857142857142857 0.0 0 0.32292494486123285 0.0 0.0 
-25.714285714285715 3.5714285714285716 0.0 0 0.3337711006118731 0.0 0.0 
-25.714285714285715 4.285714285714286 0.0 0 0.3690194514215237 0.0 0.0 
-25.714285714285715 5.0 0.0 0 0.3623634527625083 0.0 0.0 
-25.714285714285715 5.714285714285714 0.0 0 0.3114401377391125 0.0 0.0 
-25.714285714285715 6.428571428571429 0.0 0 0.36703100680781364 0.0 0.0 
-25.714285714285715 7.142857142857143 0.0 0 0.3076742969461207 0.0 0.0 
-25.714285714285715 7.857142857142858 0.0 0 0.21230296242031965 0.0 0.0 
-25.714285714285715 8.571428571428571 0.0 0 0.23769804977186648 0.0 0.0 
-25.714285714285715 9.285714285714286 0.0 0 0.3731903557172606 0.0 0.0 
-23.57142857142857 -9.285714285714286 0.0 0 -0.13963040775138819 0.0 0.0 
-23.57142857142857 -8.571428571428571 0.0 0 -0.06308404285070134 0.0 0.0 
-23.57142857142857 -7.857142857142858 0.0 0 -0.28060665550607644 0.0 0.0 
-23.57142857142857 -7.142857142857143 0.0 0 -0.24649401941023738 0.0 0.0 
-23.57142857142857 -6.428571428571429 0.0 0 -0.3844897329337354 0.0 0.0 
-23.57142857142857 -5.714285714285714 0.0 0 -0.30347533964594287 0.0 0.0 
-23.57142857142857 -5.0 0.0 0 -0.34808318171726876 0.0 0.0 
-23.57142857142857 -4.285714285714286 0.0 0 -0.22627603415651557 0.0 0.0 
-23.57142857142857 -3.5714285714285716 0.0 0 -0.20785268532926254 0.0 0.0 
-23.57142857142857 -2.857142857142857 0.0 0 -0.07214027125981387 0.0 0.0 
-23.57142857142857 -2.142857142857143 0.0 0 -0.020032056070966225 0.0 0.0 
-23.57142857142857 -1.4285714285714286 0.0 0 0.10846349700498883 0.0 0.0 
-23.57142857142857 -0.7142857142857143 0.0 0 0.16020078246533265 0.0 0.0 
-23.57142857142857 -0.0 0.0 0 0.25952654521154717 0.0 0.0 
-23.57142857142857 0.0 0.0 0 0.2945086270251464 0.0 0.0 
-23.57142857142857 0.7142857142857143 0.0 0 0.3582982179618113 0.0 0.0 
-23.57142857142857 1.4285714285714286 0.0 0 0.3691609206163559 0.0 0.0 
-23.57142857142857 2.142857142857143 0.0 0 0.40090675865817116 0.0 0.0 
-23.57142857142857 2.857142857142857 0.0 0 0.4036145590267307 0.0 0.0 
-23.57142857142857 3.5714285714285716 0.0 0 0.395417056426274 0.0 0.0 
-23.57142857142857 4.285714285714286 0.0 0 0.4208171160913129 0.0 0.0 
-23.57142857142857 5.0 0.0 0 0.4078734260491409 0.0 0.0 
-23.57142857142857 5.714285714285714 0.0 0 0.3427101266746422 0.0 0.0 
-23.57142857142857 6.428571428571429 0.0 0 0.4003740701481567 0.0 0.0 
-23.57142857142857 7.142857142857143 0.0 0 0.3315889113987805 0.0 0.0 
-23.57142857142857 7.857142857142858 0.0 0 0.17020843666282132 0.0 0.0 
-23.57142857142857 8.571428571428571 0.0 0 0.2181766161305333 0.0 0.0 
-23.57142857142857 9.285714285714286 0.0 0 0.3559132660661072 0.0 0.0 
-21.428571428571427 -9.285714285714286 0.0 0 -0.14559415680036716 0.0 0.0 
-21.428571428571427 -8.571428571428571 0.0 0 -0.08410048702236544 0.0 0.0 
-21.428571428571427 -7.857142857142858 0.0 0 -0.3724311759528096 0.0 0.0 
-21.428571428571427 -7.142857142857143 0.0 0 -0.30338007288165275 0.0 0.0 
-21.428571428571427 -6.428571428571429 0.0 0 -0.46022305683794584 0.0 0.0 
-21.428571428571427 -5.714285714285714 0.0 0 -0.3243751009341458 0.0 0.0 
-21.428571428571427 -5.0 0.0 0 -0.3696324166513894 0.0 0.0 
-21.428571428571427 -4.285714285714286 0.0 0 -0.194110800605295 0.0 0.0 
-21.428571428571427 -3.5714285714285716 0.0 0 -0.1752263199306306 0.0 0.0 
-21.428571428571427 -2.857142857142857 0.0 0 0.001932790983678656 0.0 0.0 
-21.428571428571427 -2.142857142857143 0.0 0 0.05249031299936635 0.0 0.0 
-21.428571428571427 -1.4285714285714286 0.0 0 0.20443870526487212 0.0 0.0 
-21.428571428571427 -0.7142857142857143 0.0 0 0.2364364258541742 0.0 0.0 
-21.428571428571427 -0.0 0.0 0 0.3385260029065742 0.0 0.0 
-21.428571428571427 0.0 0.0 0 0.34460162881288214 0.0 0.0 
-21.428571428571427 0.7142857142857143 0.0 0 0.4017509379148557 0.0 0.0 
-21.428571428571427 1.4285714285714286 0.0 0 0.3912064289749519 0.0 0.0 
-21.428571428571427 2.142857142857143 0.0 0 0.42775484323306756 0.0 0.0 
-21.428571428571427 2.857142857142857 0.0 0 0.4307771055815585 0.0 0.0 
-21.428571428571427 3.5714285714285716 0.0 0 0.42088085470611947 0.0 0.0 
-21.428571428571427 4.285714285714286 0.0 0 0.44117379523521694 0.0 0.0 
-21.428571428571427 5.0 0.0 0 0.4098634221843888 0.0 0.0 
-21.428571428571427 5.714285714285714 0.0 0 0.32223026817427397 0.0 0.0 
-21.428571428571427 6.428571428571429 0.0 0 0.3644225944786502 0.0 0.0 
-21.428571428571427 7.142857142857143 0.0 0 0.2961117157632918 0.0 0.0 
-21.428571428571427 7.857142857142858 0.0 0 0.0789372158333232 0.0 0.0 
-21.428571428571427 8.571428571428571 0.0 0 0.15331631839667897 0.0 0.0 
-21.428571428571427 9.285714285714286 0.0 0 0.2248411035695267 0.0 0.0 
-19.285714285714285 -9.285714285714286 0.0 0 -0.13440451098830813 0.0 0.0 
-19.285714285714285 -8.571428571428571 0.0 0 -0.11982346766495013 0.0 0.0 
-19.285714285714285 -7.857142857142858 0.0 0 -0.40107293989637455 0.0 0.0 
-19.285714285714285 -7.142857142857143 0.0 0 -0.3130334781185739 0.0 0.0 
-19.285714285714285 -6.428571428571429 0.0 0 -0.44153885071660826 0.0 0.0 
-19.285714285714285 -5.714285714285714 0.0 0 -0.2778374141586391 0.0 0.0 
-19.285714285714285 -5.0 0.0 0 -0.29835853175462573 0.0 0.0 
-19.285714285714285 -4.285714285714286 0.0 0 -0.0954413312505693 0.0 0.0 
-19.285714285714285 -3.5714285714285716 0.0 0 -0.061342202702003634 0.0 0.0 
-19.285714285714285 -2.857142857142857 0.0 0 0.1411327150814991 0.0 0.0 
-19.285714285714285 -2.142857142857143 0.0 0 0.21208621204475747 0.0 0.0 
-19.285714285714285 -1.4285714285714286 0.0 0 0.37067175071611114 0.0 0.0 
-19.285714285714285 -0.7142857142857143 0.0 0 0.38893409986808913 0.0 0.0 
-19.285714285714285 -0.0 0.0 0 0.4872769668104252 0.0 0.0 
-19.285714285714285 0.0 0.0 0 0.4766220964138645 0.0 0.0 
-19.285714285714285 0.7142857142857143 0.0 0 0.5288067625939232 0.0 0.0 
-19.285714285714285 1.4285714285714286 0.0 0 0.504141775381709 0.0 0.0 
-19.285714285714285 2.142857142857143 0.0 0 0.5201624164227727 0.0 0.0 
-19.285714285714285 2.857142857142857 0.0 0 0.4988800450692515 0.0 0.0 
-19.285714285714285 3.5714285714285716 0.0 0 0.45835774011618696 0.0 0.0 
-19.285714285714285 4.285714285714286 0.0 0 0.4753772968164926 0.0 0.0 
-19.285714285714285 5.0 0.0 0 0.4309158517927242 0.0 0.0 
-19.285714285714285 5.714285714285714 0.0 0 0.3413238593059631 0.0 0.0 
-19.285714285714285 6.428571428571429 0.0 0 0.3583501197020857 0.0 0.0 
-19.285714285714285 7.142857142857143 0.0 0 0.31111254238534586 0.0 0.0 
-19.285714285714285 7.857142857142858 0.0 0 0.013363590803363717 0.0 0.0 
-19.285714285714285 8.571428571428571 0.0 0 0.14744456090118788 0.0 0.0 
-19.285714285714285 9.285714285714286 0.0 0 0.11190011121902865 0.0 0.0 
-17.142857142857142 -9.285714285714286 0.0 0 -0.19390589308288692 0.0 0.0 
-17.142857142857142 -8.571428571428571 0.0 0 -0.2178337641660913 0.0 0.0 
-17.142857142857142 -7.857142857142858 0.0 0 -0.4514970941585561 0.0 0.0 
-17.142857142857142 -7.142857142857143 0.0 0 -0.353631505353191 0.0 0.0 
-17.142857142857142 -6.428571428571429 0.0 0 -0.4358497687717019 0.0 0.0 
-17.142857142857142 -5.714285714285714 0.0 0 -0.2624754109162817 0.0 0.0 
-17.142857142857142 -5.0 0.0 0 -0.24310058112441907 0.0 0.0 
-17.142857142857142 -4.285714285714286 0.0 0 -0.024727933371194 0.0 0.0 
-17.142857142857142 -3.5714285714285716 0.0 0 0.03670485028420767 0.0 0.0 
-17.142857142857142 -2.857142857142857 0.0 0 0.28416588313224156 0.0 0.0 
-17.142857142857142 -2.142857142857143 0.0 0 0.3802529385223882 0.0 0.0 
-17.142857142857142 -1.4285714285714286 0.0 0 0.5774459017017366 0.0 0.0 
-17.142857142857142 -0.7142857142857143 0.0 0 0.584131457449316 0.0 0.0 
-17.142857142857142 -0.0 0.0 0 0.6527573464782783 0.0 0.0 
-17.142857142857142 0.0 0.0 0 0.6259987977617203 0.0 0.0 
-17.142857142857142 0.7142857142857143 0.0 0 0.5999426802891374 0.0 0.0 
-17.142857142857142 1.4285714285714286 0.0 0 0.5659960781058972 0.0 0.0 
-17.142857142857142 2.142857142857143 0.0 0 0.56517313293286 0.0 0.0 
-17.142857142857142 2.857142857142857 0.0 0 0.5579972189405831 0.0 0.0 
-17.142857142857142 3.5714285714285716 0.0 0 0.5061878560684974 0.0 0.0 
-17.142857142857142 4.285714285714286 0.0 0 0.5371686712558834 0.0 0.0 
-17.142857142857142 5.0 0.0 0 0.46705251502903544 0.0 0.0 
-17.142857142857142 5.714285714285714 0.0 0 0.38217259131259645 0.0 0.0 
-17.142857142857142 6.428571428571429 0.0 0 0.3624815369594663 0.0 0.0 
-17.142857142857142 7.142857142857143 0.0 0 0.3677556004174834 0.0 0.0 
-17.142857142857142 7.857142857142858 0.0 0 -0.02412257925970432 0.0 0.0 
-17.142857142857142 8.571428571428571 0.0 0 0.2013433055697951 0.0 0.0 
-17.142857142857142 9.285714285714286 0.0 0 0.11532499017669207 0.0 0.0 
-15.0 -9.285714285714286 0.0 0 -0.30163361243744696 0.0 0.0 
-15.0 -8.571428571428571 0.0 0 -0.28019057289736315 0.0 0.0 
-15.0 -7.857142857142858 0.0 0 -0.47673436167140054 0.0 0.0 
-15.0 -7.142857142857143 0.0 0 -0.33341995568256244 0.0 0.0 
-15.0 -6.428571428571429 0.0 0 -0.39000368332614416 0.0 0.0 
-15.0 -5.714285714285714 0.0 0 -0.19034459759852895 0.0 0.0 
-15.0 -5.0 0.0 0 -0.14724523718155574 0.0 0.0 
-15.0 -4.285714285714286 0.0 0 0.07826568780228677 0.0 0.0 
-15.0 -3.5714285714285716 0.0 0 0.1643913738411366 0.0 0.0 
-15.0 -2.857142857142857 0.0 0 0.4105356112225388 0.0 0.0 
-15.0 -2.142857142857143 0.0 0 0.5564843655720644 0.0 0.0 
-15.0 -1.4285714285714286 0.0 0 0.655120489789667 0.0 0.0 
-15.0 1.4285714285714286 0.0 0 0.6964705297023603 0.0 0.0 
-15.0 2.142857142857143 0.0 0 0.7252811881265921 0.0 0.0 
-15.0 2.857142857142857 0.0 0 0.681637587845217 0.0 0.0 
-15.0 3.5714285714285716 0.0 0 0.6224421092565872 0.0 0.0 
-15.0 4.285714285714286 0.0 0 0.6396705096269847 0.0 0.0 
-15.0 5.0 0.0 0 0.5553786793305597 0.0 0.0 
-15.0 5.714285714285714 0.0 0 0.46556856362183896 0.0 0.0 
-15.0 6.428571428571429 0.0 0 0.41146120385674895 0.0 0.0 
-15.0 7.142857142857143 0.0 0 0.4434757571249752 0.0 0.0 
-15.0 7.857142857142858 0.0 0 -0.025030027975416536 0.0 0.0 
-15.0 8.571428571428571 0.0 0 0.2492957500724289 0.0 0.0 
-15.0 9.285714285714286 0.0 0 0.2794853726069929 0.0 0.0 
-12.857142857142858 -9.285714285714286 0.0 0 -0.3474260217659047 0.0 0.0 
-12.857142857142858 -8.571428571428571 0.0 0 -0.28769610675583995 0.0 0.0 
-12.857142857142858 -7.857142857142858 0.0 0 -0.44893679444423984 0.0 0.0 
-12.857142857142858 -7.142857142857143 0.0 0 -0.28975461830793214 0.0 0.0 
-12.857142857142858 -6.428571428571429 0.0 0 -0.34007983128406516 0.0 0.0 
-12.857142857142858 -5.714285714285714 0.0 0 -0.14235423810202785 0.0 0.0 
-12.857142857142858 -5.0 0.0 0 -0.09271037925554959 0.0 0.0 
-12.857142857142858 -4.285714285714286 0.0 0 0.11693098665562629 0.0 0.0 
-12.857142857142858 -3.5714285714285716 0.0 0 0.212090892622322 0.0 0.0 
-12.857142857142858 -2.857142857142857 0.0 0 0.4442717412533156 0.0 0.0 
-12.857142857142858 -2.142857142857143 0.0 0 0.5673225297256357 0.0 0.0 
-12.857142857142858 2.142857142857143 0.0 0 0.7696591424169705 0.0 0.0 
-12.857142857142858 2.857142857142857 0.0 0 0.8098691060613102 0.0 0.0 
-12.857142857142858 3.5714285714285716 0.0 0 0.6525381017591734 0.0 0.0 
-12.857142857142858 4.285714285714286 0.0 0 0.7581986103881485 0.0 0.0 
-12.857142857142858 5.0 0.0 0 0.5890917503571997 0.0 0.0 
-12.857142857142858 5.714285714285714 0.0 0 0.5462084137727659 0.0 0.0 
-12.857142857142858 6.428571428571429 0.0 0 0.4086954783764663 0.0 0.0 
-12.857142857142858 7.142857142857143 0.0 0 0.46767925333709987 0.0 0.0 
-12.857142857142858 7.857142857142858 0.0 0 -0.07681026668918668 0.0 0.0 
-12.857142857142858 8.571428571428571 0.0 0 0.2303111504331763 0.0 0.0 
-12.857142857142858 9.285714285714286 0.0 0 0.43018750525895266 0.0 0.0 
-10.714285714285714 -9.285714285714286 0.0 0 -0.409680584737406 0.0 0.0 
-10.714285714285714 -8.571428571428571 0.0 0 -0.39461954477393985 0.0 0.0 
-10.714285714285714 -7.857142857142858 0.0 0 -0.5025038640927668 0.0 0.0 
-10.714285714285714 -7.142857142857143 0.0 0 -0.3892445741299906 0.0 0.0 
-10.714285714285714 -6.428571428571429 0.0 0 -0.40796725869292877 0.0 0.0 
-10.714285714285714 -5.714285714285714 0.0 0 -0.2424377659365623 0.0 0.0 
-10.714285714285714 -5.0 0.0 0 -0.1525703252637866 0.0 0.0 
-10.714285714285714 -4.285714285714286 0.0 0 0.05303339961443998 0.0 0.0 
-10.714285714285714 -3.5714285714285716 0.0 0 0.1998775796150118 0.0 0.0 
-10.714285714285714 -2.857142857142857 0.0 0 0.5047715910562558 0.0 0.0 
-10.714285714285714 -2.142857142857143 0.0 0 0.6505000267719943 0.0 0.0 
-10.714285714285714 2.142857142857143 0.0 0 0.7826287892223277 0.0 0.0 
-10.714285714285714 2.857142857142857 0.0 0 0.8371491670582638 0.0 0.0 
-10.714285714285714 3.5714285714285716 0.0 0 0.6408750184730136 0.0 0.0 
-10.714285714285714 4.285714285714286 0.0 0 0.7699844739954093 0.0 0.0 
-10.714285714285714 5.0 0.0 0 0.5733822511460579 0.0 0.0 
-10.714285714285714 5.714285714285714 0.0 0 0.5133587350758129 0.0 0.0 
-10.714285714285714 6.428571428571429 0.0 0 0.35244465678417336 0.0 0.0 
-10.714285714285714 7.142857142857143 0.0 0 0.36349126034809526 0.0 0.0 
-10.714285714285714 7.857142857142858 0.0 0 -0.22109972670826125 0.0 0.0 
-10.714285714285714 8.571428571428571 0.0 0 0.09368425652964565 0.0 0.0 
-10.714285714285714 9.285714285714286 0.0 0 0.409986860716609 0.0 0.0 
-8.571428571428571 -9.285714285714286 0.0 0 -0.5822724140577292 0.0 0.0 
-8.571428571428571 -8.571428571428571 0.0 0 -0.5440975646997094 0.0 0.0 
-8.571428571428571 -7.857142857142858 0.0 0 -0.6426545753432347 0.0 0.0 
-8.571428571428571 -7.142857142857143 0.0 0 -0.5178342580329581 0.0 0.0 
-8.571428571428571 -6.428571428571429 0.0 0 -0.5059640938356817 0.0 0.0 
-8.571428571428571 -5.714285714285714 0.0 0 -0.30238429112498283 0.0 0.0 
-8.571428571428571 -5.0 0.0 0 -0.15258328697214163 0.0 0.0 
-8.571428571428571 -4.285714285714286 0.0 0 0.09776631469273345 0.0 0.0 
-8.571428571428571 -3.5714285714285716 0.0 0 0.25675607531530853 0.0 0.0 
-8.571428571428571 -2.857142857142857 0.0 0 0.5729030967191624 0.0 0.0 
-8.571428571428571 -2.142857142857143 0.0 0 0.682750816174737 0.0 0.0 
-8.571428571428571 2.142857142857143 0.0 0 0.7589782447507174 0.0 0.0 
-8.571428571428571 2.857142857142857 0.0 0 0.8102229989097116 0.0 0.0 
-8.571428571428571 3.5714285714285716 0.0 0 0.5967945892851518 0.0 0.0 
-8.571428571428571 4.285714285714286 0.0 0 0.7461246758809004 0.0 0.0 
-8.571428571428571 5.0 0.0 0 0.5235243124362546 0.0 0.0 
-8.571428571428571 5.714285714285714 0.0 0 0.425044222988518 0.0 0.0 
-8.571428571428571 6.428571428571429 0.0 0 0.23069634016601615 0.0 0.0 
-8.571428571428571 7.142857142857143 0.0 0 0.19730924501009345 0.0 0.0 
-8.571428571428571 7.857142857142858 0.0 0 -0.44151964347058575 0.0 0.0 
-8.571428571428571 8.571428571428571 0.0 0 -0.046221822649434585 0.0 0.0 
-8.571428571428571 9.285714285714286 0.0 0 0.27726367956017284 0.0 0.0 
-6.428571428571429 -9.285714285714286 0.0 0 -0.7292917455511887 0.0 0.0 
-6.428571428571429 -8.571428571428571 0.0 0 -0.566256060929488 0.0 0.0 
-6.428571428571429 -7.857142857142858 0.0 0 -0.7227582431257121 0.0 0.0 
-6.428571428571429 -7.142857142857143 0.0 0 -0.5024881859575878 0.0 0.0 
-6.428571428571429 -6.428571428571429 0.0 0 -0.5211841840449709 0.0 0.0 
-6.428571428571429 -5.714285714285714 0.0 0 -0.2551817950011975 0.0 0.0 
-6.428571428571429 -5.0 0.0 0 -0.1383053950676978 0.0 0.0 
-6.428571428571429 -4.285714285714286 0.0 0 0.14744127026104492 0.0 0.0 
-6.428571428571429 -3.5714285714285716 0.0 0 0.2778654659927988 0.0 0.0 
-6.428571428571429 -2.857142857142857 0.0 0 0.6441087016328514 0.0 0.0 
-6.428571428571429 -2.142857142857143 0.0 0 0.7510863703815194 0.0 0.0 
-6.428571428571429 2.142857142857143 0.0 0 0.7202139093343983 0.0 0.0 
-6.428571428571429 2.857142857142857 0.0 0 0.7681289750946395 0.0 0.0 
-6.428571428571429 3.5714285714285716 0.0 0 0.5535513956012749 0.0 0.0 
-6.428571428571429 4.285714285714286 0.0 0 0.7250404943601247 0.0 0.0 
-6.428571428571429 5.0 0.0 0 0.4648633346283827 0.0 0.0 
-6.428571428571429 5.714285714285714 0.0 0 0.3114164034705835 0.0 0.0 
-6.428571428571429 6.428571428571429 0.0 0 0.06019096944653518 0.0 0.0 
-6.428571428571429 7.142857142857143 0.0 0 -0.011288157509575375 0.0 0.0 
-6.428571428571429 7.857142857142858 0.0 0 -0.7164692810277251 0.0 0.0 
-6.428571428571429 8.571428571428571 0.0 0 -0.17523064421604567 0.0 0.0 
-6.428571428571429 9.285714285714286 0.0 0 0.16300442674416604 0.0 0.0 
-4.285714285714286 -9.285714285714286 0.0 0 -0.743204033085621 0.0 0.0 
-4.285714285714286 -8.571428571428571 0.0 0 -0.5532154414226689 0.0 0.0 
-4.285714285714286 -7.857142857142858 0.0 0 -0.765593373139015 0.0 0.0 
-4.285714285714286 -7.142857142857143 0.0 0 -0.5114702210473008 0.0 0.0 
-4.285714285714286 -6.428571428571429 0.0 0 -0.5482164874905981 0.0 0.0 
-4.285714285714286 -5.714285714285714 0.0 0 -0.21969030520958777 0.0 0.0 
-4.285714285714286 -5.0 0.0 0 -0.07098753812661607 0.0 0.0 
-4.285714285714286 -4.285714285714286 0.0 0 0.2730649895873197 0.0 0.0 
-4.285714285714286 -3.5714285714285716 0.0 0 0.3955169788280265 0.0 0.0 
-4.285714285714286 -2.857142857142857 0.0 0 0.7787936836838892 0.0 0.0 
-4.285714285714286 -2.142857142857143 0.0 0 0.8509251713265101 0.0 0.0 
-4.285714285714286 2.142857142857143 0.0 0 0.6550072172638898 0.0 0.0 
-4.285714285714286 2.857142857142857 0.0 0 0.7177384922629046 0.0 0.0 
-4.285714285714286 3.5714285714285716 0.0 0 0.52525452083641 0.0 0.0 
-4.285714285714286 4.285714285714286 0.0 0 0.72102476917395 0.0 0.0 
-4.285714285714286 5.0 0.0 0 0.3927233790436676 0.0 0.0 
-4.285714285714286 5.714285714285714 0.0 0 0.16204141461009602 0.0 0.0 
-4.285714285714286 6.428571428571429 0.0 0 -0.16573976470522053 0.0 0.0 
-4.285714285714286 7.142857142857143 0.0 0 -0.2705660820248382 0.0 0.0 
-4.285714285714286 7.857142857142858 0.0 0 -1.040483797726342 0.0 0.0 
-4.285714285714286 8.571428571428571 0.0 0 -0.32022124424748055 0.0 0.0 
-4.285714285714286 9.285714285714286 0.0 0 0.11546800814748487 0.0 0.0 
-2.142857142857143 -9.285714285714286 0.0 0 -0.8339513466319024 0.0 0.0 
-2.142857142857143 -8.571428571428571 0.0 0 -0.690417962045719 0.0 0.0 
-2.142857142857143 -7.857142857142858 0.0 0 -0.8528677311082533 0.0 0.0 
-2.142857142857143 -7.142857142857143 0.0 0 -0.5608187715572212 0.0 0.0 
-2.142857142857143 -6.428571428571429 0.0 0 -0.5088521300033659 0.0 0.0 
-2.142857142857143 -5.714285714285714 0.0 0 -0.13589912606490284 0.0 0.0 
-2.142857142857143 -5.0 0.0 0 0.09382160787977861 0.0 0.0 
-2.142857142857143 -4.285714285714286 0.0 0 0.43447757123446074 0.0 0.0 
-2.142857142857143 -3.5714285714285716 0.0 0 0.5517470088712753 0.0 0.0 
-2.142857142857143 -2.857142857142857 0.0 0 0.9031999338479585 0.0 0.0 
-2.142857142857143 -2.142857142857143 0.0 0 0.9250538503762167 0.0 0.0 
-2.142857142857143 2.142857142857143 0.0 0 0.5141876173420935 0.0 0.0 
-2.142857142857143 2.857142857142857 0.0 0 0.6281595052252965 0.0 0.0 
-2.142857142857143 3.5714285714285716 0.0 0 0.4799025990761442 0.0 0.0 
-2.142857142857143 4.285714285714286 0.0 0 0.6864960212931251 0.0 0.0 
-2.142857142857143 5.0 0.0 0 0.22573844885134275 0.0 0.0 
-2.142857142857143 5.714285714285714 0.0 0 -0.10693696576655459 0.0 0.0 
-2.142857142857143 6.428571428571429 0.0 0 -0.5092939841379038 0.0 0.0 
-2.142857142857143 7.142857142857143 0.0 0 -0.6275005382916449 0.0 0.0 
-2.142857142857143 7.857142857142858 0.0 0 -1.4207612633637576 0.0 0.0 
-2.142857142857143 8.571428571428571 0.0 0 -0.482551130545781 0.0 0.0 
-2.142857142857143 9.285714285714286 0.0 0 0.11197392332727399 0.0 0.0 
-0.0 -9.285714285714286 0.0 0 -0.932824694670269 0.0 0.0 
-0.0 -8.571428571428571 0.0 0 -0.735104108311759 0.0 0.0 
-0.0 -7.857142857142858 0.0 0 -0.8839523640065642 0.0 0.0 
-0.0 -7.142857142857143 0.0 0 -0.5166911215593115 0.0 0.0 
-0.0 -6.428571428571429 0.0 0 -0.41937617819180983 0.0 0.0 
-0.0 -5.714285714285714 0.0 0 0.018375216093618696 0.0 0.0 
-0.0 -5.0 0.0 0 0.3135069571812048 0.0 0.0 
-0.0 -4.285714285714286 0.0 0 0.6530329956968715 0.0 0.0 
-0.0 -3.5714285714285716 0.0 0 0.7759262693472823 0.0 0.0 
-0.0 -2.857142857142857 0.0 0 1.082078715934014 0.0 0.0 
-0.0 -2.142857142857143 0.0 0 0.9897429074018265 0.0 0.0 
-0.0 2.142857142857143 0.0 0 0.3099313120782229 0.0 0.0 
-0.0 2.857142857142857 0.0 0 0.5341146533464235 0.0 0.0 
-0.0 3.5714285714285716 0.0 0 0.45610972148047035 0.0 0.0 
-0.0 4.285714285714286 0.0 0 0.6197132045031065 0.0 0.0 
-0.0 5.0 0.0 0 -0.06898706763290519 0.0 0.0 
-0.0 5.714285714285714 0.0 0 -0.5093312914532553 0.0 0.0 
-0.0 6.428571428571429 0.0 0 -0.9256159043433674 0.0 0.0 
-0.0 7.142857142857143 0.0 0 -1.011837709902251 0.0 0.0 
-0.0 7.857142857142858 0.0 -1 -1.7816088333715363 0.0 0.0 
-0.0 8.571428571428571 0.0 0 -0.5193197620376646 0.0 0.0 
-0.0 9.285714285714286 0.0 0 0.2486641538646025 0.0 0.0 
0.0 -9.285714285714286 0.0 0 -0.964105094975986 0.0 0.0 
0.0 -8.571428571428571 0.0 0 -0.7932268696949882 0.0 0.0 
0.0 -7.857142857142858 0.0 -1 -0.9112181795606342 0.0 0.0 
0.0 -7.142857142857143 0.0 0 -0.4758422509607141 0.0 0.0 
0.0 -6.428571428571429 0.0 0 -0.2933497351245663 0.0 0.0 
0.0 -5.714285714285714 0.0 0 0.23882652764549217 0.0 0.0 
0.0 -5.0 0.0 0 0.5942155572702449 0.0 0.0 
0.0 -4.285714285714286 0.0 0 0.9486554126967748 0.0 0.0 
0.0 -3.5714285714285716 0.0 0 1.1277724540704224 0.0 0.0 
0.0 -2.857142857142857 0.0 0 1.3070038795254084 0.0 0.0 
0.0 -2.142857142857143 0.0 0 1.0810946952617755 0.0 0.0 
0.0 2.142857142857143 0.0 0 -0.0069493029828815445 0.0 0.0 
0.0 2.857142857142857 0.0 0 0.47309440795984126 0.0 0.0 
0.0 3.5714285714285716 0.0 0 0.4721014195749702 0.0 0.0 
0.0 4.285714285714286 0.0 0 0.45850554403153776 0.0 0.0 
0.0 5.0 0.0 0 -0.5630677780226168 0.0 0.0 
0.0 5.714285714285714 0.0 0 -1.082535204625202 0.0 0.0 
0.0 6.428571428571429 0.0 0 -1.3041870552675268 0.0 0.0 
0.0 7.142857142857143 0.0 0 -1.4525261049007874 0.0 0.0 
0.0 7.857142857142858 0.0 -1 -1.882584907090156 0.0 0.0 
0.0 8.571428571428571 0.0 0 -0.42206242203561595 0.0 0.0 
0.0 9.285714285714286 0.0 0 0.5476706752550704 0.0 0.0 
2.142857142857143 -9.285714285714286 0.0 0 -1.02322329866348 0.0 0.0 
2.142857142857143 -8.571428571428571 0.0 -1 -0.921772248199793 0.0 0.0 
2.142857142857143 -7.857142857142858 0.0 -1 -0.9382491545197373 0.0 0.0 
2.142857142857143 -7.142857142857143 0.0 0 -0.4335952093526402 0.0 0.0 
2.142857142857143 -6.428571428571429 0.0 0 -0.11107361219617384 0.0 0.0 
2.142857142857143 -5.714285714285714 0.0 0 0.5262039561893291 0.0 0.0 
2.142857142857143 -5.0 0.0 0 0.878988213614542 0.0 0.0 
2.142857142857143 -4.285714285714286 0.0 0 1.3262930425209332 0.0 0.0 
2.142857142857143 -3.5714285714285716 0.0 0 1.4347492570988538 0.0 0.0 
2.142857142857143 -2.857142857142857 0.0 1 1.560984501066158 0.0 0.0 
2.142857142857143 -2.142857142857143 0.0 1 1.111526532680734 0.0 0.0 
2.142857142857143 1.4285714285714286 0.0 0 -0.27824254641275614 0.0 0.0 
2.142857142857143 2.142857142857143 0.0 0 -0.2683276793634472 0.0 0.0 
2.142857142857143 2.857142857142857 0.0 0 0.17862919252903553 0.0 0.0 
2.142857142857143 3.5714285714285716 0.0 1 0.639054967444021 0.0 0.0 
2.142857142857143 4.285714285714286 0.0 0 -0.17702694072544967 0.0 0.0 
2.142857142857143 5.0 0.0 0 -0.8200470899634134 0.0 0.0 
2.142857142857143 5.714285714285714 0.0 0 -1.788887781133092 0.0 0.0 
2.142857142857143 6.428571428571429 0.0 -1 -1.702824389719115 0.0 0.0 
2.142857142857143 7.142857142857143 0.0 -1 -1.7500666182186064 0.0 0.0 
2.142857142857143 7.857142857142858 0.0 -1 -1.809917831406483 0.0 0.0 
2.142857142857143 8.571428571428571 0.0 0 0.20747823271800236 0.0 0.0 
2.142857142857143 9.285714285714286 0.0 0 0.7440140468077595 0.0 0.0 
4.285714285714286 -9.285714285714286 0.0 0 -1.1295066454608054 0.0 0.0 
4.285714285714286 -8.571428571428571 0.0 -1 -1.0871556664436224 0.0 0.0 
4.285714285714286 -7.857142857142858 0.0 -1 -0.9752866767943 0.0 0.0 
4.285714285714286 -7.142857142857143 0.0 0 -0.9081419494707845 0.0 0.0 
4.285714285714286 -6.428571428571429 0.0 0 -0.5621698914790404 0.0 0.0 
4.285714285714286 -5.714285714285714 0.0 0 0.1310320609475255 0.0 0.0 
4.285714285714286 -5.0 0.0 1 0.5289851165268067 0.0 0.0 
4.285714285714286 -4.285714285714286 0.0 0 1.5148359839077463 0.0 0.0 
4.285714285714286 -3.5714285714285716 0.0 1 1.8168873791253637 0.0 0.0 
4.285714285714286 -2.857142857142857 0.0 1 1.5637261345042899 0.0 0.0 
4.285714285714286 -2.142857142857143 0.0 1 1.338326113598428 0.0 0.0 
4.285714285714286 -1.4285714285714286 0.0 1 0.8275831728833334 0.0 0.0 
4.285714285714286 1.4285714285714286 0.0 0 -1.0050976207364064 0.0 0.0 
4.285714285714286 2.142857142857143 0.0 0 -0.19724674250162133 0.0 0.0 
4.285714285714286 2.857142857142857 0.0 0 0.8282126196768443 0.0 0.0 
4.285714285714286 3.5714285714285716 0.0 1 0.9262375010327486 0.0 0.0 
4.285714285714286 4.285714285714286 0.0 0 0.13618200846687023 0.0 0.0 
4.285714285714286 5.0 0.0 -1 -1.5423057325285174 0.0 0.0 
4.285714285714286 5.714285714285714 0.0 -1 -2.0487130920570222 0.0 0.0 
4.285714285714286 6.428571428571429 0.0 -1 -2.087178097609982 0.0 0.0 
4.285714285714286 7.142857142857143 0.0 -1 -1.425840217670539 0.0 0.0 
4.285714285714286 7.857142857142858 0.0 -1 -1.2055979764960982 0.0 0.0 
4.285714285714286 8.571428571428571 0.0 0 0.6519377897059302 0.0 0.0 
4.285714285714286 9.285714285714286 0.0 0 1.6443055598905565 0.0 0.0 
6.428571428571429 -9.285714285714286 0.0 -1 -1.341340746203704 0.0 0.0 
6.428571428571429 -8.571428571428571 0.0 -1 -1.3774077588285083 0.0 0.0 
6.428571428571429 -7.857142857142858 0.0 0 -1.960608437777246 0.0 0.0 
6.428571428571429 -7.142857142857143 0.0 0 -1.4817511896451696 0.0 0.0 
6.428571428571429 -6.428571428571429 0.0 0 -0.9259874604603024 0.0 0.0 
6.428571428571429 -5.714285714285714 0.0 0 -0.0831334937860112 0.0 0.0 
6.428571428571429 -5.0 0.0 1 0.7668267370283138 0.0 0.0 
6.428571428571429 -4.285714285714286 0.0 1 1.911922034529779 0.0 0.0 
6.428571428571429 -3.5714285714285716 0.0 1 2.683620802337123 0.0 0.0 
6.428571428571429 -2.857142857142857 0.0 2 2.347856079939886 0.0 0.0 
6.428571428571429 -2.142857142857143 0.0 1 2.6553873353656696 0.0 0.0 
6.428571428571429 -1.4285714285714286 0.0 2 1.859660578290691 0.0 0.0 
6.428571428571429 -0.7142857142857143 0.0 1 -0.09441289478197157 0.0 0.0 
6.428571428571429 -0.0 0.0 0 0.06360482865149841 0.0 0.0 
6.428571428571429 0.0 0.0 1 -0.9390627435806229 0.0 0.0 
6.428571428571429 2.142857142857143 0.0 0 -0.9403371996562435 0.0 0.0 
6.428571428571429 2.857142857142857 0.0 1 0.3948636121705772 0.0 0.0 
6.428571428571429 3.5714285714285716 0.0 0 0.10164972770621716 0.0 0.0 
6.428571428571429 4.285714285714286 0.0 -1 -0.3817662572624561 0.0 0.0 
6.428571428571429 5.0 0.0 -1 -3.696870560938393 0.0 0.0 
6.428571428571429 5.714285714285714 0.0 -2 -1.784335348721085 0.0 0.0 
6.428571428571429 6.428571428571429 0.0 -1 -2.9728476173517886 0.0 0.0 
6.428571428571429 7.142857142857143 0.0 -1 -1.028846949769346 0.0 0.0 
6.428571428571429 7.857142857142858 0.0 -1 -1.861950362850484 0.0 0.0 
6.428571428571429 8.571428571428571 0.0 0 0.6437191869603259 0.0 0.0 
6.428571428571429 9.285714285714286 0.0 1 2.0504996655066665 0.0 0.0 
8.571428571428571 -9.285714285714286 0.0 -1 -1.4237132481162464 0.0 0.0 
8.571428571428571 -8.571428571428571 0.0 -1 -1.5922221978851496 0.0 0.0 
8.571428571428571 -7.857142857142858 0.0 0 -1.7018778307220774 0.0 0.0 
8.571428571428571 -7.142857142857143 0.0 0 -1.2808869073396705 0.0 0.0 
8.571428571428571 -6.428571428571429 0.0 0 -0.7892688814655996 0.0 0.0 
8.571428571428571 -5.714285714285714 0.0 0 -0.2653319956349257 0.0 0.0 
8.571428571428571 -5.0 0.0 0 1.139419419850546 0.0 0.0 
8.571428571428571 -4.285714285714286 0.0 1 1.7223213768163816 0.0 0.0 
8.571428571428571 -3.5714285714285716 0.0 1 2.5221490592406353 0.0 0.0 
8.571428571428571 -2.857142857142857 0.0 2 2.2635150883114097 0.0 0.0 
8.571428571428571 -2.142857142857143 0.0 2 3.47148469360006 0.0 0.0 
8.571428571428571 -1.4285714285714286 0.0 2 3.795474168413741 0.0 0.0 
8.571428571428571 -0.7142857142857143 0.0 1 2.265170444686733 0.0 0.0 
8.571428571428571 -0.0 0.0 1 3.493449240321512 0.0 0.0 
8.571428571428571 0.0 0.0 1 1.3487571741838418 0.0 0.0 
8.571428571428571 0.7142857142857143 0.0 0 -0.9341498247263813 0.0 0.0 
8.571428571428571 1.4285714285714286 0.0 -1 -1.7884279801257281 0.0 0.0 
8.571428571428571 3.5714285714285716 0.0 -2 -1.682019686559615 0.0 0.0 
8.571428571428571 4.285714285714286 0.0 -1 -2.18659331322708 0.0 0.0 
8.571428571428571 5.0 0.0 -2 -2.32436853534733 0.0 0.0 
8.571428571428571 5.714285714285714 0.0 -1 -1.6989774346348887 0.0 0.0 
8.571428571428571 6.428571428571429 0.0 -1 -0.25077219020437 0.0 0.0 
8.571428571428571 7.142857142857143 0.0 0 -1.6134396932275195 0.0 0.0 
8.571428571428571 7.857142857142858 0.0 0 -0.6006665141934802 0.0 0.0 
8.571428571428571 8.571428571428571 0.0 0 -2.26739876451529 0.0 0.0 
8.571428571428571 9.285714285714286 0.0 1 1.3809476829478147 0.0 0.0 
10.714285714285714 -9.285714285714286 0.0 0 -1.4656900909010973 0.0 0.0 
10.714285714285714 -8.571428571428571 0.0 0 -1.828327030090959 0.0 0.0 
10.714285714285714 -7.857142857142858 0.0 0 -1.3773481140351758 0.0 0.0 
10.714285714285714 -7.142857142857143 0.0 0 -0.7424813411105082 0.0 0.0 
10.714285714285714 -6.428571428571429 0.0 0 -0.09110064735334072 0.0 0.0 
10.714285714285714 -5.714285714285714 0.0 0 0.9440114982281863 0.0 0.0 
10.714285714285714 -5.0 0.0 1 1.5599501832348022 0.0 0.0 
10.714285714285714 -4.285714285714286 0.0 1 1.4671556718830039 0.0 0.0 
10.714285714285714 -3.5714285714285716 0.0 1 1.7268439032906806 0.0 0.0 
10.714285714285714 -2.857142857142857 0.0 1 0.7867163960318508 0.0 0.0 
10.714285714285714 -2.142857142857143 0.0 1 1.6624300577086593 0.0 0.0 
10.714285714285714 -1.4285714285714286 0.0 1 0.8813898544308718 0.0 0.0 
10.714285714285714 -0.7142857142857143 0.0 0 1.8415116937753004 0.0 0.0 
10.714285714285714 -0.0 0.0 1 2.52423699750308 0.0 0.0 
10.714285714285714 0.0 0.0 2 5.14260241199415 0.0 0.0 
10.714285714285714 0.7142857142857143 0.0 0 0.32677174038859047 0.0 0.0 
10.714285714285714 1.4285714285714286 0.0 0 2.917077596204127 0.0 0.0 
10.714285714285714 2.142857142857143 0.0 0 -1.7405761511114455 0.0 0.0 
10.714285714285714 5.0 0.0 0 -1.0136690192998392 0.0 0.0 
10.714285714285714 5.714285714285714 0.0 0 -3.75510962937327 0.0 0.0 
10.714285714285714 6.428571428571429 0.0 1 2.00250385751208 0.0 0.0 
10.714285714285714 7.142857142857143 0.0 0 -2.668910016398482 0.0 0.0 
10.714285714285714 7.857142857142858 0.0 0 -0.5644641888554794 0.0 0.0 
10.714285714285714 8.571428571428571 0.0 0 -2.6723425395249585 0.0 0.0 
10.714285714285714 9.285714285714286 0.0 -2 -5.369579483694738 0.0 0.0 
12.857142857142858 -9.285714285714286 0.0 0 -1.8160884452094337 0.0 0.0 
12.857142857142858 -8.571428571428571 0.0 0 -1.8920337785506152 0.0 0.0 
12.857142857142858 -7.857142857142858 0.0 0 -0.8356907222689312 0.0 0.0 
12.857142857142858 -7.142857142857143 0.0 0 -0.12209902018364446 0.0 0.0 
12.857142857142858 -6.428571428571429 0.0 0 1.201705780036686 0.0 0.0 
12.857142857142858 -5.714285714285714 0.0 1 1.4966011713871392 0.0 0.0 
12.857142857142858 -5.0 0.0 1 2.2614774786784917 0.0 0.0 
12.857142857142858 -4.285714285714286 0.0 1 2.125236964508914 0.0 0.0 
12.857142857142858 -3.5714285714285716 0.0 1 2.6763157503059682 0.0 0.0 
12.857142857142858 -2.857142857142857 0.0 0 1.2694807981035883 0.0 0.0 
12.857142857142858 -2.142857142857143 0.0 0 1.7686792247258456 0.0 0.0 
12.857142857142858 -1.4285714285714286 0.0 0 -0.3083550923821119 0.0 0.0 
12.857142857142858 -0.7142857142857143 0.0 0 0.14187825810494548 0.0 0.0 
12.857142857142858 -0.0 0.0 0 -1.2363565620753298 0.0 0.0 
12.857142857142858 0.0 0.0 1 1.0703356163174245 0.0 0.0 
12.857142857142858 0.7142857142857143 0.0 1 1.5395487303733 0.0 0.0 
12.857142857142858 1.4285714285714286 0.0 4 3.049850816728788 0.0 0.0 
12.857142857142858 2.142857142857143 0.0 5 5.157706621976184 0.0 0.0 
12.857142857142858 4.285714285714286 0.0 -2 -2.6258267158907405 0.0 0.0 
12.857142857142858 5.0 0.0 0 -1.0520247101630893 0.0 0.0 
12.857142857142858 5.714285714285714 0.0 0 0.8957720853169906 0.0 0.0 
12.857142857142858 6.428571428571429 0.0 2 1.0533679927033837 0.0 0.0 
12.857142857142858 7.142857142857143 0.0 2 4.189571998770472 0.0 0.0 
12.857142857142858 7.857142857142858 0.0 0 -2.51499382667167 0.0 0.0 
12.857142857142858 8.571428571428571 0.0 4 7.626042174886391 0.0 0.0 
12.857142857142858 9.285714285714286 0.0 -3 -5.784766769670334 0.0 0.0 
15.0 -9.285714285714286 0.0 -1 -2.2051756609145743 0.0 0.0 
15.0 -8.571428571428571 0.0 0 -1.4136253998408324 0.0 0.0 
15.0 -7.857142857142858 0.0 0 -0.24465066099269658 0.0 0.0 
15.0 -7.142857142857143 0.0 0 0.30225487892370684 0.0 0.0 
15.0 -6.428571428571429 0.0 0 0.23601712268290576 0.0 0.0 
15.0 -5.714285714285714 0.0 1 0.5307183907983046 0.0 0.0 
15.0 -5.0 0.0 1 0.7908697867618948 0.0 0.0 
15.0 -4.285714285714286 0.0 1 1.6381837889967734 0.0 0.0 
15.0 -3.5714285714285716 0.0 1 2.7748862623661474 0.0 0.0 
15.0 -2.857142857142857 0.0 2 2.080373324238318 0.0 0.0 
15.0 -2.142857142857143 0.0 2 2.732117657542969 0.0 0.0 
15.0 -1.4285714285714286 0.0 0 1.6091742506845141 0.0 0.0 
15.0 -0.7142857142857143 0.0 0 0.5724411801124443 0.0 0.0 
15.0 -0.0 0.0 0 -0.4319660100484398 0.0 0.0 
15.0 0.0 0.0 -3 -4.246353515976969 0.0 0.0 
15.0 0.7142857142857143 0.0 -3 -1.6158679170769408 0.0 0.0 
15.0 1.4285714285714286 0.0 -2 -3.7575772699997816 0.0 0.0 
15.0 2.142857142857143 0.0 1 3.579257510321976 0.0 0.0 
15.0 2.857142857142857 0.0 2 3.1727071632295996 0.0 0.0 
15.0 3.5714285714285716 0.0 -1 1.817245170615939 0.0 0.0 
15.0 4.285714285714286 0.0 0 4.356048045381241 0.0 0.0 
15.0 5.0 0.0 0 1.8027722703991769 0.0 0.0 
15.0 5.714285714285714 0.0 0 5.585504028905719 0.0 0.0 
15.0 6.428571428571429 0.0 0 0.4601747827943735 0.0 0.0 
15.0 7.142857142857143 0.0 1 6.1640303817071995 0.0 0.0 
15.0 7.857142857142858 0.0 0 1.0674323551626992 0.0 0.0 
15.0 8.571428571428571 0.0 4 9.086668856471935 0.0 0.0 
15.0 9.285714285714286 0.0 4 11.921737555593978 0.0 0.0 
17.142857142857142 -9.285714285714286 0.0 0 -2.290653145602154 0.0 0.0 
17.142857142857142 -8.571428571428571 0.0 0 -0.8981361811839665 0.0 0.0 
17.142857142857142 -7.857142857142858 0.0 0 -0.6278449157798116 0.0 0.0 
17.142857142857142 -7.142857142857143 0.0 1 0.8062736876103155 0.0 0.0 
17.142857142857142 -6.428571428571429 0.0 1 -0.03550584089064168 0.0 0.0 
17.142857142857142 -5.714285714285714 0.0 1 1.3168183249338827 0.0 0.0 
17.142857142857142 -5.0 0.0 1 1.0107648910430402 0.0 0.0 
17.142857142857142 -4.285714285714286 0.0 1 2.1070045580164845 0.0 0.0 
17.142857142857142 -3.5714285714285716 0.0 1 1.103740157504787 0.0 0.0 
17.142857142857142 -2.857142857142857 0.0 0 2.0326791942305023 0.0 0.0 
17.142857142857142 -2.142857142857143 0.0 0 1.6756570252576386 0.0 0.0 
17.142857142857142 -1.4285714285714286 0.0 1 3.210976008200396 0.0 0.0 
17.142857142857142 -0.7142857142857143 0.0 0 0.7973251207306395 0.0 0.0 
17.142857142857142 -0.0 0.0 0 2.8830498052910243 0.0 0.0 
17.142857142857142 0.0 0.0 -2 -3.38400099962297 0.0 0.0 
17.142857142857142 0.7142857142857143 0.0 -2 -1.6529602662446858 0.0 0.0 
17.142857142857142 1.4285714285714286 0.0 -3 -6.348995935177154 0.0 0.0 
17.142857142857142 2.142857142857143 0.0 -5 -7.099922982619313 0.0 0.0 
17.142857142857142 2.857142857142857 0.0 -1 -2.9559238992830403 0.0 0.0 
17.142857142857142 3.5714285714285716 0.0 0 -3.135575894209957 0.0 0.0 
17.142857142857142 4.285714285714286 0.0 1 0.20798429791725204 0.0 0.0 
17.142857142857142 5.0 0.0 1 -2.161908847998739 0.0 0.0 
17.142857142857142 5.714285714285714 0.0 1 0.3821287230858834 0.0 0.0 
17.142857142857142 6.428571428571429 0.0 0 -3.1134136776282104 0.0 0.0 
17.142857142857142 7.142857142857143 0.0 0 -4.318583339901744 0.0 0.0 
17.142857142857142 7.857142857142858 0.0 -1 -3.447196224898412 0.0 0.0 
17.142857142857142 8.571428571428571 0.0 -1 -5.764083142708019 0.0 0.0 
17.142857142857142 9.285714285714286 0.0 4 3.753238078007853 0.0 0.0 
19.285714285714285 -9.285714285714286 0.0 0 -1.6085627315919182 0.0 0.0 
19.285714285714285 -8.571428571428571 0.0 0 -0.3816626394109779 0.0 0.0 
19.285714285714285 -7.857142857142858 0.0 0 0.7914100994965197 0.0 0.0 
19.285714285714285 -7.142857142857143 0.0 0 2.016668298185463 0.0 0.0 
19.285714285714285 -6.428571428571429 0.0 0 1.275336046820952 0.0 0.0 
19.285714285714285 -5.714285714285714 0.0 0 1.7885819589362577 0.0 0.0 
19.285714285714285 -5.0 0.0 0 1.3074876024236222 0.0 0.0 
19.285714285714285 -4.285714285714286 0.0 0 2.7271926479393063 0.0 0.0 
19.285714285714285 -3.5714285714285716 0.0 0 2.510900212506491 0.0 0.0 
19.285714285714285 -2.857142857142857 0.0 1 1.6077754193786826 0.0 0.0 
19.285714285714285 -2.142857142857143 0.0 0 -0.4833590801233856 0.0 0.0 
19.285714285714285 -1.4285714285714286 0.0 0 -0.37840022996612666 0.0 0.0 
19.285714285714285 -0.7142857142857143 0.0 0 -2.0170842935978572 0.0 0.0 
19.285714285714285 -0.0 0.0 0 -0.20511216744995703 0.0 0.0 
19.285714285714285 0.0 0.0 0 -0.030728303345802677 0.0 0.0 
19.285714285714285 0.7142857142857143 0.0 0 0.022810673424912498 0.0 0.0 
19.285714285714285 1.4285714285714286 0.0 1 1.2417140835474942 0.0 0.0 
19.285714285714285 2.142857142857143 0.0 -2 -2.9104549266096758 0.0 0.0 
19.285714285714285 2.857142857142857 0.0 0 -0.3564231379519671 0.0 0.0 
19.285714285714285 3.5714285714285716 0.0 0 -1.3922914886763178 0.0 0.0 
19.285714285714285 4.285714285714286 0.0 1 0.9231541160871564 0.0 0.0 
19.285714285714285 5.0 0.0 0 -0.6650588247782618 0.0 0.0 
19.285714285714285 5.714285714285714 0.0 0 -0.08942378924879357 0.0 0.0 
19.285714285714285 6.428571428571429 0.0 0 0.864263146694276 0.0 0.0 
19.285714285714285 7.142857142857143 0.0 0 -3.291645361694056 0.0 0.0 
19.285714285714285 7.857142857142858 0.0 0 1.2358679617436898 0.0 0.0 
19.285714285714285 8.571428571428571 0.0 -2 -3.673184314042471 0.0 0.0 
19.285714285714285 9.285714285714286 0.0 -1 -4.163770473041767 0.0 0.0 
21.428571428571427 -9.285714285714286 0.0 -1 -2.252669343582067 0.0 0.0 
21.428571428571427 -8.571428571428571 0.0 0 -2.0840696134462733 0.0 0.0 
21.428571428571427 -7.857142857142858 0.0 0 -0.29582303194090676 0.0 0.0 
21.428571428571427 -7.142857142857143 0.0 1 -0.16493541433581838 0.0 0.0 
21.428571428571427 -6.428571428571429 0.0 1 0.681798533904745 0.0 0.0 
21.428571428571427 -5.714285714285714 0.0 3 1.8159897027900032 0.0 0.0 
21.428571428571427 -5.0 0.0 3 3.322852529841886 0.0 0.0 
21.428571428571427 -4.285714285714286 0.0 2 3.3314387702126593 0.0 0.0 
21.428571428571427 -3.5714285714285716 0.0 1 2.8473787167279436 0.0 0.0 
21.428571428571427 -2.857142857142857 0.0 1 1.4609680068291113 0.0 0.0 
21.428571428571427 -2.142857142857143 0.0 0 1.2410402733957302 0.0 0.0 
21.428571428571427 -1.4285714285714286 0.0 0 -0.033854809544037856 0.0 0.0 
21.428571428571427 -0.7142857142857143 0.0 -1 -0.8125904642017666 0.0 0.0 
21.428571428571427 -0.0 0.0 -2 -3.892273279034252 0.0 0.0 
21.428571428571427 0.0 0.0 -2 -3.258338188759618 0.0 0.0 
21.428571428571427 0.7142857142857143 0.0 -2 -4.736486436726915 0.0 0.0 
21.428571428571427 1.4285714285714286 0.0 0 0.2354591670227335 0.0 0.0 
21.428571428571427 2.142857142857143 0.0 0 -1.350817761494475 0.0 0.0 
21.428571428571427 2.857142857142857 0.0 0 0.6532762406774251 0.0 0.0 
21.428571428571427 3.5714285714285716 0.0 0 -0.32885358278174026 0.0 0.0 
21.428571428571427 4.285714285714286 0.0 0 -0.896266419016381 0.0 0.0 
21.428571428571427 5.0 0.0 0 -0.9539548816858073 0.0 0.0 
21.428571428571427 5.714285714285714 0.0 0 -2.191655147708293 0.0 0.0 
21.428571428571427 6.428571428571429 0.0 0 0.8667976422577046 0.0 0.0 
21.428571428571427 7.142857142857143 0.0 0 -1.9209980044293657 0.0 0.0 
21.428571428571427 7.857142857142858 0.0 1 2.235424336214765 0.0 0.0 
21.428571428571427 8.571428571428571 0.0 1 1.4058731557667818 0.0 0.0 
21.428571428571427 9.285714285714286 0.0 -1 -2.1044004680482336 0.0 0.0 
23.57142857142857 -9.285714285714286 0.0 1 -2.050770979079519 0.0 0.0 
23.57142857142857 -8.571428571428571 0.0 2 2.2626995193499506 0.0 0.0 
23.57142857142857 -7.857142857142858 0.0 2 0.6555729529091952 0.0 0.0 
23.57142857142857 -7.142857142857143 0.0 1 2.7104123198702395 0.0 0.0 
23.57142857142857 -6.428571428571429 0.0 0 -0.10564403407434586 0.0 0.0 
23.57142857142857 -5.714285714285714 0.0 -1 0.893118882653682 0.0 0.0 
23.57142857142857 -5.0 0.0 -1 -1.2234791786393098 0.0 0.0 
23.57142857142857 -4.285714285714286 0.0 0 1.6132304794652943 0.0 0.0 
23.57142857142857 -3.5714285714285716 0.0 0 2.3318635131675918 0.0 0.0 
23.57142857142857 -2.857142857142857 0.0 1 3.439566361230892 0.0 0.0 
23.57142857142857 -2.142857142857143 0.0 0 2.437019796147884 0.0 0.0 
23.57142857142857 -1.4285714285714286 0.0 0 0.5876520008552079 0.0 0.0 
23.57142857142857 -0.7142857142857143 0.0 0 -0.18058888060048117 0.0 0.0 
23.57142857142857 -0.0 0.0 0 -2.222060104615005 0.0 0.0 
23.57142857142857 0.0 0.0 0 -1.3085436102283556 0.0 0.0 
23.57142857142857 0.7142857142857143 0.0 -1 -2.729221829509253 0.0 0.0 
23.57142857142857 1.4285714285714286 0.0 0 -1.6568994221329953 0.0 0.0 
23.57142857142857 2.142857142857143 0.0 0 -0.5793464315534088 0.0 0.0 
23.57142857142857 2.857142857142857 0.0 0 -0.6912029311464345 0.0 0.0 
23.57142857142857 3.5714285714285716 0.0 0 0.2592302275171372 0.0 0.0 
23.57142857142857 4.285714285714286 0.0 0 -1.3006876455310294 0.0 0.0 
23.57142857142857 5.0 0.0 0 -0.07956730553156538 0.0 0.0 
23.57142857142857 5.714285714285714 0.0 0 -2.332685142060021 0.0 0.0 
23.57142857142857 6.428571428571429 0.0 0 -0.8456352324346548 0.0 0.0 
23.57142857142857 7.142857142857143 0.0 0 -2.5847490857683932 0.0 0.0 
23.57142857142857 7.857142857142858 0.0 0 -0.8007555468188814 0.0 0.0 
23.57142857142857 8.571428571428571 0.0 1 0.3554101839581263 0.0 0.0 
23.57142857142857 9.285714285714286 0.0 0 -1.542832774207851 0.0 0.0 
25.714285714285715 -9.285714285714286 0.0 1 3.003914477983258 0.0 0.0 
25.714285714285715 -8.571428571428571 0.0 -2 -2.894888786066721 0.0 0.0 
25.714285714285715 -7.857142857142858 0.0 -3 -3.349598329081059 0.0 0.0 
25.714285714285715 -7.142857142857143 0.0 -2 -4.431127767722109 0.0 0.0 
25.714285714285715 -6.428571428571429 0.0 0 -1.1279786596128485 0.0 0.0 
25.714285714285715 -5.714285714285714 0.0 2 1.5880438227599338 0.0 0.0 
25.714285714285715 -5.0 0.0 4 4.949282564334911 0.0 0.0 
25.714285714285715 -4.285714285714286 0.0 3 4.606809541818087 0.0 0.0 
25.714285714285715 -3.5714285714285716 0.0 2 1.5119343040564721 0.0 0.0 
25.714285714285715 -2.857142857142857 0.0 0 -2.6998496619544294 0.0 0.0 
25.714285714285715 -2.142857142857143 0.0 -1 -5.348128953403951 0.0 0.0 
25.714285714285715 -1.4285714285714286 0.0 -2 -7.128612211969354 0.0 0.0 
25.714285714285715 -0.7142857142857143 0.0 -2 -6.0987319977499865 0.0 0.0 
25.714285714285715 -0.0 0.0 -2 -6.196187666950875 0.0 0.0 
25.714285714285715 0.0 0.0 -1 -4.124678630895884 0.0 0.0 
25.714285714285715 0.7142857142857143 0.0 0 -3.3823757489401745 0.0 0.0 
25.714285714285715 1.4285714285714286 0.0 0 -2.8730922832542904 0.0 0.0 
25.714285714285715 2.142857142857143 0.0 0 -2.14157572205155 0.0 0.0 
25.714285714285715 2.857142857142857 0.0 0 -2.9223019336872156 0.0 0.0 
25.714285714285715 3.5714285714285716 0.0 0 -2.06879040245758 0.0 0.0 
25.714285714285715 4.285714285714286 0.0 0 -3.11524085193145 0.0 0.0 
25.714285714285715 5.0 0.0 0 -1.586925412316784 0.0 0.0 
25.714285714285715 5.714285714285714 0.0 0 -1.818212600517972 0.0 0.0 
25.714285714285715 6.428571428571429 0.0 0 -1.1462499130661155 0.0 0.0 
25.714285714285715 7.142857142857143 0.0 0 -0.659767167815374 0.0 0.0 
25.714285714285715 7.857142857142858 0.0 0 -1.6112148457400512 0.0 0.0 
25.714285714285715 8.571428571428571 0.0 0 -0.6783349540531626 0.0 0.0 
25.714285714285715 9.285714285714286 0.0 0 -1.8458853558261323 0.0 0.0 
27.857142857142858 -9.285714285714286 0.0 0 -6.389713244233817 0.0 0.0 
27.857142857142858 -8.571428571428571 0.0 1 -5.204967928970689 0.0 0.0 
27.857142857142858 -7.857142857142858 0.0 4 -1.1913323907410929 0.0 0.0 
27.857142857142858 -7.142857142857143 0.0 4 1.5483548639663267 0.0 0.0 
27.857142857142858 -6.428571428571429 0.0 3 3.1935672564199598 0.0 0.0 
27.857142857142858 -5.714285714285714 0.0 2 2.2222953188880123 0.0 0.0 
27.857142857142858 -5.0 0.0 0 0.5349935648179626 0.0 0.0 
27.857142857142858 -4.285714285714286 0.0 0 -1.2218420065571096 0.0 0.0 
27.857142857142858 -3.5714285714285716 0.0 0 -2.0810776434935283 0.0 0.0 
27.857142857142858 -2.857142857142857 0.0 0 -2.9562092859720113 0.0 0.0 
27.857142857142858 -2.142857142857143 0.0 0 -2.87726251059457 0.0 0.0 
27.857142857142858 -1.4285714285714286 0.0 -1 -3.6773055340688554 0.0 0.0 
27.857142857142858 -0.7142857142857143 0.0 -1 -2.995309321811181 0.0 0.0 
27.857142857142858 -0.0 0.0 -1 -2.8698045690283163 0.0 0.0 
27.857142857142858 0.0 0.0 0 -1.8921197154994485 0.0 0.0 
27.857142857142858 0.7142857142857143 0.0 0 -0.9196006576780216 0.0 0.0 
27.857142857142858 1.4285714285714286 0.0 0 -0.5114278286257976 0.0 0.0 
27.857142857142858 2.142857142857143 0.0 0 -0.11858308037442852 0.0 0.0 
27.857142857142858 2.857142857142857 0.0 0 -1.039212701056539 0.0 0.0 
27.857142857142858 3.5714285714285716 0.0 0 -0.7144244665114368 0.0 0.0 
27.857142857142858 4.285714285714286 0.0 0 -1.626395351904291 0.0 0.0 
27.857142857142858 5.0 0.0 0 -1.5188906671814681 0.0 0.0 
27.857142857142858 5.714285714285714 0.0 0 -1.3374107539800906 0.0 0.0 
27.857142857142858 6.428571428571429 0.0 0 -2.2349782753410325 0.0 0.0 
27.857142857142858 7.142857142857143 0.0 0 -0.8399918478575594 0.0 0.0 
27.857142857142858 7.857142857142858 0.0 0 -2.24959484287603 0.0 0.0 
27.857142857142858 8.571428571428571 0.0 0 -1.0776161776098028 0.0 0.0 
27.857142857142858 9.285714285714286 0.0 0 -3.285060086914486 0.0 0.0 
