-27.857142857142858 -9.285714285714286 0.0 -1 -5.1341929023734085 0.0 0.0 
-27.857142857142858 -8.571428571428571 0.0 -1 0.7531132350045149 0.0 0.0 
-27.857142857142858 -7.857142857142858 0.0 1 4.926258210423422 0.0 0.0 
-27.857142857142858 -7.142857142857143 0.0 3 12.012716018802614 0.0 0.0 
-27.857142857142858 -6.428571428571429 0.0 5 14.429956856373593 0.0 0.0 
-27.857142857142858 -5.714285714285714 0.0 6 16.166805150626704 0.0 0.0 
-27.857142857142858 -5.0 0.0 6 15.794611954883457 0.0 0.0 
-27.857142857142858 -4.285714285714286 0.0 7 15.109164958620118 0.0 0.0 
-27.857142857142858 -3.5714285714285716 0.0 6 13.122237202211219 0.0 0.0 
-27.857142857142858 -2.857142857142857 0.0 6 10.469730865452561 0.0 0.0 
-27.857142857142858 -2.142857142857143 0.0 5 7.823589171248557 0.0 0.0 
-27.857142857142858 -1.4285714285714286 0.0 5 4.936113365311938 0.0 0.0 
-27.857142857142858 -0.7142857142857143 0.0 4 0.3305491667251843 0.0 0.0 
-27.857142857142858 -0.0 0.0 3 -3.695217782532314 0.0 0.0 
-27.857142857142858 0.0 0.0 2 -7.518889195130175 0.0 0.0 
-27.857142857142858 0.7142857142857143 0.0 1 -10.514188410577415 0.0 0.0 
-27.857142857142858 1.4285714285714286 0.0 0 -13.173529226143376 0.0 0.0 
-27.857142857142858 2.142857142857143 0.0 0 -14.123203734006212 0.0 0.0 
-27.857142857142858 2.857142857142857 0.0 -1 -15.213671426720417 0.0 0.0 
-27.857142857142858 3.5714285714285716 0.0 -2 -14.95582876402253 0.0 0.0 
-27.857142857142858 4.285714285714286 0.0 -2 -13.30661493291463 0.0 0.0 
-27.857142857142858 5.0 0.0 -1 -11.93168823020728 0.0 0.0 
-27.857142857142858 5.714285714285714 0.0 -1 -11.351146431668012 0.0 0.0 
-27.857142857142858 6.428571428571429 0.0 -1 -7.568072453695315 0.0 0.0 
-27.857142857142858 7.142857142857143 0.0 0 -3.9215461091725725 0.0 0.0 
-27.857142857142858 7.857142857142858 0.0 1 -3.228475958533868 0.0 0.0 
-27.857142857142858 8.571428571428571 0.0 0 -4.225083955727417 0.0 0.0 
-27.857142857142858 9.285714285714286 0.0 0 -3.9660105773432335 0.0 0.0 
-25.714285714285715 -9.285714285714286 0.0 -2 -2.962398366337254 0.0 0.0 
-25.714285714285715 -8.571428571428571 0.0 0 4.931424718601219 0.0 0.0 
-25.714285714285715 -7.857142857142858 0.0 3 10.826669558641454 0.0 0.0 
-25.714285714285715 -7.142857142857143 0.0 7 15.411497590703256 0.0 0.0 
-25.714285714285715 -6.428571428571429 0.0 7 16.533197270246113 0.0 0.0 
-25.714285714285715 -5.714285714285714 0.0 7 15.711674107229966 0.0 0.0 
-25.714285714285715 -5.0 0.0 6 12.227453133598143 0.0 0.0 
-25.714285714285715 -4.285714285714286 0.0 5 9.404902254547203 0.0 0.0 
-25.714285714285715 -3.5714285714285716 0.0 4 5.32647771903266 0.0 0.0 
-25.714285714285715 -2.857142857142857 0.0 3 1.0550006997483532 0.0 0.0 
-25.714285714285715 -2.142857142857143 0.0 2 -3.1892106693640248 0.0 0.0 
-25.714285714285715 -1.4285714285714286 0.0 1 -7.166033418637852 0.0 0.0 
-25.714285714285715 -0.7142857142857143 0.0 0 -12.305381070875566 0.0 0.0 
-25.714285714285715 -0.0 0.0 -2 -16.239636531697613 0.0 0.0 
-25.714285714285715 0.0 0.0 -3 -18.608444566101234 0.0 0.0 
-25.714285714285715 0.7142857142857143 0.0 -5 -20.06053689885937 0.0 0.0 
-25.714285714285715 1.4285714285714286 0.0 -6 -21.202991973408576 0.0 0.0 
-25.714285714285715 2.142857142857143 0.0 -6 -19.616296158529703 0.0 0.0 
-25.714285714285715 2.857142857142857 0.0 -7 -19.133169770129086 0.0 0.0 
-25.714285714285715 3.5714285714285716 0.0 -7 -18.23537419093953 0.0 0.0 
-25.714285714285715 4.285714285714286 0.0 -5 -14.265176481250545 0.0 0.0 
-25.714285714285715 5.0 0.0 -4 -10.782612821149385 0.0 0.0 
-25.714285714285715 5.714285714285714 0.0 -4 -10.153657675331853 0.0 0.0 
-25.714285714285715 6.428571428571429 0.0 -2 -7.217092512010513 0.0 0.0 
-25.714285714285715 7.142857142857143 0.0 0 -1.5226816307752977 0.0 0.0 
-25.714285714285715 7.857142857142858 0.0 0 1.5677406920974652 0.0 0.0 
-25.714285714285715 8.571428571428571 0.0 0 -3.4225259568955333 0.0 0.0 
-25.714285714285715 9.285714285714286 0.0 0 -1.3665672117208771 0.0 0.0 
-23.57142857142857 -9.285714285714286 0.0 -2 0.0801707476583271 0.0 0.0 
-23.57142857142857 -8.571428571428571 0.0 3 8.180111037661737 0.0 0.0 
-23.57142857142857 -7.857142857142858 0.0 8 13.685263128723934 0.0 0.0 
-23.57142857142857 -7.142857142857143 0.0 9 15.07880786924932 0.0 0.0 
-23.57142857142857 -6.428571428571429 0.0 9 13.695189630212349 0.0 0.0 
-23.57142857142857 -5.714285714285714 0.0 7 9.947686091054132 0.0 0.0 
-23.57142857142857 -5.0 0.0 5 5.535568625853287 0.0 0.0 
-23.57142857142857 -4.285714285714286 0.0 4 0.9227953383816043 0.0 0.0 
-23.57142857142857 -3.5714285714285716 0.0 1 -4.1499780658285825 0.0 0.0 
-23.57142857142857 -2.857142857142857 0.0 0 -8.659761567343633 0.0 0.0 
-23.57142857142857 -2.142857142857143 0.0 0 -12.145816089949385 0.0 0.0 
-23.57142857142857 -1.4285714285714286 0.0 -2 -14.657364553374734 0.0 0.0 
-23.57142857142857 -0.7142857142857143 0.0 -4 -18.92230268189584 0.0 0.0 
-23.57142857142857 -0.0 0.0 -7 -19.974560653422348 0.0 0.0 
-23.57142857142857 0.0 0.0 -7 -21.110026120847152 0.0 0.0 
-23.57142857142857 0.7142857142857143 0.0 -8 -20.113914311332138 0.0 0.0 
-23.57142857142857 1.4285714285714286 0.0 -8 -20.09041808300141 0.0 0.0 
-23.57142857142857 2.142857142857143 0.0 -8 -17.427931187890422 0.0 0.0 
-23.57142857142857 2.857142857142857 0.0 -7 -16.648732969154736 0.0 0.0 
-23.57142857142857 3.5714285714285716 0.0 -7 -15.169103439134213 0.0 0.0 
-23.57142857142857 4.285714285714286 0.0 -4 -10.93240417727201 0.0 0.0 
-23.57142857142857 5.0 0.0 -2 -7.640197483082231 0.0 0.0 
-23.57142857142857 5.714285714285714 0.0 -2 -8.294313329231795 0.0 0.0 
-23.57142857142857 6.428571428571429 0.0 -2 -5.774057142760072 0.0 0.0 
-23.57142857142857 7.142857142857143 0.0 -1 -0.31594226790139857 0.0 0.0 
-23.57142857142857 7.857142857142858 0.0 1 3.079621875595109 0.0 0.0 
-23.57142857142857 8.571428571428571 0.0 -1 -0.9668886374459593 0.0 0.0 
-23.57142857142857 9.285714285714286 0.0 0 1.794775209132795 0.0 0.0 
-21.428571428571427 -9.285714285714286 0.0 3 2.791980902277756 0.0 0.0 
-21.428571428571427 -8.571428571428571 0.0 10 9.94304628010218 0.0 0.0 
-21.428571428571427 -7.857142857142858 0.0 11 11.03166875862546 0.0 0.0 
-21.428571428571427 -7.142857142857143 0.0 10 10.599133120787291 0.0 0.0 
-21.428571428571427 -6.428571428571429 0.0 6 5.780777658802007 0.0 0.0 
-21.428571428571427 -5.714285714285714 0.0 3 0.8866114605261153 0.0 0.0 
-21.428571428571427 -5.0 0.0 2 -5.241474733233208 0.0 0.0 
-21.428571428571427 -4.285714285714286 0.0 1 -7.434362868640109 0.0 0.0 
-21.428571428571427 -3.5714285714285716 0.0 0 -10.447409692059102 0.0 0.0 
-21.428571428571427 -2.857142857142857 0.0 0 -12.354240714435623 0.0 0.0 
-21.428571428571427 -2.142857142857143 0.0 -2 -14.739066156578327 0.0 0.0 
-21.428571428571427 -1.4285714285714286 0.0 -4 -15.777432575531149 0.0 0.0 
-21.428571428571427 -0.7142857142857143 0.0 -6 -18.608774336954642 0.0 0.0 
-21.428571428571427 -0.0 0.0 -8 -18.92288276084691 0.0 0.0 
-21.428571428571427 0.0 0.0 -8 -18.47928862914386 0.0 0.0 
-21.428571428571427 0.7142857142857143 0.0 -8 -17.122568481975307 0.0 0.0 
-21.428571428571427 1.4285714285714286 0.0 -8 -17.388415174287662 0.0 0.0 
-21.428571428571427 2.142857142857143 0.0 -7 -14.851619218213456 0.0 0.0 
-21.428571428571427 2.857142857142857 0.0 -6 -13.985944354358825 0.0 0.0 
-21.428571428571427 3.5714285714285716 0.0 -6 -13.258393532981138 0.0 0.0 
-21.428571428571427 4.285714285714286 0.0 -5 -9.70812879906753 0.0 0.0 
-21.428571428571427 5.0 0.0 -2 -5.785427241547873 0.0 0.0 
-21.428571428571427 5.714285714285714 0.0 -3 -5.915393153970821 0.0 0.0 
-21.428571428571427 6.428571428571429 0.0 -2 -4.486490952257315 0.0 0.0 
-21.428571428571427 7.142857142857143 0.0 0 1.0545075630493512 0.0 0.0 
-21.428571428571427 7.857142857142858 0.0 2 4.112273918515147 0.0 0.0 
-21.428571428571427 8.571428571428571 0.0 0 -0.12151525141398689 0.0 0.0 
-21.428571428571427 9.285714285714286 0.0 -1 0.2850875320544781 0.0 0.0 
-19.285714285714285 -9.285714285714286 0.0 9 5.3623974640176115 0.0 0.0 
-19.285714285714285 -8.571428571428571 0.0 13 8.50518793487808 0.0 0.0 
-19.285714285714285 -7.857142857142858 0.0 11 4.99663647104714 0.0 0.0 
-19.285714285714285 -7.142857142857143 0.0 7 1.1936063789883207 0.0 0.0 
-19.285714285714285 -6.428571428571429 0.0 5 -4.373104755677012 0.0 0.0 
-19.285714285714285 -5.714285714285714 0.0 2 -7.616017202552484 0.0 0.0 
-19.285714285714285 -5.0 0.0 1 -10.04213597982573 0.0 0.0 
-19.285714285714285 -4.285714285714286 0.0 0 -10.064384136372322 0.0 0.0 
-19.285714285714285 -3.5714285714285716 0.0 0 -10.506584248793146 0.0 0.0 
-19.285714285714285 -2.857142857142857 0.0 -2 -11.951304172998237 0.0 0.0 
-19.285714285714285 -2.142857142857143 0.0 -4 -12.829526278020785 0.0 0.0 
-19.285714285714285 -1.4285714285714286 0.0 -6 -13.877277317882093 0.0 0.0 
-19.285714285714285 -0.7142857142857143 0.0 -8 -15.609769669581777 0.0 0.0 
-19.285714285714285 -0.0 0.0 -10 -16.096327489123606 0.0 0.0 
-19.285714285714285 0.0 0.0 -8 -15.57669596087479 0.0 0.0 
-19.285714285714285 0.7142857142857143 0.0 -8 -15.806039532976119 0.0 0.0 
-19.285714285714285 1.4285714285714286 0.0 -8 -16.570358239510504 0.0 0.0 
-19.285714285714285 2.142857142857143 0.0 -7 -15.813861140677766 0.0 0.0 
-19.285714285714285 2.857142857142857 0.0 -5 -14.041973829718108 0.0 0.0 
-19.285714285714285 3.5714285714285716 0.0 -6 -14.066601526923677 0.0 0.0 
-19.285714285714285 4.285714285714286 0.0 -3 -10.005261890285079 0.0 0.0 
-19.285714285714285 5.0 0.0 -1 -4.418476707538315 0.0 0.0 
-19.285714285714285 5.714285714285714 0.0 -1 -4.992526685572511 0.0 0.0 
-19.285714285714285 6.428571428571429 0.0 -1 -5.277951903701976 0.0 0.0 
-19.285714285714285 7.142857142857143 0.0 1 2.3604030061346197 0.0 0.0 
-19.285714285714285 7.857142857142858 0.0 4 4.431050968288055 0.0 0.0 
-19.285714285714285 8.571428571428571 0.0 1 0.0941478461580536 0.0 0.0 
-19.285714285714285 9.285714285714286 0.0 -1 -4.094806129106831 0.0 0.0 
-17.142857142857142 -9.285714285714286 0.0 14 6.584467177600796 0.0 0.0 
-17.142857142857142 -8.571428571428571 0.0 14 9.086482055248343 0.0 0.0 
-17.142857142857142 -7.857142857142858 0.0 9 2.702316820034433 0.0 0.0 
-17.142857142857142 -7.142857142857143 0.0 6 -1.007470711881112 0.0 0.0 
-17.142857142857142 -6.428571428571429 0.0 2 -5.206433940460574 0.0 0.0 
-17.142857142857142 -5.714285714285714 0.0 0 -9.14268333986439 0.0 0.0 
-17.142857142857142 -5.0 0.0 -2 -9.209340888737588 0.0 0.0 
-17.142857142857142 -4.285714285714286 0.0 -1 -7.946801073888351 0.0 0.0 
-17.142857142857142 -3.5714285714285716 0.0 -2 -7.16644301188702 0.0 0.0 
-17.142857142857142 -2.857142857142857 0.0 -3 -9.754629089599677 0.0 0.0 
-17.142857142857142 -2.142857142857143 0.0 -6 -10.904393714308437 0.0 0.0 
-17.142857142857142 -1.4285714285714286 0.0 -7 -12.15974049294347 0.0 0.0 
-17.142857142857142 -0.7142857142857143 0.0 -8 -13.792523987279505 0.0 0.0 
-17.142857142857142 -0.0 0.0 -8 -15.723664865513157 0.0 0.0 
-17.142857142857142 0.0 0.0 -8 -15.25067605046835 0.0 0.0 
-17.142857142857142 0.7142857142857143 0.0 -7 -16.35421295038349 0.0 0.0 
-17.142857142857142 1.4285714285714286 0.0 -7 -17.686395910198385 0.0 0.0 
-17.142857142857142 2.142857142857143 0.0 -6 -16.631887222373066 0.0 0.0 
-17.142857142857142 2.857142857142857 0.0 -4 -14.576065134871639 0.0 0.0 
-17.142857142857142 3.5714285714285716 0.0 -4 -14.17103831614309 0.0 0.0 
-17.142857142857142 4.285714285714286 0.0 -2 -9.142585279608422 0.0 0.0 
-17.142857142857142 5.0 0.0 0 -3.20171024366765 0.0 0.0 
-17.142857142857142 5.714285714285714 0.0 0 -5.051254245795805 0.0 0.0 
-17.142857142857142 6.428571428571429 0.0 -1 -7.235911398838003 0.0 0.0 
-17.142857142857142 7.142857142857143 0.0 2 2.9510441189128085 0.0 0.0 
-17.142857142857142 7.857142857142858 0.0 6 3.6749088738677056 0.0 0.0 
-17.142857142857142 8.571428571428571 0.0 2 -1.2413821117330772 0.0 0.0 
-17.142857142857142 9.285714285714286 0.0 -2 -8.65772600237013 0.0 0.0 
-15.0 -9.285714285714286 0.0 15 14.59324225090269 0.0 0.0 
-15.0 -8.571428571428571 0.0 9 14.67704663168336 0.0 0.0 
-15.0 -7.857142857142858 0.0 4 2.006348680686079 0.0 0.0 
-15.0 -7.142857142857143 0.0 -1 0.6417066347249092 0.0 0.0 
-15.0 -6.428571428571429 0.0 -3 -5.717971319250046 0.0 0.0 
-15.0 -5.714285714285714 0.0 -4 -3.9515705357446964 0.0 0.0 
-15.0 -5.0 0.0 -4 -4.211113776268213 0.0 0.0 
-15.0 -4.285714285714286 0.0 -2 -0.18140450660074192 0.0 0.0 
-15.0 -3.5714285714285716 0.0 -3 -3.5373218215258855 0.0 0.0 
-15.0 -2.857142857142857 0.0 -7 -5.592330449118401 0.0 0.0 
-15.0 -2.142857142857143 0.0 -8 -8.164740251455214 0.0 0.0 
-15.0 -1.4285714285714286 0.0 -7 -9.170000368203073 0.0 0.0 
-15.0 1.4285714285714286 0.0 -6 -17.659178468926818 0.0 0.0 
-15.0 2.142857142857143 0.0 -4 -15.626743137481824 0.0 0.0 
-15.0 2.857142857142857 0.0 -3 -12.280133340550952 0.0 0.0 
-15.0 3.5714285714285716 0.0 -3 -12.318184350544698 0.0 0.0 
-15.0 4.285714285714286 0.0 -2 -6.5902108341970305 0.0 0.0 
-15.0 5.0 0.0 0 -1.0348203406141439 0.0 0.0 
-15.0 5.714285714285714 0.0 0 -3.7313117798590083 0.0 0.0 
-15.0 6.428571428571429 0.0 -1 -7.045527986180462 0.0 0.0 
-15.0 7.142857142857143 0.0 4 5.688957493225214 0.0 0.0 
-15.0 7.857142857142858 0.0 7 6.897746887274337 0.0 0.0 
-15.0 8.571428571428571 0.0 2 0.11422671526290973 0.0 0.0 
-15.0 9.285714285714286 0.0 -1 -7.260777720698655 0.0 0.0 
-12.857142857142858 -9.285714285714286 0.0 6 16.873748748384116 0.0 0.0 
-12.857142857142858 -8.571428571428571 0.0 2 11.433229524246393 0.0 0.0 
-12.857142857142858 -7.857142857142858 0.0 -1 2.7653900346648856 0.0 0.0 
-12.857142857142858 -7.142857142857143 0.0 -5 2.1738772534625395 0.0 0.0 
-12.857142857142858 -6.428571428571429 0.0 -5 -2.2162524108790693 0.0 0.0 
-12.857142857142858 -5.714285714285714 0.0 -6 0.13479120137444234 0.0 0.0 
-12.857142857142858 -5.0 0.0 -6 -1.7388439425575255 0.0 0.0 
-12.857142857142858 -4.285714285714286 0.0 -4 0.9949285721572831 0.0 0.0 
-12.857142857142858 -3.5714285714285716 0.0 -4 -2.963869386221737 0.0 0.0 
-12.857142857142858 -2.857142857142857 0.0 -5 -5.0427037546867215 0.0 0.0 
-12.857142857142858 -2.142857142857143 0.0 -5 -6.485937250342181 0.0 0.0 
-12.857142857142858 2.142857142857143 0.0 -5 -13.215137603523594 0.0 0.0 
-12.857142857142858 2.857142857142857 0.0 -3 -10.749354166962322 0.0 0.0 
-12.857142857142858 3.5714285714285716 0.0 -2 -8.97669522366334 0.0 0.0 
-12.857142857142858 4.285714285714286 0.0 -1 -4.643855691081954 0.0 0.0 
-12.857142857142858 5.0 0.0 1 2.69183983606644 0.0 0.0 
-12.857142857142858 5.714285714285714 0.0 1 -2.116250348892659 0.0 0.0 
-12.857142857142858 6.428571428571429 0.0 -1 -2.9744192969529397 0.0 0.0 
-12.857142857142858 7.142857142857143 0.0 4 8.858609592692574 0.0 0.0 
-12.857142857142858 7.857142857142858 0.0 8 13.093884754313315 0.0 0.0 
-12.857142857142858 8.571428571428571 0.0 1 1.1975626749770156 0.0 0.0 
-12.857142857142858 9.285714285714286 0.0 0 -1.3108943036512857 0.0 0.0 
-10.714285714285714 -9.285714285714286 0.0 0 14.378464135453987 0.0 0.0 
-10.714285714285714 -8.571428571428571 0.0 -3 4.431835845476577 0.0 0.0 
-10.714285714285714 -7.857142857142858 0.0 -7 0.7354981161719261 0.0 0.0 
-10.714285714285714 -7.142857142857143 0.0 -7 -2.9029531735563143 0.0 0.0 
-10.714285714285714 -6.428571428571429 0.0 -5 -2.3001753482955207 0.0 0.0 
-10.714285714285714 -5.714285714285714 0.0 -3 -0.8792997507007305 0.0 0.0 
-10.714285714285714 -5.0 0.0 0 1.318489768961575 0.0 0.0 
-10.714285714285714 -4.285714285714286 0.0 1 4.345021115187607 0.0 0.0 
-10.714285714285714 -3.5714285714285716 0.0 0 1.8057947290483458 0.0 0.0 
-10.714285714285714 -2.857142857142857 0.0 -3 -1.1264023544044535 0.0 0.0 
-10.714285714285714 -2.142857142857143 0.0 -3 -4.73905608652665 0.0 0.0 
-10.714285714285714 2.142857142857143 0.0 -6 -10.09753458812793 0.0 0.0 
-10.714285714285714 2.857142857142857 0.0 -2 -5.088635201549691 0.0 0.0 
-10.714285714285714 3.5714285714285716 0.0 -2 -3.8544965138348815 0.0 0.0 
-10.714285714285714 4.285714285714286 0.0 0 0.22550466902491983 0.0 0.0 
-10.714285714285714 5.0 0.0 3 6.487338431324453 0.0 0.0 
-10.714285714285714 5.714285714285714 0.0 0 0.047822467755084364 0.0 0.0 
-10.714285714285714 6.428571428571429 0.0 -1 1.6861641595271717 0.0 0.0 
-10.714285714285714 7.142857142857143 0.0 7 12.94935459868476 0.0 0.0 
-10.714285714285714 7.857142857142858 0.0 9 18.306138262322538 0.0 0.0 
-10.714285714285714 8.571428571428571 0.0 0 4.308829670662947 0.0 0.0 
-10.714285714285714 9.285714285714286 0.0 1 2.7921543573095686 0.0 0.0 
-8.571428571428571 -9.285714285714286 0.0 -5 3.61182434323646 0.0 0.0 
-8.571428571428571 -8.571428571428571 0.0 -4 0.06869413095356225 0.0 0.0 
-8.571428571428571 -7.857142857142858 0.0 -3 -0.8927007411172136 0.0 0.0 
-8.571428571428571 -7.142857142857143 0.0 0 -0.5797425230399655 0.0 0.0 
-8.571428571428571 -6.428571428571429 0.0 1 4.572307009853917 0.0 0.0 
-8.571428571428571 -5.714285714285714 0.0 2 4.7260572464552055 0.0 0.0 
-8.571428571428571 -5.0 0.0 1 5.92516401129655 0.0 0.0 
-8.571428571428571 -4.285714285714286 0.0 0 3.688495566282584 0.0 0.0 
-8.571428571428571 -3.5714285714285716 0.0 -3 -0.05212347603177747 0.0 0.0 
-8.571428571428571 -2.857142857142857 0.0 -4 -3.692768076823062 0.0 0.0 
-8.571428571428571 -2.142857142857143 0.0 -5 -5.126533505855294 0.0 0.0 
-8.571428571428571 2.142857142857143 0.0 -3 -3.97166374267092 0.0 0.0 
-8.571428571428571 2.857142857142857 0.0 0 1.4908134652222964 0.0 0.0 
-8.571428571428571 3.5714285714285716 0.0 0 0.31854877337876086 0.0 0.0 
-8.571428571428571 4.285714285714286 0.0 0 3.9188648698175967 0.0 0.0 
-8.571428571428571 5.0 0.0 2 10.531646042877554 0.0 0.0 
-8.571428571428571 5.714285714285714 0.0 1 5.215704658592633 0.0 0.0 
-8.571428571428571 6.428571428571429 0.0 1 7.506818082101407 0.0 0.0 
-8.571428571428571 7.142857142857143 0.0 9 20.486585830626524 0.0 0.0 
-8.571428571428571 7.857142857142858 0.0 11 21.859747437658463 0.0 0.0 
-8.571428571428571 8.571428571428571 0.0 2 9.381948491445605 0.0 0.0 
-8.571428571428571 9.285714285714286 0.0 1 4.721889725277447 0.0 0.0 
-6.428571428571429 -9.285714285714286 0.0 0 9.27135977821476 0.0 0.0 
-6.428571428571429 -8.571428571428571 0.0 1 8.921072609592542 0.0 0.0 
-6.428571428571429 -7.857142857142858 0.0 -3 4.122540706665262 0.0 0.0 
-6.428571428571429 -7.142857142857143 0.0 -3 4.820153866101061 0.0 0.0 
-6.428571428571429 -6.428571428571429 0.0 -4 3.7476884293168116 0.0 0.0 
-6.428571428571429 -5.714285714285714 0.0 -3 4.383259118857968 0.0 0.0 
-6.428571428571429 -5.0 0.0 -2 3.5711389687518507 0.0 0.0 
-6.428571428571429 -4.285714285714286 0.0 -1 5.668592512502658 0.0 0.0 
-6.428571428571429 -3.5714285714285716 0.0 -3 3.083124906688284 0.0 0.0 
-6.428571428571429 -2.857142857142857 0.0 -4 2.2489795273179194 0.0 0.0 
-6.428571428571429 -2.142857142857143 0.0 -5 -2.3869974827246585 0.0 0.0 
-6.428571428571429 2.142857142857143 0.0 -1 3.5594817560862886 0.0 0.0 
-6.428571428571429 2.857142857142857 0.0 1 9.517704630748751 0.0 0.0 
-6.428571428571429 3.5714285714285716 0.0 0 6.54347454865637 0.0 0.0 
-6.428571428571429 4.285714285714286 0.0 0 9.268150842768444 0.0 0.0 
-6.428571428571429 5.0 0.0 4 16.552733977252785 0.0 0.0 
-6.428571428571429 5.714285714285714 0.0 3 11.998758072000903 0.0 0.0 
-6.428571428571429 6.428571428571429 0.0 3 15.185215356893517 0.0 0.0 
-6.428571428571429 7.142857142857143 0.0 13 28.839338875358308 0.0 0.0 
-6.428571428571429 7.857142857142858 0.0 12 26.282783099499035 0.0 0.0 
-6.428571428571429 8.571428571428571 0.0 2 12.976871012232156 0.0 0.0 
-6.428571428571429 9.285714285714286 0.0 1 8.766963322602795 0.0 0.0 
-4.285714285714286 -9.285714285714286 0.0 -3 9.287298493266606 0.0 0.0 
-4.285714285714286 -8.571428571428571 0.0 -6 -4.992874599134856 0.0 0.0 
-4.285714285714286 -7.857142857142858 0.0 -8 -1.5850659505058236 0.0 0.0 
-4.285714285714286 -7.142857142857143 0.0 -4 -3.223963733447413 0.0 0.0 
-4.285714285714286 -6.428571428571429 0.0 -1 5.365517815367882 0.0 0.0 
-4.285714285714286 -5.714285714285714 0.0 0 4.4590721193940634 0.0 0.0 
-4.285714285714286 -5.0 0.0 0 8.544437832824213 0.0 0.0 
-4.285714285714286 -4.285714285714286 0.0 -1 5.9717255459566445 0.0 0.0 
-4.285714285714286 -3.5714285714285716 0.0 -4 4.446545434805742 0.0 0.0 
-4.285714285714286 -2.857142857142857 0.0 -5 0.8082699437648087 0.0 0.0 
-4.285714285714286 -2.142857142857143 0.0 -7 -2.9602252913113176 0.0 0.0 
-4.285714285714286 2.142857142857143 0.0 1 7.888734229886948 0.0 0.0 
-4.285714285714286 2.857142857142857 0.0 4 11.20854994627193 0.0 0.0 
-4.285714285714286 3.5714285714285716 0.0 0 4.0180272492456925 0.0 0.0 
-4.285714285714286 4.285714285714286 0.0 0 8.174841103683038 0.0 0.0 
-4.285714285714286 5.0 0.0 7 17.414644031286784 0.0 0.0 
-4.285714285714286 5.714285714285714 0.0 6 13.71348857975951 0.0 0.0 
-4.285714285714286 6.428571428571429 0.0 7 17.58631043492808 0.0 0.0 
-4.285714285714286 7.142857142857143 0.0 15 29.76586998439209 0.0 0.0 
-4.285714285714286 7.857142857142858 0.0 10 22.429327185192694 0.0 0.0 
-4.285714285714286 8.571428571428571 0.0 1 5.75796170946581 0.0 0.0 
-4.285714285714286 9.285714285714286 0.0 1 2.324179117828728 0.0 0.0 
-2.142857142857143 -9.285714285714286 0.0 -4 -2.9790722093892548 0.0 0.0 
-2.142857142857143 -8.571428571428571 0.0 -4 -6.15847875475783 0.0 0.0 
-2.142857142857143 -7.857142857142858 0.0 -2 0.6841697135802001 0.0 0.0 
-2.142857142857143 -7.142857142857143 0.0 0 -0.43027970943838667 0.0 0.0 
-2.142857142857143 -6.428571428571429 0.0 0 6.649178132845801 0.0 0.0 
-2.142857142857143 -5.714285714285714 0.0 1 5.767704149895183 0.0 0.0 
-2.142857142857143 -5.0 0.0 0 9.356729292769515 0.0 0.0 
-2.142857142857143 -4.285714285714286 0.0 -2 4.426354546166456 0.0 0.0 
-2.142857142857143 -3.5714285714285716 0.0 -3 4.750743470651786 0.0 0.0 
-2.142857142857143 -2.857142857142857 0.0 -4 -1.6983203287417137 0.0 0.0 
-2.142857142857143 -2.142857142857143 0.0 -8 -5.5038577562062105 0.0 0.0 
-2.142857142857143 2.142857142857143 0.0 4 10.19806172543491 0.0 0.0 
-2.142857142857143 2.857142857142857 0.0 4 10.31126866552532 0.0 0.0 
-2.142857142857143 3.5714285714285716 0.0 -1 1.0064832832290889 0.0 0.0 
-2.142857142857143 4.285714285714286 0.0 2 8.108841266937691 0.0 0.0 
-2.142857142857143 5.0 0.0 11 19.199347085368615 0.0 0.0 
-2.142857142857143 5.714285714285714 0.0 10 16.51001307593904 0.0 0.0 
-2.142857142857143 6.428571428571429 0.0 11 19.0402963587579 0.0 0.0 
-2.142857142857143 7.142857142857143 0.0 17 29.19484438076215 0.0 0.0 
-2.142857142857143 7.857142857142858 0.0 8 17.364589128000546 0.0 0.0 
-2.142857142857143 8.571428571428571 0.0 0 -0.661893571573466 0.0 0.0 
-2.142857142857143 9.285714285714286 0.0 -1 -5.0646314182290055 0.0 0.0 
-0.0 -9.285714285714286 0.0 -2 0.9423365197566445 0.0 0.0 
-0.0 -8.571428571428571 0.0 -5 1.5001717279820097 0.0 0.0 
-0.0 -7.857142857142858 0.0 -5 2.078976905664147 0.0 0.0 
-0.0 -7.142857142857143 0.0 -3 6.425155361843528 0.0 0.0 
-0.0 -6.428571428571429 0.0 -2 9.938431482266452 0.0 0.0 
-0.0 -5.714285714285714 0.0 0 14.444050294814192 0.0 0.0 
-0.0 -5.0 0.0 0 11.829107593274365 0.0 0.0 
-0.0 -4.285714285714286 0.0 -2 7.885332303198596 0.0 0.0 
-0.0 -3.5714285714285716 0.0 -4 6.264674732681917 0.0 0.0 
-0.0 -2.857142857142857 0.0 -5 2.0742188949373794 0.0 0.0 
-0.0 -2.142857142857143 0.0 -8 -4.765599030774625 0.0 0.0 
-0.0 2.142857142857143 0.0 7 14.899666537030285 0.0 0.0 
-0.0 2.857142857142857 0.0 5 9.816848846097292 0.0 0.0 
-0.0 3.5714285714285716 0.0 0 1.6820148026016217 0.0 0.0 
-0.0 4.285714285714286 0.0 6 14.113462052673581 0.0 0.0 
-0.0 5.0 0.0 16 27.64480040571193 0.0 0.0 
-0.0 5.714285714285714 0.0 15 24.348087303592003 0.0 0.0 
-0.0 6.428571428571429 0.0 12 22.296968488816045 0.0 0.0 
-0.0 7.142857142857143 0.0 12 26.286006908127135 0.0 0.0 
-0.0 7.857142857142858 0.0 2 10.85932145879874 0.0 0.0 
-0.0 8.571428571428571 0.0 -4 -5.185121241171135 0.0 0.0 
-0.0 9.285714285714286 0.0 -4 -3.5063324951495236 0.0 0.0 
0.0 -9.285714285714286 0.0 -9 -0.2686385509989542 0.0 0.0 
0.0 -8.571428571428571 0.0 -7 -0.534746459621525 0.0 0.0 
0.0 -7.857142857142858 0.0 -5 5.969978033993767 0.0 0.0 
0.0 -7.142857142857143 0.0 -3 7.691158880208159 0.0 0.0 
0.0 -6.428571428571429 0.0 0 14.33321913419362 0.0 0.0 
0.0 -5.714285714285714 0.0 2 15.910098126829247 0.0 0.0 
0.0 -5.0 0.0 0 12.109409356720706 0.0 0.0 
0.0 -4.285714285714286 0.0 -3 6.458933052209799 0.0 0.0 
0.0 -3.5714285714285716 0.0 -3 7.67906040209674 0.0 0.0 
0.0 -2.857142857142857 0.0 -5 -0.569664687197684 0.0 0.0 
0.0 -2.142857142857143 0.0 -8 -7.604433827154757 0.0 0.0 
0.0 2.142857142857143 0.0 9 12.939028809914436 0.0 0.0 
0.0 2.857142857142857 0.0 4 7.814629503660319 0.0 0.0 
0.0 3.5714285714285716 0.0 3 5.024040076726885 0.0 0.0 
0.0 4.285714285714286 0.0 13 23.43841996402795 0.0 0.0 
0.0 5.0 0.0 21 33.04401313778473 0.0 0.0 
0.0 5.714285714285714 0.0 13 24.677381406807974 0.0 0.0 
0.0 6.428571428571429 0.0 5 14.289887062678147 0.0 0.0 
0.0 7.142857142857143 0.0 3 13.308106825546655 0.0 0.0 
0.0 7.857142857142858 0.0 -5 -2.2423385287588395 0.0 0.0 
0.0 8.571428571428571 0.0 -10 -13.155029672484284 0.0 0.0 
0.0 9.285714285714286 0.0 -3 -3.530783207481485 0.0 0.0 
2.142857142857143 -9.285714285714286 0.0 -9 -3.7564188012180004 0.0 0.0 
2.142857142857143 -8.571428571428571 0.0 -6 -0.5883367026529029 0.0 0.0 
2.142857142857143 -7.857142857142858 0.0 -3 7.93782914238151 0.0 0.0 
2.142857142857143 -7.142857142857143 0.0 0 7.496986562084494 0.0 0.0 
2.142857142857143 -6.428571428571429 0.0 0 15.216146670025477 0.0 0.0 
2.142857142857143 -5.714285714285714 0.0 4 13.63086564020172 0.0 0.0 
2.142857142857143 -5.0 0.0 1 8.581613755387753 0.0 0.0 
2.142857142857143 -4.285714285714286 0.0 -2 4.437251400055462 0.0 0.0 
2.142857142857143 -3.5714285714285716 0.0 0 7.216893100152682 0.0 0.0 
2.142857142857143 -2.857142857142857 0.0 -2 -4.165267827036553 0.0 0.0 
2.142857142857143 -2.142857142857143 0.0 -5 -7.763767528379567 0.0 0.0 
2.142857142857143 1.4285714285714286 0.0 9 14.028235290312791 0.0 0.0 
2.142857142857143 2.142857142857143 0.0 8 11.7957832131822 0.0 0.0 
2.142857142857143 2.857142857142857 0.0 5 9.683086307012585 0.0 0.0 
2.142857142857143 3.5714285714285716 0.0 7 11.430034818617584 0.0 0.0 
2.142857142857143 4.285714285714286 0.0 17 27.000638801337082 0.0 0.0 
2.142857142857143 5.0 0.0 21 34.69403235694716 0.0 0.0 
2.142857142857143 5.714285714285714 0.0 6 13.011200465581052 0.0 0.0 
2.142857142857143 6.428571428571429 0.0 -4 1.0236467414221604 0.0 0.0 
2.142857142857143 7.142857142857143 0.0 -5 -2.1153397343835776 0.0 0.0 
2.142857142857143 7.857142857142858 0.0 -8 -10.366337594420834 0.0 0.0 
2.142857142857143 8.571428571428571 0.0 -10 -13.412710996806414 0.0 0.0 
2.142857142857143 9.285714285714286 0.0 -2 -2.784802607307628 0.0 0.0 
4.285714285714286 -9.285714285714286 0.0 -8 -4.412654284947125 0.0 0.0 
4.285714285714286 -8.571428571428571 0.0 -3 -2.0035686139580857 0.0 0.0 
4.285714285714286 -7.857142857142858 0.0 0 8.885703320656381 0.0 0.0 
4.285714285714286 -7.142857142857143 0.0 2 6.222687690643641 0.0 0.0 
4.285714285714286 -6.428571428571429 0.0 4 15.1100663780981 0.0 0.0 
4.285714285714286 -5.714285714285714 0.0 5 11.905118912589957 0.0 0.0 
4.285714285714286 -5.0 0.0 0 6.3736510363867644 0.0 0.0 
4.285714285714286 -4.285714285714286 0.0 0 6.0350696051298165 0.0 0.0 
4.285714285714286 -3.5714285714285716 0.0 3 4.754994409256877 0.0 0.0 
4.285714285714286 -2.857142857142857 0.0 -3 -6.815715983111871 0.0 0.0 
4.285714285714286 -2.142857142857143 0.0 -2 -6.061316328692643 0.0 0.0 
4.285714285714286 -1.4285714285714286 0.0 5 0.7485933976741007 0.0 0.0 
4.285714285714286 1.4285714285714286 0.0 6 7.244463204335121 0.0 0.0 
4.285714285714286 2.142857142857143 0.0 6 8.863392454954313 0.0 0.0 
4.285714285714286 2.857142857142857 0.0 8 10.587029484954494 0.0 0.0 
4.285714285714286 3.5714285714285716 0.0 16 17.656547038767975 0.0 0.0 
4.285714285714286 4.285714285714286 0.0 18 28.968059541262942 0.0 0.0 
4.285714285714286 5.0 0.0 15 29.095723799718378 0.0 0.0 
4.285714285714286 5.714285714285714 0.0 -6 -6.528651586950581 0.0 0.0 
4.285714285714286 6.428571428571429 0.0 -16 -18.49983051438017 0.0 0.0 
4.285714285714286 7.142857142857143 0.0 -9 -12.2332519897768 0.0 0.0 
4.285714285714286 7.857142857142858 0.0 -11 -14.22032238279936 0.0 0.0 
4.285714285714286 8.571428571428571 0.0 -7 -8.98370807105141 0.0 0.0 
4.285714285714286 9.285714285714286 0.0 0 2.3889189353942895 0.0 0.0 
6.428571428571429 -9.285714285714286 0.0 -4 -7.129079392905515 0.0 0.0 
6.428571428571429 -8.571428571428571 0.0 0 1.8272293687476222 0.0 0.0 
6.428571428571429 -7.857142857142858 0.0 5 9.950295705643443 0.0 0.0 
6.428571428571429 -7.142857142857143 0.0 4 7.248634079252458 0.0 0.0 
6.428571428571429 -6.428571428571429 0.0 5 10.989995879213115 0.0 0.0 
6.428571428571429 -5.714285714285714 0.0 5 7.973158354301161 0.0 0.0 
6.428571428571429 -5.0 0.0 0 0.4343057069678098 0.0 0.0 
6.428571428571429 -4.285714285714286 0.0 3 5.1814750537485885 0.0 0.0 
6.428571428571429 -3.5714285714285716 0.0 5 0.4159563061687539 0.0 0.0 
6.428571428571429 -2.857142857142857 0.0 0 -9.092063667482524 0.0 0.0 
6.428571428571429 -2.142857142857143 0.0 6 -4.078660054207339 0.0 0.0 
6.428571428571429 -1.4285714285714286 0.0 6 -3.2398331788239325 0.0 0.0 
6.428571428571429 -0.7142857142857143 0.0 -4 -18.242478219347138 0.0 0.0 
6.428571428571429 -0.0 0.0 -4 -16.517622601191306 0.0 0.0 
6.428571428571429 0.0 0.0 2 -7.788303257523783 0.0 0.0 
6.428571428571429 2.142857142857143 0.0 8 7.672886499146392 0.0 0.0 
6.428571428571429 2.857142857142857 0.0 15 16.29289762802162 0.0 0.0 
6.428571428571429 3.5714285714285716 0.0 15 14.793909899287087 0.0 0.0 
6.428571428571429 4.285714285714286 0.0 11 22.941600293335647 0.0 0.0 
6.428571428571429 5.0 0.0 1 3.6295629478876528 0.0 0.0 
6.428571428571429 5.714285714285714 0.0 -19 -26.745805760253347 0.0 0.0 
6.428571428571429 6.428571428571429 0.0 -23 -34.35270306278816 0.0 0.0 
6.428571428571429 7.142857142857143 0.0 -8 -8.147941653140192 0.0 0.0 
6.428571428571429 7.857142857142858 0.0 -9 -14.937772969878171 0.0 0.0 
6.428571428571429 8.571428571428571 0.0 -4 -4.6197648660554425 0.0 0.0 
6.428571428571429 9.285714285714286 0.0 6 3.605155106545552 0.0 0.0 
8.571428571428571 -9.285714285714286 0.0 -1 -7.093949661824768 0.0 0.0 
8.571428571428571 -8.571428571428571 0.0 3 2.9029350633633846 0.0 0.0 
8.571428571428571 -7.857142857142858 0.0 7 8.089558920376497 0.0 0.0 
8.571428571428571 -7.142857142857143 0.0 8 7.153735409560204 0.0 0.0 
8.571428571428571 -6.428571428571429 0.0 9 10.352458772131627 0.0 0.0 
8.571428571428571 -5.714285714285714 0.0 10 9.343113060744386 0.0 0.0 
8.571428571428571 -5.0 0.0 5 3.056000447085431 0.0 0.0 
8.571428571428571 -4.285714285714286 0.0 7 4.851464443525991 0.0 0.0 
8.571428571428571 -3.5714285714285716 0.0 3 -5.912066097234641 0.0 0.0 
8.571428571428571 -2.857142857142857 0.0 -3 -15.842922786227778 0.0 0.0 
8.571428571428571 -2.142857142857143 0.0 3 -10.901871007098995 0.0 0.0 
8.571428571428571 -1.4285714285714286 0.0 1 -13.421562898478916 0.0 0.0 
8.571428571428571 -0.7142857142857143 0.0 -8 -28.407017109612507 0.0 0.0 
8.571428571428571 -0.0 0.0 4 -12.330444391927578 0.0 0.0 
8.571428571428571 0.0 0.0 9 -3.387468832783993 0.0 0.0 
8.571428571428571 0.7142857142857143 0.0 7 1.811540723596437 0.0 0.0 
8.571428571428571 1.4285714285714286 0.0 7 2.550681707896908 0.0 0.0 
8.571428571428571 3.5714285714285716 0.0 1 -0.603730316924814 0.0 0.0 
8.571428571428571 4.285714285714286 0.0 1 8.815686603843282 0.0 0.0 
8.571428571428571 5.0 0.0 -10 -19.005705083664346 0.0 0.0 
8.571428571428571 5.714285714285714 0.0 -23 -35.27471546653504 0.0 0.0 
8.571428571428571 6.428571428571429 0.0 -17 -26.15170678398521 0.0 0.0 
8.571428571428571 7.142857142857143 0.0 0 -1.3022572918708963 0.0 0.0 
8.571428571428571 7.857142857142858 0.0 -1 -3.691405089551578 0.0 0.0 
8.571428571428571 8.571428571428571 0.0 -7 -9.578407404352436 0.0 0.0 
8.571428571428571 9.285714285714286 0.0 4 3.6895706464033706 0.0 0.0 
10.714285714285714 -9.285714285714286 0.0 2 -5.897802002580294 0.0 0.0 
10.714285714285714 -8.571428571428571 0.0 9 9.655107622199012 0.0 0.0 
10.714285714285714 -7.857142857142858 0.0 13 10.132905907087146 0.0 0.0 
10.714285714285714 -7.142857142857143 0.0 11 9.886943883637077 0.0 0.0 
10.714285714285714 -6.428571428571429 0.0 11 11.290186064815098 0.0 0.0 
10.714285714285714 -5.714285714285714 0.0 13 10.502349871350518 0.0 0.0 
10.714285714285714 -5.0 0.0 9 3.9962953103072607 0.0 0.0 
10.714285714285714 -4.285714285714286 0.0 10 1.2736795281827327 0.0 0.0 
10.714285714285714 -3.5714285714285716 0.0 1 -12.964703279986074 0.0 0.0 
10.714285714285714 -2.857142857142857 0.0 -5 -22.515984623646613 0.0 0.0 
10.714285714285714 -2.142857142857143 0.0 -3 -19.450849613549718 0.0 0.0 
10.714285714285714 -1.4285714285714286 0.0 -6 -25.85511644293884 0.0 0.0 
10.714285714285714 -0.7142857142857143 0.0 -9 -26.841305702908173 0.0 0.0 
10.714285714285714 -0.0 0.0 4 -8.426242121463163 0.0 0.0 
10.714285714285714 0.0 0.0 12 2.8584699637821167 0.0 0.0 
10.714285714285714 0.7142857142857143 0.0 7 0.706347122016119 0.0 0.0 
10.714285714285714 1.4285714285714286 0.0 14 13.134653426186112 0.0 0.0 
10.714285714285714 2.142857142857143 0.0 7 8.588154675536824 0.0 0.0 
10.714285714285714 4.285714285714286 0.0 -15 -15.975911179464083 0.0 0.0 
10.714285714285714 5.0 0.0 -19 -29.947698250763573 0.0 0.0 
10.714285714285714 5.714285714285714 0.0 -28 -42.61267350408876 0.0 0.0 
10.714285714285714 6.428571428571429 0.0 3 -1.0981957076639688 0.0 0.0 
10.714285714285714 7.142857142857143 0.0 7 4.719892656136206 0.0 0.0 
10.714285714285714 7.857142857142858 0.0 8 10.29202833639252 0.0 0.0 
10.714285714285714 8.571428571428571 0.0 0 -8.575729447250557 0.0 0.0 
10.714285714285714 9.285714285714286 0.0 -9 -11.98410707084874 0.0 0.0 
12.857142857142858 -9.285714285714286 0.0 7 0.8233752895848809 0.0 0.0 
12.857142857142858 -8.571428571428571 0.0 11 10.054025011301071 0.0 0.0 
12.857142857142858 -7.857142857142858 0.0 13 8.291503800245811 0.0 0.0 
12.857142857142858 -7.142857142857143 0.0 8 4.63042988843549 0.0 0.0 
12.857142857142858 -6.428571428571429 0.0 11 5.568035573826091 0.0 0.0 
12.857142857142858 -5.714285714285714 0.0 10 2.836421204564285 0.0 0.0 
12.857142857142858 -5.0 0.0 8 -1.4085358579737743 0.0 0.0 
12.857142857142858 -4.285714285714286 0.0 10 -2.2840747942189523 0.0 0.0 
12.857142857142858 -3.5714285714285716 0.0 4 -12.039897548847344 0.0 0.0 
12.857142857142858 -2.857142857142857 0.0 0 -18.03029642475133 0.0 0.0 
12.857142857142858 -2.142857142857143 0.0 0 -17.011310651192503 0.0 0.0 
12.857142857142858 -1.4285714285714286 0.0 -9 -32.33630683754099 0.0 0.0 
12.857142857142858 -0.7142857142857143 0.0 -9 -25.29799526142222 0.0 0.0 
12.857142857142858 -0.0 0.0 -2 -15.572641417296857 0.0 0.0 
12.857142857142858 0.0 0.0 6 2.751973905089198 0.0 0.0 
12.857142857142858 0.7142857142857143 0.0 7 6.888662253395834 0.0 0.0 
12.857142857142858 1.4285714285714286 0.0 16 12.865378854233294 0.0 0.0 
12.857142857142858 2.142857142857143 0.0 14 10.967819077792562 0.0 0.0 
12.857142857142858 3.5714285714285716 0.0 -22 -26.903715469252294 0.0 0.0 
12.857142857142858 4.285714285714286 0.0 -23 -27.37874838192178 0.0 0.0 
12.857142857142858 5.0 0.0 -15 -23.004664965087823 0.0 0.0 
12.857142857142858 5.714285714285714 0.0 -19 -28.593009474116855 0.0 0.0 
12.857142857142858 6.428571428571429 0.0 13 12.705238123840346 0.0 0.0 
12.857142857142858 7.142857142857143 0.0 18 17.80583478314034 0.0 0.0 
12.857142857142858 7.857142857142858 0.0 5 -1.7802357846358685 0.0 0.0 
12.857142857142858 8.571428571428571 0.0 22 8.760492805410006 0.0 0.0 
12.857142857142858 9.285714285714286 0.0 -11 -23.183712378494263 0.0 0.0 
15.0 -9.285714285714286 0.0 10 0.5782451753933078 0.0 0.0 
15.0 -8.571428571428571 0.0 15 9.240295746930734 0.0 0.0 
15.0 -7.857142857142858 0.0 17 11.640571500540602 0.0 0.0 
15.0 -7.142857142857143 0.0 15 7.330927748284459 0.0 0.0 
15.0 -6.428571428571429 0.0 17 11.602695308392896 0.0 0.0 
15.0 -5.714285714285714 0.0 15 5.731850048653449 0.0 0.0 
15.0 -5.0 0.0 7 -0.7666598757249581 0.0 0.0 
15.0 -4.285714285714286 0.0 4 -11.865555513573572 0.0 0.0 
15.0 -3.5714285714285716 0.0 -3 -24.242898619114072 0.0 0.0 
15.0 -2.857142857142857 0.0 -7 -30.178501764114497 0.0 0.0 
15.0 -2.142857142857143 0.0 -3 -23.353259707149846 0.0 0.0 
15.0 -1.4285714285714286 0.0 -10 -29.868762030381653 0.0 0.0 
15.0 -0.7142857142857143 0.0 -2 -16.669447631113023 0.0 0.0 
15.0 -0.0 0.0 -6 -12.402242037765973 0.0 0.0 
15.0 0.0 0.0 -9 -10.715866958366961 0.0 0.0 
15.0 0.7142857142857143 0.0 -5 -5.329573377905439 0.0 0.0 
15.0 1.4285714285714286 0.0 -12 -12.65554080911216 0.0 0.0 
15.0 2.142857142857143 0.0 1 -0.795097897229402 0.0 0.0 
15.0 2.857142857142857 0.0 -14 -27.316504715917578 0.0 0.0 
15.0 3.5714285714285716 0.0 -17 -18.778882257363428 0.0 0.0 
15.0 4.285714285714286 0.0 -6 -12.909301301908403 0.0 0.0 
15.0 5.0 0.0 -4 -12.153718454972545 0.0 0.0 
15.0 5.714285714285714 0.0 1 -3.7691228638801633 0.0 0.0 
15.0 6.428571428571429 0.0 6 5.870930494331159 0.0 0.0 
15.0 7.142857142857143 0.0 10 14.223340641256158 0.0 0.0 
15.0 7.857142857142858 0.0 -10 -17.625046172922705 0.0 0.0 
15.0 8.571428571428571 0.0 11 1.080737563561714 0.0 0.0 
15.0 9.285714285714286 0.0 11 -6.079760534204216 0.0 0.0 
17.142857142857142 -9.285714285714286 0.0 18 6.726285623515153 0.0 0.0 
17.142857142857142 -8.571428571428571 0.0 25 29.577154919638172 0.0 0.0 
17.142857142857142 -7.857142857142858 0.0 27 23.844096252346 0.0 0.0 
17.142857142857142 -7.142857142857143 0.0 22 24.038724827725673 0.0 0.0 
17.142857142857142 -6.428571428571429 0.0 20 17.552328260258285 0.0 0.0 
17.142857142857142 -5.714285714285714 0.0 10 8.761996026815758 0.0 0.0 
17.142857142857142 -5.0 0.0 -1 -7.820848574852544 0.0 0.0 
17.142857142857142 -4.285714285714286 0.0 -11 -20.62949024136741 0.0 0.0 
17.142857142857142 -3.5714285714285716 0.0 -25 -36.814391592831605 0.0 0.0 
17.142857142857142 -2.857142857142857 0.0 -29 -44.8451632082313 0.0 0.0 
17.142857142857142 -2.142857142857143 0.0 -25 -41.329212943847594 0.0 0.0 
17.142857142857142 -1.4285714285714286 0.0 -19 -35.13082313583209 0.0 0.0 
17.142857142857142 -0.7142857142857143 0.0 -2 -16.557205070866203 0.0 0.0 
17.142857142857142 -0.0 0.0 11 7.134397816562535 0.0 0.0 
17.142857142857142 0.0 0.0 8 5.3986599311828165 0.0 0.0 
17.142857142857142 0.7142857142857143 0.0 9 10.857897419825807 0.0 0.0 
17.142857142857142 1.4285714285714286 0.0 -15 -17.81076941437146 0.0 0.0 
17.142857142857142 2.142857142857143 0.0 -22 -20.888429624610406 0.0 0.0 
17.142857142857142 2.857142857142857 0.0 -24 -38.24494453680043 0.0 0.0 
17.142857142857142 3.5714285714285716 0.0 -14 -26.19181077834591 0.0 0.0 
17.142857142857142 4.285714285714286 0.0 6 -6.339377330566894 0.0 0.0 
17.142857142857142 5.0 0.0 3 -11.668933460622839 0.0 0.0 
17.142857142857142 5.714285714285714 0.0 20 11.750658176396849 0.0 0.0 
17.142857142857142 6.428571428571429 0.0 11 3.770244855639106 0.0 0.0 
17.142857142857142 7.142857142857143 0.0 4 2.414337533447547 0.0 0.0 
17.142857142857142 7.857142857142858 0.0 -8 -19.910202187216402 0.0 0.0 
17.142857142857142 8.571428571428571 0.0 -16 -21.085027677514905 0.0 0.0 
17.142857142857142 9.285714285714286 0.0 3 -17.498378589087068 0.0 0.0 
19.285714285714285 -9.285714285714286 0.0 26 38.731584988214344 0.0 0.0 
19.285714285714285 -8.571428571428571 0.0 18 35.03585494200258 0.0 0.0 
19.285714285714285 -7.857142857142858 0.0 9 15.991215318601073 0.0 0.0 
19.285714285714285 -7.142857142857143 0.0 -1 4.954109927816852 0.0 0.0 
19.285714285714285 -6.428571428571429 0.0 -6 -4.339739836184265 0.0 0.0 
19.285714285714285 -5.714285714285714 0.0 -10 -13.056006329476883 0.0 0.0 
19.285714285714285 -5.0 0.0 -14 -26.04523031735423 0.0 0.0 
19.285714285714285 -4.285714285714286 0.0 -16 -30.99909021120701 0.0 0.0 
19.285714285714285 -3.5714285714285716 0.0 -14 -38.92311131862606 0.0 0.0 
19.285714285714285 -2.857142857142857 0.0 -9 -28.766335027635897 0.0 0.0 
19.285714285714285 -2.142857142857143 0.0 -6 -24.49707807228702 0.0 0.0 
19.285714285714285 -1.4285714285714286 0.0 -2 -10.165829236470476 0.0 0.0 
19.285714285714285 -0.7142857142857143 0.0 -1 -9.445397680091839 0.0 0.0 
19.285714285714285 -0.0 0.0 5 8.59334706815038 0.0 0.0 
19.285714285714285 0.0 0.0 0 -3.1199195312814543 0.0 0.0 
19.285714285714285 0.7142857142857143 0.0 -1 -2.541803086120849 0.0 0.0 
19.285714285714285 1.4285714285714286 0.0 -10 -15.721826454905464 0.0 0.0 
19.285714285714285 2.142857142857143 0.0 -18 -24.679999884046143 0.0 0.0 
19.285714285714285 2.857142857142857 0.0 -13 -23.328970392458835 0.0 0.0 
19.285714285714285 3.5714285714285716 0.0 -9 -17.800991059316445 0.0 0.0 
19.285714285714285 4.285714285714286 0.0 8 5.090256020943628 0.0 0.0 
19.285714285714285 5.0 0.0 0 -6.00768959333395 0.0 0.0 
19.285714285714285 5.714285714285714 0.0 15 16.8308026638667 0.0 0.0 
19.285714285714285 6.428571428571429 0.0 11 12.769192145684745 0.0 0.0 
19.285714285714285 7.142857142857143 0.0 2 1.4870603090813277 0.0 0.0 
19.285714285714285 7.857142857142858 0.0 6 3.78047233894575 0.0 0.0 
19.285714285714285 8.571428571428571 0.0 -8 -10.943556848481158 0.0 0.0 
19.285714285714285 9.285714285714286 0.0 -8 -9.681223892454362 0.0 0.0 
21.428571428571427 -9.285714285714286 0.0 6 12.76177148209009 0.0 0.0 
21.428571428571427 -8.571428571428571 0.0 2 -17.253687687962326 0.0 0.0 
21.428571428571427 -7.857142857142858 0.0 1 -2.796002717585175 0.0 0.0 
21.428571428571427 -7.142857142857143 0.0 0 -25.133221065481525 0.0 0.0 
21.428571428571427 -6.428571428571429 0.0 4 -11.53179084313657 0.0 0.0 
21.428571428571427 -5.714285714285714 0.0 2 -28.383065710007713 0.0 0.0 
21.428571428571427 -5.0 0.0 2 -18.13861873046632 0.0 0.0 
21.428571428571427 -4.285714285714286 0.0 1 -28.971832952259536 0.0 0.0 
21.428571428571427 -3.5714285714285716 0.0 -3 -28.23855054755531 0.0 0.0 
21.428571428571427 -2.857142857142857 0.0 -4 -32.30239186166583 0.0 0.0 
21.428571428571427 -2.142857142857143 0.0 -11 -33.74191701369444 0.0 0.0 
21.428571428571427 -1.4285714285714286 0.0 -8 -28.769880860628604 0.0 0.0 
21.428571428571427 -0.7142857142857143 0.0 -12 -24.440553901201167 0.0 0.0 
21.428571428571427 -0.0 0.0 -11 -19.03635863811119 0.0 0.0 
21.428571428571427 0.0 0.0 -13 -20.715424291879472 0.0 0.0 
21.428571428571427 0.7142857142857143 0.0 -22 -33.4150465331778 0.0 0.0 
21.428571428571427 1.4285714285714286 0.0 -14 -26.086703144665577 0.0 0.0 
21.428571428571427 2.142857142857143 0.0 -14 -35.0310766261964 0.0 0.0 
21.428571428571427 2.857142857142857 0.0 0 -14.016954923365692 0.0 0.0 
21.428571428571427 3.5714285714285716 0.0 4 -9.485165702127675 0.0 0.0 
21.428571428571427 4.285714285714286 0.0 11 6.684715458929734 0.0 0.0 
21.428571428571427 5.0 0.0 1 -3.098878853573842 0.0 0.0 
21.428571428571427 5.714285714285714 0.0 0 -4.971742251005642 0.0 0.0 
21.428571428571427 6.428571428571429 0.0 -2 -5.028515105169785 0.0 0.0 
21.428571428571427 7.142857142857143 0.0 -11 -22.383572122338343 0.0 0.0 
21.428571428571427 7.857142857142858 0.0 2 -4.228399847117152 0.0 0.0 
21.428571428571427 8.571428571428571 0.0 1 -12.083293277040783 0.0 0.0 
21.428571428571427 9.285714285714286 0.0 0 -7.0032630647396745 0.0 0.0 
23.57142857142857 -9.285714285714286 0.0 16 -7.959108052342721 0.0 0.0 
23.57142857142857 -8.571428571428571 0.0 25 30.717169387065717 0.0 0.0 
23.57142857142857 -7.857142857142858 0.0 22 6.457704392087237 0.0 0.0 
23.57142857142857 -7.142857142857143 0.0 19 21.45447137547952 0.0 0.0 
23.57142857142857 -6.428571428571429 0.0 12 2.4287917799266907 0.0 0.0 
23.57142857142857 -5.714285714285714 0.0 -3 -1.1913106230887953 0.0 0.0 
23.57142857142857 -5.0 0.0 -20 -35.14742889039617 0.0 0.0 
23.57142857142857 -4.285714285714286 0.0 -31 -47.007544562911136 0.0 0.0 
23.57142857142857 -3.5714285714285716 0.0 -41 -63.622230556770795 0.0 0.0 
23.57142857142857 -2.857142857142857 0.0 -30 -46.3238513936829 0.0 0.0 
23.57142857142857 -2.142857142857143 0.0 -24 -35.44761149142111 0.0 0.0 
23.57142857142857 -1.4285714285714286 0.0 -12 -15.683925167902402 0.0 0.0 
23.57142857142857 -0.7142857142857143 0.0 -8 -6.986876513599917 0.0 0.0 
23.57142857142857 -0.0 0.0 -11 -10.180233851925808 0.0 0.0 
23.57142857142857 0.0 0.0 -10 -10.504989991067093 0.0 0.0 
23.57142857142857 0.7142857142857143 0.0 -19 -24.453740955339367 0.0 0.0 
23.57142857142857 1.4285714285714286 0.0 -8 -9.979785559412527 0.0 0.0 
23.57142857142857 2.142857142857143 0.0 -2 -7.260256394157002 0.0 0.0 
23.57142857142857 2.857142857142857 0.0 8 10.5323488383692 0.0 0.0 
23.57142857142857 3.5714285714285716 0.0 13 16.566631153421373 0.0 0.0 
23.57142857142857 4.285714285714286 0.0 9 15.3759420949385 0.0 0.0 
23.57142857142857 5.0 0.0 9 17.11529642149749 0.0 0.0 
23.57142857142857 5.714285714285714 0.0 -1 1.8223544919078245 0.0 0.0 
23.57142857142857 6.428571428571429 0.0 -2 6.208684917778269 0.0 0.0 
23.57142857142857 7.142857142857143 0.0 -9 -11.84179603915896 0.0 0.0 
23.57142857142857 7.857142857142858 0.0 -3 2.2330597724610763 0.0 0.0 
23.57142857142857 8.571428571428571 0.0 -2 -1.4289165366993506 0.0 0.0 
23.57142857142857 9.285714285714286 0.0 0 1.955164323451382 0.0 0.0 
25.714285714285715 -9.285714285714286 0.0 18 31.61193298390731 0.0 0.0 
25.714285714285715 -8.571428571428571 0.0 7 39.375388181939 0.0 0.0 
25.714285714285715 -7.857142857142858 0.0 -3 20.699004161411896 0.0 0.0 
25.714285714285715 -7.142857142857143 0.0 -15 17.656028772695798 0.0 0.0 
25.714285714285715 -6.428571428571429 0.0 -25 -15.05766553202458 0.0 0.0 
25.714285714285715 -5.714285714285714 0.0 -33 -23.02344636076659 0.0 0.0 
25.714285714285715 -5.0 0.0 -30 -39.62162810739092 0.0 0.0 
25.714285714285715 -4.285714285714286 0.0 -27 -25.762467527566972 0.0 0.0 
25.714285714285715 -3.5714285714285716 0.0 -23 -30.265159114660122 0.0 0.0 
25.714285714285715 -2.857142857142857 0.0 -22 -21.675522775316033 0.0 0.0 
25.714285714285715 -2.142857142857143 0.0 -21 -24.84481509960966 0.0 0.0 
25.714285714285715 -1.4285714285714286 0.0 -17 -17.244100428296036 0.0 0.0 
25.714285714285715 -0.7142857142857143 0.0 -5 -3.3276939659082965 0.0 0.0 
25.714285714285715 -0.0 0.0 -1 4.185918746138162 0.0 0.0 
25.714285714285715 0.0 0.0 5 13.508158379959145 0.0 0.0 
25.714285714285715 0.7142857142857143 0.0 3 10.147083959272965 0.0 0.0 
25.714285714285715 1.4285714285714286 0.0 4 7.595782094139977 0.0 0.0 
25.714285714285715 2.142857142857143 0.0 2 9.515492350347213 0.0 0.0 
25.714285714285715 2.857142857142857 0.0 0 4.543214412055617 0.0 0.0 
25.714285714285715 3.5714285714285716 0.0 6 18.293180221193168 0.0 0.0 
25.714285714285715 4.285714285714286 0.0 0 7.159628716833067 0.0 0.0 
25.714285714285715 5.0 0.0 7 22.724412508097878 0.0 0.0 
25.714285714285715 5.714285714285714 0.0 3 7.92264319904554 0.0 0.0 
25.714285714285715 6.428571428571429 0.0 2 13.936724176444987 0.0 0.0 
25.714285714285715 7.142857142857143 0.0 0 1.8153189425753382 0.0 0.0 
25.714285714285715 7.857142857142858 0.0 -1 2.662039490370226 0.0 0.0 
25.714285714285715 8.571428571428571 0.0 -2 2.8401735040419616 0.0 0.0 
25.714285714285715 9.285714285714286 0.0 -3 -0.8966461007724447 0.0 0.0 
27.857142857142858 -9.285714285714286 0.0 -12 3.1101676849476867 0.0 0.0 
27.857142857142858 -8.571428571428571 0.0 -20 -6.003518623815694 0.0 0.0 
27.857142857142858 -7.857142857142858 0.0 -28 -16.7090323430737 0.0 0.0 
27.857142857142858 -7.142857142857143 0.0 -28 -28.340213000865354 0.0 0.0 
27.857142857142858 -6.428571428571429 0.0 -24 -27.61588415982717 0.0 0.0 
27.857142857142858 -5.714285714285714 0.0 -20 -27.911949412665347 0.0 0.0 
27.857142857142858 -5.0 0.0 -15 -22.76997723460078 0.0 0.0 
27.857142857142858 -4.285714285714286 0.0 -12 -25.062448426581838 0.0 0.0 
27.857142857142858 -3.5714285714285716 0.0 -4 -16.706982834793063 0.0 0.0 
27.857142857142858 -2.857142857142857 0.0 0 -9.415976947997638 0.0 0.0 
27.857142857142858 -2.142857142857143 0.0 7 9.611687423499983 0.0 0.0 
27.857142857142858 -1.4285714285714286 0.0 6 16.438534642690758 0.0 0.0 
27.857142857142858 -0.7142857142857143 0.0 4 23.553526139064772 0.0 0.0 
27.857142857142858 -0.0 0.0 -2 18.166086921108032 0.0 0.0 
27.857142857142858 0.0 0.0 -3 11.002189594441532 0.0 0.0 
27.857142857142858 0.7142857142857143 0.0 0 12.369950774321902 0.0 0.0 
27.857142857142858 1.4285714285714286 0.0 4 12.976392805780787 0.0 0.0 
27.857142857142858 2.142857142857143 0.0 11 27.51126977256753 0.0 0.0 
27.857142857142858 2.857142857142857 0.0 13 25.141860543877236 0.0 0.0 
27.857142857142858 3.5714285714285716 0.0 13 29.721370320404695 0.0 0.0 
27.857142857142858 4.285714285714286 0.0 5 17.80986977971488 0.0 0.0 
27.857142857142858 5.0 0.0 3 10.973369886714924 0.0 0.0 
27.857142857142858 5.714285714285714 0.0 1 8.482421356007455 0.0 0.0 
27.857142857142858 6.428571428571429 0.0 -1 0.5578456029467966 0.0 0.0 
27.857142857142858 7.142857142857143 0.0 3 8.61950487124271 0.0 0.0 
27.857142857142858 7.857142857142858 0.0 0 0.06787044984787666 0.0 0.0 
27.857142857142858 8.571428571428571 0.0 3 8.770485756589345 0.0 0.0 
27.857142857142858 9.285714285714286 0.0 2 3.969462622200898 0.0 0.0 
