-15.789473684210527 -0.5263157894736842 1 nan nan 0
-15.789473684210527 -0.0 1 nan nan 0
-15.789473684210527 0.0 1 nan nan 0
-15.789473684210527 0.5263157894736842 1 nan nan 0
-14.210526315789474 -1.0526315789473684 1 nan nan 0
-14.210526315789474 -0.5263157894736842 1 nan nan 0
-14.210526315789474 -0.0 1 nan nan 0
-14.210526315789474 0.0 1 nan nan 0
-14.210526315789474 0.5263157894736842 1 nan nan 0
-14.210526315789474 1.0526315789473684 1 nan nan 0
-12.631578947368421 -1.0526315789473684 1 nan nan 0
-12.631578947368421 -0.5263157894736842 1 nan nan 0
-12.631578947368421 -0.0 1 nan nan 0
-12.631578947368421 0.0 1 nan nan 0
-12.631578947368421 0.5263157894736842 1 nan nan 0
-12.631578947368421 1.0526315789473684 1 nan nan 0
-11.052631578947368 -1.5789473684210527 1 nan nan 0
-11.052631578947368 -1.0526315789473684 1 nan nan 0
-11.052631578947368 -0.5263157894736842 1 nan nan 0
-11.052631578947368 -0.0 1 nan nan 0
-11.052631578947368 0.0 1 nan nan 0
-11.052631578947368 0.5263157894736842 1 nan nan 0
-11.052631578947368 1.0526315789473684 1 nan nan 0
-11.052631578947368 1.5789473684210527 1 nan nan 0
-9.473684210526315 -1.5789473684210527 1 nan nan 0
-9.473684210526315 -1.0526315789473684 1 nan nan 0
-9.473684210526315 -0.5263157894736842 1 nan nan 0
-9.473684210526315 -0.0 1 nan nan 0
-9.473684210526315 0.0 1 nan nan 0
-9.473684210526315 0.5263157894736842 1 nan nan 0
-9.473684210526315 1.0526315789473684 1 nan nan 0
-9.473684210526315 1.5789473684210527 1 nan nan 0
-7.894736842105264 -1.5789473684210527 1 nan nan 0
-7.894736842105264 -1.0526315789473684 1 nan nan 0
-7.894736842105264 -0.5263157894736842 1 nan nan 0
-7.894736842105264 -0.0 1 nan nan 0
-7.894736842105264 0.0 1 nan nan 0
-7.894736842105264 0.5263157894736842 1 nan nan 0
-7.894736842105264 1.0526315789473684 1 nan nan 0
-7.894736842105264 1.5789473684210527 1 nan nan 0
-6.315789473684211 -1.5789473684210527 1 nan nan 0
-6.315789473684211 -1.0526315789473684 1 nan nan 0
-6.315789473684211 -0.5263157894736842 1 nan nan 0
-6.315789473684211 -0.0 1 nan nan 0
-6.315789473684211 0.0 1 nan nan 0
-6.315789473684211 0.5263157894736842 1 nan nan 0
-6.315789473684211 1.0526315789473684 1 nan nan 0
-6.315789473684211 1.5789473684210527 1 nan nan 0
-4.7368421052631575 -1.5789473684210527 1 nan nan 0
-4.7368421052631575 -1.0526315789473684 1 nan nan 0
-4.7368421052631575 -0.5263157894736842 1 nan nan 0
-4.7368421052631575 -0.0 1 nan nan 0
-4.7368421052631575 0.0 1 nan nan 0
-4.7368421052631575 0.5263157894736842 1 nan nan 0
-4.7368421052631575 1.0526315789473684 1 nan nan 0
-4.7368421052631575 1.5789473684210527 1 nan nan 0
-3.1578947368421053 -1.5789473684210527 1 nan nan 0
-3.1578947368421053 -1.0526315789473684 1 nan nan 0
-3.1578947368421053 -0.5263157894736842 1 nan nan 0
-3.1578947368421053 -0.0 1 nan nan 0
-3.1578947368421053 0.0 1 nan nan 0
-3.1578947368421053 0.5263157894736842 1 nan nan 0
-3.1578947368421053 1.0526315789473684 1 nan nan 0
-3.1578947368421053 1.5789473684210527 1 nan nan 0
-1.5789473684210527 -1.5789473684210527 1 nan nan 0
-1.5789473684210527 -1.0526315789473684 1 nan nan 0
-1.5789473684210527 -0.5263157894736842 1 nan nan 0
-1.5789473684210527 -0.0 1 nan nan 0
-1.5789473684210527 0.0 1 nan nan 0
-1.5789473684210527 0.5263157894736842 1 nan nan 0
-1.5789473684210527 1.0526315789473684 1 nan nan 0
-1.5789473684210527 1.5789473684210527 1 nan nan 0
-0.0 -1.0526315789473684 1 nan nan 0
-0.0 -0.5263157894736842 1 nan nan 0
-0.0 -0.0 1 nan nan 0
-0.0 0.0 1 nan nan 0
-0.0 0.5263157894736842 1 nan nan 0
-0.0 1.0526315789473684 1 nan nan 0
0.0 -1.0526315789473684 1 nan nan 0
0.0 -0.5263157894736842 1 nan nan 0
0.0 -0.0 1 nan nan 0
0.0 0.0 1 nan nan 0
0.0 0.5263157894736842 1 nan nan 0
0.0 1.0526315789473684 1 nan nan 0
1.5789473684210527 -1.0526315789473684 1 nan nan -0.07487242731874716
1.5789473684210527 -0.5263157894736842 1 nan nan -0.07487242731874716
1.5789473684210527 -0.0 1 nan nan -0.07487242731874716
1.5789473684210527 0.0 1 nan nan -0.07487242731874716
1.5789473684210527 0.5263157894736842 1 nan nan -0.07487242731874716
3.1578947368421053 -1.0526315789473684 1 nan nan 0.05097134359016222
3.1578947368421053 -0.5263157894736842 1 nan nan 0.05097134359016222
3.1578947368421053 -0.0 1 nan nan 0.05097134359016222
3.1578947368421053 0.0 1 nan nan 0.05097134359016222
3.1578947368421053 0.5263157894736842 1 nan nan 0.05097134359016222
4.7368421052631575 -0.5263157894736842 1 nan nan -0.0020253693093882177
4.7368421052631575 -0.0 1 nan nan -0.0020253693093882177
4.7368421052631575 0.0 1 nan nan -0.0020253693093882177
4.7368421052631575 0.5263157894736842 1 nan nan -0.0020253693093882177
4.7368421052631575 1.0526315789473684 1 nan nan -0.0020253693093882177
6.315789473684211 0.5263157894736842 1 nan nan -0.6302806579969672
6.315789473684211 1.0526315789473684 1 nan nan -0.6302806579969672
6.315789473684211 1.5789473684210527 1 nan nan -0.6302806579969672
7.894736842105264 1.0526315789473684 1 nan nan -2.103146835932399
7.894736842105264 1.5789473684210527 1 nan nan -2.103146835932399
7.894736842105264 2.1052631578947367 1 nan nan -2.103146835932399
9.473684210526315 1.0526315789473684 1 nan nan -4.440030455588832
9.473684210526315 1.5789473684210527 1 nan nan -4.440030455588832
9.473684210526315 2.1052631578947367 1 nan nan -4.440030455588832
9.473684210526315 2.631578947368421 1 nan nan -4.440030455588832
11.052631578947368 0.5263157894736842 1 nan nan -7.338506333518239
11.052631578947368 1.0526315789473684 1 nan nan -7.338506333518239
11.052631578947368 1.5789473684210527 1 nan nan -7.338506333518239
12.631578947368421 -1.0526315789473684 1 nan nan -10.17449209442863
12.631578947368421 -0.5263157894736842 1 nan nan -10.17449209442863
12.631578947368421 -0.0 1 nan nan -10.17449209442863
12.631578947368421 0.0 1 nan nan -10.17449209442863
