-15.789473684210527 -0.5263157894736842 1 nan nan 0
-15.789473684210527 -0.0 1 nan nan 0
-15.789473684210527 0.0 1 nan nan 0
-15.789473684210527 0.5263157894736842 1 nan nan 0
-14.210526315789474 -1.0526315789473684 1 nan nan 0
-14.210526315789474 -0.5263157894736842 1 nan nan 0
-14.210526315789474 -0.0 1 nan nan 0
-14.210526315789474 0.0 1 nan nan 0
-14.210526315789474 0.5263157894736842 1 nan nan 0
-14.210526315789474 1.0526315789473684 1 nan nan 0
-12.631578947368421 -1.0526315789473684 1 nan nan 0
-12.631578947368421 -0.5263157894736842 1 nan nan 0
-12.631578947368421 -0.0 1 nan nan 0
-12.631578947368421 0.0 1 nan nan 0
-12.631578947368421 0.5263157894736842 1 nan nan 0
-12.631578947368421 1.0526315789473684 1 nan nan 0
-11.052631578947368 -1.5789473684210527 1 nan nan 0
-11.052631578947368 -1.0526315789473684 1 nan nan 0
-11.052631578947368 -0.5263157894736842 1 nan nan 0
-11.052631578947368 -0.0 1 nan nan 0
-11.052631578947368 0.0 1 nan nan 0
-11.052631578947368 0.5263157894736842 1 nan nan 0
-11.052631578947368 1.0526315789473684 1 nan nan 0
-11.052631578947368 1.5789473684210527 1 nan nan 0
-9.473684210526315 -1.5789473684210527 1 nan nan 0
-9.473684210526315 -1.0526315789473684 1 nan nan 0
-9.473684210526315 -0.5263157894736842 1 nan nan 0
-9.473684210526315 -0.0 1 nan nan 0
-9.473684210526315 0.0 1 nan nan 0
-9.473684210526315 0.5263157894736842 1 nan nan 0
-9.473684210526315 1.0526315789473684 1 nan nan 0
-9.473684210526315 1.5789473684210527 1 nan nan 0
-7.894736842105264 -1.5789473684210527 1 nan nan 0
-7.894736842105264 -1.0526315789473684 1 nan nan 0
-7.894736842105264 -0.5263157894736842 1 nan nan 0
-7.894736842105264 -0.0 1 nan nan 0
-7.894736842105264 0.0 1 nan nan 0
-7.894736842105264 0.5263157894736842 1 nan nan 0
-7.894736842105264 1.0526315789473684 1 nan nan 0
-7.894736842105264 1.5789473684210527 1 nan nan 0
-6.315789473684211 -1.5789473684210527 1 nan nan 0
-6.315789473684211 -1.0526315789473684 1 nan nan 0
-6.315789473684211 -0.5263157894736842 1 nan nan 0
-6.315789473684211 -0.0 1 nan nan 0
-6.315789473684211 0.0 1 nan nan 0
-6.315789473684211 0.5263157894736842 1 nan nan 0
-6.315789473684211 1.0526315789473684 1 nan nan 0
-6.315789473684211 1.5789473684210527 1 nan nan 0
-4.7368421052631575 -1.5789473684210527 1 nan nan 0
-4.7368421052631575 -1.0526315789473684 1 nan nan 0
-4.7368421052631575 -0.5263157894736842 1 nan nan 0
-4.7368421052631575 -0.0 1 nan nan 0
-4.7368421052631575 0.0 1 nan nan 0
-4.7368421052631575 0.5263157894736842 1 nan nan 0
-4.7368421052631575 1.0526315789473684 1 nan nan 0
-4.7368421052631575 1.5789473684210527 1 nan nan 0
-3.1578947368421053 -1.5789473684210527 1 nan nan 0
-3.1578947368421053 -1.0526315789473684 1 nan nan 0
-3.1578947368421053 -0.5263157894736842 1 nan nan 0
-3.1578947368421053 -0.0 1 nan nan 0
-3.1578947368421053 0.0 1 nan nan 0
-3.1578947368421053 0.5263157894736842 1 nan nan 0
-3.1578947368421053 1.0526315789473684 1 nan nan 0
-3.1578947368421053 1.5789473684210527 1 nan nan 0
-1.5789473684210527 -1.5789473684210527 1 nan nan 0
-1.5789473684210527 -1.0526315789473684 1 nan nan 0
-1.5789473684210527 -0.5263157894736842 1 nan nan 0
-1.5789473684210527 -0.0 1 nan nan 0
-1.5789473684210527 0.0 1 nan nan 0
-1.5789473684210527 0.5263157894736842 1 nan nan 0
-1.5789473684210527 1.0526315789473684 1 nan nan 0
-1.5789473684210527 1.5789473684210527 1 nan nan 0
-0.0 -1.0526315789473684 1 nan nan 0
-0.0 -0.5263157894736842 1 nan nan 0
-0.0 -0.0 1 nan nan 0
-0.0 0.0 1 nan nan 0
-0.0 0.5263157894736842 1 nan nan 0
-0.0 1.0526315789473684 1 nan nan 0
0.0 -1.0526315789473684 1 nan nan 0
0.0 -0.5263157894736842 1 nan nan 0
0.0 -0.0 1 nan nan 0
0.0 0.0 1 nan nan 0
0.0 0.5263157894736842 1 nan nan 0
0.0 1.0526315789473684 1 nan nan 0
1.5789473684210527 -1.0526315789473684 1 nan nan -0.08930218341237732
1.5789473684210527 -0.5263157894736842 1 nan nan -0.08930218341237732
1.5789473684210527 -0.0 1 nan nan -0.08930218341237732
1.5789473684210527 0.0 1 nan nan -0.08930218341237732
1.5789473684210527 0.5263157894736842 1 nan nan -0.08930218341237732
3.1578947368421053 -1.0526315789473684 1 nan nan 0.07420940910949608
3.1578947368421053 -0.5263157894736842 1 nan nan 0.07420940910949608
3.1578947368421053 -0.0 1 nan nan 0.07420940910949608
3.1578947368421053 0.0 1 nan nan 0.07420940910949608
3.1578947368421053 0.5263157894736842 1 nan nan 0.07420940910949608
4.7368421052631575 -0.5263157894736842 1 nan nan 0.13252502514028067
4.7368421052631575 -0.0 1 nan nan 0.13252502514028067
4.7368421052631575 0.0 1 nan nan 0.13252502514028067
4.7368421052631575 0.5263157894736842 1 nan nan 0.13252502514028067
4.7368421052631575 1.0526315789473684 1 nan nan 0.13252502514028067
6.315789473684211 0.5263157894736842 1 nan nan -0.33107166840290125
6.315789473684211 1.0526315789473684 1 nan nan -0.33107166840290125
6.315789473684211 1.5789473684210527 1 nan nan -0.33107166840290125
7.894736842105264 1.0526315789473684 1 nan nan -1.6471839445614957
7.894736842105264 1.5789473684210527 1 nan nan -1.6471839445614957
7.894736842105264 2.1052631578947367 1 nan nan -1.6471839445614957
7.894736842105264 2.631578947368421 1 nan nan -1.6471839445614957
9.473684210526315 1.5789473684210527 1 nan nan -3.925125763538958
9.473684210526315 2.1052631578947367 1 nan nan -3.925125763538958
9.473684210526315 2.631578947368421 1 nan nan -3.925125763538958
11.052631578947368 1.5789473684210527 1 nan nan -6.959389375607209
11.052631578947368 2.1052631578947367 1 nan nan -6.959389375607209
11.052631578947368 2.631578947368421 1 nan nan -6.959389375607209
12.631578947368421 -0.0 1 nan nan -10.202912289310863
12.631578947368421 0.0 1 nan nan -10.202912289310863
12.631578947368421 0.5263157894736842 1 nan nan -10.202912289310863
12.631578947368421 1.0526315789473684 1 nan nan -10.202912289310863
