-15.789473684210527 -0.5263157894736842 1 nan nan 0 0
-15.789473684210527 -0.0 1 nan nan 0 0
-15.789473684210527 0.0 1 nan nan 0 0
-15.789473684210527 0.5263157894736842 1 nan nan 0 0
-14.210526315789474 -1.0526315789473684 1 nan nan 0 0
-14.210526315789474 -0.5263157894736842 1 nan nan 0 0
-14.210526315789474 -0.0 1 nan nan 0 0
-14.210526315789474 0.0 1 nan nan 0 0
-14.210526315789474 0.5263157894736842 1 nan nan 0 0
-14.210526315789474 1.0526315789473684 1 nan nan 0 0
-12.631578947368421 -1.0526315789473684 1 nan nan 0 0
-12.631578947368421 -0.5263157894736842 1 nan nan 0 0
-12.631578947368421 -0.0 1 nan nan 0 0
-12.631578947368421 0.0 1 nan nan 0 0
-12.631578947368421 0.5263157894736842 1 nan nan 0 0
-12.631578947368421 1.0526315789473684 1 nan nan 0 0
-11.052631578947368 -1.5789473684210527 1 nan nan 0 0
-11.052631578947368 -1.0526315789473684 1 nan nan 0 0
-11.052631578947368 -0.5263157894736842 1 nan nan 0 0
-11.052631578947368 -0.0 1 nan nan 0 0
-11.052631578947368 0.0 1 nan nan 0 0
-11.052631578947368 0.5263157894736842 1 nan nan 0 0
-11.052631578947368 1.0526315789473684 1 nan nan 0 0
-11.052631578947368 1.5789473684210527 1 nan nan 0 0
-9.473684210526315 -1.5789473684210527 1 nan nan 0 0
-9.473684210526315 -1.0526315789473684 1 nan nan 0 0
-9.473684210526315 -0.5263157894736842 1 nan nan 0 0
-9.473684210526315 -0.0 1 nan nan 0 0
-9.473684210526315 0.0 1 nan nan 0 0
-9.473684210526315 0.5263157894736842 1 nan nan 0 0
-9.473684210526315 1.0526315789473684 1 nan nan 0 0
-9.473684210526315 1.5789473684210527 1 nan nan 0 0
-7.894736842105264 -1.5789473684210527 1 nan nan 0 0
-7.894736842105264 -1.0526315789473684 1 nan nan 0 0
-7.894736842105264 -0.5263157894736842 1 nan nan 0 0
-7.894736842105264 -0.0 1 nan nan 0 0
-7.894736842105264 0.0 1 nan nan 0 0
-7.894736842105264 0.5263157894736842 1 nan nan 0 0
-7.894736842105264 1.0526315789473684 1 nan nan 0 0
-7.894736842105264 1.5789473684210527 1 nan nan 0 0
-6.315789473684211 -1.5789473684210527 1 nan nan 0 0
-6.315789473684211 -1.0526315789473684 1 nan nan 0 0
-6.315789473684211 -0.5263157894736842 1 nan nan 0 0
-6.315789473684211 -0.0 1 nan nan 0 0
-6.315789473684211 0.0 1 nan nan 0 0
-6.315789473684211 0.5263157894736842 1 nan nan 0 0
-6.315789473684211 1.0526315789473684 1 nan nan 0 0
-6.315789473684211 1.5789473684210527 1 nan nan 0 0
-4.7368421052631575 -1.5789473684210527 1 nan nan 0 0
-4.7368421052631575 -1.0526315789473684 1 nan nan 0 0
-4.7368421052631575 -0.5263157894736842 1 nan nan 0 0
-4.7368421052631575 -0.0 1 nan nan 0 0
-4.7368421052631575 0.0 1 nan nan 0 0
-4.7368421052631575 0.5263157894736842 1 nan nan 0 0
-4.7368421052631575 1.0526315789473684 1 nan nan 0 0
-4.7368421052631575 1.5789473684210527 1 nan nan 0 0
-3.1578947368421053 -1.5789473684210527 1 nan nan 0 0
-3.1578947368421053 -1.0526315789473684 1 nan nan 0 0
-3.1578947368421053 -0.5263157894736842 1 nan nan 0 0
-3.1578947368421053 -0.0 1 nan nan 0 0
-3.1578947368421053 0.0 1 nan nan 0 0
-3.1578947368421053 0.5263157894736842 1 nan nan 0 0
-3.1578947368421053 1.0526315789473684 1 nan nan 0 0
-3.1578947368421053 1.5789473684210527 1 nan nan 0 0
-1.5789473684210527 -1.5789473684210527 1 nan nan 0 0
-1.5789473684210527 -1.0526315789473684 1 nan nan 0 0
-1.5789473684210527 -0.5263157894736842 1 nan nan 0 0
-1.5789473684210527 -0.0 1 nan nan 0 0
-1.5789473684210527 0.0 1 nan nan 0 0
-1.5789473684210527 0.5263157894736842 1 nan nan 0 0
-1.5789473684210527 1.0526315789473684 1 nan nan 0 0
-1.5789473684210527 1.5789473684210527 1 nan nan 0 0
-0.0 -1.0526315789473684 1 nan nan 0 0
-0.0 -0.5263157894736842 1 nan nan 0 0
-0.0 -0.0 1 nan nan 0 0
-0.0 0.0 1 nan nan 0 0
-0.0 0.5263157894736842 1 nan nan 0 0
-0.0 1.0526315789473684 1 nan nan 0 0
0.0 -1.0526315789473684 1 nan nan 0 0
0.0 -0.5263157894736842 1 nan nan 0 0
0.0 -0.0 1 nan nan 0 0
0.0 0.0 1 nan nan 0 0
0.0 0.5263157894736842 1 nan nan 0 0
0.0 1.0526315789473684 1 nan nan 0 0
1.5789473684210527 -1.0526315789473684 1 nan nan 0 -0.0741189121626055
1.5789473684210527 -0.5263157894736842 1 nan nan 0 -0.0741189121626055
1.5789473684210527 -0.0 1 nan nan 0 -0.0741189121626055
1.5789473684210527 0.0 1 nan nan 0 -0.0741189121626055
1.5789473684210527 0.5263157894736842 1 nan nan 0 -0.0741189121626055
3.1578947368421053 -1.0526315789473684 1 nan nan 0 0.04980432974394533
3.1578947368421053 -0.5263157894736842 1 nan nan 0 0.04980432974394533
3.1578947368421053 -0.0 1 nan nan 0 0.04980432974394533
3.1578947368421053 0.0 1 nan nan 0 0.04980432974394533
3.1578947368421053 0.5263157894736842 1 nan nan 0 0.04980432974394533
4.7368421052631575 -0.5263157894736842 1 nan nan 0 -0.008584105369149355
4.7368421052631575 -0.0 1 nan nan 0 -0.008584105369149355
4.7368421052631575 0.0 1 nan nan 0 -0.008584105369149355
4.7368421052631575 0.5263157894736842 1 nan nan 0 -0.008584105369149355
4.7368421052631575 1.0526315789473684 1 nan nan 0 -0.008584105369149355
6.315789473684211 0.5263157894736842 1 nan nan 0 -0.6444480148524168
6.315789473684211 1.0526315789473684 1 nan nan 0 -0.6444480148524168
6.315789473684211 1.5789473684210527 1 nan nan 0 -0.6444480148524168
7.894736842105264 1.0526315789473684 1 nan nan 0 -2.1239735690020707
7.894736842105264 1.5789473684210527 1 nan nan 0 -2.1239735690020707
7.894736842105264 2.1052631578947367 1 nan nan 0 -2.1239735690020707
9.473684210526315 1.0526315789473684 1 nan nan 0 -4.462170873264652
9.473684210526315 1.5789473684210527 1 nan nan 0 -4.462170873264652
9.473684210526315 2.1052631578947367 1 nan nan 0 -4.462170873264652
9.473684210526315 2.631578947368421 1 nan nan 0 -4.462170873264652
11.052631578947368 0.5263157894736842 1 nan nan 0 -7.352091367801319
11.052631578947368 1.0526315789473684 1 nan nan 0 -7.352091367801319
11.052631578947368 1.5789473684210527 1 nan nan 0 -7.352091367801319
12.631578947368421 -1.0526315789473684 1 nan nan 0 -10.166314150638181
12.631578947368421 -0.5263157894736842 1 nan nan 0 -10.166314150638181
12.631578947368421 -0.0 1 nan nan 0 -10.166314150638181
12.631578947368421 0.0 1 nan nan 0 -10.166314150638181
