-15.789473684210527 -0.5263157894736842 1 nan nan 0 0
-15.789473684210527 -0.0 1 nan nan 0 0
-15.789473684210527 0.0 1 nan nan 0 0
-15.789473684210527 0.5263157894736842 1 nan nan 0 0
-14.210526315789474 -1.0526315789473684 1 nan nan 0 0
-14.210526315789474 -0.5263157894736842 1 nan nan 0 0
-14.210526315789474 -0.0 1 nan nan 0 0
-14.210526315789474 0.0 1 nan nan 0 0
-14.210526315789474 0.5263157894736842 1 nan nan 0 0
-14.210526315789474 1.0526315789473684 1 nan nan 0 0
-12.631578947368421 -1.0526315789473684 1 nan nan 0 0
-12.631578947368421 -0.5263157894736842 1 nan nan 0 0
-12.631578947368421 -0.0 1 nan nan 0 0
-12.631578947368421 0.0 1 nan nan 0 0
-12.631578947368421 0.5263157894736842 1 nan nan 0 0
-12.631578947368421 1.0526315789473684 1 nan nan 0 0
-11.052631578947368 -1.5789473684210527 1 nan nan 0 0
-11.052631578947368 -1.0526315789473684 1 nan nan 0 0
-11.052631578947368 -0.5263157894736842 1 nan nan 0 0
-11.052631578947368 -0.0 1 nan nan 0 0
-11.052631578947368 0.0 1 nan nan 0 0
-11.052631578947368 0.5263157894736842 1 nan nan 0 0
-11.052631578947368 1.0526315789473684 1 nan nan 0 0
-11.052631578947368 1.5789473684210527 1 nan nan 0 0
-9.473684210526315 -1.5789473684210527 1 nan nan 0 0
-9.473684210526315 -1.0526315789473684 1 nan nan 0 0
-9.473684210526315 -0.5263157894736842 1 nan nan 0 0
-9.473684210526315 -0.0 1 nan nan 0 0
-9.473684210526315 0.0 1 nan nan 0 0
-9.473684210526315 0.5263157894736842 1 nan nan 0 0
-9.473684210526315 1.0526315789473684 1 nan nan 0 0
-9.473684210526315 1.5789473684210527 1 nan nan 0 0
-7.894736842105264 -1.5789473684210527 1 nan nan 0 0
-7.894736842105264 -1.0526315789473684 1 nan nan 0 0
-7.894736842105264 -0.5263157894736842 1 nan nan 0 0
-7.894736842105264 -0.0 1 nan nan 0 0
-7.894736842105264 0.0 1 nan nan 0 0
-7.894736842105264 0.5263157894736842 1 nan nan 0 0
-7.894736842105264 1.0526315789473684 1 nan nan 0 0
-7.894736842105264 1.5789473684210527 1 nan nan 0 0
-6.315789473684211 -1.5789473684210527 1 nan nan 0 0
-6.315789473684211 -1.0526315789473684 1 nan nan 0 0
-6.315789473684211 -0.5263157894736842 1 nan nan 0 0
-6.315789473684211 -0.0 1 nan nan 0 0
-6.315789473684211 0.0 1 nan nan 0 0
-6.315789473684211 0.5263157894736842 1 nan nan 0 0
-6.315789473684211 1.0526315789473684 1 nan nan 0 0
-6.315789473684211 1.5789473684210527 1 nan nan 0 0
-4.7368421052631575 -1.5789473684210527 1 nan nan 0 0
-4.7368421052631575 -1.0526315789473684 1 nan nan 0 0
-4.7368421052631575 -0.5263157894736842 1 nan nan 0 0
-4.7368421052631575 -0.0 1 nan nan 0 0
-4.7368421052631575 0.0 1 nan nan 0 0
-4.7368421052631575 0.5263157894736842 1 nan nan 0 0
-4.7368421052631575 1.0526315789473684 1 nan nan 0 0
-4.7368421052631575 1.5789473684210527 1 nan nan 0 0
-3.1578947368421053 -1.5789473684210527 1 nan nan 0 0
-3.1578947368421053 -1.0526315789473684 1 nan nan 0 0
-3.1578947368421053 -0.5263157894736842 1 nan nan 0 0
-3.1578947368421053 -0.0 1 nan nan 0 0
-3.1578947368421053 0.0 1 nan nan 0 0
-3.1578947368421053 0.5263157894736842 1 nan nan 0 0
-3.1578947368421053 1.0526315789473684 1 nan nan 0 0
-3.1578947368421053 1.5789473684210527 1 nan nan 0 0
-1.5789473684210527 -1.5789473684210527 1 nan nan 0 0
-1.5789473684210527 -1.0526315789473684 1 nan nan 0 0
-1.5789473684210527 -0.5263157894736842 1 nan nan 0 0
-1.5789473684210527 -0.0 1 nan nan 0 0
-1.5789473684210527 0.0 1 nan nan 0 0
-1.5789473684210527 0.5263157894736842 1 nan nan 0 0
-1.5789473684210527 1.0526315789473684 1 nan nan 0 0
-1.5789473684210527 1.5789473684210527 1 nan nan 0 0
-0.0 -1.0526315789473684 1 nan nan 0 0
-0.0 -0.5263157894736842 1 nan nan 0 0
-0.0 -0.0 1 nan nan 0 0
-0.0 0.0 1 nan nan 0 0
-0.0 0.5263157894736842 1 nan nan 0 0
-0.0 1.0526315789473684 1 nan nan 0 0
0.0 -1.0526315789473684 1 nan nan 0 0
0.0 -0.5263157894736842 1 nan nan 0 0
0.0 -0.0 1 nan nan 0 0
0.0 0.0 1 nan nan 0 0
0.0 0.5263157894736842 1 nan nan 0 0
0.0 1.0526315789473684 1 nan nan 0 0
1.5789473684210527 -1.0526315789473684 1 nan nan 0 -0.07259821260180875
1.5789473684210527 -0.5263157894736842 1 nan nan 0 -0.07259821260180875
1.5789473684210527 -0.0 1 nan nan 0 -0.07259821260180875
1.5789473684210527 0.0 1 nan nan 0 -0.07259821260180875
1.5789473684210527 0.5263157894736842 1 nan nan 0 -0.07259821260180875
3.1578947368421053 -1.0526315789473684 1 nan nan 0 0.04746115773095448
3.1578947368421053 -0.5263157894736842 1 nan nan 0 0.04746115773095448
3.1578947368421053 -0.0 1 nan nan 0 0.04746115773095448
3.1578947368421053 0.0 1 nan nan 0 0.04746115773095448
3.1578947368421053 0.5263157894736842 1 nan nan 0 0.04746115773095448
4.7368421052631575 -0.5263157894736842 1 nan nan 0 -0.02169958442343749
4.7368421052631575 -0.0 1 nan nan 0 -0.02169958442343749
4.7368421052631575 0.0 1 nan nan 0 -0.02169958442343749
4.7368421052631575 0.5263157894736842 1 nan nan 0 -0.02169958442343749
4.7368421052631575 1.0526315789473684 1 nan nan 0 -0.02169958442343749
6.315789473684211 0.5263157894736842 1 nan nan 0 -0.6726625993386048
6.315789473684211 1.0526315789473684 1 nan nan 0 -0.6726625993386048
6.315789473684211 1.5789473684210527 1 nan nan 0 -0.6726625993386048
7.894736842105264 1.0526315789473684 1 nan nan 0 -2.165232708448504
7.894736842105264 1.5789473684210527 1 nan nan 0 -2.165232708448504
7.894736842105264 2.1052631578947367 1 nan nan 0 -2.165232708448504
9.473684210526315 1.0526315789473684 1 nan nan 0 -4.505624616715124
9.473684210526315 1.5789473684210527 1 nan nan 0 -4.505624616715124
9.473684210526315 2.1052631578947367 1 nan nan 0 -4.505624616715124
11.052631578947368 0.5263157894736842 1 nan nan 0 -7.377900091472275
11.052631578947368 1.0526315789473684 1 nan nan 0 -7.377900091472275
11.052631578947368 1.5789473684210527 1 nan nan 0 -7.377900091472275
12.631578947368421 -1.0526315789473684 1 nan nan 0 -10.14807748776096
12.631578947368421 -0.5263157894736842 1 nan nan 0 -10.14807748776096
12.631578947368421 -0.0 1 nan nan 0 -10.14807748776096
12.631578947368421 0.0 1 nan nan 0 -10.14807748776096
