-15.789473684210527 -0.5263157894736842 1 nan nan 0
-15.789473684210527 -0.0 1 nan nan 0
-15.789473684210527 0.0 1 nan nan 0
-15.789473684210527 0.5263157894736842 1 nan nan 0
-14.210526315789474 -1.0526315789473684 1 nan nan 0
-14.210526315789474 -0.5263157894736842 1 nan nan 0
-14.210526315789474 -0.0 1 nan nan 0
-14.210526315789474 0.0 1 nan nan 0
-14.210526315789474 0.5263157894736842 1 nan nan 0
-14.210526315789474 1.0526315789473684 1 nan nan 0
-12.631578947368421 -1.0526315789473684 1 nan nan 0
-12.631578947368421 -0.5263157894736842 1 nan nan 0
-12.631578947368421 -0.0 1 nan nan 0
-12.631578947368421 0.0 1 nan nan 0
-12.631578947368421 0.5263157894736842 1 nan nan 0
-12.631578947368421 1.0526315789473684 1 nan nan 0
-11.052631578947368 -1.5789473684210527 1 nan nan 0
-11.052631578947368 -1.0526315789473684 1 nan nan 0
-11.052631578947368 -0.5263157894736842 1 nan nan 0
-11.052631578947368 -0.0 1 nan nan 0
-11.052631578947368 0.0 1 nan nan 0
-11.052631578947368 0.5263157894736842 1 nan nan 0
-11.052631578947368 1.0526315789473684 1 nan nan 0
-11.052631578947368 1.5789473684210527 1 nan nan 0
-9.473684210526315 -1.5789473684210527 1 nan nan 0
-9.473684210526315 -1.0526315789473684 1 nan nan 0
-9.473684210526315 -0.5263157894736842 1 nan nan 0
-9.473684210526315 -0.0 1 nan nan 0
-9.473684210526315 0.0 1 nan nan 0
-9.473684210526315 0.5263157894736842 1 nan nan 0
-9.473684210526315 1.0526315789473684 1 nan nan 0
-9.473684210526315 1.5789473684210527 1 nan nan 0
-7.894736842105264 -1.5789473684210527 1 nan nan 0
-7.894736842105264 -1.0526315789473684 1 nan nan 0
-7.894736842105264 -0.5263157894736842 1 nan nan 0
-7.894736842105264 -0.0 1 nan nan 0
-7.894736842105264 0.0 1 nan nan 0
-7.894736842105264 0.5263157894736842 1 nan nan 0
-7.894736842105264 1.0526315789473684 1 nan nan 0
-7.894736842105264 1.5789473684210527 1 nan nan 0
-6.315789473684211 -1.5789473684210527 1 nan nan 0
-6.315789473684211 -1.0526315789473684 1 nan nan 0
-6.315789473684211 -0.5263157894736842 1 nan nan 0
-6.315789473684211 -0.0 1 nan nan 0
-6.315789473684211 0.0 1 nan nan 0
-6.315789473684211 0.5263157894736842 1 nan nan 0
-6.315789473684211 1.0526315789473684 1 nan nan 0
-6.315789473684211 1.5789473684210527 1 nan nan 0
-4.7368421052631575 -1.5789473684210527 1 nan nan 0
-4.7368421052631575 -1.0526315789473684 1 nan nan 0
-4.7368421052631575 -0.5263157894736842 1 nan nan 0
-4.7368421052631575 -0.0 1 nan nan 0
-4.7368421052631575 0.0 1 nan nan 0
-4.7368421052631575 0.5263157894736842 1 nan nan 0
-4.7368421052631575 1.0526315789473684 1 nan nan 0
-4.7368421052631575 1.5789473684210527 1 nan nan 0
-3.1578947368421053 -1.5789473684210527 1 nan nan 0
-3.1578947368421053 -1.0526315789473684 1 nan nan 0
-3.1578947368421053 -0.5263157894736842 1 nan nan 0
-3.1578947368421053 -0.0 1 nan nan 0
-3.1578947368421053 0.0 1 nan nan 0
-3.1578947368421053 0.5263157894736842 1 nan nan 0
-3.1578947368421053 1.0526315789473684 1 nan nan 0
-3.1578947368421053 1.5789473684210527 1 nan nan 0
-1.5789473684210527 -1.5789473684210527 1 nan nan 0
-1.5789473684210527 -1.0526315789473684 1 nan nan 0
-1.5789473684210527 -0.5263157894736842 1 nan nan 0
-1.5789473684210527 -0.0 1 nan nan 0
-1.5789473684210527 0.0 1 nan nan 0
-1.5789473684210527 0.5263157894736842 1 nan nan 0
-1.5789473684210527 1.0526315789473684 1 nan nan 0
-1.5789473684210527 1.5789473684210527 1 nan nan 0
-0.0 -1.0526315789473684 1 nan nan 0
-0.0 -0.5263157894736842 1 nan nan 0
-0.0 -0.0 1 nan nan 0
-0.0 0.0 1 nan nan 0
-0.0 0.5263157894736842 1 nan nan 0
-0.0 1.0526315789473684 1 nan nan 0
0.0 -1.0526315789473684 1 nan nan 0
0.0 -0.5263157894736842 1 nan nan 0
0.0 -0.0 1 nan nan 0
0.0 0.0 1 nan nan 0
0.0 0.5263157894736842 1 nan nan 0
0.0 1.0526315789473684 1 nan nan 0
1.5789473684210527 -1.0526315789473684 1 nan nan -0.09824882954917971
1.5789473684210527 -0.5263157894736842 1 nan nan -0.09824882954917971
1.5789473684210527 -0.0 1 nan nan -0.09824882954917971
1.5789473684210527 0.0 1 nan nan -0.09824882954917971
1.5789473684210527 0.5263157894736842 1 nan nan -0.09824882954917971
3.1578947368421053 -1.0526315789473684 1 nan nan 0.08974150509472698
3.1578947368421053 -0.5263157894736842 1 nan nan 0.08974150509472698
3.1578947368421053 -0.0 1 nan nan 0.08974150509472698
3.1578947368421053 0.0 1 nan nan 0.08974150509472698
3.1578947368421053 0.5263157894736842 1 nan nan 0.08974150509472698
4.7368421052631575 -0.5263157894736842 1 nan nan 0.22725645605612393
4.7368421052631575 -0.0 1 nan nan 0.22725645605612393
4.7368421052631575 0.0 1 nan nan 0.22725645605612393
4.7368421052631575 0.5263157894736842 1 nan nan 0.22725645605612393
4.7368421052631575 1.0526315789473684 1 nan nan 0.22725645605612393
6.315789473684211 0.5263157894736842 1 nan nan -0.11030408095707867
6.315789473684211 1.0526315789473684 1 nan nan -0.11030408095707867
6.315789473684211 1.5789473684210527 1 nan nan -0.11030408095707867
7.894736842105264 1.0526315789473684 1 nan nan -1.2923025380274464
7.894736842105264 1.5789473684210527 1 nan nan -1.2923025380274464
7.894736842105264 2.1052631578947367 1 nan nan -1.2923025380274464
7.894736842105264 2.631578947368421 1 nan nan -1.2923025380274464
9.473684210526315 2.1052631578947367 1 nan nan -3.491017716251271
9.473684210526315 2.631578947368421 1 nan nan -3.491017716251271
9.473684210526315 3.1578947368421053 1 nan nan -3.491017716251271
11.052631578947368 2.1052631578947367 1 nan nan -6.574038304014619
11.052631578947368 2.631578947368421 1 nan nan -6.574038304014619
11.052631578947368 3.1578947368421053 1 nan nan -6.574038304014619
12.631578947368421 1.0526315789473684 1 nan nan -10.058589043910176
12.631578947368421 1.5789473684210527 1 nan nan -10.058589043910176
