-15.789473684210527 -0.5263157894736842 1 nan nan 0 0
-15.789473684210527 -0.0 1 nan nan 0 0
-15.789473684210527 0.0 1 nan nan 0 0
-15.789473684210527 0.5263157894736842 1 nan nan 0 0
-14.210526315789474 -1.0526315789473684 1 nan nan 0 0
-14.210526315789474 -0.5263157894736842 1 nan nan 0 0
-14.210526315789474 -0.0 1 nan nan 0 0
-14.210526315789474 0.0 1 nan nan 0 0
-14.210526315789474 0.5263157894736842 1 nan nan 0 0
-14.210526315789474 1.0526315789473684 1 nan nan 0 0
-12.631578947368421 -1.0526315789473684 1 nan nan 0 0
-12.631578947368421 -0.5263157894736842 1 nan nan 0 0
-12.631578947368421 -0.0 1 nan nan 0 0
-12.631578947368421 0.0 1 nan nan 0 0
-12.631578947368421 0.5263157894736842 1 nan nan 0 0
-12.631578947368421 1.0526315789473684 1 nan nan 0 0
-11.052631578947368 -1.5789473684210527 1 nan nan 0 0
-11.052631578947368 -1.0526315789473684 1 nan nan 0 0
-11.052631578947368 -0.5263157894736842 1 nan nan 0 0
-11.052631578947368 -0.0 1 nan nan 0 0
-11.052631578947368 0.0 1 nan nan 0 0
-11.052631578947368 0.5263157894736842 1 nan nan 0 0
-11.052631578947368 1.0526315789473684 1 nan nan 0 0
-11.052631578947368 1.5789473684210527 1 nan nan 0 0
-9.473684210526315 -1.5789473684210527 1 nan nan 0 0
-9.473684210526315 -1.0526315789473684 1 nan nan 0 0
-9.473684210526315 -0.5263157894736842 1 nan nan 0 0
-9.473684210526315 -0.0 1 nan nan 0 0
-9.473684210526315 0.0 1 nan nan 0 0
-9.473684210526315 0.5263157894736842 1 nan nan 0 0
-9.473684210526315 1.0526315789473684 1 nan nan 0 0
-9.473684210526315 1.5789473684210527 1 nan nan 0 0
-7.894736842105264 -1.5789473684210527 1 nan nan 0 0
-7.894736842105264 -1.0526315789473684 1 nan nan 0 0
-7.894736842105264 -0.5263157894736842 1 nan nan 0 0
-7.894736842105264 -0.0 1 nan nan 0 0
-7.894736842105264 0.0 1 nan nan 0 0
-7.894736842105264 0.5263157894736842 1 nan nan 0 0
-7.894736842105264 1.0526315789473684 1 nan nan 0 0
-7.894736842105264 1.5789473684210527 1 nan nan 0 0
-6.315789473684211 -1.5789473684210527 1 nan nan 0 0
-6.315789473684211 -1.0526315789473684 1 nan nan 0 0
-6.315789473684211 -0.5263157894736842 1 nan nan 0 0
-6.315789473684211 -0.0 1 nan nan 0 0
-6.315789473684211 0.0 1 nan nan 0 0
-6.315789473684211 0.5263157894736842 1 nan nan 0 0
-6.315789473684211 1.0526315789473684 1 nan nan 0 0
-6.315789473684211 1.5789473684210527 1 nan nan 0 0
-4.7368421052631575 -1.5789473684210527 1 nan nan 0 0
-4.7368421052631575 -1.0526315789473684 1 nan nan 0 0
-4.7368421052631575 -0.5263157894736842 1 nan nan 0 0
-4.7368421052631575 -0.0 1 nan nan 0 0
-4.7368421052631575 0.0 1 nan nan 0 0
-4.7368421052631575 0.5263157894736842 1 nan nan 0 0
-4.7368421052631575 1.0526315789473684 1 nan nan 0 0
-4.7368421052631575 1.5789473684210527 1 nan nan 0 0
-3.1578947368421053 -1.5789473684210527 1 nan nan 0 0
-3.1578947368421053 -1.0526315789473684 1 nan nan 0 0
-3.1578947368421053 -0.5263157894736842 1 nan nan 0 0
-3.1578947368421053 -0.0 1 nan nan 0 0
-3.1578947368421053 0.0 1 nan nan 0 0
-3.1578947368421053 0.5263157894736842 1 nan nan 0 0
-3.1578947368421053 1.0526315789473684 1 nan nan 0 0
-3.1578947368421053 1.5789473684210527 1 nan nan 0 0
-1.5789473684210527 -1.5789473684210527 1 nan nan 0 0
-1.5789473684210527 -1.0526315789473684 1 nan nan 0 0
-1.5789473684210527 -0.5263157894736842 1 nan nan 0 0
-1.5789473684210527 -0.0 1 nan nan 0 0
-1.5789473684210527 0.0 1 nan nan 0 0
-1.5789473684210527 0.5263157894736842 1 nan nan 0 0
-1.5789473684210527 1.0526315789473684 1 nan nan 0 0
-1.5789473684210527 1.5789473684210527 1 nan nan 0 0
-0.0 -1.0526315789473684 1 nan nan 0 0
-0.0 -0.5263157894736842 1 nan nan 0 0
-0.0 -0.0 1 nan nan 0 0
-0.0 0.0 1 nan nan 0 0
-0.0 0.5263157894736842 1 nan nan 0 0
-0.0 1.0526315789473684 1 nan nan 0 0
0.0 -1.0526315789473684 1 nan nan 0 0
0.0 -0.5263157894736842 1 nan nan 0 0
0.0 -0.0 1 nan nan 0 0
0.0 0.0 1 nan nan 0 0
0.0 0.5263157894736842 1 nan nan 0 0
0.0 1.0526315789473684 1 nan nan 0 0
1.5789473684210527 -1.0526315789473684 1 nan nan 0 -0.05982018722868051
1.5789473684210527 -0.5263157894736842 1 nan nan 0 -0.05982018722868051
1.5789473684210527 -0.0 1 nan nan 0 -0.05982018722868051
1.5789473684210527 0.0 1 nan nan 0 -0.05982018722868051
1.5789473684210527 0.5263157894736842 1 nan nan 0 -0.05982018722868051
3.1578947368421053 -1.0526315789473684 1 nan nan 0 0.028343344208679865
3.1578947368421053 -0.5263157894736842 1 nan nan 0 0.028343344208679865
3.1578947368421053 -0.0 1 nan nan 0 0.028343344208679865
3.1578947368421053 0.0 1 nan nan 0 0.028343344208679865
3.1578947368421053 0.5263157894736842 1 nan nan 0 0.028343344208679865
4.7368421052631575 -0.5263157894736842 1 nan nan 0 -0.12615932149867823
4.7368421052631575 -0.0 1 nan nan 0 -0.12615932149867823
4.7368421052631575 0.0 1 nan nan 0 -0.12615932149867823
4.7368421052631575 0.5263157894736842 1 nan nan 0 -0.12615932149867823
4.7368421052631575 1.0526315789473684 1 nan nan 0 -0.12615932149867823
6.315789473684211 -0.0 1 nan nan 0 -0.8918286351198802
6.315789473684211 0.0 1 nan nan 0 -0.8918286351198802
6.315789473684211 0.5263157894736842 1 nan nan 0 -0.8918286351198802
6.315789473684211 1.0526315789473684 1 nan nan 0 -0.8918286351198802
6.315789473684211 1.5789473684210527 1 nan nan 0 -0.8918286351198802
7.894736842105264 0.5263157894736842 1 nan nan 0 -2.475246400894865
7.894736842105264 1.0526315789473684 1 nan nan 0 -2.475246400894865
7.894736842105264 1.5789473684210527 1 nan nan 0 -2.475246400894865
7.894736842105264 2.1052631578947367 1 nan nan 0 -2.475246400894865
9.473684210526315 1.0526315789473684 1 nan nan 0 -4.812391153762443
9.473684210526315 1.5789473684210527 1 nan nan 0 -4.812391153762443
9.473684210526315 2.1052631578947367 1 nan nan 0 -4.812391153762443
11.052631578947368 -0.0 1 nan nan 0 -7.518395730455343
11.052631578947368 0.0 1 nan nan 0 -7.518395730455343
11.052631578947368 0.5263157894736842 1 nan nan 0 -7.518395730455343
11.052631578947368 1.0526315789473684 1 nan nan 0 -7.518395730455343
12.631578947368421 -1.5789473684210527 1 nan nan 0 -9.912551634540957
12.631578947368421 -1.0526315789473684 1 nan nan 0 -9.912551634540957
