-15.789473684210527 -0.5263157894736842 1 nan nan 0
-15.789473684210527 -0.0 1 nan nan 0
-15.789473684210527 0.0 1 nan nan 0
-15.789473684210527 0.5263157894736842 1 nan nan 0
-14.210526315789474 -1.0526315789473684 1 nan nan 0
-14.210526315789474 -0.5263157894736842 1 nan nan 0
-14.210526315789474 -0.0 1 nan nan 0
-14.210526315789474 0.0 1 nan nan 0
-14.210526315789474 0.5263157894736842 1 nan nan 0
-14.210526315789474 1.0526315789473684 1 nan nan 0
-12.631578947368421 -1.0526315789473684 1 nan nan 0
-12.631578947368421 -0.5263157894736842 1 nan nan 0
-12.631578947368421 -0.0 1 nan nan 0
-12.631578947368421 0.0 1 nan nan 0
-12.631578947368421 0.5263157894736842 1 nan nan 0
-12.631578947368421 1.0526315789473684 1 nan nan 0
-11.052631578947368 -1.5789473684210527 1 nan nan 0
-11.052631578947368 -1.0526315789473684 1 nan nan 0
-11.052631578947368 -0.5263157894736842 1 nan nan 0
-11.052631578947368 -0.0 1 nan nan 0
-11.052631578947368 0.0 1 nan nan 0
-11.052631578947368 0.5263157894736842 1 nan nan 0
-11.052631578947368 1.0526315789473684 1 nan nan 0
-11.052631578947368 1.5789473684210527 1 nan nan 0
-9.473684210526315 -1.5789473684210527 1 nan nan 0
-9.473684210526315 -1.0526315789473684 1 nan nan 0
-9.473684210526315 -0.5263157894736842 1 nan nan 0
-9.473684210526315 -0.0 1 nan nan 0
-9.473684210526315 0.0 1 nan nan 0
-9.473684210526315 0.5263157894736842 1 nan nan 0
-9.473684210526315 1.0526315789473684 1 nan nan 0
-9.473684210526315 1.5789473684210527 1 nan nan 0
-7.894736842105264 -1.5789473684210527 1 nan nan 0
-7.894736842105264 -1.0526315789473684 1 nan nan 0
-7.894736842105264 -0.5263157894736842 1 nan nan 0
-7.894736842105264 -0.0 1 nan nan 0
-7.894736842105264 0.0 1 nan nan 0
-7.894736842105264 0.5263157894736842 1 nan nan 0
-7.894736842105264 1.0526315789473684 1 nan nan 0
-7.894736842105264 1.5789473684210527 1 nan nan 0
-6.315789473684211 -1.5789473684210527 1 nan nan 0
-6.315789473684211 -1.0526315789473684 1 nan nan 0
-6.315789473684211 -0.5263157894736842 1 nan nan 0
-6.315789473684211 -0.0 1 nan nan 0
-6.315789473684211 0.0 1 nan nan 0
-6.315789473684211 0.5263157894736842 1 nan nan 0
-6.315789473684211 1.0526315789473684 1 nan nan 0
-6.315789473684211 1.5789473684210527 1 nan nan 0
-4.7368421052631575 -1.5789473684210527 1 nan nan 0
-4.7368421052631575 -1.0526315789473684 1 nan nan 0
-4.7368421052631575 -0.5263157894736842 1 nan nan 0
-4.7368421052631575 -0.0 1 nan nan 0
-4.7368421052631575 0.0 1 nan nan 0
-4.7368421052631575 0.5263157894736842 1 nan nan 0
-4.7368421052631575 1.0526315789473684 1 nan nan 0
-4.7368421052631575 1.5789473684210527 1 nan nan 0
-3.1578947368421053 -1.5789473684210527 1 nan nan 0
-3.1578947368421053 -1.0526315789473684 1 nan nan 0
-3.1578947368421053 -0.5263157894736842 1 nan nan 0
-3.1578947368421053 -0.0 1 nan nan 0
-3.1578947368421053 0.0 1 nan nan 0
-3.1578947368421053 0.5263157894736842 1 nan nan 0
-3.1578947368421053 1.0526315789473684 1 nan nan 0
-3.1578947368421053 1.5789473684210527 1 nan nan 0
-1.5789473684210527 -1.5789473684210527 1 nan nan 0
-1.5789473684210527 -1.0526315789473684 1 nan nan 0
-1.5789473684210527 -0.5263157894736842 1 nan nan 0
-1.5789473684210527 -0.0 1 nan nan 0
-1.5789473684210527 0.0 1 nan nan 0
-1.5789473684210527 0.5263157894736842 1 nan nan 0
-1.5789473684210527 1.0526315789473684 1 nan nan 0
-1.5789473684210527 1.5789473684210527 1 nan nan 0
-0.0 -1.0526315789473684 1 nan nan 0
-0.0 -0.5263157894736842 1 nan nan 0
-0.0 -0.0 1 nan nan 0
-0.0 0.0 1 nan nan 0
-0.0 0.5263157894736842 1 nan nan 0
-0.0 1.0526315789473684 1 nan nan 0
0.0 -1.0526315789473684 1 nan nan 0
0.0 -0.5263157894736842 1 nan nan 0
0.0 -0.0 1 nan nan 0
0.0 0.0 1 nan nan 0
0.0 0.5263157894736842 1 nan nan 0
0.0 1.0526315789473684 1 nan nan 0
1.5789473684210527 -1.0526315789473684 1 nan nan -0.0544330044791296
1.5789473684210527 -0.5263157894736842 1 nan nan -0.0544330044791296
1.5789473684210527 -0.0 1 nan nan -0.0544330044791296
1.5789473684210527 0.0 1 nan nan -0.0544330044791296
1.5789473684210527 0.5263157894736842 1 nan nan -0.0544330044791296
3.1578947368421053 -1.0526315789473684 1 nan nan 0.020553888394304536
3.1578947368421053 -0.5263157894736842 1 nan nan 0.020553888394304536
3.1578947368421053 -0.0 1 nan nan 0.020553888394304536
3.1578947368421053 0.0 1 nan nan 0.020553888394304536
3.1578947368421053 0.5263157894736842 1 nan nan 0.020553888394304536
4.7368421052631575 -0.5263157894736842 1 nan nan -0.16747760307352544
4.7368421052631575 -0.0 1 nan nan -0.16747760307352544
4.7368421052631575 0.0 1 nan nan -0.16747760307352544
4.7368421052631575 0.5263157894736842 1 nan nan -0.16747760307352544
4.7368421052631575 1.0526315789473684 1 nan nan -0.16747760307352544
6.315789473684211 -0.0 1 nan nan -0.9757436128772875
6.315789473684211 0.0 1 nan nan -0.9757436128772875
6.315789473684211 0.5263157894736842 1 nan nan -0.9757436128772875
6.315789473684211 1.0526315789473684 1 nan nan -0.9757436128772875
6.315789473684211 1.5789473684210527 1 nan nan -0.9757436128772875
7.894736842105264 0.5263157894736842 1 nan nan -2.5885756430210862
7.894736842105264 1.0526315789473684 1 nan nan -2.5885756430210862
7.894736842105264 1.5789473684210527 1 nan nan -2.5885756430210862
7.894736842105264 2.1052631578947367 1 nan nan -2.5885756430210862
9.473684210526315 0.5263157894736842 1 nan nan -4.914078783104466
9.473684210526315 1.0526315789473684 1 nan nan -4.914078783104466
9.473684210526315 1.5789473684210527 1 nan nan -4.914078783104466
11.052631578947368 -0.0 1 nan nan -7.541455947129279
11.052631578947368 0.0 1 nan nan -7.541455947129279
11.052631578947368 0.5263157894736842 1 nan nan -7.541455947129279
12.631578947368421 -2.1052631578947367 1 nan nan -9.77427806082403
12.631578947368421 -1.5789473684210527 1 nan nan -9.77427806082403
12.631578947368421 -1.0526315789473684 1 nan nan -9.77427806082403
