-15.789473684210527 -0.5263157894736842 1 nan nan 0
-15.789473684210527 -0.0 1 nan nan 0
-15.789473684210527 0.0 1 nan nan 0
-15.789473684210527 0.5263157894736842 1 nan nan 0
-14.210526315789474 -1.0526315789473684 1 nan nan 0
-14.210526315789474 -0.5263157894736842 1 nan nan 0
-14.210526315789474 -0.0 1 nan nan 0
-14.210526315789474 0.0 1 nan nan 0
-14.210526315789474 0.5263157894736842 1 nan nan 0
-14.210526315789474 1.0526315789473684 1 nan nan 0
-12.631578947368421 -1.0526315789473684 1 nan nan 0
-12.631578947368421 -0.5263157894736842 1 nan nan 0
-12.631578947368421 -0.0 1 nan nan 0
-12.631578947368421 0.0 1 nan nan 0
-12.631578947368421 0.5263157894736842 1 nan nan 0
-12.631578947368421 1.0526315789473684 1 nan nan 0
-11.052631578947368 -1.5789473684210527 1 nan nan 0
-11.052631578947368 -1.0526315789473684 1 nan nan 0
-11.052631578947368 -0.5263157894736842 1 nan nan 0
-11.052631578947368 -0.0 1 nan nan 0
-11.052631578947368 0.0 1 nan nan 0
-11.052631578947368 0.5263157894736842 1 nan nan 0
-11.052631578947368 1.0526315789473684 1 nan nan 0
-11.052631578947368 1.5789473684210527 1 nan nan 0
-9.473684210526315 -1.5789473684210527 1 nan nan 0
-9.473684210526315 -1.0526315789473684 1 nan nan 0
-9.473684210526315 -0.5263157894736842 1 nan nan 0
-9.473684210526315 -0.0 1 nan nan 0
-9.473684210526315 0.0 1 nan nan 0
-9.473684210526315 0.5263157894736842 1 nan nan 0
-9.473684210526315 1.0526315789473684 1 nan nan 0
-9.473684210526315 1.5789473684210527 1 nan nan 0
-7.894736842105264 -1.5789473684210527 1 nan nan 0
-7.894736842105264 -1.0526315789473684 1 nan nan 0
-7.894736842105264 -0.5263157894736842 1 nan nan 0
-7.894736842105264 -0.0 1 nan nan 0
-7.894736842105264 0.0 1 nan nan 0
-7.894736842105264 0.5263157894736842 1 nan nan 0
-7.894736842105264 1.0526315789473684 1 nan nan 0
-7.894736842105264 1.5789473684210527 1 nan nan 0
-6.315789473684211 -1.5789473684210527 1 nan nan 0
-6.315789473684211 -1.0526315789473684 1 nan nan 0
-6.315789473684211 -0.5263157894736842 1 nan nan 0
-6.315789473684211 -0.0 1 nan nan 0
-6.315789473684211 0.0 1 nan nan 0
-6.315789473684211 0.5263157894736842 1 nan nan 0
-6.315789473684211 1.0526315789473684 1 nan nan 0
-6.315789473684211 1.5789473684210527 1 nan nan 0
-4.7368421052631575 -1.5789473684210527 1 nan nan 0
-4.7368421052631575 -1.0526315789473684 1 nan nan 0
-4.7368421052631575 -0.5263157894736842 1 nan nan 0
-4.7368421052631575 -0.0 1 nan nan 0
-4.7368421052631575 0.0 1 nan nan 0
-4.7368421052631575 0.5263157894736842 1 nan nan 0
-4.7368421052631575 1.0526315789473684 1 nan nan 0
-4.7368421052631575 1.5789473684210527 1 nan nan 0
-3.1578947368421053 -1.5789473684210527 1 nan nan 0
-3.1578947368421053 -1.0526315789473684 1 nan nan 0
-3.1578947368421053 -0.5263157894736842 1 nan nan 0
-3.1578947368421053 -0.0 1 nan nan 0
-3.1578947368421053 0.0 1 nan nan 0
-3.1578947368421053 0.5263157894736842 1 nan nan 0
-3.1578947368421053 1.0526315789473684 1 nan nan 0
-3.1578947368421053 1.5789473684210527 1 nan nan 0
-1.5789473684210527 -1.5789473684210527 1 nan nan 0
-1.5789473684210527 -1.0526315789473684 1 nan nan 0
-1.5789473684210527 -0.5263157894736842 1 nan nan 0
-1.5789473684210527 -0.0 1 nan nan 0
-1.5789473684210527 0.0 1 nan nan 0
-1.5789473684210527 0.5263157894736842 1 nan nan 0
-1.5789473684210527 1.0526315789473684 1 nan nan 0
-1.5789473684210527 1.5789473684210527 1 nan nan 0
-0.0 -1.0526315789473684 1 nan nan 0
-0.0 -0.5263157894736842 1 nan nan 0
-0.0 -0.0 1 nan nan 0
-0.0 0.0 1 nan nan 0
-0.0 0.5263157894736842 1 nan nan 0
-0.0 1.0526315789473684 1 nan nan 0
0.0 -1.0526315789473684 1 nan nan 0
0.0 -0.5263157894736842 1 nan nan 0
0.0 -0.0 1 nan nan 0
0.0 0.0 1 nan nan 0
0.0 0.5263157894736842 1 nan nan 0
0.0 1.0526315789473684 1 nan nan 0
1.5789473684210527 -1.0526315789473684 1 nan nan -0.09020211348585125
1.5789473684210527 -0.5263157894736842 1 nan nan -0.09020211348585125
1.5789473684210527 -0.0 1 nan nan -0.09020211348585125
1.5789473684210527 0.0 1 nan nan -0.09020211348585125
1.5789473684210527 0.5263157894736842 1 nan nan -0.09020211348585125
3.1578947368421053 -1.0526315789473684 1 nan nan 0.07572493614843676
3.1578947368421053 -0.5263157894736842 1 nan nan 0.07572493614843676
3.1578947368421053 -0.0 1 nan nan 0.07572493614843676
3.1578947368421053 0.0 1 nan nan 0.07572493614843676
3.1578947368421053 0.5263157894736842 1 nan nan 0.07572493614843676
4.7368421052631575 -0.5263157894736842 1 nan nan 0.14158291048940902
4.7368421052631575 -0.0 1 nan nan 0.14158291048940902
4.7368421052631575 0.0 1 nan nan 0.14158291048940902
4.7368421052631575 0.5263157894736842 1 nan nan 0.14158291048940902
4.7368421052631575 1.0526315789473684 1 nan nan 0.14158291048940902
6.315789473684211 0.5263157894736842 1 nan nan -0.31033336219213303
6.315789473684211 1.0526315789473684 1 nan nan -0.31033336219213303
6.315789473684211 1.5789473684210527 1 nan nan -0.31033336219213303
7.894736842105264 1.0526315789473684 1 nan nan -1.614493280335687
7.894736842105264 1.5789473684210527 1 nan nan -1.614493280335687
7.894736842105264 2.1052631578947367 1 nan nan -1.614493280335687
7.894736842105264 2.631578947368421 1 nan nan -1.614493280335687
9.473684210526315 1.5789473684210527 1 nan nan -3.8862435784178095
9.473684210526315 2.1052631578947367 1 nan nan -3.8862435784178095
9.473684210526315 2.631578947368421 1 nan nan -3.8862435784178095
11.052631578947368 1.5789473684210527 1 nan nan -6.926887437028006
11.052631578947368 2.1052631578947367 1 nan nan -6.926887437028006
11.052631578947368 2.631578947368421 1 nan nan -6.926887437028006
12.631578947368421 -0.0 1 nan nan -10.195140261905337
12.631578947368421 0.0 1 nan nan -10.195140261905337
12.631578947368421 0.5263157894736842 1 nan nan -10.195140261905337
12.631578947368421 1.0526315789473684 1 nan nan -10.195140261905337
