-15.789473684210527 -0.5263157894736842 1 nan nan 0
-15.789473684210527 -0.0 1 nan nan 0
-15.789473684210527 0.0 1 nan nan 0
-15.789473684210527 0.5263157894736842 1 nan nan 0
-14.210526315789474 -1.0526315789473684 1 nan nan 0
-14.210526315789474 -0.5263157894736842 1 nan nan 0
-14.210526315789474 -0.0 1 nan nan 0
-14.210526315789474 0.0 1 nan nan 0
-14.210526315789474 0.5263157894736842 1 nan nan 0
-14.210526315789474 1.0526315789473684 1 nan nan 0
-12.631578947368421 -1.0526315789473684 1 nan nan 0
-12.631578947368421 -0.5263157894736842 1 nan nan 0
-12.631578947368421 -0.0 1 nan nan 0
-12.631578947368421 0.0 1 nan nan 0
-12.631578947368421 0.5263157894736842 1 nan nan 0
-12.631578947368421 1.0526315789473684 1 nan nan 0
-11.052631578947368 -1.5789473684210527 1 nan nan 0
-11.052631578947368 -1.0526315789473684 1 nan nan 0
-11.052631578947368 -0.5263157894736842 1 nan nan 0
-11.052631578947368 -0.0 1 nan nan 0
-11.052631578947368 0.0 1 nan nan 0
-11.052631578947368 0.5263157894736842 1 nan nan 0
-11.052631578947368 1.0526315789473684 1 nan nan 0
-11.052631578947368 1.5789473684210527 1 nan nan 0
-9.473684210526315 -1.5789473684210527 1 nan nan 0
-9.473684210526315 -1.0526315789473684 1 nan nan 0
-9.473684210526315 -0.5263157894736842 1 nan nan 0
-9.473684210526315 -0.0 1 nan nan 0
-9.473684210526315 0.0 1 nan nan 0
-9.473684210526315 0.5263157894736842 1 nan nan 0
-9.473684210526315 1.0526315789473684 1 nan nan 0
-9.473684210526315 1.5789473684210527 1 nan nan 0
-7.894736842105264 -1.5789473684210527 1 nan nan 0
-7.894736842105264 -1.0526315789473684 1 nan nan 0
-7.894736842105264 -0.5263157894736842 1 nan nan 0
-7.894736842105264 -0.0 1 nan nan 0
-7.894736842105264 0.0 1 nan nan 0
-7.894736842105264 0.5263157894736842 1 nan nan 0
-7.894736842105264 1.0526315789473684 1 nan nan 0
-7.894736842105264 1.5789473684210527 1 nan nan 0
-6.315789473684211 -1.5789473684210527 1 nan nan 0
-6.315789473684211 -1.0526315789473684 1 nan nan 0
-6.315789473684211 -0.5263157894736842 1 nan nan 0
-6.315789473684211 -0.0 1 nan nan 0
-6.315789473684211 0.0 1 nan nan 0
-6.315789473684211 0.5263157894736842 1 nan nan 0
-6.315789473684211 1.0526315789473684 1 nan nan 0
-6.315789473684211 1.5789473684210527 1 nan nan 0
-4.7368421052631575 -1.5789473684210527 1 nan nan 0
-4.7368421052631575 -1.0526315789473684 1 nan nan 0
-4.7368421052631575 -0.5263157894736842 1 nan nan 0
-4.7368421052631575 -0.0 1 nan nan 0
-4.7368421052631575 0.0 1 nan nan 0
-4.7368421052631575 0.5263157894736842 1 nan nan 0
-4.7368421052631575 1.0526315789473684 1 nan nan 0
-4.7368421052631575 1.5789473684210527 1 nan nan 0
-3.1578947368421053 -1.5789473684210527 1 nan nan 0
-3.1578947368421053 -1.0526315789473684 1 nan nan 0
-3.1578947368421053 -0.5263157894736842 1 nan nan 0
-3.1578947368421053 -0.0 1 nan nan 0
-3.1578947368421053 0.0 1 nan nan 0
-3.1578947368421053 0.5263157894736842 1 nan nan 0
-3.1578947368421053 1.0526315789473684 1 nan nan 0
-3.1578947368421053 1.5789473684210527 1 nan nan 0
-1.5789473684210527 -1.5789473684210527 1 nan nan 0
-1.5789473684210527 -1.0526315789473684 1 nan nan 0
-1.5789473684210527 -0.5263157894736842 1 nan nan 0
-1.5789473684210527 -0.0 1 nan nan 0
-1.5789473684210527 0.0 1 nan nan 0
-1.5789473684210527 0.5263157894736842 1 nan nan 0
-1.5789473684210527 1.0526315789473684 1 nan nan 0
-1.5789473684210527 1.5789473684210527 1 nan nan 0
-0.0 -1.0526315789473684 1 nan nan 0
-0.0 -0.5263157894736842 1 nan nan 0
-0.0 -0.0 1 nan nan 0
-0.0 0.0 1 nan nan 0
-0.0 0.5263157894736842 1 nan nan 0
-0.0 1.0526315789473684 1 nan nan 0
0.0 -1.0526315789473684 1 nan nan 0
0.0 -0.5263157894736842 1 nan nan 0
0.0 -0.0 1 nan nan 0
0.0 0.0 1 nan nan 0
0.0 0.5263157894736842 1 nan nan 0
0.0 1.0526315789473684 1 nan nan 0
1.5789473684210527 -1.0526315789473684 1 nan nan -0.06376213788740884
1.5789473684210527 -0.5263157894736842 1 nan nan -0.06376213788740884
1.5789473684210527 -0.0 1 nan nan -0.06376213788740884
1.5789473684210527 0.0 1 nan nan -0.06376213788740884
1.5789473684210527 0.5263157894736842 1 nan nan -0.06376213788740884
3.1578947368421053 -1.0526315789473684 1 nan nan 0.034139519789801294
3.1578947368421053 -0.5263157894736842 1 nan nan 0.034139519789801294
3.1578947368421053 -0.0 1 nan nan 0.034139519789801294
3.1578947368421053 0.0 1 nan nan 0.034139519789801294
3.1578947368421053 0.5263157894736842 1 nan nan 0.034139519789801294
4.7368421052631575 -0.5263157894736842 1 nan nan -0.09495572971364971
4.7368421052631575 -0.0 1 nan nan -0.09495572971364971
4.7368421052631575 0.0 1 nan nan -0.09495572971364971
4.7368421052631575 0.5263157894736842 1 nan nan -0.09495572971364971
4.7368421052631575 1.0526315789473684 1 nan nan -0.09495572971364971
6.315789473684211 -0.0 1 nan nan -0.8274021662785647
6.315789473684211 0.0 1 nan nan -0.8274021662785647
6.315789473684211 0.5263157894736842 1 nan nan -0.8274021662785647
6.315789473684211 1.0526315789473684 1 nan nan -0.8274021662785647
6.315789473684211 1.5789473684210527 1 nan nan -0.8274021662785647
7.894736842105264 1.0526315789473684 1 nan nan -2.3861298865112053
7.894736842105264 1.5789473684210527 1 nan nan -2.3861298865112053
7.894736842105264 2.1052631578947367 1 nan nan -2.3861298865112053
9.473684210526315 1.0526315789473684 1 nan nan -4.728132508209405
9.473684210526315 1.5789473684210527 1 nan nan -4.728132508209405
9.473684210526315 2.1052631578947367 1 nan nan -4.728132508209405
11.052631578947368 -0.0 1 nan nan -7.488631997586393
11.052631578947368 0.0 1 nan nan -7.488631997586393
11.052631578947368 0.5263157894736842 1 nan nan -7.488631997586393
11.052631578947368 1.0526315789473684 1 nan nan -7.488631997586393
12.631578947368421 -1.5789473684210527 1 nan nan -9.999841068368964
12.631578947368421 -1.0526315789473684 1 nan nan -9.999841068368964
12.631578947368421 -0.5263157894736842 1 nan nan -9.999841068368964
