-15.0 -0.7142857142857143 1.0 -10 259.2303988642734 0.0 0.0 
-15.0 -0.0 1.0 20 283.1566118767541 0.0 0.0 
-15.0 0.0 1.0 37 306.4973976945992 0.0 0.0 
-15.0 0.7142857142857143 1.0 24 358.34545920185616 0.0 0.0 
-12.857142857142858 -1.4285714285714286 1.0 -67 298.7340731688521 0.0 0.0 
-12.857142857142858 -0.7142857142857143 1.0 -71 138.57742115752893 0.0 0.0 
-12.857142857142858 -0.0 1.0 -25 320.79387727348376 0.0 0.0 
-12.857142857142858 0.0 1.0 -11 255.83593664780688 0.0 0.0 
-12.857142857142858 0.7142857142857143 1.0 66 440.8466278798556 0.0 0.0 
-12.857142857142858 1.4285714285714286 1.0 13 359.3904835569244 0.0 0.0 
-10.714285714285714 -1.4285714285714286 1.0 -136 202.35244841333028 0.0 0.0 
-10.714285714285714 -0.7142857142857143 1.0 -69 146.99155267117078 0.0 0.0 
-10.714285714285714 -0.0 1.0 -27 219.84603629819517 0.0 0.0 
-10.714285714285714 0.0 1.0 21 252.21326203958864 0.0 0.0 
-10.714285714285714 0.7142857142857143 1.0 41 316.50842744861075 0.0 0.0 
-10.714285714285714 1.4285714285714286 1.0 39 300.3958149058134 0.0 0.0 
-8.571428571428571 -1.4285714285714286 1.0 -67 283.18128654515255 0.0 0.0 
-8.571428571428571 -0.7142857142857143 1.0 -37 189.00854242643354 0.0 0.0 
-8.571428571428571 -0.0 1.0 -47 236.2470086234452 0.0 0.0 
-8.571428571428571 0.0 1.0 -9 203.7023973534764 0.0 0.0 
-8.571428571428571 0.7142857142857143 1.0 56 371.6831875003868 0.0 0.0 
-8.571428571428571 1.4285714285714286 1.0 39 280.5652024091016 0.0 0.0 
-6.428571428571429 -1.4285714285714286 1.0 -91 218.62385847459262 0.0 0.0 
-6.428571428571429 -0.7142857142857143 1.0 -29 208.7125933051318 0.0 0.0 
-6.428571428571429 -0.0 1.0 -23 262.2765453294648 0.0 0.0 
-6.428571428571429 0.0 1.0 -14 213.8629639191709 0.0 0.0 
-6.428571428571429 0.7142857142857143 1.0 44 360.4532323734584 0.0 0.0 
-6.428571428571429 1.4285714285714286 1.0 34 301.30211221351584 0.0 0.0 
-4.285714285714286 -1.4285714285714286 1.0 -101 211.94068307358503 0.0 0.0 
-4.285714285714286 -0.7142857142857143 1.0 -51 182.53452572061482 0.0 0.0 
-4.285714285714286 -0.0 1.0 -32 256.2027853952801 0.0 0.0 
-4.285714285714286 0.0 1.0 -23 210.12016921800898 0.0 0.0 
-4.285714285714286 0.7142857142857143 1.0 35 346.19827919969566 0.0 0.0 
-4.285714285714286 1.4285714285714286 1.0 29 295.1182547390007 0.0 0.0 
-2.142857142857143 -1.4285714285714286 1.0 -104 211.24928133603117 0.0 0.0 
-2.142857142857143 -0.7142857142857143 1.0 -60 176.0927814094216 0.0 0.0 
-2.142857142857143 -0.0 1.0 -38 243.22346814203337 0.0 0.0 
-2.142857142857143 0.0 1.0 -26 202.48857233128962 0.0 0.0 
-2.142857142857143 0.7142857142857143 1.0 28 330.6394638901611 0.0 0.0 
-2.142857142857143 1.4285714285714286 1.0 22 281.1443868147053 0.0 0.0 
-0.0 -1.4285714285714286 1.0 -111 197.9588334188084 0.0 0.0 
-0.0 -0.7142857142857143 1.0 -64 171.52869024127617 0.0 0.0 
-0.0 -0.0 1.0 -42 233.34158108780565 0.0 0.0 
-0.0 0.0 1.0 -29 195.26808393049112 0.0 0.0 
-0.0 0.7142857142857143 1.0 21 313.79403620329833 0.0 0.0 
-0.0 1.4285714285714286 1.0 12 270.84586527512636 0.0 0.0 
0.0 -1.4285714285714286 1.0 -121 177.25018338089615 0.0 0.0 
0.0 -0.7142857142857143 1.0 -70 168.2096068802102 0.0 0.0 
0.0 -0.0 1.0 -47 218.32887561562518 0.0 0.0 
0.0 0.0 1.0 -33 188.96898558208812 0.0 0.0 
0.0 0.7142857142857143 1.0 16 290.93997981816426 0.0 0.0 
0.0 1.4285714285714286 1.0 14 285.414604191815 0.0 0.0 
2.142857142857143 -1.4285714285714286 1.0 -114 174.51454048127152 0.0 -0.06110222139444573 
2.142857142857143 -0.7142857142857143 1.0 -81 149.87167738534583 0.0 -0.06110222139444573 
2.142857142857143 -0.0 1.0 -54 204.221434030896 0.0 -0.06110222139444573 
2.142857142857143 0.0 1.0 -32 191.97706222450572 0.0 -0.06110222139444573 
2.142857142857143 0.7142857142857143 1.0 4 268.1005263678279 0.0 -0.06110222139444573 
4.285714285714286 -0.7142857142857143 1.0 -93 152.4856700815539 0.0 0.37088037964317183 
4.285714285714286 -0.0 1.0 -65 101.86714557814477 0.0 0.37088037964317183 
4.285714285714286 0.0 1.0 -30 159.83565842371235 0.0 0.37088037964317183 
4.285714285714286 0.7142857142857143 1.0 40 267.1353651674442 0.0 0.37088037964317183 
6.428571428571429 0.7142857142857143 1.0 -9 175.40991397450014 0.0 0.42461068760801385 
6.428571428571429 1.4285714285714286 1.0 8 256.29646209207937 0.0 0.42461068760801385 
8.571428571428571 2.142857142857143 1.0 0 264.70765418713404 0.0 -0.9816065094386209 
8.571428571428571 2.857142857142857 1.0 0 238.84028988071577 0.0 -0.9816065094386209 
10.714285714285714 2.857142857142857 1.0 -19 186.65873853650828 0.0 -4.478489914235295 
10.714285714285714 3.5714285714285716 1.0 -18 163.09420257846568 0.0 -4.478489914235295 
10.714285714285714 4.285714285714286 1.0 -40 162.93437467610448 0.0 -4.478489914235295 
12.857142857142858 2.857142857142857 1.0 -58 168.32073896653569 0.0 -9.682835818736399 
12.857142857142858 3.5714285714285716 1.0 -14 128.17318637325891 0.0 -9.682835818736399 
