-15.876923076923077 -0.0 1.0 13 -0.18561789441489762 0.0 0.0 
-15.876923076923077 0.0 1.0 12 1.8408944532178488 0.0 0.0 
-11.907692307692308 -0.0 1.0 13 0.8407884742278474 0.0 0.0 
-11.907692307692308 0.0 1.0 14 1.0613690569955025 0.0 0.0 
-7.938461538461539 -0.0 1.0 12 0.20627668438599905 0.0 0.0 
-7.938461538461539 0.0 1.0 12 0.23018966159452958 0.0 0.0 
-3.9692307692307693 -0.0 1.0 12 0.3555446581295327 0.0 0.0 
-3.9692307692307693 0.0 1.0 12 -0.2981572931263282 0.0 0.0 
-0.0 -0.0 1.0 11 0.4279085260249413 0.0 0.0 
-0.0 0.0 1.0 11 -0.639053801466508 0.0 0.0 
0.0 -0.0 1.0 14 1.394087692398637 0.0 0.0 
0.0 0.0 1.0 12 -1.0553278944267777 0.0 0.0 
3.9692307692307693 -0.0 1.0 11 12.062535320071111 0.0 20.302592754678574 
3.9692307692307693 0.0 1.0 13 9.2778241874204 0.0 20.302592754678574 
