-15.789473684210527 -0.5263157894736842 1 nan nan 0 0
-15.789473684210527 -0.0 1 nan nan 0 0
-15.789473684210527 0.0 1 nan nan 0 0
-15.789473684210527 0.5263157894736842 1 nan nan 0 0
-14.210526315789474 -1.0526315789473684 1 nan nan 0 0
-14.210526315789474 -0.5263157894736842 1 nan nan 0 0
-14.210526315789474 -0.0 1 nan nan 0 0
-14.210526315789474 0.0 1 nan nan 0 0
-14.210526315789474 0.5263157894736842 1 nan nan 0 0
-14.210526315789474 1.0526315789473684 1 nan nan 0 0
-12.631578947368421 -1.0526315789473684 1 nan nan 0 0
-12.631578947368421 -0.5263157894736842 1 nan nan 0 0
-12.631578947368421 -0.0 1 nan nan 0 0
-12.631578947368421 0.0 1 nan nan 0 0
-12.631578947368421 0.5263157894736842 1 nan nan 0 0
-12.631578947368421 1.0526315789473684 1 nan nan 0 0
-11.052631578947368 -1.5789473684210527 1 nan nan 0 0
-11.052631578947368 -1.0526315789473684 1 nan nan 0 0
-11.052631578947368 -0.5263157894736842 1 nan nan 0 0
-11.052631578947368 -0.0 1 nan nan 0 0
-11.052631578947368 0.0 1 nan nan 0 0
-11.052631578947368 0.5263157894736842 1 nan nan 0 0
-11.052631578947368 1.0526315789473684 1 nan nan 0 0
-11.052631578947368 1.5789473684210527 1 nan nan 0 0
-9.473684210526315 -1.5789473684210527 1 nan nan 0 0
-9.473684210526315 -1.0526315789473684 1 nan nan 0 0
-9.473684210526315 -0.5263157894736842 1 nan nan 0 0
-9.473684210526315 -0.0 1 nan nan 0 0
-9.473684210526315 0.0 1 nan nan 0 0
-9.473684210526315 0.5263157894736842 1 nan nan 0 0
-9.473684210526315 1.0526315789473684 1 nan nan 0 0
-9.473684210526315 1.5789473684210527 1 nan nan 0 0
-7.894736842105264 -1.5789473684210527 1 nan nan 0 0
-7.894736842105264 -1.0526315789473684 1 nan nan 0 0
-7.894736842105264 -0.5263157894736842 1 nan nan 0 0
-7.894736842105264 -0.0 1 nan nan 0 0
-7.894736842105264 0.0 1 nan nan 0 0
-7.894736842105264 0.5263157894736842 1 nan nan 0 0
-7.894736842105264 1.0526315789473684 1 nan nan 0 0
-7.894736842105264 1.5789473684210527 1 nan nan 0 0
-6.315789473684211 -1.5789473684210527 1 nan nan 0 0
-6.315789473684211 -1.0526315789473684 1 nan nan 0 0
-6.315789473684211 -0.5263157894736842 1 nan nan 0 0
-6.315789473684211 -0.0 1 nan nan 0 0
-6.315789473684211 0.0 1 nan nan 0 0
-6.315789473684211 0.5263157894736842 1 nan nan 0 0
-6.315789473684211 1.0526315789473684 1 nan nan 0 0
-6.315789473684211 1.5789473684210527 1 nan nan 0 0
-4.7368421052631575 -1.5789473684210527 1 nan nan 0 0
-4.7368421052631575 -1.0526315789473684 1 nan nan 0 0
-4.7368421052631575 -0.5263157894736842 1 nan nan 0 0
-4.7368421052631575 -0.0 1 nan nan 0 0
-4.7368421052631575 0.0 1 nan nan 0 0
-4.7368421052631575 0.5263157894736842 1 nan nan 0 0
-4.7368421052631575 1.0526315789473684 1 nan nan 0 0
-4.7368421052631575 1.5789473684210527 1 nan nan 0 0
-3.1578947368421053 -1.5789473684210527 1 nan nan 0 0
-3.1578947368421053 -1.0526315789473684 1 nan nan 0 0
-3.1578947368421053 -0.5263157894736842 1 nan nan 0 0
-3.1578947368421053 -0.0 1 nan nan 0 0
-3.1578947368421053 0.0 1 nan nan 0 0
-3.1578947368421053 0.5263157894736842 1 nan nan 0 0
-3.1578947368421053 1.0526315789473684 1 nan nan 0 0
-3.1578947368421053 1.5789473684210527 1 nan nan 0 0
-1.5789473684210527 -1.5789473684210527 1 nan nan 0 0
-1.5789473684210527 -1.0526315789473684 1 nan nan 0 0
-1.5789473684210527 -0.5263157894736842 1 nan nan 0 0
-1.5789473684210527 -0.0 1 nan nan 0 0
-1.5789473684210527 0.0 1 nan nan 0 0
-1.5789473684210527 0.5263157894736842 1 nan nan 0 0
-1.5789473684210527 1.0526315789473684 1 nan nan 0 0
-1.5789473684210527 1.5789473684210527 1 nan nan 0 0
-0.0 -1.0526315789473684 1 nan nan 0 0
-0.0 -0.5263157894736842 1 nan nan 0 0
-0.0 -0.0 1 nan nan 0 0
-0.0 0.0 1 nan nan 0 0
-0.0 0.5263157894736842 1 nan nan 0 0
-0.0 1.0526315789473684 1 nan nan 0 0
0.0 -1.0526315789473684 1 nan nan 0 0
0.0 -0.5263157894736842 1 nan nan 0 0
0.0 -0.0 1 nan nan 0 0
0.0 0.0 1 nan nan 0 0
0.0 0.5263157894736842 1 nan nan 0 0
0.0 1.0526315789473684 1 nan nan 0 0
1.5789473684210527 -1.0526315789473684 1 nan nan 0 -0.08878308309763652
1.5789473684210527 -0.5263157894736842 1 nan nan 0 -0.08878308309763652
1.5789473684210527 -0.0 1 nan nan 0 -0.08878308309763652
1.5789473684210527 0.0 1 nan nan 0 -0.08878308309763652
1.5789473684210527 0.5263157894736842 1 nan nan 0 -0.08878308309763652
3.1578947368421053 -1.0526315789473684 1 nan nan 0 0.07333935360563844
3.1578947368421053 -0.5263157894736842 1 nan nan 0 0.07333935360563844
3.1578947368421053 -0.0 1 nan nan 0 0.07333935360563844
3.1578947368421053 0.0 1 nan nan 0 0.07333935360563844
3.1578947368421053 0.5263157894736842 1 nan nan 0 0.07333935360563844
4.7368421052631575 -0.5263157894736842 1 nan nan 0 0.12734182657308837
4.7368421052631575 -0.0 1 nan nan 0 0.12734182657308837
4.7368421052631575 0.0 1 nan nan 0 0.12734182657308837
4.7368421052631575 0.5263157894736842 1 nan nan 0 0.12734182657308837
4.7368421052631575 1.0526315789473684 1 nan nan 0 0.12734182657308837
6.315789473684211 0.5263157894736842 1 nan nan 0 -0.34290431839218594
6.315789473684211 1.0526315789473684 1 nan nan 0 -0.34290431839218594
6.315789473684211 1.5789473684210527 1 nan nan 0 -0.34290431839218594
7.894736842105264 1.0526315789473684 1 nan nan 0 -1.6657751637396891
7.894736842105264 1.5789473684210527 1 nan nan 0 -1.6657751637396891
7.894736842105264 2.1052631578947367 1 nan nan 0 -1.6657751637396891
7.894736842105264 2.631578947368421 1 nan nan 0 -1.6657751637396891
9.473684210526315 1.5789473684210527 1 nan nan 0 -3.947131389428807
9.473684210526315 2.1052631578947367 1 nan nan 0 -3.947131389428807
9.473684210526315 2.631578947368421 1 nan nan 0 -3.947131389428807
11.052631578947368 1.5789473684210527 1 nan nan 0 -6.977584388285213
11.052631578947368 2.1052631578947367 1 nan nan 0 -6.977584388285213
11.052631578947368 2.631578947368421 1 nan nan 0 -6.977584388285213
12.631578947368421 -0.0 1 nan nan 0 -10.206799664635081
12.631578947368421 0.0 1 nan nan 0 -10.206799664635081
12.631578947368421 0.5263157894736842 1 nan nan 0 -10.206799664635081
12.631578947368421 1.0526315789473684 1 nan nan 0 -10.206799664635081
