-15.789473684210527 -0.5263157894736842 1 nan nan 0
-15.789473684210527 -0.0 1 nan nan 0
-15.789473684210527 0.0 1 nan nan 0
-15.789473684210527 0.5263157894736842 1 nan nan 0
-14.210526315789474 -1.0526315789473684 1 nan nan 0
-14.210526315789474 -0.5263157894736842 1 nan nan 0
-14.210526315789474 -0.0 1 nan nan 0
-14.210526315789474 0.0 1 nan nan 0
-14.210526315789474 0.5263157894736842 1 nan nan 0
-14.210526315789474 1.0526315789473684 1 nan nan 0
-12.631578947368421 -1.0526315789473684 1 nan nan 0
-12.631578947368421 -0.5263157894736842 1 nan nan 0
-12.631578947368421 -0.0 1 nan nan 0
-12.631578947368421 0.0 1 nan nan 0
-12.631578947368421 0.5263157894736842 1 nan nan 0
-12.631578947368421 1.0526315789473684 1 nan nan 0
-11.052631578947368 -1.5789473684210527 1 nan nan 0
-11.052631578947368 -1.0526315789473684 1 nan nan 0
-11.052631578947368 -0.5263157894736842 1 nan nan 0
-11.052631578947368 -0.0 1 nan nan 0
-11.052631578947368 0.0 1 nan nan 0
-11.052631578947368 0.5263157894736842 1 nan nan 0
-11.052631578947368 1.0526315789473684 1 nan nan 0
-11.052631578947368 1.5789473684210527 1 nan nan 0
-9.473684210526315 -1.5789473684210527 1 nan nan 0
-9.473684210526315 -1.0526315789473684 1 nan nan 0
-9.473684210526315 -0.5263157894736842 1 nan nan 0
-9.473684210526315 -0.0 1 nan nan 0
-9.473684210526315 0.0 1 nan nan 0
-9.473684210526315 0.5263157894736842 1 nan nan 0
-9.473684210526315 1.0526315789473684 1 nan nan 0
-9.473684210526315 1.5789473684210527 1 nan nan 0
-7.894736842105264 -1.5789473684210527 1 nan nan 0
-7.894736842105264 -1.0526315789473684 1 nan nan 0
-7.894736842105264 -0.5263157894736842 1 nan nan 0
-7.894736842105264 -0.0 1 nan nan 0
-7.894736842105264 0.0 1 nan nan 0
-7.894736842105264 0.5263157894736842 1 nan nan 0
-7.894736842105264 1.0526315789473684 1 nan nan 0
-7.894736842105264 1.5789473684210527 1 nan nan 0
-6.315789473684211 -1.5789473684210527 1 nan nan 0
-6.315789473684211 -1.0526315789473684 1 nan nan 0
-6.315789473684211 -0.5263157894736842 1 nan nan 0
-6.315789473684211 -0.0 1 nan nan 0
-6.315789473684211 0.0 1 nan nan 0
-6.315789473684211 0.5263157894736842 1 nan nan 0
-6.315789473684211 1.0526315789473684 1 nan nan 0
-6.315789473684211 1.5789473684210527 1 nan nan 0
-4.7368421052631575 -1.5789473684210527 1 nan nan 0
-4.7368421052631575 -1.0526315789473684 1 nan nan 0
-4.7368421052631575 -0.5263157894736842 1 nan nan 0
-4.7368421052631575 -0.0 1 nan nan 0
-4.7368421052631575 0.0 1 nan nan 0
-4.7368421052631575 0.5263157894736842 1 nan nan 0
-4.7368421052631575 1.0526315789473684 1 nan nan 0
-4.7368421052631575 1.5789473684210527 1 nan nan 0
-3.1578947368421053 -1.5789473684210527 1 nan nan 0
-3.1578947368421053 -1.0526315789473684 1 nan nan 0
-3.1578947368421053 -0.5263157894736842 1 nan nan 0
-3.1578947368421053 -0.0 1 nan nan 0
-3.1578947368421053 0.0 1 nan nan 0
-3.1578947368421053 0.5263157894736842 1 nan nan 0
-3.1578947368421053 1.0526315789473684 1 nan nan 0
-3.1578947368421053 1.5789473684210527 1 nan nan 0
-1.5789473684210527 -1.5789473684210527 1 nan nan 0
-1.5789473684210527 -1.0526315789473684 1 nan nan 0
-1.5789473684210527 -0.5263157894736842 1 nan nan 0
-1.5789473684210527 -0.0 1 nan nan 0
-1.5789473684210527 0.0 1 nan nan 0
-1.5789473684210527 0.5263157894736842 1 nan nan 0
-1.5789473684210527 1.0526315789473684 1 nan nan 0
-1.5789473684210527 1.5789473684210527 1 nan nan 0
-0.0 -1.0526315789473684 1 nan nan 0
-0.0 -0.5263157894736842 1 nan nan 0
-0.0 -0.0 1 nan nan 0
-0.0 0.0 1 nan nan 0
-0.0 0.5263157894736842 1 nan nan 0
-0.0 1.0526315789473684 1 nan nan 0
0.0 -1.0526315789473684 1 nan nan 0
0.0 -0.5263157894736842 1 nan nan 0
0.0 -0.0 1 nan nan 0
0.0 0.0 1 nan nan 0
0.0 0.5263157894736842 1 nan nan 0
0.0 1.0526315789473684 1 nan nan 0
1.5789473684210527 -1.0526315789473684 1 nan nan -0.09234204238348467
1.5789473684210527 -0.5263157894736842 1 nan nan -0.09234204238348467
1.5789473684210527 -0.0 1 nan nan -0.09234204238348467
1.5789473684210527 0.0 1 nan nan -0.09234204238348467
1.5789473684210527 0.5263157894736842 1 nan nan -0.09234204238348467
3.1578947368421053 -1.0526315789473684 1 nan nan 0.07936702524519812
3.1578947368421053 -0.5263157894736842 1 nan nan 0.07936702524519812
3.1578947368421053 -0.0 1 nan nan 0.07936702524519812
3.1578947368421053 0.0 1 nan nan 0.07936702524519812
3.1578947368421053 0.5263157894736842 1 nan nan 0.07936702524519812
4.7368421052631575 -0.5263157894736842 1 nan nan 0.1635072005375688
4.7368421052631575 -0.0 1 nan nan 0.1635072005375688
4.7368421052631575 0.0 1 nan nan 0.1635072005375688
4.7368421052631575 0.5263157894736842 1 nan nan 0.1635072005375688
4.7368421052631575 1.0526315789473684 1 nan nan 0.1635072005375688
6.315789473684211 0.5263157894736842 1 nan nan -0.25981768020424434
6.315789473684211 1.0526315789473684 1 nan nan -0.25981768020424434
6.315789473684211 1.5789473684210527 1 nan nan -0.25981768020424434
7.894736842105264 1.0526315789473684 1 nan nan -1.5342969077616322
7.894736842105264 1.5789473684210527 1 nan nan -1.5342969077616322
7.894736842105264 2.1052631578947367 1 nan nan -1.5342969077616322
7.894736842105264 2.631578947368421 1 nan nan -1.5342969077616322
9.473684210526315 1.5789473684210527 1 nan nan -3.7898687384060503
9.473684210526315 2.1052631578947367 1 nan nan -3.7898687384060503
9.473684210526315 2.631578947368421 1 nan nan -3.7898687384060503
9.473684210526315 3.1578947368421053 1 nan nan -3.7898687384060503
11.052631578947368 1.5789473684210527 1 nan nan -6.84447555764559
11.052631578947368 2.1052631578947367 1 nan nan -6.84447555764559
11.052631578947368 2.631578947368421 1 nan nan -6.84447555764559
12.631578947368421 0.5263157894736842 1 nan nan -10.1711358577807
12.631578947368421 1.0526315789473684 1 nan nan -10.1711358577807
