-15.0 -0.7142857142857143 1.0 0 -1.4039697434041555e-06 0.0 0.0 
-15.0 -0.0 1.0 0 5.1211885471542424e-05 0.0 0.0 
-15.0 0.0 1.0 0 -3.0133002153228704e-06 0.0 0.0 
-15.0 0.7142857142857143 1.0 0 3.3057089527023414e-05 0.0 0.0 
-12.857142857142858 -1.4285714285714286 1.0 0 3.45931090366594e-05 0.0 0.0 
-12.857142857142858 -0.7142857142857143 1.0 0 -2.353248588436695e-06 0.0 0.0 
-12.857142857142858 -0.0 1.0 0 2.1591075869397252e-05 0.0 0.0 
-12.857142857142858 0.0 1.0 0 -4.216355509272813e-06 0.0 0.0 
-12.857142857142858 0.7142857142857143 1.0 0 1.4955554757284227e-05 0.0 0.0 
-12.857142857142858 1.4285714285714286 1.0 0 -2.297521540262781e-06 0.0 0.0 
-10.714285714285714 -1.4285714285714286 1.0 0 8.88058377427802e-06 0.0 0.0 
-10.714285714285714 -0.7142857142857143 1.0 0 -1.346075478306487e-07 0.0 0.0 
-10.714285714285714 -0.0 1.0 0 8.234732200252453e-06 0.0 0.0 
-10.714285714285714 0.0 1.0 0 2.1865632226796823e-06 0.0 0.0 
-10.714285714285714 0.7142857142857143 1.0 0 9.012911747212967e-06 0.0 0.0 
-10.714285714285714 1.4285714285714286 1.0 0 4.476405298706774e-06 0.0 0.0 
-8.571428571428571 -1.4285714285714286 1.0 0 -2.5099034846141775e-07 0.0 0.0 
-8.571428571428571 -0.7142857142857143 1.0 0 1.075253150387677e-06 0.0 0.0 
-8.571428571428571 -0.0 1.0 0 1.9927533549616613e-06 0.0 0.0 
-8.571428571428571 0.0 1.0 0 2.647615938789534e-06 0.0 0.0 
-8.571428571428571 0.7142857142857143 1.0 0 3.4025960960159256e-06 0.0 0.0 
-8.571428571428571 1.4285714285714286 1.0 0 3.558200656488173e-06 0.0 0.0 
-6.428571428571429 -1.4285714285714286 1.0 0 -9.663356663474935e-07 0.0 0.0 
-6.428571428571429 -0.7142857142857143 1.0 0 3.8461055882536633e-07 0.0 0.0 
-6.428571428571429 -0.0 1.0 0 -1.5950145279008596e-07 0.0 0.0 
-6.428571428571429 0.0 1.0 0 5.972645033697793e-07 0.0 0.0 
-6.428571428571429 0.7142857142857143 1.0 0 1.9102871677588296e-07 0.0 0.0 
-6.428571428571429 1.4285714285714286 1.0 0 6.286726127629848e-07 0.0 0.0 
-4.285714285714286 -1.4285714285714286 1.0 0 2.22801549178357e-07 0.0 0.0 
-4.285714285714286 -0.7142857142857143 1.0 0 -5.2746019835393766e-08 0.0 0.0 
-4.285714285714286 -0.0 1.0 0 -5.6882514705931795e-08 0.0 0.0 
-4.285714285714286 0.0 1.0 0 -3.0452923764655536e-07 0.0 0.0 
-4.285714285714286 0.7142857142857143 1.0 0 -3.420838437783621e-07 0.0 0.0 
-4.285714285714286 1.4285714285714286 1.0 0 -5.519258628686138e-07 0.0 0.0 
-2.142857142857143 -1.4285714285714286 1.0 0 5.65583306825845e-07 0.0 0.0 
-2.142857142857143 -0.7142857142857143 1.0 0 -1.4674237069761821e-08 0.0 0.0 
-2.142857142857143 -0.0 1.0 0 2.172760767650165e-07 0.0 0.0 
-2.142857142857143 0.0 1.0 0 -1.9066441301236023e-07 0.0 0.0 
-2.142857142857143 0.7142857142857143 1.0 0 -2.3329086858124477e-08 0.0 0.0 
-2.142857142857143 1.4285714285714286 1.0 0 -3.0233482970033846e-07 0.0 0.0 
-0.0 -1.4285714285714286 1.0 0 1.4808584737176876e-07 0.0 0.0 
-0.0 -0.7142857142857143 1.0 0 3.772368002443479e-09 0.0 0.0 
-0.0 -0.0 1.0 0 9.797121589362424e-08 0.0 0.0 
-0.0 0.0 1.0 0 1.4819303202509255e-08 0.0 0.0 
-0.0 0.7142857142857143 1.0 0 1.0778989601108087e-07 0.0 0.0 
-0.0 1.4285714285714286 1.0 0 6.83086592594111e-08 0.0 0.0 
0.0 -1.4285714285714286 1.0 0 -1.2970017063813258e-07 0.0 0.0 
0.0 -0.7142857142857143 1.0 0 -1.3333810993266599e-08 0.0 0.0 
0.0 -0.0 1.0 0 -3.369879510900172e-08 0.0 0.0 
0.0 0.0 1.0 0 5.7059014904035756e-08 0.0 0.0 
0.0 0.7142857142857143 1.0 0 5.35068374798906e-08 0.0 0.0 
0.0 1.4285714285714286 1.0 0 1.1919077572742695e-07 0.0 0.0 
2.142857142857143 -1.4285714285714286 1.0 0 -12.204430986017064 0.0 -0.06106949802318636 
2.142857142857143 -0.7142857142857143 1.0 0 -7.945022545971161 0.0 -0.06106949802318636 
2.142857142857143 -0.0 1.0 0 -16.602524128556894 0.0 -0.06106949802318636 
2.142857142857143 0.0 1.0 0 -13.95623731579302 0.0 -0.06106949802318636 
2.142857142857143 0.7142857142857143 1.0 0 -20.43065630261293 0.0 -0.06106949802318636 
4.285714285714286 -0.7142857142857143 1.0 4 78.03328207412804 0.0 0.3703608130452185 
4.285714285714286 -0.0 1.0 4 54.93130968599914 0.0 0.3703608130452185 
4.285714285714286 0.0 1.0 1 107.28233038176398 0.0 0.3703608130452185 
4.285714285714286 0.7142857142857143 1.0 -3 84.72223670549789 0.0 0.3703608130452185 
6.428571428571429 0.7142857142857143 1.0 18 89.81445336616156 0.0 0.4224553240059694 
6.428571428571429 1.4285714285714286 1.0 12 58.10814646499105 0.0 0.4224553240059694 
8.571428571428571 2.142857142857143 1.0 11 -192.09360949953273 0.0 -0.9860359568764405 
8.571428571428571 2.857142857142857 1.0 5 -128.73094453137463 0.0 -0.9860359568764405 
10.714285714285714 2.857142857142857 1.0 -35 -910.43403997428 0.0 -4.484437791387331 
10.714285714285714 3.5714285714285716 1.0 -21 -591.2792411246929 0.0 -4.484437791387331 
10.714285714285714 4.285714285714286 1.0 -9 -1211.8430288733582 0.0 -4.484437791387331 
12.857142857142858 2.857142857142857 1.0 428 -1383.834123031084 0.0 -9.687676261557488 
12.857142857142858 3.5714285714285716 1.0 199 -787.9695547829162 0.0 -9.687676261557488 
