-15.789473684210527 -0.5263157894736842 1 nan nan 0
-15.789473684210527 -0.0 1 nan nan 0
-15.789473684210527 0.0 1 nan nan 0
-15.789473684210527 0.5263157894736842 1 nan nan 0
-14.210526315789474 -1.0526315789473684 1 nan nan 0
-14.210526315789474 -0.5263157894736842 1 nan nan 0
-14.210526315789474 -0.0 1 nan nan 0
-14.210526315789474 0.0 1 nan nan 0
-14.210526315789474 0.5263157894736842 1 nan nan 0
-14.210526315789474 1.0526315789473684 1 nan nan 0
-12.631578947368421 -1.0526315789473684 1 nan nan 0
-12.631578947368421 -0.5263157894736842 1 nan nan 0
-12.631578947368421 -0.0 1 nan nan 0
-12.631578947368421 0.0 1 nan nan 0
-12.631578947368421 0.5263157894736842 1 nan nan 0
-12.631578947368421 1.0526315789473684 1 nan nan 0
-11.052631578947368 -1.5789473684210527 1 nan nan 0
-11.052631578947368 -1.0526315789473684 1 nan nan 0
-11.052631578947368 -0.5263157894736842 1 nan nan 0
-11.052631578947368 -0.0 1 nan nan 0
-11.052631578947368 0.0 1 nan nan 0
-11.052631578947368 0.5263157894736842 1 nan nan 0
-11.052631578947368 1.0526315789473684 1 nan nan 0
-11.052631578947368 1.5789473684210527 1 nan nan 0
-9.473684210526315 -1.5789473684210527 1 nan nan 0
-9.473684210526315 -1.0526315789473684 1 nan nan 0
-9.473684210526315 -0.5263157894736842 1 nan nan 0
-9.473684210526315 -0.0 1 nan nan 0
-9.473684210526315 0.0 1 nan nan 0
-9.473684210526315 0.5263157894736842 1 nan nan 0
-9.473684210526315 1.0526315789473684 1 nan nan 0
-9.473684210526315 1.5789473684210527 1 nan nan 0
-7.894736842105264 -1.5789473684210527 1 nan nan 0
-7.894736842105264 -1.0526315789473684 1 nan nan 0
-7.894736842105264 -0.5263157894736842 1 nan nan 0
-7.894736842105264 -0.0 1 nan nan 0
-7.894736842105264 0.0 1 nan nan 0
-7.894736842105264 0.5263157894736842 1 nan nan 0
-7.894736842105264 1.0526315789473684 1 nan nan 0
-7.894736842105264 1.5789473684210527 1 nan nan 0
-6.315789473684211 -1.5789473684210527 1 nan nan 0
-6.315789473684211 -1.0526315789473684 1 nan nan 0
-6.315789473684211 -0.5263157894736842 1 nan nan 0
-6.315789473684211 -0.0 1 nan nan 0
-6.315789473684211 0.0 1 nan nan 0
-6.315789473684211 0.5263157894736842 1 nan nan 0
-6.315789473684211 1.0526315789473684 1 nan nan 0
-6.315789473684211 1.5789473684210527 1 nan nan 0
-4.7368421052631575 -1.5789473684210527 1 nan nan 0
-4.7368421052631575 -1.0526315789473684 1 nan nan 0
-4.7368421052631575 -0.5263157894736842 1 nan nan 0
-4.7368421052631575 -0.0 1 nan nan 0
-4.7368421052631575 0.0 1 nan nan 0
-4.7368421052631575 0.5263157894736842 1 nan nan 0
-4.7368421052631575 1.0526315789473684 1 nan nan 0
-4.7368421052631575 1.5789473684210527 1 nan nan 0
-3.1578947368421053 -1.5789473684210527 1 nan nan 0
-3.1578947368421053 -1.0526315789473684 1 nan nan 0
-3.1578947368421053 -0.5263157894736842 1 nan nan 0
-3.1578947368421053 -0.0 1 nan nan 0
-3.1578947368421053 0.0 1 nan nan 0
-3.1578947368421053 0.5263157894736842 1 nan nan 0
-3.1578947368421053 1.0526315789473684 1 nan nan 0
-3.1578947368421053 1.5789473684210527 1 nan nan 0
-1.5789473684210527 -1.5789473684210527 1 nan nan 0
-1.5789473684210527 -1.0526315789473684 1 nan nan 0
-1.5789473684210527 -0.5263157894736842 1 nan nan 0
-1.5789473684210527 -0.0 1 nan nan 0
-1.5789473684210527 0.0 1 nan nan 0
-1.5789473684210527 0.5263157894736842 1 nan nan 0
-1.5789473684210527 1.0526315789473684 1 nan nan 0
-1.5789473684210527 1.5789473684210527 1 nan nan 0
-0.0 -1.0526315789473684 1 nan nan 0
-0.0 -0.5263157894736842 1 nan nan 0
-0.0 -0.0 1 nan nan 0
-0.0 0.0 1 nan nan 0
-0.0 0.5263157894736842 1 nan nan 0
-0.0 1.0526315789473684 1 nan nan 0
0.0 -1.0526315789473684 1 nan nan 0
0.0 -0.5263157894736842 1 nan nan 0
0.0 -0.0 1 nan nan 0
0.0 0.0 1 nan nan 0
0.0 0.5263157894736842 1 nan nan 0
0.0 1.0526315789473684 1 nan nan 0
1.5789473684210527 -1.0526315789473684 1 nan nan -0.10472828562769823
1.5789473684210527 -0.5263157894736842 1 nan nan -0.10472828562769823
1.5789473684210527 -0.0 1 nan nan -0.10472828562769823
1.5789473684210527 0.0 1 nan nan -0.10472828562769823
1.5789473684210527 0.5263157894736842 1 nan nan -0.10472828562769823
3.1578947368421053 -1.0526315789473684 1 nan nan 0.10183065154828937
3.1578947368421053 -0.5263157894736842 1 nan nan 0.10183065154828937
3.1578947368421053 -0.0 1 nan nan 0.10183065154828937
3.1578947368421053 0.0 1 nan nan 0.10183065154828937
3.1578947368421053 0.5263157894736842 1 nan nan 0.10183065154828937
4.7368421052631575 -0.5263157894736842 1 nan nan 0.3043167460087133
4.7368421052631575 -0.0 1 nan nan 0.3043167460087133
4.7368421052631575 0.0 1 nan nan 0.3043167460087133
4.7368421052631575 0.5263157894736842 1 nan nan 0.3043167460087133
4.7368421052631575 1.0526315789473684 1 nan nan 0.3043167460087133
6.315789473684211 0.5263157894736842 1 nan nan 0.07593438010722432
6.315789473684211 1.0526315789473684 1 nan nan 0.07593438010722432
6.315789473684211 1.5789473684210527 1 nan nan 0.07593438010722432
7.894736842105264 1.5789473684210527 1 nan nan -0.9813346045223295
7.894736842105264 2.1052631578947367 1 nan nan -0.9813346045223295
7.894736842105264 2.631578947368421 1 nan nan -0.9813346045223295
9.473684210526315 2.1052631578947367 1 nan nan -3.0907677268722984
9.473684210526315 2.631578947368421 1 nan nan -3.0907677268722984
9.473684210526315 3.1578947368421053 1 nan nan -3.0907677268722984
11.052631578947368 2.1052631578947367 1 nan nan -6.182614364871672
11.052631578947368 2.631578947368421 1 nan nan -6.182614364871672
11.052631578947368 3.1578947368421053 1 nan nan -6.182614364871672
12.631578947368421 1.5789473684210527 1 nan nan -9.833016776452897
12.631578947368421 2.1052631578947367 1 nan nan -9.833016776452897
12.631578947368421 2.631578947368421 1 nan nan -9.833016776452897
