-15.789473684210527 -0.5263157894736842 1 nan nan 0 0
-15.789473684210527 -0.0 1 nan nan 0 0
-15.789473684210527 0.0 1 nan nan 0 0
-15.789473684210527 0.5263157894736842 1 nan nan 0 0
-14.210526315789474 -1.0526315789473684 1 nan nan 0 0
-14.210526315789474 -0.5263157894736842 1 nan nan 0 0
-14.210526315789474 -0.0 1 nan nan 0 0
-14.210526315789474 0.0 1 nan nan 0 0
-14.210526315789474 0.5263157894736842 1 nan nan 0 0
-14.210526315789474 1.0526315789473684 1 nan nan 0 0
-12.631578947368421 -1.0526315789473684 1 nan nan 0 0
-12.631578947368421 -0.5263157894736842 1 nan nan 0 0
-12.631578947368421 -0.0 1 nan nan 0 0
-12.631578947368421 0.0 1 nan nan 0 0
-12.631578947368421 0.5263157894736842 1 nan nan 0 0
-12.631578947368421 1.0526315789473684 1 nan nan 0 0
-11.052631578947368 -1.5789473684210527 1 nan nan 0 0
-11.052631578947368 -1.0526315789473684 1 nan nan 0 0
-11.052631578947368 -0.5263157894736842 1 nan nan 0 0
-11.052631578947368 -0.0 1 nan nan 0 0
-11.052631578947368 0.0 1 nan nan 0 0
-11.052631578947368 0.5263157894736842 1 nan nan 0 0
-11.052631578947368 1.0526315789473684 1 nan nan 0 0
-11.052631578947368 1.5789473684210527 1 nan nan 0 0
-9.473684210526315 -1.5789473684210527 1 nan nan 0 0
-9.473684210526315 -1.0526315789473684 1 nan nan 0 0
-9.473684210526315 -0.5263157894736842 1 nan nan 0 0
-9.473684210526315 -0.0 1 nan nan 0 0
-9.473684210526315 0.0 1 nan nan 0 0
-9.473684210526315 0.5263157894736842 1 nan nan 0 0
-9.473684210526315 1.0526315789473684 1 nan nan 0 0
-9.473684210526315 1.5789473684210527 1 nan nan 0 0
-7.894736842105264 -1.5789473684210527 1 nan nan 0 0
-7.894736842105264 -1.0526315789473684 1 nan nan 0 0
-7.894736842105264 -0.5263157894736842 1 nan nan 0 0
-7.894736842105264 -0.0 1 nan nan 0 0
-7.894736842105264 0.0 1 nan nan 0 0
-7.894736842105264 0.5263157894736842 1 nan nan 0 0
-7.894736842105264 1.0526315789473684 1 nan nan 0 0
-7.894736842105264 1.5789473684210527 1 nan nan 0 0
-6.315789473684211 -1.5789473684210527 1 nan nan 0 0
-6.315789473684211 -1.0526315789473684 1 nan nan 0 0
-6.315789473684211 -0.5263157894736842 1 nan nan 0 0
-6.315789473684211 -0.0 1 nan nan 0 0
-6.315789473684211 0.0 1 nan nan 0 0
-6.315789473684211 0.5263157894736842 1 nan nan 0 0
-6.315789473684211 1.0526315789473684 1 nan nan 0 0
-6.315789473684211 1.5789473684210527 1 nan nan 0 0
-4.7368421052631575 -1.5789473684210527 1 nan nan 0 0
-4.7368421052631575 -1.0526315789473684 1 nan nan 0 0
-4.7368421052631575 -0.5263157894736842 1 nan nan 0 0
-4.7368421052631575 -0.0 1 nan nan 0 0
-4.7368421052631575 0.0 1 nan nan 0 0
-4.7368421052631575 0.5263157894736842 1 nan nan 0 0
-4.7368421052631575 1.0526315789473684 1 nan nan 0 0
-4.7368421052631575 1.5789473684210527 1 nan nan 0 0
-3.1578947368421053 -1.5789473684210527 1 nan nan 0 0
-3.1578947368421053 -1.0526315789473684 1 nan nan 0 0
-3.1578947368421053 -0.5263157894736842 1 nan nan 0 0
-3.1578947368421053 -0.0 1 nan nan 0 0
-3.1578947368421053 0.0 1 nan nan 0 0
-3.1578947368421053 0.5263157894736842 1 nan nan 0 0
-3.1578947368421053 1.0526315789473684 1 nan nan 0 0
-3.1578947368421053 1.5789473684210527 1 nan nan 0 0
-1.5789473684210527 -1.5789473684210527 1 nan nan 0 0
-1.5789473684210527 -1.0526315789473684 1 nan nan 0 0
-1.5789473684210527 -0.5263157894736842 1 nan nan 0 0
-1.5789473684210527 -0.0 1 nan nan 0 0
-1.5789473684210527 0.0 1 nan nan 0 0
-1.5789473684210527 0.5263157894736842 1 nan nan 0 0
-1.5789473684210527 1.0526315789473684 1 nan nan 0 0
-1.5789473684210527 1.5789473684210527 1 nan nan 0 0
-0.0 -1.0526315789473684 1 nan nan 0 0
-0.0 -0.5263157894736842 1 nan nan 0 0
-0.0 -0.0 1 nan nan 0 0
-0.0 0.0 1 nan nan 0 0
-0.0 0.5263157894736842 1 nan nan 0 0
-0.0 1.0526315789473684 1 nan nan 0 0
0.0 -1.0526315789473684 1 nan nan 0 0
0.0 -0.5263157894736842 1 nan nan 0 0
0.0 -0.0 1 nan nan 0 0
0.0 0.0 1 nan nan 0 0
0.0 0.5263157894736842 1 nan nan 0 0
0.0 1.0526315789473684 1 nan nan 0 0
1.5789473684210527 -1.0526315789473684 1 nan nan 0 -0.056131916628981746
1.5789473684210527 -0.5263157894736842 1 nan nan 0 -0.056131916628981746
1.5789473684210527 -0.0 1 nan nan 0 -0.056131916628981746
1.5789473684210527 0.0 1 nan nan 0 -0.056131916628981746
1.5789473684210527 0.5263157894736842 1 nan nan 0 -0.056131916628981746
3.1578947368421053 -1.0526315789473684 1 nan nan 0 0.022994598589092304
3.1578947368421053 -0.5263157894736842 1 nan nan 0 0.022994598589092304
3.1578947368421053 -0.0 1 nan nan 0 0.022994598589092304
3.1578947368421053 0.0 1 nan nan 0 0.022994598589092304
3.1578947368421053 0.5263157894736842 1 nan nan 0 0.022994598589092304
4.7368421052631575 -0.5263157894736842 1 nan nan 0 -0.15460619982700985
4.7368421052631575 -0.0 1 nan nan 0 -0.15460619982700985
4.7368421052631575 0.0 1 nan nan 0 -0.15460619982700985
4.7368421052631575 0.5263157894736842 1 nan nan 0 -0.15460619982700985
4.7368421052631575 1.0526315789473684 1 nan nan 0 -0.15460619982700985
6.315789473684211 -0.0 1 nan nan 0 -0.9497751134926398
6.315789473684211 0.0 1 nan nan 0 -0.9497751134926398
6.315789473684211 0.5263157894736842 1 nan nan 0 -0.9497751134926398
6.315789473684211 1.0526315789473684 1 nan nan 0 -0.9497751134926398
6.315789473684211 1.5789473684210527 1 nan nan 0 -0.9497751134926398
7.894736842105264 0.5263157894736842 1 nan nan 0 -2.5538495496626874
7.894736842105264 1.0526315789473684 1 nan nan 0 -2.5538495496626874
7.894736842105264 1.5789473684210527 1 nan nan 0 -2.5538495496626874
7.894736842105264 2.1052631578947367 1 nan nan 0 -2.5538495496626874
9.473684210526315 0.5263157894736842 1 nan nan 0 -4.883623412377976
9.473684210526315 1.0526315789473684 1 nan nan 0 -4.883623412377976
9.473684210526315 1.5789473684210527 1 nan nan 0 -4.883623412377976
9.473684210526315 2.1052631578947367 1 nan nan 0 -4.883623412377976
11.052631578947368 -0.0 1 nan nan 0 -7.5362942717214
11.052631578947368 0.0 1 nan nan 0 -7.5362942717214
11.052631578947368 0.5263157894736842 1 nan nan 0 -7.5362942717214
11.052631578947368 1.0526315789473684 1 nan nan 0 -7.5362942717214
12.631578947368421 -2.1052631578947367 1 nan nan 0 -9.820158532196203
12.631578947368421 -1.5789473684210527 1 nan nan 0 -9.820158532196203
12.631578947368421 -1.0526315789473684 1 nan nan 0 -9.820158532196203
