-15.789473684210527 -0.5263157894736842 1 -26.0 0.0 0
-15.789473684210527 -0.0 1 0 0 0
-15.789473684210527 0.0 1 0 0 0
-15.789473684210527 0.5263157894736842 1 0 0 0
-14.210526315789474 -1.0526315789473684 1 -26.0 0.0 0
-14.210526315789474 -0.5263157894736842 1 0 0 0
-14.210526315789474 -0.0 1 0 0 0
-14.210526315789474 0.0 1 0 0 0
-14.210526315789474 0.5263157894736842 1 0 0 0
-14.210526315789474 1.0526315789473684 1 0 0 0
-12.631578947368421 -1.0526315789473684 1 0 0 0
-12.631578947368421 -0.5263157894736842 1 0 0 0
-12.631578947368421 -0.0 1 0 0 0
-12.631578947368421 0.0 1 0 0 0
-12.631578947368421 0.5263157894736842 1 0 0 0
-12.631578947368421 1.0526315789473684 1 0 0 0
-11.052631578947368 -1.5789473684210527 1 -26.0 0.0 0
-11.052631578947368 -1.0526315789473684 1 0 0 0
-11.052631578947368 -0.5263157894736842 1 0 0 0
-11.052631578947368 -0.0 1 0 0 0
-11.052631578947368 0.0 1 0 0 0
-11.052631578947368 0.5263157894736842 1 0 0 0
-11.052631578947368 1.0526315789473684 1 0 0 0
-11.052631578947368 1.5789473684210527 1 0 0 0
-9.473684210526315 -1.5789473684210527 1 0 0 0
-9.473684210526315 -1.0526315789473684 1 0 0 0
-9.473684210526315 -0.5263157894736842 1 0 0 0
-9.473684210526315 -0.0 1 0 0 0
-9.473684210526315 0.0 1 0 0 0
-9.473684210526315 0.5263157894736842 1 0 0 0
-9.473684210526315 1.0526315789473684 1 0 0 0
-9.473684210526315 1.5789473684210527 1 0 0 0
-7.894736842105264 -1.5789473684210527 1 0 0 0
-7.894736842105264 -1.0526315789473684 1 0 0 0
-7.894736842105264 -0.5263157894736842 1 0 0 0
-7.894736842105264 -0.0 1 0 0 0
-7.894736842105264 0.0 1 0 0 0
-7.894736842105264 0.5263157894736842 1 0 0 0
-7.894736842105264 1.0526315789473684 1 0 0 0
-7.894736842105264 1.5789473684210527 1 0 0 0
-6.315789473684211 -1.5789473684210527 1 0 0 0
-6.315789473684211 -1.0526315789473684 1 0 0 0
-6.315789473684211 -0.5263157894736842 1 0 0 0
-6.315789473684211 -0.0 1 0 0 0
-6.315789473684211 0.0 1 0 0 0
-6.315789473684211 0.5263157894736842 1 0 0 0
-6.315789473684211 1.0526315789473684 1 0 0 0
-6.315789473684211 1.5789473684210527 1 0 0 0
-4.7368421052631575 -1.5789473684210527 1 0 0 0
-4.7368421052631575 -1.0526315789473684 1 0 0 0
-4.7368421052631575 -0.5263157894736842 1 0 0 0
-4.7368421052631575 -0.0 1 0 0 0
-4.7368421052631575 0.0 1 0 0 0
-4.7368421052631575 0.5263157894736842 1 0 0 0
-4.7368421052631575 1.0526315789473684 1 0 0 0
-4.7368421052631575 1.5789473684210527 1 0 0 0
-3.1578947368421053 -1.5789473684210527 1 0 0 0
-3.1578947368421053 -1.0526315789473684 1 0 0 0
-3.1578947368421053 -0.5263157894736842 1 0 0 0
-3.1578947368421053 -0.0 1 0 0 0
-3.1578947368421053 0.0 1 0 0 0
-3.1578947368421053 0.5263157894736842 1 0 0 0
-3.1578947368421053 1.0526315789473684 1 0 0 0
-3.1578947368421053 1.5789473684210527 1 0 0 0
-1.5789473684210527 -1.5789473684210527 1 0 0 0
-1.5789473684210527 -1.0526315789473684 1 0 0 0
-1.5789473684210527 -0.5263157894736842 1 0 0 0
-1.5789473684210527 -0.0 1 0 0 0
-1.5789473684210527 0.0 1 0 0 0
-1.5789473684210527 0.5263157894736842 1 0 0 0
-1.5789473684210527 1.0526315789473684 1 0 0 0
-1.5789473684210527 1.5789473684210527 1 0 0 0
-0.0 -1.0526315789473684 1 0 0 0
-0.0 -0.5263157894736842 1 0 0 0
-0.0 -0.0 1 0 0 0
-0.0 0.0 1 0 0 0
-0.0 0.5263157894736842 1 0 0 0
-0.0 1.0526315789473684 1 0 0 0
0.0 -1.0526315789473684 1 0 0 0
0.0 -0.5263157894736842 1 0 0 0
0.0 -0.0 1 0 0 0
0.0 0.0 1 0 0 0
0.0 0.5263157894736842 1 0 0 0
0.0 1.0526315789473684 1 0 0 0
1.5789473684210527 -1.0526315789473684 1 0 0 0.039738926061761604
1.5789473684210527 -0.5263157894736842 1 0 0 0.039738926061761604
1.5789473684210527 -0.0 1 0 0 0.039738926061761604
1.5789473684210527 0.0 1 0 0 0.039738926061761604
1.5789473684210527 0.5263157894736842 1 0 0 0.039738926061761604
3.1578947368421053 -1.0526315789473684 1 0 -0.11478301552190093 -0.0970126600958668
3.1578947368421053 -0.5263157894736842 1 0 -0.11478301552190093 -0.0970126600958668
3.1578947368421053 -0.0 1 0 -0.11478301552190093 -0.0970126600958668
3.1578947368421053 0.0 1 0 -0.11478301552190093 -0.0970126600958668
3.1578947368421053 0.5263157894736842 1 0 -0.11478301552190093 -0.0970126600958668
4.7368421052631575 -0.5263157894736842 1 0 0.12331369468025088 -0.7026614018350568
4.7368421052631575 -0.0 1 0 0.12331369468025088 -0.7026614018350568
4.7368421052631575 0.0 1 0 0.12331369468025088 -0.7026614018350568
4.7368421052631575 0.5263157894736842 1 0 0.12331369468025088 -0.7026614018350568
4.7368421052631575 1.0526315789473684 1 0 0.45129183469664824 -0.7026614018350568
6.315789473684211 -0.5263157894736842 1 0 0.45129183469664824 -1.859382951925492
6.315789473684211 -0.0 1 0 0.45129183469664824 -1.859382951925492
6.315789473684211 0.0 1 0 0.45129183469664824 -1.859382951925492
6.315789473684211 0.5263157894736842 1 0 0.45129183469664824 -1.859382951925492
6.315789473684211 1.0526315789473684 1 0 0.45129183469664824 -1.859382951925492
7.894736842105264 -1.0526315789473684 1 -77790689.23817003 -77790715.23817003 -3.3755068768168597
7.894736842105264 -0.5263157894736842 1 -280824680.5053494 -280824706.5053494 -3.3755068768168597
7.894736842105264 -0.0 1 -1013777388.9798671 -1013777414.9798671 -3.3755068768168597
7.894736842105264 0.0 1 -3659736666.572876 -3659736692.572876 -3.3755068768168597
7.894736842105264 0.5263157894736842 1 0 0.45033780575373 -3.3755068768168597
9.473684210526315 -2.1052631578947367 1 26.0 0.0 -4.7913575786110005
9.473684210526315 -1.5789473684210527 1 -93028072.62310213 -93028098.62310213 -4.7913575786110005
9.473684210526315 -1.0526315789473684 1 -1007511019.0469757 -1007511045.0469757 -4.7913575786110005
9.473684210526315 -0.5263157894736842 1 -6061880173.567438 -6061880199.567438 -4.7913575786110005
11.052631578947368 -3.6842105263157894 1 26.0 0.0 -5.458045800569801
11.052631578947368 -3.1578947368421053 1 26.0 0.0 -5.458045800569801
11.052631578947368 -2.631578947368421 1 26.0 0.0 -5.458045800569801
