-15.789473684210527 -0.5263157894736842 1 nan nan 0
-15.789473684210527 -0.0 1 nan nan 0
-15.789473684210527 0.0 1 nan nan 0
-15.789473684210527 0.5263157894736842 1 nan nan 0
-14.210526315789474 -1.0526315789473684 1 nan nan 0
-14.210526315789474 -0.5263157894736842 1 nan nan 0
-14.210526315789474 -0.0 1 nan nan 0
-14.210526315789474 0.0 1 nan nan 0
-14.210526315789474 0.5263157894736842 1 nan nan 0
-14.210526315789474 1.0526315789473684 1 nan nan 0
-12.631578947368421 -1.0526315789473684 1 nan nan 0
-12.631578947368421 -0.5263157894736842 1 nan nan 0
-12.631578947368421 -0.0 1 nan nan 0
-12.631578947368421 0.0 1 nan nan 0
-12.631578947368421 0.5263157894736842 1 nan nan 0
-12.631578947368421 1.0526315789473684 1 nan nan 0
-11.052631578947368 -1.5789473684210527 1 nan nan 0
-11.052631578947368 -1.0526315789473684 1 nan nan 0
-11.052631578947368 -0.5263157894736842 1 nan nan 0
-11.052631578947368 -0.0 1 nan nan 0
-11.052631578947368 0.0 1 nan nan 0
-11.052631578947368 0.5263157894736842 1 nan nan 0
-11.052631578947368 1.0526315789473684 1 nan nan 0
-11.052631578947368 1.5789473684210527 1 nan nan 0
-9.473684210526315 -1.5789473684210527 1 nan nan 0
-9.473684210526315 -1.0526315789473684 1 nan nan 0
-9.473684210526315 -0.5263157894736842 1 nan nan 0
-9.473684210526315 -0.0 1 nan nan 0
-9.473684210526315 0.0 1 nan nan 0
-9.473684210526315 0.5263157894736842 1 nan nan 0
-9.473684210526315 1.0526315789473684 1 nan nan 0
-9.473684210526315 1.5789473684210527 1 nan nan 0
-7.894736842105264 -1.5789473684210527 1 nan nan 0
-7.894736842105264 -1.0526315789473684 1 nan nan 0
-7.894736842105264 -0.5263157894736842 1 nan nan 0
-7.894736842105264 -0.0 1 nan nan 0
-7.894736842105264 0.0 1 nan nan 0
-7.894736842105264 0.5263157894736842 1 nan nan 0
-7.894736842105264 1.0526315789473684 1 nan nan 0
-7.894736842105264 1.5789473684210527 1 nan nan 0
-6.315789473684211 -1.5789473684210527 1 nan nan 0
-6.315789473684211 -1.0526315789473684 1 nan nan 0
-6.315789473684211 -0.5263157894736842 1 nan nan 0
-6.315789473684211 -0.0 1 nan nan 0
-6.315789473684211 0.0 1 nan nan 0
-6.315789473684211 0.5263157894736842 1 nan nan 0
-6.315789473684211 1.0526315789473684 1 nan nan 0
-6.315789473684211 1.5789473684210527 1 nan nan 0
-4.7368421052631575 -1.5789473684210527 1 nan nan 0
-4.7368421052631575 -1.0526315789473684 1 nan nan 0
-4.7368421052631575 -0.5263157894736842 1 nan nan 0
-4.7368421052631575 -0.0 1 nan nan 0
-4.7368421052631575 0.0 1 nan nan 0
-4.7368421052631575 0.5263157894736842 1 nan nan 0
-4.7368421052631575 1.0526315789473684 1 nan nan 0
-4.7368421052631575 1.5789473684210527 1 nan nan 0
-3.1578947368421053 -1.5789473684210527 1 nan nan 0
-3.1578947368421053 -1.0526315789473684 1 nan nan 0
-3.1578947368421053 -0.5263157894736842 1 nan nan 0
-3.1578947368421053 -0.0 1 nan nan 0
-3.1578947368421053 0.0 1 nan nan 0
-3.1578947368421053 0.5263157894736842 1 nan nan 0
-3.1578947368421053 1.0526315789473684 1 nan nan 0
-3.1578947368421053 1.5789473684210527 1 nan nan 0
-1.5789473684210527 -1.5789473684210527 1 nan nan 0
-1.5789473684210527 -1.0526315789473684 1 nan nan 0
-1.5789473684210527 -0.5263157894736842 1 nan nan 0
-1.5789473684210527 -0.0 1 nan nan 0
-1.5789473684210527 0.0 1 nan nan 0
-1.5789473684210527 0.5263157894736842 1 nan nan 0
-1.5789473684210527 1.0526315789473684 1 nan nan 0
-1.5789473684210527 1.5789473684210527 1 nan nan 0
-0.0 -1.0526315789473684 1 nan nan 0
-0.0 -0.5263157894736842 1 nan nan 0
-0.0 -0.0 1 nan nan 0
-0.0 0.0 1 nan nan 0
-0.0 0.5263157894736842 1 nan nan 0
-0.0 1.0526315789473684 1 nan nan 0
0.0 -1.0526315789473684 1 nan nan 0
0.0 -0.5263157894736842 1 nan nan 0
0.0 -0.0 1 nan nan 0
0.0 0.0 1 nan nan 0
0.0 0.5263157894736842 1 nan nan 0
0.0 1.0526315789473684 1 nan nan 0
1.5789473684210527 -1.0526315789473684 1 nan nan -0.0803018600247423
1.5789473684210527 -0.5263157894736842 1 nan nan -0.0803018600247423
1.5789473684210527 -0.0 1 nan nan -0.0803018600247423
1.5789473684210527 0.0 1 nan nan -0.0803018600247423
1.5789473684210527 0.5263157894736842 1 nan nan -0.0803018600247423
3.1578947368421053 -1.0526315789473684 1 nan nan 0.05950478373346777
3.1578947368421053 -0.5263157894736842 1 nan nan 0.05950478373346777
3.1578947368421053 -0.0 1 nan nan 0.05950478373346777
3.1578947368421053 0.0 1 nan nan 0.05950478373346777
3.1578947368421053 0.5263157894736842 1 nan nan 0.05950478373346777
4.7368421052631575 -0.5263157894736842 1 nan nan 0.046486338633244986
4.7368421052631575 -0.0 1 nan nan 0.046486338633244986
4.7368421052631575 0.0 1 nan nan 0.046486338633244986
4.7368421052631575 0.5263157894736842 1 nan nan 0.046486338633244986
4.7368421052631575 1.0526315789473684 1 nan nan 0.046486338633244986
6.315789473684211 0.5263157894736842 1 nan nan -0.5242921761420462
6.315789473684211 1.0526315789473684 1 nan nan -0.5242921761420462
6.315789473684211 1.5789473684210527 1 nan nan -0.5242921761420462
7.894736842105264 1.0526315789473684 1 nan nan -1.9450833541218349
7.894736842105264 1.5789473684210527 1 nan nan -1.9450833541218349
7.894736842105264 2.1052631578947367 1 nan nan -1.9450833541218349
7.894736842105264 2.631578947368421 1 nan nan -1.9450833541218349
9.473684210526315 1.5789473684210527 1 nan nan -4.267772283395747
9.473684210526315 2.1052631578947367 1 nan nan -4.267772283395747
9.473684210526315 2.631578947368421 1 nan nan -4.267772283395747
11.052631578947368 1.0526315789473684 1 nan nan -7.223967886779375
11.052631578947368 1.5789473684210527 1 nan nan -7.223967886779375
11.052631578947368 2.1052631578947367 1 nan nan -7.223967886779375
12.631578947368421 -0.5263157894736842 1 nan nan -10.215475330486381
12.631578947368421 -0.0 1 nan nan -10.215475330486381
12.631578947368421 0.0 1 nan nan -10.215475330486381
12.631578947368421 0.5263157894736842 1 nan nan -10.215475330486381
