-15.789473684210527 -0.5263157894736842 1 nan nan 0
-15.789473684210527 -0.0 1 nan nan 0
-15.789473684210527 0.0 1 nan nan 0
-15.789473684210527 0.5263157894736842 1 nan nan 0
-14.210526315789474 -1.0526315789473684 1 nan nan 0
-14.210526315789474 -0.5263157894736842 1 nan nan 0
-14.210526315789474 -0.0 1 nan nan 0
-14.210526315789474 0.0 1 nan nan 0
-14.210526315789474 0.5263157894736842 1 nan nan 0
-14.210526315789474 1.0526315789473684 1 nan nan 0
-12.631578947368421 -1.0526315789473684 1 nan nan 0
-12.631578947368421 -0.5263157894736842 1 nan nan 0
-12.631578947368421 -0.0 1 nan nan 0
-12.631578947368421 0.0 1 nan nan 0
-12.631578947368421 0.5263157894736842 1 nan nan 0
-12.631578947368421 1.0526315789473684 1 nan nan 0
-11.052631578947368 -1.5789473684210527 1 nan nan 0
-11.052631578947368 -1.0526315789473684 1 nan nan 0
-11.052631578947368 -0.5263157894736842 1 nan nan 0
-11.052631578947368 -0.0 1 nan nan 0
-11.052631578947368 0.0 1 nan nan 0
-11.052631578947368 0.5263157894736842 1 nan nan 0
-11.052631578947368 1.0526315789473684 1 nan nan 0
-11.052631578947368 1.5789473684210527 1 nan nan 0
-9.473684210526315 -1.5789473684210527 1 nan nan 0
-9.473684210526315 -1.0526315789473684 1 nan nan 0
-9.473684210526315 -0.5263157894736842 1 nan nan 0
-9.473684210526315 -0.0 1 nan nan 0
-9.473684210526315 0.0 1 nan nan 0
-9.473684210526315 0.5263157894736842 1 nan nan 0
-9.473684210526315 1.0526315789473684 1 nan nan 0
-9.473684210526315 1.5789473684210527 1 nan nan 0
-7.894736842105264 -1.5789473684210527 1 nan nan 0
-7.894736842105264 -1.0526315789473684 1 nan nan 0
-7.894736842105264 -0.5263157894736842 1 nan nan 0
-7.894736842105264 -0.0 1 nan nan 0
-7.894736842105264 0.0 1 nan nan 0
-7.894736842105264 0.5263157894736842 1 nan nan 0
-7.894736842105264 1.0526315789473684 1 nan nan 0
-7.894736842105264 1.5789473684210527 1 nan nan 0
-6.315789473684211 -1.5789473684210527 1 nan nan 0
-6.315789473684211 -1.0526315789473684 1 nan nan 0
-6.315789473684211 -0.5263157894736842 1 nan nan 0
-6.315789473684211 -0.0 1 nan nan 0
-6.315789473684211 0.0 1 nan nan 0
-6.315789473684211 0.5263157894736842 1 nan nan 0
-6.315789473684211 1.0526315789473684 1 nan nan 0
-6.315789473684211 1.5789473684210527 1 nan nan 0
-4.7368421052631575 -1.5789473684210527 1 nan nan 0
-4.7368421052631575 -1.0526315789473684 1 nan nan 0
-4.7368421052631575 -0.5263157894736842 1 nan nan 0
-4.7368421052631575 -0.0 1 nan nan 0
-4.7368421052631575 0.0 1 nan nan 0
-4.7368421052631575 0.5263157894736842 1 nan nan 0
-4.7368421052631575 1.0526315789473684 1 nan nan 0
-4.7368421052631575 1.5789473684210527 1 nan nan 0
-3.1578947368421053 -1.5789473684210527 1 nan nan 0
-3.1578947368421053 -1.0526315789473684 1 nan nan 0
-3.1578947368421053 -0.5263157894736842 1 nan nan 0
-3.1578947368421053 -0.0 1 nan nan 0
-3.1578947368421053 0.0 1 nan nan 0
-3.1578947368421053 0.5263157894736842 1 nan nan 0
-3.1578947368421053 1.0526315789473684 1 nan nan 0
-3.1578947368421053 1.5789473684210527 1 nan nan 0
-1.5789473684210527 -1.5789473684210527 1 nan nan 0
-1.5789473684210527 -1.0526315789473684 1 nan nan 0
-1.5789473684210527 -0.5263157894736842 1 nan nan 0
-1.5789473684210527 -0.0 1 nan nan 0
-1.5789473684210527 0.0 1 nan nan 0
-1.5789473684210527 0.5263157894736842 1 nan nan 0
-1.5789473684210527 1.0526315789473684 1 nan nan 0
-1.5789473684210527 1.5789473684210527 1 nan nan 0
-0.0 -1.0526315789473684 1 nan nan 0
-0.0 -0.5263157894736842 1 nan nan 0
-0.0 -0.0 1 nan nan 0
-0.0 0.0 1 nan nan 0
-0.0 0.5263157894736842 1 nan nan 0
-0.0 1.0526315789473684 1 nan nan 0
0.0 -1.0526315789473684 1 nan nan 0
0.0 -0.5263157894736842 1 nan nan 0
0.0 -0.0 1 nan nan 0
0.0 0.0 1 nan nan 0
0.0 0.5263157894736842 1 nan nan 0
0.0 1.0526315789473684 1 nan nan 0
1.5789473684210527 -1.0526315789473684 1 nan nan -0.0920936744309542
1.5789473684210527 -0.5263157894736842 1 nan nan -0.0920936744309542
1.5789473684210527 -0.0 1 nan nan -0.0920936744309542
1.5789473684210527 0.0 1 nan nan -0.0920936744309542
1.5789473684210527 0.5263157894736842 1 nan nan -0.0920936744309542
3.1578947368421053 -1.0526315789473684 1 nan nan 0.07894143159915877
3.1578947368421053 -0.5263157894736842 1 nan nan 0.07894143159915877
3.1578947368421053 -0.0 1 nan nan 0.07894143159915877
3.1578947368421053 0.0 1 nan nan 0.07894143159915877
3.1578947368421053 0.5263157894736842 1 nan nan 0.07894143159915877
4.7368421052631575 -0.5263157894736842 1 nan nan 0.16093362193499214
4.7368421052631575 -0.0 1 nan nan 0.16093362193499214
4.7368421052631575 0.0 1 nan nan 0.16093362193499214
4.7368421052631575 0.5263157894736842 1 nan nan 0.16093362193499214
4.7368421052631575 1.0526315789473684 1 nan nan 0.16093362193499214
6.315789473684211 0.5263157894736842 1 nan nan -0.2657710149507585
6.315789473684211 1.0526315789473684 1 nan nan -0.2657710149507585
6.315789473684211 1.5789473684210527 1 nan nan -0.2657710149507585
7.894736842105264 1.0526315789473684 1 nan nan -1.5437896706089678
7.894736842105264 1.5789473684210527 1 nan nan -1.5437896706089678
7.894736842105264 2.1052631578947367 1 nan nan -1.5437896706089678
7.894736842105264 2.631578947368421 1 nan nan -1.5437896706089678
9.473684210526315 1.5789473684210527 1 nan nan -3.801348559939928
9.473684210526315 2.1052631578947367 1 nan nan -3.801348559939928
9.473684210526315 2.631578947368421 1 nan nan -3.801348559939928
9.473684210526315 3.1578947368421053 1 nan nan -3.801348559939928
11.052631578947368 1.5789473684210527 1 nan nan -6.854425546905247
11.052631578947368 2.1052631578947367 1 nan nan -6.854425546905247
11.052631578947368 2.631578947368421 1 nan nan -6.854425546905247
12.631578947368421 0.5263157894736842 1 nan nan -10.174336705105393
12.631578947368421 1.0526315789473684 1 nan nan -10.174336705105393
