-15.789473684210527 -0.5263157894736842 1 nan nan 0 0
-15.789473684210527 -0.0 1 nan nan 0 0
-15.789473684210527 0.0 1 nan nan 0 0
-15.789473684210527 0.5263157894736842 1 nan nan 0 0
-14.210526315789474 -1.0526315789473684 1 nan nan 0 0
-14.210526315789474 -0.5263157894736842 1 nan nan 0 0
-14.210526315789474 -0.0 1 nan nan 0 0
-14.210526315789474 0.0 1 nan nan 0 0
-14.210526315789474 0.5263157894736842 1 nan nan 0 0
-14.210526315789474 1.0526315789473684 1 nan nan 0 0
-12.631578947368421 -1.0526315789473684 1 nan nan 0 0
-12.631578947368421 -0.5263157894736842 1 nan nan 0 0
-12.631578947368421 -0.0 1 nan nan 0 0
-12.631578947368421 0.0 1 nan nan 0 0
-12.631578947368421 0.5263157894736842 1 nan nan 0 0
-12.631578947368421 1.0526315789473684 1 nan nan 0 0
-11.052631578947368 -1.5789473684210527 1 nan nan 0 0
-11.052631578947368 -1.0526315789473684 1 nan nan 0 0
-11.052631578947368 -0.5263157894736842 1 nan nan 0 0
-11.052631578947368 -0.0 1 nan nan 0 0
-11.052631578947368 0.0 1 nan nan 0 0
-11.052631578947368 0.5263157894736842 1 nan nan 0 0
-11.052631578947368 1.0526315789473684 1 nan nan 0 0
-11.052631578947368 1.5789473684210527 1 nan nan 0 0
-9.473684210526315 -1.5789473684210527 1 nan nan 0 0
-9.473684210526315 -1.0526315789473684 1 nan nan 0 0
-9.473684210526315 -0.5263157894736842 1 nan nan 0 0
-9.473684210526315 -0.0 1 nan nan 0 0
-9.473684210526315 0.0 1 nan nan 0 0
-9.473684210526315 0.5263157894736842 1 nan nan 0 0
-9.473684210526315 1.0526315789473684 1 nan nan 0 0
-9.473684210526315 1.5789473684210527 1 nan nan 0 0
-7.894736842105264 -1.5789473684210527 1 nan nan 0 0
-7.894736842105264 -1.0526315789473684 1 nan nan 0 0
-7.894736842105264 -0.5263157894736842 1 nan nan 0 0
-7.894736842105264 -0.0 1 nan nan 0 0
-7.894736842105264 0.0 1 nan nan 0 0
-7.894736842105264 0.5263157894736842 1 nan nan 0 0
-7.894736842105264 1.0526315789473684 1 nan nan 0 0
-7.894736842105264 1.5789473684210527 1 nan nan 0 0
-6.315789473684211 -1.5789473684210527 1 nan nan 0 0
-6.315789473684211 -1.0526315789473684 1 nan nan 0 0
-6.315789473684211 -0.5263157894736842 1 nan nan 0 0
-6.315789473684211 -0.0 1 nan nan 0 0
-6.315789473684211 0.0 1 nan nan 0 0
-6.315789473684211 0.5263157894736842 1 nan nan 0 0
-6.315789473684211 1.0526315789473684 1 nan nan 0 0
-6.315789473684211 1.5789473684210527 1 nan nan 0 0
-4.7368421052631575 -1.5789473684210527 1 nan nan 0 0
-4.7368421052631575 -1.0526315789473684 1 nan nan 0 0
-4.7368421052631575 -0.5263157894736842 1 nan nan 0 0
-4.7368421052631575 -0.0 1 nan nan 0 0
-4.7368421052631575 0.0 1 nan nan 0 0
-4.7368421052631575 0.5263157894736842 1 nan nan 0 0
-4.7368421052631575 1.0526315789473684 1 nan nan 0 0
-4.7368421052631575 1.5789473684210527 1 nan nan 0 0
-3.1578947368421053 -1.5789473684210527 1 nan nan 0 0
-3.1578947368421053 -1.0526315789473684 1 nan nan 0 0
-3.1578947368421053 -0.5263157894736842 1 nan nan 0 0
-3.1578947368421053 -0.0 1 nan nan 0 0
-3.1578947368421053 0.0 1 nan nan 0 0
-3.1578947368421053 0.5263157894736842 1 nan nan 0 0
-3.1578947368421053 1.0526315789473684 1 nan nan 0 0
-3.1578947368421053 1.5789473684210527 1 nan nan 0 0
-1.5789473684210527 -1.5789473684210527 1 nan nan 0 0
-1.5789473684210527 -1.0526315789473684 1 nan nan 0 0
-1.5789473684210527 -0.5263157894736842 1 nan nan 0 0
-1.5789473684210527 -0.0 1 nan nan 0 0
-1.5789473684210527 0.0 1 nan nan 0 0
-1.5789473684210527 0.5263157894736842 1 nan nan 0 0
-1.5789473684210527 1.0526315789473684 1 nan nan 0 0
-1.5789473684210527 1.5789473684210527 1 nan nan 0 0
-0.0 -1.0526315789473684 1 nan nan 0 0
-0.0 -0.5263157894736842 1 nan nan 0 0
-0.0 -0.0 1 nan nan 0 0
-0.0 0.0 1 nan nan 0 0
-0.0 0.5263157894736842 1 nan nan 0 0
-0.0 1.0526315789473684 1 nan nan 0 0
0.0 -1.0526315789473684 1 nan nan 0 0
0.0 -0.5263157894736842 1 nan nan 0 0
0.0 -0.0 1 nan nan 0 0
0.0 0.0 1 nan nan 0 0
0.0 0.5263157894736842 1 nan nan 0 0
0.0 1.0526315789473684 1 nan nan 0 0
1.5789473684210527 -1.0526315789473684 1 nan nan 0 -0.0640866201222607
1.5789473684210527 -0.5263157894736842 1 nan nan 0 -0.0640866201222607
1.5789473684210527 -0.0 1 nan nan 0 -0.0640866201222607
1.5789473684210527 0.0 1 nan nan 0 -0.0640866201222607
1.5789473684210527 0.5263157894736842 1 nan nan 0 -0.0640866201222607
3.1578947368421053 -1.0526315789473684 1 nan nan 0 0.03462045768862827
3.1578947368421053 -0.5263157894736842 1 nan nan 0 0.03462045768862827
3.1578947368421053 -0.0 1 nan nan 0 0.03462045768862827
3.1578947368421053 0.0 1 nan nan 0 0.03462045768862827
3.1578947368421053 0.5263157894736842 1 nan nan 0 0.03462045768862827
4.7368421052631575 -0.5263157894736842 1 nan nan 0 -0.09234872634310878
4.7368421052631575 -0.0 1 nan nan 0 -0.09234872634310878
4.7368421052631575 0.0 1 nan nan 0 -0.09234872634310878
4.7368421052631575 0.5263157894736842 1 nan nan 0 -0.09234872634310878
4.7368421052631575 1.0526315789473684 1 nan nan 0 -0.09234872634310878
6.315789473684211 -0.0 1 nan nan 0 -0.8219789451920245
6.315789473684211 0.0 1 nan nan 0 -0.8219789451920245
6.315789473684211 0.5263157894736842 1 nan nan 0 -0.8219789451920245
6.315789473684211 1.0526315789473684 1 nan nan 0 -0.8219789451920245
6.315789473684211 1.5789473684210527 1 nan nan 0 -0.8219789451920245
7.894736842105264 1.0526315789473684 1 nan nan 0 -2.37854867062771
7.894736842105264 1.5789473684210527 1 nan nan 0 -2.37854867062771
7.894736842105264 2.1052631578947367 1 nan nan 0 -2.37854867062771
9.473684210526315 1.0526315789473684 1 nan nan 0 -4.720805948622602
9.473684210526315 1.5789473684210527 1 nan nan 0 -4.720805948622602
9.473684210526315 2.1052631578947367 1 nan nan 0 -4.720805948622602
11.052631578947368 -0.0 1 nan nan 0 -7.4856706372866295
11.052631578947368 0.0 1 nan nan 0 -7.4856706372866295
11.052631578947368 0.5263157894736842 1 nan nan 0 -7.4856706372866295
11.052631578947368 1.0526315789473684 1 nan nan 0 -7.4856706372866295
12.631578947368421 -1.5789473684210527 1 nan nan 0 -10.006475315977609
12.631578947368421 -1.0526315789473684 1 nan nan 0 -10.006475315977609
12.631578947368421 -0.5263157894736842 1 nan nan 0 -10.006475315977609
