-15.789473684210527 -0.5263157894736842 1 nan nan 0
-15.789473684210527 -0.0 1 nan nan 0
-15.789473684210527 0.0 1 nan nan 0
-15.789473684210527 0.5263157894736842 1 nan nan 0
-14.210526315789474 -1.0526315789473684 1 nan nan 0
-14.210526315789474 -0.5263157894736842 1 nan nan 0
-14.210526315789474 -0.0 1 nan nan 0
-14.210526315789474 0.0 1 nan nan 0
-14.210526315789474 0.5263157894736842 1 nan nan 0
-14.210526315789474 1.0526315789473684 1 nan nan 0
-12.631578947368421 -1.0526315789473684 1 nan nan 0
-12.631578947368421 -0.5263157894736842 1 nan nan 0
-12.631578947368421 -0.0 1 nan nan 0
-12.631578947368421 0.0 1 nan nan 0
-12.631578947368421 0.5263157894736842 1 nan nan 0
-12.631578947368421 1.0526315789473684 1 nan nan 0
-11.052631578947368 -1.5789473684210527 1 nan nan 0
-11.052631578947368 -1.0526315789473684 1 nan nan 0
-11.052631578947368 -0.5263157894736842 1 nan nan 0
-11.052631578947368 -0.0 1 nan nan 0
-11.052631578947368 0.0 1 nan nan 0
-11.052631578947368 0.5263157894736842 1 nan nan 0
-11.052631578947368 1.0526315789473684 1 nan nan 0
-11.052631578947368 1.5789473684210527 1 nan nan 0
-9.473684210526315 -1.5789473684210527 1 nan nan 0
-9.473684210526315 -1.0526315789473684 1 nan nan 0
-9.473684210526315 -0.5263157894736842 1 nan nan 0
-9.473684210526315 -0.0 1 nan nan 0
-9.473684210526315 0.0 1 nan nan 0
-9.473684210526315 0.5263157894736842 1 nan nan 0
-9.473684210526315 1.0526315789473684 1 nan nan 0
-9.473684210526315 1.5789473684210527 1 nan nan 0
-7.894736842105264 -1.5789473684210527 1 nan nan 0
-7.894736842105264 -1.0526315789473684 1 nan nan 0
-7.894736842105264 -0.5263157894736842 1 nan nan 0
-7.894736842105264 -0.0 1 nan nan 0
-7.894736842105264 0.0 1 nan nan 0
-7.894736842105264 0.5263157894736842 1 nan nan 0
-7.894736842105264 1.0526315789473684 1 nan nan 0
-7.894736842105264 1.5789473684210527 1 nan nan 0
-6.315789473684211 -1.5789473684210527 1 nan nan 0
-6.315789473684211 -1.0526315789473684 1 nan nan 0
-6.315789473684211 -0.5263157894736842 1 nan nan 0
-6.315789473684211 -0.0 1 nan nan 0
-6.315789473684211 0.0 1 nan nan 0
-6.315789473684211 0.5263157894736842 1 nan nan 0
-6.315789473684211 1.0526315789473684 1 nan nan 0
-6.315789473684211 1.5789473684210527 1 nan nan 0
-4.7368421052631575 -1.5789473684210527 1 nan nan 0
-4.7368421052631575 -1.0526315789473684 1 nan nan 0
-4.7368421052631575 -0.5263157894736842 1 nan nan 0
-4.7368421052631575 -0.0 1 nan nan 0
-4.7368421052631575 0.0 1 nan nan 0
-4.7368421052631575 0.5263157894736842 1 nan nan 0
-4.7368421052631575 1.0526315789473684 1 nan nan 0
-4.7368421052631575 1.5789473684210527 1 nan nan 0
-3.1578947368421053 -1.5789473684210527 1 nan nan 0
-3.1578947368421053 -1.0526315789473684 1 nan nan 0
-3.1578947368421053 -0.5263157894736842 1 nan nan 0
-3.1578947368421053 -0.0 1 nan nan 0
-3.1578947368421053 0.0 1 nan nan 0
-3.1578947368421053 0.5263157894736842 1 nan nan 0
-3.1578947368421053 1.0526315789473684 1 nan nan 0
-3.1578947368421053 1.5789473684210527 1 nan nan 0
-1.5789473684210527 -1.5789473684210527 1 nan nan 0
-1.5789473684210527 -1.0526315789473684 1 nan nan 0
-1.5789473684210527 -0.5263157894736842 1 nan nan 0
-1.5789473684210527 -0.0 1 nan nan 0
-1.5789473684210527 0.0 1 nan nan 0
-1.5789473684210527 0.5263157894736842 1 nan nan 0
-1.5789473684210527 1.0526315789473684 1 nan nan 0
-1.5789473684210527 1.5789473684210527 1 nan nan 0
-0.0 -1.0526315789473684 1 nan nan 0
-0.0 -0.5263157894736842 1 nan nan 0
-0.0 -0.0 1 nan nan 0
-0.0 0.0 1 nan nan 0
-0.0 0.5263157894736842 1 nan nan 0
-0.0 1.0526315789473684 1 nan nan 0
0.0 -1.0526315789473684 1 nan nan 0
0.0 -0.5263157894736842 1 nan nan 0
0.0 -0.0 1 nan nan 0
0.0 0.0 1 nan nan 0
0.0 0.5263157894736842 1 nan nan 0
0.0 1.0526315789473684 1 nan nan 0
1.5789473684210527 -1.0526315789473684 1 nan nan -0.06048323514137484
1.5789473684210527 -0.5263157894736842 1 nan nan -0.06048323514137484
1.5789473684210527 -0.0 1 nan nan -0.06048323514137484
1.5789473684210527 0.0 1 nan nan -0.06048323514137484
1.5789473684210527 0.5263157894736842 1 nan nan -0.06048323514137484
3.1578947368421053 -1.0526315789473684 1 nan nan 0.029312393729600213
3.1578947368421053 -0.5263157894736842 1 nan nan 0.029312393729600213
3.1578947368421053 -0.0 1 nan nan 0.029312393729600213
3.1578947368421053 0.0 1 nan nan 0.029312393729600213
3.1578947368421053 0.5263157894736842 1 nan nan 0.029312393729600213
4.7368421052631575 -0.5263157894736842 1 nan nan -0.12096997812742616
4.7368421052631575 -0.0 1 nan nan -0.12096997812742616
4.7368421052631575 0.0 1 nan nan -0.12096997812742616
4.7368421052631575 0.5263157894736842 1 nan nan -0.12096997812742616
4.7368421052631575 1.0526315789473684 1 nan nan -0.12096997812742616
6.315789473684211 -0.0 1 nan nan -0.8811764489367434
6.315789473684211 0.0 1 nan nan -0.8811764489367434
6.315789473684211 0.5263157894736842 1 nan nan -0.8811764489367434
6.315789473684211 1.0526315789473684 1 nan nan -0.8811764489367434
6.315789473684211 1.5789473684210527 1 nan nan -0.8811764489367434
7.894736842105264 0.5263157894736842 1 nan nan -2.460634557469673
7.894736842105264 1.0526315789473684 1 nan nan -2.460634557469673
7.894736842105264 1.5789473684210527 1 nan nan -2.460634557469673
7.894736842105264 2.1052631578947367 1 nan nan -2.460634557469673
9.473684210526315 1.0526315789473684 1 nan nan -4.798819839685885
9.473684210526315 1.5789473684210527 1 nan nan -4.798819839685885
9.473684210526315 2.1052631578947367 1 nan nan -4.798819839685885
11.052631578947368 -0.0 1 nan nan -7.514176101757262
11.052631578947368 0.0 1 nan nan -7.514176101757262
11.052631578947368 0.5263157894736842 1 nan nan -7.514176101757262
11.052631578947368 1.0526315789473684 1 nan nan -7.514176101757262
12.631578947368421 -1.5789473684210527 1 nan nan -9.928081685999263
12.631578947368421 -1.0526315789473684 1 nan nan -9.928081685999263
