-15.789473684210527 -0.5263157894736842 1 nan nan 0
-15.789473684210527 -0.0 1 nan nan 0
-15.789473684210527 0.0 1 nan nan 0
-15.789473684210527 0.5263157894736842 1 nan nan 0
-14.210526315789474 -1.0526315789473684 1 nan nan 0
-14.210526315789474 -0.5263157894736842 1 nan nan 0
-14.210526315789474 -0.0 1 nan nan 0
-14.210526315789474 0.0 1 nan nan 0
-14.210526315789474 0.5263157894736842 1 nan nan 0
-14.210526315789474 1.0526315789473684 1 nan nan 0
-12.631578947368421 -1.0526315789473684 1 nan nan 0
-12.631578947368421 -0.5263157894736842 1 nan nan 0
-12.631578947368421 -0.0 1 nan nan 0
-12.631578947368421 0.0 1 nan nan 0
-12.631578947368421 0.5263157894736842 1 nan nan 0
-12.631578947368421 1.0526315789473684 1 nan nan 0
-11.052631578947368 -1.5789473684210527 1 nan nan 0
-11.052631578947368 -1.0526315789473684 1 nan nan 0
-11.052631578947368 -0.5263157894736842 1 nan nan 0
-11.052631578947368 -0.0 1 nan nan 0
-11.052631578947368 0.0 1 nan nan 0
-11.052631578947368 0.5263157894736842 1 nan nan 0
-11.052631578947368 1.0526315789473684 1 nan nan 0
-11.052631578947368 1.5789473684210527 1 nan nan 0
-9.473684210526315 -1.5789473684210527 1 nan nan 0
-9.473684210526315 -1.0526315789473684 1 nan nan 0
-9.473684210526315 -0.5263157894736842 1 nan nan 0
-9.473684210526315 -0.0 1 nan nan 0
-9.473684210526315 0.0 1 nan nan 0
-9.473684210526315 0.5263157894736842 1 nan nan 0
-9.473684210526315 1.0526315789473684 1 nan nan 0
-9.473684210526315 1.5789473684210527 1 nan nan 0
-7.894736842105264 -1.5789473684210527 1 nan nan 0
-7.894736842105264 -1.0526315789473684 1 nan nan 0
-7.894736842105264 -0.5263157894736842 1 nan nan 0
-7.894736842105264 -0.0 1 nan nan 0
-7.894736842105264 0.0 1 nan nan 0
-7.894736842105264 0.5263157894736842 1 nan nan 0
-7.894736842105264 1.0526315789473684 1 nan nan 0
-7.894736842105264 1.5789473684210527 1 nan nan 0
-6.315789473684211 -1.5789473684210527 1 nan nan 0
-6.315789473684211 -1.0526315789473684 1 nan nan 0
-6.315789473684211 -0.5263157894736842 1 nan nan 0
-6.315789473684211 -0.0 1 nan nan 0
-6.315789473684211 0.0 1 nan nan 0
-6.315789473684211 0.5263157894736842 1 nan nan 0
-6.315789473684211 1.0526315789473684 1 nan nan 0
-6.315789473684211 1.5789473684210527 1 nan nan 0
-4.7368421052631575 -1.5789473684210527 1 nan nan 0
-4.7368421052631575 -1.0526315789473684 1 nan nan 0
-4.7368421052631575 -0.5263157894736842 1 nan nan 0
-4.7368421052631575 -0.0 1 nan nan 0
-4.7368421052631575 0.0 1 nan nan 0
-4.7368421052631575 0.5263157894736842 1 nan nan 0
-4.7368421052631575 1.0526315789473684 1 nan nan 0
-4.7368421052631575 1.5789473684210527 1 nan nan 0
-3.1578947368421053 -1.5789473684210527 1 nan nan 0
-3.1578947368421053 -1.0526315789473684 1 nan nan 0
-3.1578947368421053 -0.5263157894736842 1 nan nan 0
-3.1578947368421053 -0.0 1 nan nan 0
-3.1578947368421053 0.0 1 nan nan 0
-3.1578947368421053 0.5263157894736842 1 nan nan 0
-3.1578947368421053 1.0526315789473684 1 nan nan 0
-3.1578947368421053 1.5789473684210527 1 nan nan 0
-1.5789473684210527 -1.5789473684210527 1 nan nan 0
-1.5789473684210527 -1.0526315789473684 1 nan nan 0
-1.5789473684210527 -0.5263157894736842 1 nan nan 0
-1.5789473684210527 -0.0 1 nan nan 0
-1.5789473684210527 0.0 1 nan nan 0
-1.5789473684210527 0.5263157894736842 1 nan nan 0
-1.5789473684210527 1.0526315789473684 1 nan nan 0
-1.5789473684210527 1.5789473684210527 1 nan nan 0
-0.0 -1.0526315789473684 1 nan nan 0
-0.0 -0.5263157894736842 1 nan nan 0
-0.0 -0.0 1 nan nan 0
-0.0 0.0 1 nan nan 0
-0.0 0.5263157894736842 1 nan nan 0
-0.0 1.0526315789473684 1 nan nan 0
0.0 -1.0526315789473684 1 nan nan 0
0.0 -0.5263157894736842 1 nan nan 0
0.0 -0.0 1 nan nan 0
0.0 0.0 1 nan nan 0
0.0 0.5263157894736842 1 nan nan 0
0.0 1.0526315789473684 1 nan nan 0
1.5789473684210527 -1.0526315789473684 1 nan nan -0.055793228810610086
1.5789473684210527 -0.5263157894736842 1 nan nan -0.055793228810610086
1.5789473684210527 -0.0 1 nan nan -0.055793228810610086
1.5789473684210527 0.0 1 nan nan -0.055793228810610086
1.5789473684210527 0.5263157894736842 1 nan nan -0.055793228810610086
3.1578947368421053 -1.0526315789473684 1 nan nan 0.02250689118452348
3.1578947368421053 -0.5263157894736842 1 nan nan 0.02250689118452348
3.1578947368421053 -0.0 1 nan nan 0.02250689118452348
3.1578947368421053 0.0 1 nan nan 0.02250689118452348
3.1578947368421053 0.5263157894736842 1 nan nan 0.02250689118452348
4.7368421052631575 -0.5263157894736842 1 nan nan -0.15718363398456778
4.7368421052631575 -0.0 1 nan nan -0.15718363398456778
4.7368421052631575 0.0 1 nan nan -0.15718363398456778
4.7368421052631575 0.5263157894736842 1 nan nan -0.15718363398456778
4.7368421052631575 1.0526315789473684 1 nan nan -0.15718363398456778
6.315789473684211 -0.0 1 nan nan -0.9549877666708791
6.315789473684211 0.0 1 nan nan -0.9549877666708791
6.315789473684211 0.5263157894736842 1 nan nan -0.9549877666708791
6.315789473684211 1.0526315789473684 1 nan nan -0.9549877666708791
6.315789473684211 1.5789473684210527 1 nan nan -0.9549877666708791
7.894736842105264 0.5263157894736842 1 nan nan -2.5608454547002877
7.894736842105264 1.0526315789473684 1 nan nan -2.5608454547002877
7.894736842105264 1.5789473684210527 1 nan nan -2.5608454547002877
7.894736842105264 2.1052631578947367 1 nan nan -2.5608454547002877
9.473684210526315 0.5263157894736842 1 nan nan -4.889811128157614
9.473684210526315 1.0526315789473684 1 nan nan -4.889811128157614
9.473684210526315 1.5789473684210527 1 nan nan -4.889811128157614
9.473684210526315 2.1052631578947367 1 nan nan -4.889811128157614
11.052631578947368 -0.0 1 nan nan -7.537475411593564
11.052631578947368 0.0 1 nan nan -7.537475411593564
11.052631578947368 0.5263157894736842 1 nan nan -7.537475411593564
11.052631578947368 1.0526315789473684 1 nan nan -7.537475411593564
12.631578947368421 -2.1052631578947367 1 nan nan -9.811175922437124
12.631578947368421 -1.5789473684210527 1 nan nan -9.811175922437124
12.631578947368421 -1.0526315789473684 1 nan nan -9.811175922437124
