-15.789473684210527 -0.5263157894736842 1 0 0 0
-15.789473684210527 -0.0 1 0 0 0
-15.789473684210527 0.0 1 0 0 0
-15.789473684210527 0.5263157894736842 1 0 0 0
-14.210526315789474 -1.0526315789473684 1 0 0 0
-14.210526315789474 -0.5263157894736842 1 0 0 0
-14.210526315789474 -0.0 1 0 0 0
-14.210526315789474 0.0 1 0 0 0
-14.210526315789474 0.5263157894736842 1 0 0 0
-14.210526315789474 1.0526315789473684 1 0 0 0
-12.631578947368421 -1.0526315789473684 1 0 0 0
-12.631578947368421 -0.5263157894736842 1 0 0 0
-12.631578947368421 -0.0 1 0 0 0
-12.631578947368421 0.0 1 0 0 0
-12.631578947368421 0.5263157894736842 1 0 0 0
-12.631578947368421 1.0526315789473684 1 0 0 0
-11.052631578947368 -1.5789473684210527 1 0 0 0
-11.052631578947368 -1.0526315789473684 1 0 0 0
-11.052631578947368 -0.5263157894736842 1 0 0 0
-11.052631578947368 -0.0 1 0 0 0
-11.052631578947368 0.0 1 0 0 0
-11.052631578947368 0.5263157894736842 1 0 0 0
-11.052631578947368 1.0526315789473684 1 0 0 0
-11.052631578947368 1.5789473684210527 1 0 0 0
-9.473684210526315 -1.5789473684210527 1 0 0 0
-9.473684210526315 -1.0526315789473684 1 0 0 0
-9.473684210526315 -0.5263157894736842 1 0 0 0
-9.473684210526315 -0.0 1 0 0 0
-9.473684210526315 0.0 1 0 0 0
-9.473684210526315 0.5263157894736842 1 0 0 0
-9.473684210526315 1.0526315789473684 1 0 0 0
-9.473684210526315 1.5789473684210527 1 0 0 0
-7.894736842105264 -1.5789473684210527 1 0 0 0
-7.894736842105264 -1.0526315789473684 1 0 0 0
-7.894736842105264 -0.5263157894736842 1 0 0 0
-7.894736842105264 -0.0 1 0 0 0
-7.894736842105264 0.0 1 0 0 0
-7.894736842105264 0.5263157894736842 1 0 0 0
-7.894736842105264 1.0526315789473684 1 0 0 0
-7.894736842105264 1.5789473684210527 1 0 0 0
-6.315789473684211 -1.5789473684210527 1 0 0 0
-6.315789473684211 -1.0526315789473684 1 0 0 0
-6.315789473684211 -0.5263157894736842 1 0 0 0
-6.315789473684211 -0.0 1 0 0 0
-6.315789473684211 0.0 1 0 0 0
-6.315789473684211 0.5263157894736842 1 0 0 0
-6.315789473684211 1.0526315789473684 1 0 0 0
-6.315789473684211 1.5789473684210527 1 0 0 0
-4.7368421052631575 -1.5789473684210527 1 0 0 0
-4.7368421052631575 -1.0526315789473684 1 0 0 0
-4.7368421052631575 -0.5263157894736842 1 0 0 0
-4.7368421052631575 -0.0 1 0 0 0
-4.7368421052631575 0.0 1 0 0 0
-4.7368421052631575 0.5263157894736842 1 0 0 0
-4.7368421052631575 1.0526315789473684 1 0 0 0
-4.7368421052631575 1.5789473684210527 1 0 0 0
-3.1578947368421053 -1.5789473684210527 1 0 0 0
-3.1578947368421053 -1.0526315789473684 1 0 0 0
-3.1578947368421053 -0.5263157894736842 1 0 0 0
-3.1578947368421053 -0.0 1 0 0 0
-3.1578947368421053 0.0 1 0 0 0
-3.1578947368421053 0.5263157894736842 1 0 0 0
-3.1578947368421053 1.0526315789473684 1 0 0 0
-3.1578947368421053 1.5789473684210527 1 0 0 0
-1.5789473684210527 -1.5789473684210527 1 0 0 0
-1.5789473684210527 -1.0526315789473684 1 0 0 0
-1.5789473684210527 -0.5263157894736842 1 0 0 0
-1.5789473684210527 -0.0 1 0 0 0
-1.5789473684210527 0.0 1 0 0 0
-1.5789473684210527 0.5263157894736842 1 0 0 0
-1.5789473684210527 1.0526315789473684 1 0 0 0
-1.5789473684210527 1.5789473684210527 1 0 0 0
-0.0 -1.0526315789473684 1 0 0 0
-0.0 -0.5263157894736842 1 0 0 0
-0.0 -0.0 1 0 0 0
-0.0 0.0 1 0 0 0
-0.0 0.5263157894736842 1 0 0 0
-0.0 1.0526315789473684 1 0 0 0
0.0 -1.0526315789473684 1 0 0 0
0.0 -0.5263157894736842 1 0 0 0
0.0 -0.0 1 0 0 0
0.0 0.0 1 0 0 0
0.0 0.5263157894736842 1 0 0 0
0.0 1.0526315789473684 1 0 0 0
1.5789473684210527 -1.0526315789473684 1 0 0 -0.11478301552190093
1.5789473684210527 -0.5263157894736842 1 0 0 -0.11478301552190093
1.5789473684210527 -0.0 1 0 0 -0.11478301552190093
1.5789473684210527 0.0 1 0 0 -0.11478301552190093
1.5789473684210527 0.5263157894736842 1 0 0 -0.11478301552190093
3.1578947368421053 -1.0526315789473684 1 0 0 0.12331369468025091
3.1578947368421053 -0.5263157894736842 1 0 0 0.12331369468025091
3.1578947368421053 -0.0 1 0 0 0.12331369468025091
3.1578947368421053 0.0 1 0 0 0.12331369468025091
3.1578947368421053 0.5263157894736842 1 0 -0.03973892606176159 0.12331369468025091
4.7368421052631575 -0.5263157894736842 1 0 0 0.45129183469664813
4.7368421052631575 -0.0 1 0 -0.451291834696648 0.45129183469664813
4.7368421052631575 0.0 1 0 0.09701266009586677 0.45129183469664813
4.7368421052631575 0.5263157894736842 1 0 0.09701266009586677 0.45129183469664813
4.7368421052631575 1.0526315789473684 1 0 0.7026614018350569 0.45129183469664813
6.315789473684211 0.5263157894736842 1 0 0.7026614018350569 0.45033780575373
6.315789473684211 1.0526315789473684 1 0 1.859382951925492 0.45033780575373
6.315789473684211 1.5789473684210527 1 -3.955360984452867e+138 -3.955360984452867e+138 0.45033780575373
7.894736842105264 1.5789473684210527 1 0 3.3755068768168597 -0.32393023061771203
7.894736842105264 2.1052631578947367 1 nan nan -0.32393023061771203
7.894736842105264 2.631578947368421 1 nan nan -0.32393023061771203
9.473684210526315 2.631578947368421 1 0 4.791357578611002 -2.191421514187769
9.473684210526315 3.1578947368421053 1 nan nan -2.191421514187769
9.473684210526315 3.6842105263157894 1 nan nan -2.191421514187769
11.052631578947368 3.1578947368421053 1 nan nan -5.211128643901128
11.052631578947368 3.6842105263157894 1 0 5.458045800569804 -5.211128643901128
11.052631578947368 4.2105263157894735 1 0 5.458045800569804 -5.211128643901128
12.631578947368421 2.631578947368421 1 nan nan -9.09067383487836
12.631578947368421 3.1578947368421053 1 0 5.458045800569804 -9.09067383487836
12.631578947368421 3.6842105263157894 1 0 5.458045800569804 -9.09067383487836
