-15.876923076923077 -0.0 1.0 11 -0.1706700512457423 0.0 0.0 
-15.876923076923077 0.0 1.0 10 2.4619077572295103 0.0 0.0 
-11.907692307692308 -0.0 1.0 11 1.0261446126657883 0.0 0.0 
-11.907692307692308 0.0 1.0 12 1.4717045157587978 0.0 0.0 
-7.938461538461539 -0.0 1.0 10 0.20110157343919843 0.0 0.0 
-7.938461538461539 0.0 1.0 10 0.34914457258207976 0.0 0.0 
-3.9692307692307693 -0.0 1.0 10 0.31613329507623905 0.0 0.0 
-3.9692307692307693 0.0 1.0 10 -0.13877321034765638 0.0 0.0 
-0.0 -0.0 1.0 9 0.5244547322834725 0.0 0.0 
-0.0 0.0 1.0 9 -0.5376394170133987 0.0 0.0 
0.0 -0.0 1.0 13 1.9243034692616892 0.0 0.0 
0.0 0.0 1.0 10 -0.9025151113455079 0.0 0.0 
3.9692307692307693 -0.0 1.0 9 13.98586947457252 0.0 20.302057679561887 
3.9692307692307693 0.0 1.0 12 10.855851657110824 0.0 20.302057679561887 
