-15.789473684210527 -0.5263157894736842 1 nan nan 0
-15.789473684210527 -0.0 1 nan nan 0
-15.789473684210527 0.0 1 nan nan 0
-15.789473684210527 0.5263157894736842 1 nan nan 0
-14.210526315789474 -1.0526315789473684 1 nan nan 0
-14.210526315789474 -0.5263157894736842 1 nan nan 0
-14.210526315789474 -0.0 1 nan nan 0
-14.210526315789474 0.0 1 nan nan 0
-14.210526315789474 0.5263157894736842 1 nan nan 0
-14.210526315789474 1.0526315789473684 1 nan nan 0
-12.631578947368421 -1.0526315789473684 1 nan nan 0
-12.631578947368421 -0.5263157894736842 1 nan nan 0
-12.631578947368421 -0.0 1 nan nan 0
-12.631578947368421 0.0 1 nan nan 0
-12.631578947368421 0.5263157894736842 1 nan nan 0
-12.631578947368421 1.0526315789473684 1 nan nan 0
-11.052631578947368 -1.5789473684210527 1 nan nan 0
-11.052631578947368 -1.0526315789473684 1 nan nan 0
-11.052631578947368 -0.5263157894736842 1 nan nan 0
-11.052631578947368 -0.0 1 nan nan 0
-11.052631578947368 0.0 1 nan nan 0
-11.052631578947368 0.5263157894736842 1 nan nan 0
-11.052631578947368 1.0526315789473684 1 nan nan 0
-11.052631578947368 1.5789473684210527 1 nan nan 0
-9.473684210526315 -1.5789473684210527 1 nan nan 0
-9.473684210526315 -1.0526315789473684 1 nan nan 0
-9.473684210526315 -0.5263157894736842 1 nan nan 0
-9.473684210526315 -0.0 1 nan nan 0
-9.473684210526315 0.0 1 nan nan 0
-9.473684210526315 0.5263157894736842 1 nan nan 0
-9.473684210526315 1.0526315789473684 1 nan nan 0
-9.473684210526315 1.5789473684210527 1 nan nan 0
-7.894736842105264 -1.5789473684210527 1 nan nan 0
-7.894736842105264 -1.0526315789473684 1 nan nan 0
-7.894736842105264 -0.5263157894736842 1 nan nan 0
-7.894736842105264 -0.0 1 nan nan 0
-7.894736842105264 0.0 1 nan nan 0
-7.894736842105264 0.5263157894736842 1 nan nan 0
-7.894736842105264 1.0526315789473684 1 nan nan 0
-7.894736842105264 1.5789473684210527 1 nan nan 0
-6.315789473684211 -1.5789473684210527 1 nan nan 0
-6.315789473684211 -1.0526315789473684 1 nan nan 0
-6.315789473684211 -0.5263157894736842 1 nan nan 0
-6.315789473684211 -0.0 1 nan nan 0
-6.315789473684211 0.0 1 nan nan 0
-6.315789473684211 0.5263157894736842 1 nan nan 0
-6.315789473684211 1.0526315789473684 1 nan nan 0
-6.315789473684211 1.5789473684210527 1 nan nan 0
-4.7368421052631575 -1.5789473684210527 1 nan nan 0
-4.7368421052631575 -1.0526315789473684 1 nan nan 0
-4.7368421052631575 -0.5263157894736842 1 nan nan 0
-4.7368421052631575 -0.0 1 nan nan 0
-4.7368421052631575 0.0 1 nan nan 0
-4.7368421052631575 0.5263157894736842 1 nan nan 0
-4.7368421052631575 1.0526315789473684 1 nan nan 0
-4.7368421052631575 1.5789473684210527 1 nan nan 0
-3.1578947368421053 -1.5789473684210527 1 nan nan 0
-3.1578947368421053 -1.0526315789473684 1 nan nan 0
-3.1578947368421053 -0.5263157894736842 1 nan nan 0
-3.1578947368421053 -0.0 1 nan nan 0
-3.1578947368421053 0.0 1 nan nan 0
-3.1578947368421053 0.5263157894736842 1 nan nan 0
-3.1578947368421053 1.0526315789473684 1 nan nan 0
-3.1578947368421053 1.5789473684210527 1 nan nan 0
-1.5789473684210527 -1.5789473684210527 1 nan nan 0
-1.5789473684210527 -1.0526315789473684 1 nan nan 0
-1.5789473684210527 -0.5263157894736842 1 nan nan 0
-1.5789473684210527 -0.0 1 nan nan 0
-1.5789473684210527 0.0 1 nan nan 0
-1.5789473684210527 0.5263157894736842 1 nan nan 0
-1.5789473684210527 1.0526315789473684 1 nan nan 0
-1.5789473684210527 1.5789473684210527 1 nan nan 0
-0.0 -1.0526315789473684 1 nan nan 0
-0.0 -0.5263157894736842 1 nan nan 0
-0.0 -0.0 1 nan nan 0
-0.0 0.0 1 nan nan 0
-0.0 0.5263157894736842 1 nan nan 0
-0.0 1.0526315789473684 1 nan nan 0
0.0 -1.0526315789473684 1 nan nan 0
0.0 -0.5263157894736842 1 nan nan 0
0.0 -0.0 1 nan nan 0
0.0 0.0 1 nan nan 0
0.0 0.5263157894736842 1 nan nan 0
0.0 1.0526315789473684 1 nan nan 0
1.5789473684210527 -1.0526315789473684 1 nan nan -0.05340718356846956
1.5789473684210527 -0.5263157894736842 1 nan nan -0.05340718356846956
1.5789473684210527 -0.0 1 nan nan -0.05340718356846956
1.5789473684210527 0.0 1 nan nan -0.05340718356846956
1.5789473684210527 0.5263157894736842 1 nan nan -0.05340718356846956
3.1578947368421053 -1.0526315789473684 1 nan nan 0.019086989427372213
3.1578947368421053 -0.5263157894736842 1 nan nan 0.019086989427372213
3.1578947368421053 -0.0 1 nan nan 0.019086989427372213
3.1578947368421053 0.0 1 nan nan 0.019086989427372213
3.1578947368421053 0.5263157894736842 1 nan nan 0.019086989427372213
4.7368421052631575 -0.5263157894736842 1 nan nan -0.17518081301485805
4.7368421052631575 -0.0 1 nan nan -0.17518081301485805
4.7368421052631575 0.0 1 nan nan -0.17518081301485805
4.7368421052631575 0.5263157894736842 1 nan nan -0.17518081301485805
4.7368421052631575 1.0526315789473684 1 nan nan -0.17518081301485805
6.315789473684211 -0.0 1 nan nan -0.9912095600596258
6.315789473684211 0.0 1 nan nan -0.9912095600596258
6.315789473684211 0.5263157894736842 1 nan nan -0.9912095600596258
6.315789473684211 1.0526315789473684 1 nan nan -0.9912095600596258
6.315789473684211 1.5789473684210527 1 nan nan -0.9912095600596258
7.894736842105264 0.5263157894736842 1 nan nan -2.609105268559051
7.894736842105264 1.0526315789473684 1 nan nan -2.609105268559051
7.894736842105264 1.5789473684210527 1 nan nan -2.609105268559051
7.894736842105264 2.1052631578947367 1 nan nan -2.609105268559051
9.473684210526315 0.5263157894736842 1 nan nan -4.931770485842206
9.473684210526315 1.0526315789473684 1 nan nan -4.931770485842206
9.473684210526315 1.5789473684210527 1 nan nan -4.931770485842206
11.052631578947368 -0.5263157894736842 1 nan nan -7.543659858909462
11.052631578947368 -0.0 1 nan nan -7.543659858909462
11.052631578947368 0.0 1 nan nan -7.543659858909462
11.052631578947368 0.5263157894736842 1 nan nan -7.543659858909462
12.631578947368421 -2.1052631578947367 1 nan nan -9.745591433422216
12.631578947368421 -1.5789473684210527 1 nan nan -9.745591433422216
