-15.789473684210527 -0.5263157894736842 1 nan nan 0
-15.789473684210527 -0.0 1 nan nan 0
-15.789473684210527 0.0 1 nan nan 0
-15.789473684210527 0.5263157894736842 1 nan nan 0
-14.210526315789474 -1.0526315789473684 1 nan nan 0
-14.210526315789474 -0.5263157894736842 1 nan nan 0
-14.210526315789474 -0.0 1 nan nan 0
-14.210526315789474 0.0 1 nan nan 0
-14.210526315789474 0.5263157894736842 1 nan nan 0
-14.210526315789474 1.0526315789473684 1 nan nan 0
-12.631578947368421 -1.0526315789473684 1 nan nan 0
-12.631578947368421 -0.5263157894736842 1 nan nan 0
-12.631578947368421 -0.0 1 nan nan 0
-12.631578947368421 0.0 1 nan nan 0
-12.631578947368421 0.5263157894736842 1 nan nan 0
-12.631578947368421 1.0526315789473684 1 nan nan 0
-11.052631578947368 -1.5789473684210527 1 nan nan 0
-11.052631578947368 -1.0526315789473684 1 nan nan 0
-11.052631578947368 -0.5263157894736842 1 nan nan 0
-11.052631578947368 -0.0 1 nan nan 0
-11.052631578947368 0.0 1 nan nan 0
-11.052631578947368 0.5263157894736842 1 nan nan 0
-11.052631578947368 1.0526315789473684 1 nan nan 0
-11.052631578947368 1.5789473684210527 1 nan nan 0
-9.473684210526315 -1.5789473684210527 1 nan nan 0
-9.473684210526315 -1.0526315789473684 1 nan nan 0
-9.473684210526315 -0.5263157894736842 1 nan nan 0
-9.473684210526315 -0.0 1 nan nan 0
-9.473684210526315 0.0 1 nan nan 0
-9.473684210526315 0.5263157894736842 1 nan nan 0
-9.473684210526315 1.0526315789473684 1 nan nan 0
-9.473684210526315 1.5789473684210527 1 nan nan 0
-7.894736842105264 -1.5789473684210527 1 nan nan 0
-7.894736842105264 -1.0526315789473684 1 nan nan 0
-7.894736842105264 -0.5263157894736842 1 nan nan 0
-7.894736842105264 -0.0 1 nan nan 0
-7.894736842105264 0.0 1 nan nan 0
-7.894736842105264 0.5263157894736842 1 nan nan 0
-7.894736842105264 1.0526315789473684 1 nan nan 0
-7.894736842105264 1.5789473684210527 1 nan nan 0
-6.315789473684211 -1.5789473684210527 1 nan nan 0
-6.315789473684211 -1.0526315789473684 1 nan nan 0
-6.315789473684211 -0.5263157894736842 1 nan nan 0
-6.315789473684211 -0.0 1 nan nan 0
-6.315789473684211 0.0 1 nan nan 0
-6.315789473684211 0.5263157894736842 1 nan nan 0
-6.315789473684211 1.0526315789473684 1 nan nan 0
-6.315789473684211 1.5789473684210527 1 nan nan 0
-4.7368421052631575 -1.5789473684210527 1 nan nan 0
-4.7368421052631575 -1.0526315789473684 1 nan nan 0
-4.7368421052631575 -0.5263157894736842 1 nan nan 0
-4.7368421052631575 -0.0 1 nan nan 0
-4.7368421052631575 0.0 1 nan nan 0
-4.7368421052631575 0.5263157894736842 1 nan nan 0
-4.7368421052631575 1.0526315789473684 1 nan nan 0
-4.7368421052631575 1.5789473684210527 1 nan nan 0
-3.1578947368421053 -1.5789473684210527 1 nan nan 0
-3.1578947368421053 -1.0526315789473684 1 nan nan 0
-3.1578947368421053 -0.5263157894736842 1 nan nan 0
-3.1578947368421053 -0.0 1 nan nan 0
-3.1578947368421053 0.0 1 nan nan 0
-3.1578947368421053 0.5263157894736842 1 nan nan 0
-3.1578947368421053 1.0526315789473684 1 nan nan 0
-3.1578947368421053 1.5789473684210527 1 nan nan 0
-1.5789473684210527 -1.5789473684210527 1 nan nan 0
-1.5789473684210527 -1.0526315789473684 1 nan nan 0
-1.5789473684210527 -0.5263157894736842 1 nan nan 0
-1.5789473684210527 -0.0 1 nan nan 0
-1.5789473684210527 0.0 1 nan nan 0
-1.5789473684210527 0.5263157894736842 1 nan nan 0
-1.5789473684210527 1.0526315789473684 1 nan nan 0
-1.5789473684210527 1.5789473684210527 1 nan nan 0
-0.0 -1.0526315789473684 1 nan nan 0
-0.0 -0.5263157894736842 1 nan nan 0
-0.0 -0.0 1 nan nan 0
-0.0 0.0 1 nan nan 0
-0.0 0.5263157894736842 1 nan nan 0
-0.0 1.0526315789473684 1 nan nan 0
0.0 -1.0526315789473684 1 nan nan 0
0.0 -0.5263157894736842 1 nan nan 0
0.0 -0.0 1 nan nan 0
0.0 0.0 1 nan nan 0
0.0 0.5263157894736842 1 nan nan 0
0.0 1.0526315789473684 1 nan nan 0
1.5789473684210527 -1.0526315789473684 1 nan nan -0.09283604171021412
1.5789473684210527 -0.5263157894736842 1 nan nan -0.09283604171021412
1.5789473684210527 -0.0 1 nan nan -0.09283604171021412
1.5789473684210527 0.0 1 nan nan -0.09283604171021412
1.5789473684210527 0.5263157894736842 1 nan nan -0.09283604171021412
3.1578947368421053 -1.0526315789473684 1 nan nan 0.08021585838307817
3.1578947368421053 -0.5263157894736842 1 nan nan 0.08021585838307817
3.1578947368421053 -0.0 1 nan nan 0.08021585838307817
3.1578947368421053 0.0 1 nan nan 0.08021585838307817
3.1578947368421053 0.5263157894736842 1 nan nan 0.08021585838307817
4.7368421052631575 -0.5263157894736842 1 nan nan 0.16864949110829094
4.7368421052631575 -0.0 1 nan nan 0.16864949110829094
4.7368421052631575 0.0 1 nan nan 0.16864949110829094
4.7368421052631575 0.5263157894736842 1 nan nan 0.16864949110829094
4.7368421052631575 1.0526315789473684 1 nan nan 0.16864949110829094
6.315789473684211 0.5263157894736842 1 nan nan -0.24790337660670198
6.315789473684211 1.0526315789473684 1 nan nan -0.24790337660670198
6.315789473684211 1.5789473684210527 1 nan nan -0.24790337660670198
7.894736842105264 1.0526315789473684 1 nan nan -1.5152660472329782
7.894736842105264 1.5789473684210527 1 nan nan -1.5152660472329782
7.894736842105264 2.1052631578947367 1 nan nan -1.5152660472329782
7.894736842105264 2.631578947368421 1 nan nan -1.5152660472329782
9.473684210526315 1.5789473684210527 1 nan nan -3.7667969955854117
9.473684210526315 2.1052631578947367 1 nan nan -3.7667969955854117
9.473684210526315 2.631578947368421 1 nan nan -3.7667969955854117
9.473684210526315 3.1578947368421053 1 nan nan -3.7667969955854117
11.052631578947368 1.5789473684210527 1 nan nan -6.824373021363785
11.052631578947368 2.1052631578947367 1 nan nan -6.824373021363785
11.052631578947368 2.631578947368421 1 nan nan -6.824373021363785
12.631578947368421 0.5263157894736842 1 nan nan -10.164433040699155
12.631578947368421 1.0526315789473684 1 nan nan -10.164433040699155
