-15.789473684210527 -0.5263157894736842 1 nan nan 0 0
-15.789473684210527 -0.0 1 nan nan 0 0
-15.789473684210527 0.0 1 nan nan 0 0
-15.789473684210527 0.5263157894736842 1 nan nan 0 0
-14.210526315789474 -1.0526315789473684 1 nan nan 0 0
-14.210526315789474 -0.5263157894736842 1 nan nan 0 0
-14.210526315789474 -0.0 1 nan nan 0 0
-14.210526315789474 0.0 1 nan nan 0 0
-14.210526315789474 0.5263157894736842 1 nan nan 0 0
-14.210526315789474 1.0526315789473684 1 nan nan 0 0
-12.631578947368421 -1.0526315789473684 1 nan nan 0 0
-12.631578947368421 -0.5263157894736842 1 nan nan 0 0
-12.631578947368421 -0.0 1 nan nan 0 0
-12.631578947368421 0.0 1 nan nan 0 0
-12.631578947368421 0.5263157894736842 1 nan nan 0 0
-12.631578947368421 1.0526315789473684 1 nan nan 0 0
-11.052631578947368 -1.5789473684210527 1 nan nan 0 0
-11.052631578947368 -1.0526315789473684 1 nan nan 0 0
-11.052631578947368 -0.5263157894736842 1 nan nan 0 0
-11.052631578947368 -0.0 1 nan nan 0 0
-11.052631578947368 0.0 1 nan nan 0 0
-11.052631578947368 0.5263157894736842 1 nan nan 0 0
-11.052631578947368 1.0526315789473684 1 nan nan 0 0
-11.052631578947368 1.5789473684210527 1 nan nan 0 0
-9.473684210526315 -1.5789473684210527 1 nan nan 0 0
-9.473684210526315 -1.0526315789473684 1 nan nan 0 0
-9.473684210526315 -0.5263157894736842 1 nan nan 0 0
-9.473684210526315 -0.0 1 nan nan 0 0
-9.473684210526315 0.0 1 nan nan 0 0
-9.473684210526315 0.5263157894736842 1 nan nan 0 0
-9.473684210526315 1.0526315789473684 1 nan nan 0 0
-9.473684210526315 1.5789473684210527 1 nan nan 0 0
-7.894736842105264 -1.5789473684210527 1 nan nan 0 0
-7.894736842105264 -1.0526315789473684 1 nan nan 0 0
-7.894736842105264 -0.5263157894736842 1 nan nan 0 0
-7.894736842105264 -0.0 1 nan nan 0 0
-7.894736842105264 0.0 1 nan nan 0 0
-7.894736842105264 0.5263157894736842 1 nan nan 0 0
-7.894736842105264 1.0526315789473684 1 nan nan 0 0
-7.894736842105264 1.5789473684210527 1 nan nan 0 0
-6.315789473684211 -1.5789473684210527 1 nan nan 0 0
-6.315789473684211 -1.0526315789473684 1 nan nan 0 0
-6.315789473684211 -0.5263157894736842 1 nan nan 0 0
-6.315789473684211 -0.0 1 nan nan 0 0
-6.315789473684211 0.0 1 nan nan 0 0
-6.315789473684211 0.5263157894736842 1 nan nan 0 0
-6.315789473684211 1.0526315789473684 1 nan nan 0 0
-6.315789473684211 1.5789473684210527 1 nan nan 0 0
-4.7368421052631575 -1.5789473684210527 1 nan nan 0 0
-4.7368421052631575 -1.0526315789473684 1 nan nan 0 0
-4.7368421052631575 -0.5263157894736842 1 nan nan 0 0
-4.7368421052631575 -0.0 1 nan nan 0 0
-4.7368421052631575 0.0 1 nan nan 0 0
-4.7368421052631575 0.5263157894736842 1 nan nan 0 0
-4.7368421052631575 1.0526315789473684 1 nan nan 0 0
-4.7368421052631575 1.5789473684210527 1 nan nan 0 0
-3.1578947368421053 -1.5789473684210527 1 nan nan 0 0
-3.1578947368421053 -1.0526315789473684 1 nan nan 0 0
-3.1578947368421053 -0.5263157894736842 1 nan nan 0 0
-3.1578947368421053 -0.0 1 nan nan 0 0
-3.1578947368421053 0.0 1 nan nan 0 0
-3.1578947368421053 0.5263157894736842 1 nan nan 0 0
-3.1578947368421053 1.0526315789473684 1 nan nan 0 0
-3.1578947368421053 1.5789473684210527 1 nan nan 0 0
-1.5789473684210527 -1.5789473684210527 1 nan nan 0 0
-1.5789473684210527 -1.0526315789473684 1 nan nan 0 0
-1.5789473684210527 -0.5263157894736842 1 nan nan 0 0
-1.5789473684210527 -0.0 1 nan nan 0 0
-1.5789473684210527 0.0 1 nan nan 0 0
-1.5789473684210527 0.5263157894736842 1 nan nan 0 0
-1.5789473684210527 1.0526315789473684 1 nan nan 0 0
-1.5789473684210527 1.5789473684210527 1 nan nan 0 0
-0.0 -1.0526315789473684 1 nan nan 0 0
-0.0 -0.5263157894736842 1 nan nan 0 0
-0.0 -0.0 1 nan nan 0 0
-0.0 0.0 1 nan nan 0 0
-0.0 0.5263157894736842 1 nan nan 0 0
-0.0 1.0526315789473684 1 nan nan 0 0
0.0 -1.0526315789473684 1 nan nan 0 0
0.0 -0.5263157894736842 1 nan nan 0 0
0.0 -0.0 1 nan nan 0 0
0.0 0.0 1 nan nan 0 0
0.0 0.5263157894736842 1 nan nan 0 0
0.0 1.0526315789473684 1 nan nan 0 0
1.5789473684210527 -1.0526315789473684 1 nan nan 0 -0.10394679069276232
1.5789473684210527 -0.5263157894736842 1 nan nan 0 -0.10394679069276232
1.5789473684210527 -0.0 1 nan nan 0 -0.10394679069276232
1.5789473684210527 0.0 1 nan nan 0 -0.10394679069276232
1.5789473684210527 0.5263157894736842 1 nan nan 0 -0.10394679069276232
3.1578947368421053 -1.0526315789473684 1 nan nan 0 0.10032265351330852
3.1578947368421053 -0.5263157894736842 1 nan nan 0 0.10032265351330852
3.1578947368421053 -0.0 1 nan nan 0 0.10032265351330852
3.1578947368421053 0.0 1 nan nan 0 0.10032265351330852
3.1578947368421053 0.5263157894736842 1 nan nan 0 0.10032265351330852
4.7368421052631575 -0.5263157894736842 1 nan nan 0 0.2945203403320741
4.7368421052631575 -0.0 1 nan nan 0 0.2945203403320741
4.7368421052631575 0.0 1 nan nan 0 0.2945203403320741
4.7368421052631575 0.5263157894736842 1 nan nan 0 0.2945203403320741
4.7368421052631575 1.0526315789473684 1 nan nan 0 0.2945203403320741
6.315789473684211 0.5263157894736842 1 nan nan 0 0.051906720421943595
6.315789473684211 1.0526315789473684 1 nan nan 0 0.051906720421943595
6.315789473684211 1.5789473684210527 1 nan nan 0 0.051906720421943595
7.894736842105264 1.5789473684210527 1 nan nan 0 -1.0220454114463866
7.894736842105264 2.1052631578947367 1 nan nan 0 -1.0220454114463866
7.894736842105264 2.631578947368421 1 nan nan 0 -1.0220454114463866
9.473684210526315 2.1052631578947367 1 nan nan 0 -3.1441419565839164
9.473684210526315 2.631578947368421 1 nan nan 0 -3.1441419565839164
9.473684210526315 3.1578947368421053 1 nan nan 0 -3.1441419565839164
11.052631578947368 2.1052631578947367 1 nan nan 0 -6.236497253702393
11.052631578947368 2.631578947368421 1 nan nan 0 -6.236497253702393
11.052631578947368 3.1578947368421053 1 nan nan 0 -6.236497253702393
12.631578947368421 1.5789473684210527 1 nan nan 0 -9.867413372816568
12.631578947368421 2.1052631578947367 1 nan nan 0 -9.867413372816568
