-15.789473684210527 -0.5263157894736842 1 nan nan 0
-15.789473684210527 -0.0 1 nan nan 0
-15.789473684210527 0.0 1 nan nan 0
-15.789473684210527 0.5263157894736842 1 nan nan 0
-14.210526315789474 -1.0526315789473684 1 nan nan 0
-14.210526315789474 -0.5263157894736842 1 nan nan 0
-14.210526315789474 -0.0 1 nan nan 0
-14.210526315789474 0.0 1 nan nan 0
-14.210526315789474 0.5263157894736842 1 nan nan 0
-14.210526315789474 1.0526315789473684 1 nan nan 0
-12.631578947368421 -1.0526315789473684 1 nan nan 0
-12.631578947368421 -0.5263157894736842 1 nan nan 0
-12.631578947368421 -0.0 1 nan nan 0
-12.631578947368421 0.0 1 nan nan 0
-12.631578947368421 0.5263157894736842 1 nan nan 0
-12.631578947368421 1.0526315789473684 1 nan nan 0
-11.052631578947368 -1.5789473684210527 1 nan nan 0
-11.052631578947368 -1.0526315789473684 1 nan nan 0
-11.052631578947368 -0.5263157894736842 1 nan nan 0
-11.052631578947368 -0.0 1 nan nan 0
-11.052631578947368 0.0 1 nan nan 0
-11.052631578947368 0.5263157894736842 1 nan nan 0
-11.052631578947368 1.0526315789473684 1 nan nan 0
-11.052631578947368 1.5789473684210527 1 nan nan 0
-9.473684210526315 -1.5789473684210527 1 nan nan 0
-9.473684210526315 -1.0526315789473684 1 nan nan 0
-9.473684210526315 -0.5263157894736842 1 nan nan 0
-9.473684210526315 -0.0 1 nan nan 0
-9.473684210526315 0.0 1 nan nan 0
-9.473684210526315 0.5263157894736842 1 nan nan 0
-9.473684210526315 1.0526315789473684 1 nan nan 0
-9.473684210526315 1.5789473684210527 1 nan nan 0
-7.894736842105264 -1.5789473684210527 1 nan nan 0
-7.894736842105264 -1.0526315789473684 1 nan nan 0
-7.894736842105264 -0.5263157894736842 1 nan nan 0
-7.894736842105264 -0.0 1 nan nan 0
-7.894736842105264 0.0 1 nan nan 0
-7.894736842105264 0.5263157894736842 1 nan nan 0
-7.894736842105264 1.0526315789473684 1 nan nan 0
-7.894736842105264 1.5789473684210527 1 nan nan 0
-6.315789473684211 -1.5789473684210527 1 nan nan 0
-6.315789473684211 -1.0526315789473684 1 nan nan 0
-6.315789473684211 -0.5263157894736842 1 nan nan 0
-6.315789473684211 -0.0 1 nan nan 0
-6.315789473684211 0.0 1 nan nan 0
-6.315789473684211 0.5263157894736842 1 nan nan 0
-6.315789473684211 1.0526315789473684 1 nan nan 0
-6.315789473684211 1.5789473684210527 1 nan nan 0
-4.7368421052631575 -1.5789473684210527 1 nan nan 0
-4.7368421052631575 -1.0526315789473684 1 nan nan 0
-4.7368421052631575 -0.5263157894736842 1 nan nan 0
-4.7368421052631575 -0.0 1 nan nan 0
-4.7368421052631575 0.0 1 nan nan 0
-4.7368421052631575 0.5263157894736842 1 nan nan 0
-4.7368421052631575 1.0526315789473684 1 nan nan 0
-4.7368421052631575 1.5789473684210527 1 nan nan 0
-3.1578947368421053 -1.5789473684210527 1 nan nan 0
-3.1578947368421053 -1.0526315789473684 1 nan nan 0
-3.1578947368421053 -0.5263157894736842 1 nan nan 0
-3.1578947368421053 -0.0 1 nan nan 0
-3.1578947368421053 0.0 1 nan nan 0
-3.1578947368421053 0.5263157894736842 1 nan nan 0
-3.1578947368421053 1.0526315789473684 1 nan nan 0
-3.1578947368421053 1.5789473684210527 1 nan nan 0
-1.5789473684210527 -1.5789473684210527 1 nan nan 0
-1.5789473684210527 -1.0526315789473684 1 nan nan 0
-1.5789473684210527 -0.5263157894736842 1 nan nan 0
-1.5789473684210527 -0.0 1 nan nan 0
-1.5789473684210527 0.0 1 nan nan 0
-1.5789473684210527 0.5263157894736842 1 nan nan 0
-1.5789473684210527 1.0526315789473684 1 nan nan 0
-1.5789473684210527 1.5789473684210527 1 nan nan 0
-0.0 -1.0526315789473684 1 nan nan 0
-0.0 -0.5263157894736842 1 nan nan 0
-0.0 -0.0 1 nan nan 0
-0.0 0.0 1 nan nan 0
-0.0 0.5263157894736842 1 nan nan 0
-0.0 1.0526315789473684 1 nan nan 0
0.0 -1.0526315789473684 1 nan nan 0
0.0 -0.5263157894736842 1 nan nan 0
0.0 -0.0 1 nan nan 0
0.0 0.0 1 nan nan 0
0.0 0.5263157894736842 1 nan nan 0
0.0 1.0526315789473684 1 nan nan 0
1.5789473684210527 -1.0526315789473684 1 nan nan -0.06665943998279213
1.5789473684210527 -0.5263157894736842 1 nan nan -0.06665943998279213
1.5789473684210527 -0.0 1 nan nan -0.06665943998279213
1.5789473684210527 0.0 1 nan nan -0.06665943998279213
1.5789473684210527 0.5263157894736842 1 nan nan -0.06665943998279213
3.1578947368421053 -1.0526315789473684 1 nan nan 0.038455262041682856
3.1578947368421053 -0.5263157894736842 1 nan nan 0.038455262041682856
3.1578947368421053 -0.0 1 nan nan 0.038455262041682856
3.1578947368421053 0.0 1 nan nan 0.038455262041682856
3.1578947368421053 0.5263157894736842 1 nan nan 0.038455262041682856
4.7368421052631575 -0.5263157894736842 1 nan nan -0.07146205052249753
4.7368421052631575 -0.0 1 nan nan -0.07146205052249753
4.7368421052631575 0.0 1 nan nan -0.07146205052249753
4.7368421052631575 0.5263157894736842 1 nan nan -0.07146205052249753
4.7368421052631575 1.0526315789473684 1 nan nan -0.07146205052249753
6.315789473684211 0.5263157894736842 1 nan nan -0.7783056356683997
6.315789473684211 1.0526315789473684 1 nan nan -0.7783056356683997
6.315789473684211 1.5789473684210527 1 nan nan -0.7783056356683997
7.894736842105264 1.0526315789473684 1 nan nan -2.317060165860943
7.894736842105264 1.5789473684210527 1 nan nan -2.317060165860943
7.894736842105264 2.1052631578947367 1 nan nan -2.317060165860943
9.473684210526315 1.0526315789473684 1 nan nan -4.660522314211553
9.473684210526315 1.5789473684210527 1 nan nan -4.660522314211553
9.473684210526315 2.1052631578947367 1 nan nan -4.660522314211553
11.052631578947368 0.5263157894736842 1 nan nan -7.459322663346946
11.052631578947368 1.0526315789473684 1 nan nan -7.459322663346946
11.052631578947368 1.5789473684210527 1 nan nan -7.459322663346946
12.631578947368421 -1.5789473684210527 1 nan nan -10.055988646222074
12.631578947368421 -1.0526315789473684 1 nan nan -10.055988646222074
12.631578947368421 -0.5263157894736842 1 nan nan -10.055988646222074
