-15.789473684210527 -0.5263157894736842 1 nan nan 0
-15.789473684210527 -0.0 1 nan nan 0
-15.789473684210527 0.0 1 nan nan 0
-15.789473684210527 0.5263157894736842 1 nan nan 0
-14.210526315789474 -1.0526315789473684 1 nan nan 0
-14.210526315789474 -0.5263157894736842 1 nan nan 0
-14.210526315789474 -0.0 1 nan nan 0
-14.210526315789474 0.0 1 nan nan 0
-14.210526315789474 0.5263157894736842 1 nan nan 0
-14.210526315789474 1.0526315789473684 1 nan nan 0
-12.631578947368421 -1.0526315789473684 1 nan nan 0
-12.631578947368421 -0.5263157894736842 1 nan nan 0
-12.631578947368421 -0.0 1 nan nan 0
-12.631578947368421 0.0 1 nan nan 0
-12.631578947368421 0.5263157894736842 1 nan nan 0
-12.631578947368421 1.0526315789473684 1 nan nan 0
-11.052631578947368 -1.5789473684210527 1 nan nan 0
-11.052631578947368 -1.0526315789473684 1 nan nan 0
-11.052631578947368 -0.5263157894736842 1 nan nan 0
-11.052631578947368 -0.0 1 nan nan 0
-11.052631578947368 0.0 1 nan nan 0
-11.052631578947368 0.5263157894736842 1 nan nan 0
-11.052631578947368 1.0526315789473684 1 nan nan 0
-11.052631578947368 1.5789473684210527 1 nan nan 0
-9.473684210526315 -1.5789473684210527 1 nan nan 0
-9.473684210526315 -1.0526315789473684 1 nan nan 0
-9.473684210526315 -0.5263157894736842 1 nan nan 0
-9.473684210526315 -0.0 1 nan nan 0
-9.473684210526315 0.0 1 nan nan 0
-9.473684210526315 0.5263157894736842 1 nan nan 0
-9.473684210526315 1.0526315789473684 1 nan nan 0
-9.473684210526315 1.5789473684210527 1 nan nan 0
-7.894736842105264 -1.5789473684210527 1 nan nan 0
-7.894736842105264 -1.0526315789473684 1 nan nan 0
-7.894736842105264 -0.5263157894736842 1 nan nan 0
-7.894736842105264 -0.0 1 nan nan 0
-7.894736842105264 0.0 1 nan nan 0
-7.894736842105264 0.5263157894736842 1 nan nan 0
-7.894736842105264 1.0526315789473684 1 nan nan 0
-7.894736842105264 1.5789473684210527 1 nan nan 0
-6.315789473684211 -1.5789473684210527 1 nan nan 0
-6.315789473684211 -1.0526315789473684 1 nan nan 0
-6.315789473684211 -0.5263157894736842 1 nan nan 0
-6.315789473684211 -0.0 1 nan nan 0
-6.315789473684211 0.0 1 nan nan 0
-6.315789473684211 0.5263157894736842 1 nan nan 0
-6.315789473684211 1.0526315789473684 1 nan nan 0
-6.315789473684211 1.5789473684210527 1 nan nan 0
-4.7368421052631575 -1.5789473684210527 1 nan nan 0
-4.7368421052631575 -1.0526315789473684 1 nan nan 0
-4.7368421052631575 -0.5263157894736842 1 nan nan 0
-4.7368421052631575 -0.0 1 nan nan 0
-4.7368421052631575 0.0 1 nan nan 0
-4.7368421052631575 0.5263157894736842 1 nan nan 0
-4.7368421052631575 1.0526315789473684 1 nan nan 0
-4.7368421052631575 1.5789473684210527 1 nan nan 0
-3.1578947368421053 -1.5789473684210527 1 nan nan 0
-3.1578947368421053 -1.0526315789473684 1 nan nan 0
-3.1578947368421053 -0.5263157894736842 1 nan nan 0
-3.1578947368421053 -0.0 1 nan nan 0
-3.1578947368421053 0.0 1 nan nan 0
-3.1578947368421053 0.5263157894736842 1 nan nan 0
-3.1578947368421053 1.0526315789473684 1 nan nan 0
-3.1578947368421053 1.5789473684210527 1 nan nan 0
-1.5789473684210527 -1.5789473684210527 1 nan nan 0
-1.5789473684210527 -1.0526315789473684 1 nan nan 0
-1.5789473684210527 -0.5263157894736842 1 nan nan 0
-1.5789473684210527 -0.0 1 nan nan 0
-1.5789473684210527 0.0 1 nan nan 0
-1.5789473684210527 0.5263157894736842 1 nan nan 0
-1.5789473684210527 1.0526315789473684 1 nan nan 0
-1.5789473684210527 1.5789473684210527 1 nan nan 0
-0.0 -1.0526315789473684 1 nan nan 0
-0.0 -0.5263157894736842 1 nan nan 0
-0.0 -0.0 1 nan nan 0
-0.0 0.0 1 nan nan 0
-0.0 0.5263157894736842 1 nan nan 0
-0.0 1.0526315789473684 1 nan nan 0
0.0 -1.0526315789473684 1 nan nan 0
0.0 -0.5263157894736842 1 nan nan 0
0.0 -0.0 1 nan nan 0
0.0 0.0 1 nan nan 0
0.0 0.5263157894736842 1 nan nan 0
0.0 1.0526315789473684 1 nan nan 0
1.5789473684210527 -1.0526315789473684 1 nan nan -0.08477954659093588
1.5789473684210527 -0.5263157894736842 1 nan nan -0.08477954659093588
1.5789473684210527 -0.0 1 nan nan -0.08477954659093588
1.5789473684210527 0.0 1 nan nan -0.08477954659093588
1.5789473684210527 0.5263157894736842 1 nan nan -0.08477954659093588
3.1578947368421053 -1.0526315789473684 1 nan nan 0.06672403993511569
3.1578947368421053 -0.5263157894736842 1 nan nan 0.06672403993511569
3.1578947368421053 -0.0 1 nan nan 0.06672403993511569
3.1578947368421053 0.0 1 nan nan 0.06672403993511569
3.1578947368421053 0.5263157894736842 1 nan nan 0.06672403993511569
4.7368421052631575 -0.5263157894736842 1 nan nan 0.08832175705595559
4.7368421052631575 -0.0 1 nan nan 0.08832175705595559
4.7368421052631575 0.0 1 nan nan 0.08832175705595559
4.7368421052631575 0.5263157894736842 1 nan nan 0.08832175705595559
4.7368421052631575 1.0526315789473684 1 nan nan 0.08832175705595559
6.315789473684211 0.5263157894736842 1 nan nan -0.4311855222832606
6.315789473684211 1.0526315789473684 1 nan nan -0.4311855222832606
6.315789473684211 1.5789473684210527 1 nan nan -0.4311855222832606
7.894736842105264 1.0526315789473684 1 nan nan -1.8030628880221464
7.894736842105264 1.5789473684210527 1 nan nan -1.8030628880221464
7.894736842105264 2.1052631578947367 1 nan nan -1.8030628880221464
7.894736842105264 2.631578947368421 1 nan nan -1.8030628880221464
9.473684210526315 1.5789473684210527 1 nan nan -4.107147647692262
9.473684210526315 2.1052631578947367 1 nan nan -4.107147647692262
9.473684210526315 2.631578947368421 1 nan nan -4.107147647692262
11.052631578947368 1.0526315789473684 1 nan nan -7.105218778126213
11.052631578947368 1.5789473684210527 1 nan nan -7.105218778126213
11.052631578947368 2.1052631578947367 1 nan nan -7.105218778126213
12.631578947368421 -0.0 1 nan nan -10.223103056087082
12.631578947368421 0.0 1 nan nan -10.223103056087082
12.631578947368421 0.5263157894736842 1 nan nan -10.223103056087082
