-15.789473684210527 -0.5263157894736842 1 nan nan 0
-15.789473684210527 -0.0 1 nan nan 0
-15.789473684210527 0.0 1 nan nan 0
-15.789473684210527 0.5263157894736842 1 nan nan 0
-14.210526315789474 -1.0526315789473684 1 nan nan 0
-14.210526315789474 -0.5263157894736842 1 nan nan 0
-14.210526315789474 -0.0 1 nan nan 0
-14.210526315789474 0.0 1 nan nan 0
-14.210526315789474 0.5263157894736842 1 nan nan 0
-14.210526315789474 1.0526315789473684 1 nan nan 0
-12.631578947368421 -1.0526315789473684 1 nan nan 0
-12.631578947368421 -0.5263157894736842 1 nan nan 0
-12.631578947368421 -0.0 1 nan nan 0
-12.631578947368421 0.0 1 nan nan 0
-12.631578947368421 0.5263157894736842 1 nan nan 0
-12.631578947368421 1.0526315789473684 1 nan nan 0
-11.052631578947368 -1.5789473684210527 1 nan nan 0
-11.052631578947368 -1.0526315789473684 1 nan nan 0
-11.052631578947368 -0.5263157894736842 1 nan nan 0
-11.052631578947368 -0.0 1 nan nan 0
-11.052631578947368 0.0 1 nan nan 0
-11.052631578947368 0.5263157894736842 1 nan nan 0
-11.052631578947368 1.0526315789473684 1 nan nan 0
-11.052631578947368 1.5789473684210527 1 nan nan 0
-9.473684210526315 -1.5789473684210527 1 nan nan 0
-9.473684210526315 -1.0526315789473684 1 nan nan 0
-9.473684210526315 -0.5263157894736842 1 nan nan 0
-9.473684210526315 -0.0 1 nan nan 0
-9.473684210526315 0.0 1 nan nan 0
-9.473684210526315 0.5263157894736842 1 nan nan 0
-9.473684210526315 1.0526315789473684 1 nan nan 0
-9.473684210526315 1.5789473684210527 1 nan nan 0
-7.894736842105264 -1.5789473684210527 1 nan nan 0
-7.894736842105264 -1.0526315789473684 1 nan nan 0
-7.894736842105264 -0.5263157894736842 1 nan nan 0
-7.894736842105264 -0.0 1 nan nan 0
-7.894736842105264 0.0 1 nan nan 0
-7.894736842105264 0.5263157894736842 1 nan nan 0
-7.894736842105264 1.0526315789473684 1 nan nan 0
-7.894736842105264 1.5789473684210527 1 nan nan 0
-6.315789473684211 -1.5789473684210527 1 nan nan 0
-6.315789473684211 -1.0526315789473684 1 nan nan 0
-6.315789473684211 -0.5263157894736842 1 nan nan 0
-6.315789473684211 -0.0 1 nan nan 0
-6.315789473684211 0.0 1 nan nan 0
-6.315789473684211 0.5263157894736842 1 nan nan 0
-6.315789473684211 1.0526315789473684 1 nan nan 0
-6.315789473684211 1.5789473684210527 1 nan nan 0
-4.7368421052631575 -1.5789473684210527 1 nan nan 0
-4.7368421052631575 -1.0526315789473684 1 nan nan 0
-4.7368421052631575 -0.5263157894736842 1 nan nan 0
-4.7368421052631575 -0.0 1 nan nan 0
-4.7368421052631575 0.0 1 nan nan 0
-4.7368421052631575 0.5263157894736842 1 nan nan 0
-4.7368421052631575 1.0526315789473684 1 nan nan 0
-4.7368421052631575 1.5789473684210527 1 nan nan 0
-3.1578947368421053 -1.5789473684210527 1 nan nan 0
-3.1578947368421053 -1.0526315789473684 1 nan nan 0
-3.1578947368421053 -0.5263157894736842 1 nan nan 0
-3.1578947368421053 -0.0 1 nan nan 0
-3.1578947368421053 0.0 1 nan nan 0
-3.1578947368421053 0.5263157894736842 1 nan nan 0
-3.1578947368421053 1.0526315789473684 1 nan nan 0
-3.1578947368421053 1.5789473684210527 1 nan nan 0
-1.5789473684210527 -1.5789473684210527 1 nan nan 0
-1.5789473684210527 -1.0526315789473684 1 nan nan 0
-1.5789473684210527 -0.5263157894736842 1 nan nan 0
-1.5789473684210527 -0.0 1 nan nan 0
-1.5789473684210527 0.0 1 nan nan 0
-1.5789473684210527 0.5263157894736842 1 nan nan 0
-1.5789473684210527 1.0526315789473684 1 nan nan 0
-1.5789473684210527 1.5789473684210527 1 nan nan 0
-0.0 -1.0526315789473684 1 nan nan 0
-0.0 -0.5263157894736842 1 nan nan 0
-0.0 -0.0 1 nan nan 0
-0.0 0.0 1 nan nan 0
-0.0 0.5263157894736842 1 nan nan 0
-0.0 1.0526315789473684 1 nan nan 0
0.0 -1.0526315789473684 1 nan nan 0
0.0 -0.5263157894736842 1 nan nan 0
0.0 -0.0 1 nan nan 0
0.0 0.0 1 nan nan 0
0.0 0.5263157894736842 1 nan nan 0
0.0 1.0526315789473684 1 nan nan 0
1.5789473684210527 -1.0526315789473684 1 nan nan -0.09146878337658074
1.5789473684210527 -0.5263157894736842 1 nan nan -0.09146878337658074
1.5789473684210527 -0.0 1 nan nan -0.09146878337658074
1.5789473684210527 0.0 1 nan nan -0.09146878337658074
1.5789473684210527 0.5263157894736842 1 nan nan -0.09146878337658074
3.1578947368421053 -1.0526315789473684 1 nan nan 0.07787404804116857
3.1578947368421053 -0.5263157894736842 1 nan nan 0.07787404804116857
3.1578947368421053 -0.0 1 nan nan 0.07787404804116857
3.1578947368421053 0.0 1 nan nan 0.07787404804116857
3.1578947368421053 0.5263157894736842 1 nan nan 0.07787404804116857
4.7368421052631575 -0.5263157894736842 1 nan nan 0.15449278199925348
4.7368421052631575 -0.0 1 nan nan 0.15449278199925348
4.7368421052631575 0.0 1 nan nan 0.15449278199925348
4.7368421052631575 0.5263157894736842 1 nan nan 0.15449278199925348
4.7368421052631575 1.0526315789473684 1 nan nan 0.15449278199925348
6.315789473684211 0.5263157894736842 1 nan nan -0.28064274749471757
6.315789473684211 1.0526315789473684 1 nan nan -0.28064274749471757
6.315789473684211 1.5789473684210527 1 nan nan -0.28064274749471757
7.894736842105264 1.0526315789473684 1 nan nan -1.567454713110324
7.894736842105264 1.5789473684210527 1 nan nan -1.567454713110324
7.894736842105264 2.1052631578947367 1 nan nan -1.567454713110324
7.894736842105264 2.631578947368421 1 nan nan -1.567454713110324
9.473684210526315 1.5789473684210527 1 nan nan -3.82988372657143
9.473684210526315 2.1052631578947367 1 nan nan -3.82988372657143
9.473684210526315 2.631578947368421 1 nan nan -3.82988372657143
9.473684210526315 3.1578947368421053 1 nan nan -3.82988372657143
11.052631578947368 1.5789473684210527 1 nan nan -6.879004336323592
11.052631578947368 2.1052631578947367 1 nan nan -6.879004336323592
11.052631578947368 2.631578947368421 1 nan nan -6.879004336323592
12.631578947368421 0.5263157894736842 1 nan nan -10.181899434144364
12.631578947368421 1.0526315789473684 1 nan nan -10.181899434144364
