-15.789473684210527 -0.5263157894736842 1 -4.0979698601869255e+19 -8.195939720373838e+19 0
-15.789473684210527 -0.0 1 -1.3393807075769186e+21 -2.678761415153833e+21 0
-15.789473684210527 0.0 1 4.316228504381886e+22 8.632457008763758e+22 0
-15.789473684210527 0.5263157894736842 1 1.6056092125330007e+24 3.2112184250659966e+24 0
-14.210526315789474 -1.0526315789473684 1 -7.462767776363724e+18 -1.4925535552727607e+19 0
-14.210526315789474 -0.5263157894736842 1 -1.0880086465284477e+21 -2.1760172930569056e+21 0
-14.210526315789474 -0.0 1 2.000779029561367e+23 4.001558059122748e+23 0
-14.210526315789474 0.0 1 4.802097162100471e+25 9.604194324200975e+25 0
-14.210526315789474 0.5263157894736842 1 -2.0981758431888085e+28 -4.19635168637763e+28 0
-14.210526315789474 1.0526315789473684 1 -1.471394476014811e+31 -2.9427889520296313e+31 0
-12.631578947368421 -1.0526315789473684 1 -3.050094859294171e+38 -6.100189718588415e+38 0
-12.631578947368421 -0.5263157894736842 1 -2.3127623016748152e+45 -4.625524603349686e+45 0
-12.631578947368421 -0.0 1 3.267925388381142e+53 6.5358507767623635e+53 0
-12.631578947368421 0.0 1 -1.3303696670530294e+63 -2.660739334106091e+63 0
-12.631578947368421 0.5263157894736842 1 -1.6404874388665371e+74 -3.280974877733114e+74 0
-12.631578947368421 1.0526315789473684 1 -9.542399415768476e+86 -1.9084798831537181e+87 0
-11.052631578947368 -1.5789473684210527 1 -4.024264335616288e+48 -8.048528671232678e+48 0
-11.052631578947368 -1.0526315789473684 1 -5.556441249471138e+62 -1.1112882498942418e+63 0
-11.052631578947368 -0.5263157894736842 1 2.5905054199852343e+81 5.181010839970535e+81 0
-11.052631578947368 -0.0 1 -5.754654466616582e+105 -1.1509308933233312e+106 0
-11.052631578947368 0.0 1 -9.118571737456635e+136 -1.8237143474913505e+137 0
-11.052631578947368 0.5263157894736842 1 -1.2018128507310719e+176 -2.4036257014621747e+176 0
-11.052631578947368 1.0526315789473684 1 7.604495266797737e+223 1.5208990533595669e+224 0
-11.052631578947368 1.5789473684210527 1 -3.957394290263917e+280 -7.914788580527934e+280 0
-9.473684210526315 -1.5789473684210527 1 -3.2536488110549442e+63 -6.507297622109969e+63 0
-9.473684210526315 -1.0526315789473684 1 2.5632190488388316e+83 5.126438097677725e+83 0
-9.473684210526315 -0.5263157894736842 1 -6.681873036519487e+109 -1.3363746073039135e+110 0
-9.473684210526315 -0.0 1 -3.29732378021653e+144 -6.59464756043314e+144 0
-9.473684210526315 0.0 1 -2.843402070986378e+189 -5.686804141972825e+189 0
-9.473684210526315 0.5263157894736842 1 5.62356771937347e+246 1.1247135438747076e+247 0
-9.473684210526315 1.0526315789473684 1 -inf -inf 0
-9.473684210526315 1.5789473684210527 1 -inf -inf 0
-7.894736842105264 -1.5789473684210527 1 1.0050944266307402e+82 2.010188853261505e+82 0
-7.894736842105264 -1.0526315789473684 1 -1.2640471983899677e+108 -2.5280943967799657e+108 0
-7.894736842105264 -0.5263157894736842 1 -3.9903844627299614e+142 -7.980768925460019e+142 0
-7.894736842105264 -0.0 1 -3.700090474287446e+187 -7.400180948574981e+187 0
-7.894736842105264 0.0 1 1.209172041829122e+245 2.418344083658274e+245 0
-7.894736842105264 0.5263157894736842 1 -inf -inf 0
-7.894736842105264 1.0526315789473684 1 -inf -inf 0
-7.894736842105264 1.5789473684210527 1 -inf -inf 0
-6.315789473684211 -1.5789473684210527 1 1.9178059173214683e+109 3.835611834642988e+109 0
-6.315789473684211 -1.0526315789473684 1 -5.037481534745059e+142 -1.0074963069490256e+143 0
-6.315789473684211 -0.5263157894736842 1 3.486198448704881e+184 6.972396897409855e+184 0
-6.315789473684211 -0.0 1 3.3099320441749796e+240 6.619864088350039e+240 0
-6.315789473684211 0.0 1 -inf -inf 0
-6.315789473684211 0.5263157894736842 1 -inf -inf 0
-6.315789473684211 1.0526315789473684 1 -inf -inf 0
-6.315789473684211 1.5789473684210527 1 nan nan 0
-4.7368421052631575 -1.5789473684210527 1 1.1544604820865505e+155 2.308920964173128e+155 0
-4.7368421052631575 -1.0526315789473684 1 -3.0189236704189085e+200 -6.0378473408378876e+200 0
-4.7368421052631575 -0.5263157894736842 1 -8.255575715230616e+254 -1.6511151430461424e+255 0
-4.7368421052631575 -0.0 1 -inf nan 0
-4.7368421052631575 0.0 1 -inf nan 0
-4.7368421052631575 0.5263157894736842 1 -inf nan 0
-4.7368421052631575 1.0526315789473684 1 nan nan 0
-4.7368421052631575 1.5789473684210527 1 nan nan 0
-3.1578947368421053 -1.5789473684210527 1 -4.095626355966954e+203 -8.191252711934005e+203 0
-3.1578947368421053 -1.0526315789473684 1 -2.794744473826871e+258 -5.589488947653809e+258 0
-3.1578947368421053 -0.5263157894736842 1 -inf -inf 0
-3.1578947368421053 -0.0 1 nan nan 0
-3.1578947368421053 0.0 1 nan nan 0
-3.1578947368421053 0.5263157894736842 1 nan nan 0
-3.1578947368421053 1.0526315789473684 1 nan nan 0
-3.1578947368421053 1.5789473684210527 1 nan nan 0
-1.5789473684210527 -1.5789473684210527 1 -6.883485828103604e+256 -1.376697165620737e+257 0
-1.5789473684210527 -1.0526315789473684 1 -inf -inf 0
-1.5789473684210527 -0.5263157894736842 1 nan nan 0
-1.5789473684210527 -0.0 1 nan nan 0
-1.5789473684210527 0.0 1 nan nan 0
-1.5789473684210527 0.5263157894736842 1 nan nan 0
-1.5789473684210527 1.0526315789473684 1 nan nan 0
-1.5789473684210527 1.5789473684210527 1 nan nan 0
-0.0 -1.0526315789473684 1 nan nan 0
-0.0 -0.5263157894736842 1 nan nan 0
-0.0 -0.0 1 nan nan 0
-0.0 0.0 1 nan nan 0
-0.0 0.5263157894736842 1 nan nan 0
-0.0 1.0526315789473684 1 nan nan 0
0.0 -1.0526315789473684 1 nan nan 0
0.0 -0.5263157894736842 1 nan nan 0
0.0 -0.0 1 nan nan 0
0.0 0.0 1 nan nan 0
0.0 0.5263157894736842 1 nan nan 0
0.0 1.0526315789473684 1 nan nan 0
1.5789473684210527 -1.0526315789473684 1 nan nan -0.11306478730777389
1.5789473684210527 -0.5263157894736842 1 nan nan -0.11306478730777389
1.5789473684210527 -0.0 1 nan nan -0.11306478730777389
1.5789473684210527 0.0 1 nan nan -0.11306478730777389
1.5789473684210527 0.5263157894736842 1 nan nan -0.11306478730777389
3.1578947368421053 -1.0526315789473684 1 nan nan 0.11924990357973686
3.1578947368421053 -0.5263157894736842 1 nan nan 0.11924990357973686
3.1578947368421053 -0.0 1 nan nan 0.11924990357973686
3.1578947368421053 0.0 1 nan nan 0.11924990357973686
3.1578947368421053 0.5263157894736842 1 nan nan 0.11924990357973686
4.7368421052631575 -0.5263157894736842 1 nan nan 0.4222263082369658
4.7368421052631575 -0.0 1 nan nan 0.4222263082369658
4.7368421052631575 0.0 1 nan nan 0.4222263082369658
4.7368421052631575 0.5263157894736842 1 nan nan 0.4222263082369658
4.7368421052631575 1.0526315789473684 1 nan nan 0.4222263082369658
6.315789473684211 0.5263157894736842 1 nan nan 0.3740448835162494
6.315789473684211 1.0526315789473684 1 nan nan 0.3740448835162494
6.315789473684211 1.5789473684210527 1 nan nan 0.3740448835162494
7.894736842105264 1.5789473684210527 1 nan nan -0.46147987470242324
7.894736842105264 2.1052631578947367 1 nan nan -0.46147987470242324
7.894736842105264 2.631578947368421 1 nan nan -0.46147987470242324
9.473684210526315 2.631578947368421 1 nan nan -2.3852221880780764
9.473684210526315 3.1578947368421053 1 nan nan -2.3852221880780764
9.473684210526315 3.6842105263157894 1 nan nan -2.3852221880780764
11.052631578947368 3.1578947368421053 1 nan nan -5.42963173579467
11.052631578947368 3.6842105263157894 1 nan nan -5.42963173579467
11.052631578947368 4.2105263157894735 1 nan nan -5.42963173579467
12.631578947368421 2.631578947368421 1 nan nan -9.274088182200837
12.631578947368421 3.1578947368421053 1 nan nan -9.274088182200837
