-15.789473684210527 -0.5263157894736842 1 -799758.6612391353 -1599557.3437191055 0 0
-15.789473684210527 -0.0 1 -73076.77538787515 -146200.87539445143 0 0
-15.789473684210527 0.0 1 -3302781.0720474357 -6605609.143730576 0 0
-15.789473684210527 0.5263157894736842 1 41520.56970784627 82985.78486543708 0 0
-14.210526315789474 -1.0526315789473684 1 -29782.76811263949 -59672.86148046085 0 0
-14.210526315789474 -0.5263157894736842 1 399603.7716398572 799390.4905393965 0 0
-14.210526315789474 -0.0 1 -77108.9845348483 -153904.1484870771 0 0
-14.210526315789474 0.0 1 1728160.4900611038 3455059.0023034704 0 0
-14.210526315789474 0.5263157894736842 1 268577.29425450205 535009.6506482791 0 0
-14.210526315789474 1.0526315789473684 1 5344844.8487314535 10697294.998179734 0 0
-12.631578947368421 -1.0526315789473684 1 -453244.25387828914 -906528.3690811212 0 0
-12.631578947368421 -0.5263157894736842 1 -1573551.4723309926 -3146987.5058553265 0 0
-12.631578947368421 -0.0 1 9420647.338397212 18840024.51086146 0 0
-12.631578947368421 0.0 1 53224378.059668064 106440894.92708814 0 0
-12.631578947368421 0.5263157894736842 1 -362362421.02122307 -724669171.1618049 0 0
-12.631578947368421 1.0526315789473684 1 -2391332325.523979 -4782287276.702584 0 0
-11.052631578947368 -1.5789473684210527 1 -3189457.4855796476 -6378958.16659297 0 0
-11.052631578947368 -1.0526315789473684 1 -7859497.139453674 -15719055.435898852 0 0
-11.052631578947368 -0.5263157894736842 1 13697458.619831344 27395039.12498487 0 0
-11.052631578947368 -0.0 1 57445623.91362235 114896958.30431469 0 0
-11.052631578947368 0.0 1 -68413026.38582377 -136883030.22894463 0 0
-11.052631578947368 0.5263157894736842 1 -336615709.54575455 -675373005.025324 0 0
-11.052631578947368 1.0526315789473684 1 -2284966730.182468 -4385648884.569141 0 0
-11.052631578947368 1.5789473684210527 1 2342715140.386261 -10620563637.219261 0 0
-9.473684210526315 -1.5789473684210527 1 -9.36825433147021e+130 -1.8736508662940417e+131 0 0
-9.473684210526315 -1.0526315789473684 1 -4.334652203250178e+133 -8.669304406500354e+133 0 0
-9.473684210526315 -0.5263157894736842 1 -2.802407332189886e+136 -5.604814664379771e+136 0 0
-9.473684210526315 -0.0 1 -1.469363640930386e+139 -2.9387272818607713e+139 0 0
-9.473684210526315 0.0 1 -3.8541058575400653e+142 -7.708211715080131e+142 0 0
-9.473684210526315 0.5263157894736842 1 5.7749079962365655e+146 1.1549815992473131e+147 0 0
-9.473684210526315 1.0526315789473684 1 5.205866065887984e+152 1.0411732131775968e+153 0 0
-9.473684210526315 1.5789473684210527 1 1.0804507453995185e+160 2.160901490799037e+160 0 0
-7.894736842105264 -1.5789473684210527 1 nan nan 0 0
-7.894736842105264 -1.0526315789473684 1 nan nan 0 0
-7.894736842105264 -0.5263157894736842 1 nan nan 0 0
-7.894736842105264 -0.0 1 nan nan 0 0
-7.894736842105264 0.0 1 nan nan 0 0
-7.894736842105264 0.5263157894736842 1 nan nan 0 0
-7.894736842105264 1.0526315789473684 1 nan nan 0 0
-7.894736842105264 1.5789473684210527 1 nan nan 0 0
-6.315789473684211 -1.5789473684210527 1 nan nan 0 0
-6.315789473684211 -1.0526315789473684 1 nan nan 0 0
-6.315789473684211 -0.5263157894736842 1 nan nan 0 0
-6.315789473684211 -0.0 1 nan nan 0 0
-6.315789473684211 0.0 1 nan nan 0 0
-6.315789473684211 0.5263157894736842 1 nan nan 0 0
-6.315789473684211 1.0526315789473684 1 nan nan 0 0
-6.315789473684211 1.5789473684210527 1 nan nan 0 0
-4.7368421052631575 -1.5789473684210527 1 nan nan 0 0
-4.7368421052631575 -1.0526315789473684 1 nan nan 0 0
-4.7368421052631575 -0.5263157894736842 1 nan nan 0 0
-4.7368421052631575 -0.0 1 nan nan 0 0
-4.7368421052631575 0.0 1 nan nan 0 0
-4.7368421052631575 0.5263157894736842 1 nan nan 0 0
-4.7368421052631575 1.0526315789473684 1 nan nan 0 0
-4.7368421052631575 1.5789473684210527 1 nan nan 0 0
-3.1578947368421053 -1.5789473684210527 1 nan nan 0 0
-3.1578947368421053 -1.0526315789473684 1 nan nan 0 0
-3.1578947368421053 -0.5263157894736842 1 nan nan 0 0
-3.1578947368421053 -0.0 1 nan nan 0 0
-3.1578947368421053 0.0 1 nan nan 0 0
-3.1578947368421053 0.5263157894736842 1 nan nan 0 0
-3.1578947368421053 1.0526315789473684 1 nan nan 0 0
-3.1578947368421053 1.5789473684210527 1 nan nan 0 0
-1.5789473684210527 -1.5789473684210527 1 nan nan 0 0
-1.5789473684210527 -1.0526315789473684 1 nan nan 0 0
-1.5789473684210527 -0.5263157894736842 1 nan nan 0 0
-1.5789473684210527 -0.0 1 nan nan 0 0
-1.5789473684210527 0.0 1 nan nan 0 0
-1.5789473684210527 0.5263157894736842 1 nan nan 0 0
-1.5789473684210527 1.0526315789473684 1 nan nan 0 0
-1.5789473684210527 1.5789473684210527 1 nan nan 0 0
-0.0 -1.0526315789473684 1 nan nan 0 0
-0.0 -0.5263157894736842 1 nan nan 0 0
-0.0 -0.0 1 nan nan 0 0
-0.0 0.0 1 nan nan 0 0
-0.0 0.5263157894736842 1 nan nan 0 0
-0.0 1.0526315789473684 1 nan nan 0 0
0.0 -1.0526315789473684 1 nan nan 0 0
0.0 -0.5263157894736842 1 nan nan 0 0
0.0 -0.0 1 nan nan 0 0
0.0 0.0 1 nan nan 0 0
0.0 0.5263157894736842 1 nan nan 0 0
0.0 1.0526315789473684 1 nan nan 0 0
1.5789473684210527 -1.0526315789473684 1 nan nan 0 -0.11374812281075616
1.5789473684210527 -0.5263157894736842 1 nan nan 0 -0.11374812281075616
1.5789473684210527 -0.0 1 nan nan 0 -0.11374812281075616
1.5789473684210527 0.0 1 nan nan 0 -0.11374812281075616
1.5789473684210527 0.5263157894736842 1 nan nan 0 -0.11374812281075616
3.1578947368421053 -1.0526315789473684 1 nan nan 0 0.12083681348653381
3.1578947368421053 -0.5263157894736842 1 nan nan 0 0.12083681348653381
3.1578947368421053 -0.0 1 nan nan 0 0.12083681348653381
3.1578947368421053 0.0 1 nan nan 0 0.12083681348653381
3.1578947368421053 0.5263157894736842 1 nan nan 0 0.12083681348653381
4.7368421052631575 -0.5263157894736842 1 nan nan 0 0.43349136380642755
4.7368421052631575 -0.0 1 nan nan 0 0.43349136380642755
4.7368421052631575 0.0 1 nan nan 0 0.43349136380642755
4.7368421052631575 0.5263157894736842 1 nan nan 0 0.43349136380642755
4.7368421052631575 1.0526315789473684 1 nan nan 0 0.43349136380642755
6.315789473684211 0.5263157894736842 1 nan nan 0 0.4034691132009356
6.315789473684211 1.0526315789473684 1 nan nan 0 0.4034691132009356
6.315789473684211 1.5789473684210527 1 nan nan 0 0.4034691132009356
7.894736842105264 1.5789473684210527 1 nan nan 0 -0.4086547399634689
7.894736842105264 2.1052631578947367 1 nan nan 0 -0.4086547399634689
7.894736842105264 2.631578947368421 1 nan nan 0 -0.4086547399634689
9.473684210526315 2.631578947368421 1 nan nan 0 -2.311136713042432
9.473684210526315 3.1578947368421053 1 nan nan 0 -2.311136713042432
9.473684210526315 3.6842105263157894 1 nan nan 0 -2.311136713042432
11.052631578947368 3.1578947368421053 1 nan nan 0 -5.346644125531712
11.052631578947368 3.6842105263157894 1 nan nan 0 -5.346644125531712
11.052631578947368 4.2105263157894735 1 nan nan 0 -5.346644125531712
12.631578947368421 2.631578947368421 1 nan nan 0 -9.205358435988856
12.631578947368421 3.1578947368421053 1 nan nan 0 -9.205358435988856
12.631578947368421 3.6842105263157894 1 nan nan 0 -9.205358435988856
