-15.876923076923077 -0.0 1.0 17 -0.5643936679826607 0.0 0.0 
-15.876923076923077 0.0 1.0 17 0.591476670130286 0.0 0.0 
-11.907692307692308 -0.0 1.0 18 0.150270538881776 0.0 0.0 
-11.907692307692308 0.0 1.0 19 0.1463240844999989 0.0 0.0 
-7.938461538461539 -0.0 1.0 17 -0.16797272059237134 0.0 0.0 
-7.938461538461539 0.0 1.0 17 -0.3059847791849073 0.0 0.0 
-3.9692307692307693 -0.0 1.0 17 -0.045337184009983655 0.0 0.0 
-3.9692307692307693 0.0 1.0 17 -0.4716456564324534 0.0 0.0 
-0.0 -0.0 1.0 17 0.014072539556556407 0.0 0.0 
-0.0 0.0 1.0 17 -0.6378006765259809 0.0 0.0 
0.0 -0.0 1.0 18 0.33941114194403976 0.0 0.0 
0.0 0.0 1.0 18 -0.8144390948617777 0.0 0.0 
3.9692307692307693 -0.0 1.0 17 7.203000588891192 0.0 20.303660663740917 
3.9692307692307693 0.0 1.0 18 5.6211163067307846 0.0 20.303660663740917 
