-15.789473684210527 -0.5263157894736842 1 nan nan 0
-15.789473684210527 -0.0 1 nan nan 0
-15.789473684210527 0.0 1 nan nan 0
-15.789473684210527 0.5263157894736842 1 nan nan 0
-14.210526315789474 -1.0526315789473684 1 nan nan 0
-14.210526315789474 -0.5263157894736842 1 nan nan 0
-14.210526315789474 -0.0 1 nan nan 0
-14.210526315789474 0.0 1 nan nan 0
-14.210526315789474 0.5263157894736842 1 nan nan 0
-14.210526315789474 1.0526315789473684 1 nan nan 0
-12.631578947368421 -1.0526315789473684 1 nan nan 0
-12.631578947368421 -0.5263157894736842 1 nan nan 0
-12.631578947368421 -0.0 1 nan nan 0
-12.631578947368421 0.0 1 nan nan 0
-12.631578947368421 0.5263157894736842 1 nan nan 0
-12.631578947368421 1.0526315789473684 1 nan nan 0
-11.052631578947368 -1.5789473684210527 1 nan nan 0
-11.052631578947368 -1.0526315789473684 1 nan nan 0
-11.052631578947368 -0.5263157894736842 1 nan nan 0
-11.052631578947368 -0.0 1 nan nan 0
-11.052631578947368 0.0 1 nan nan 0
-11.052631578947368 0.5263157894736842 1 nan nan 0
-11.052631578947368 1.0526315789473684 1 nan nan 0
-11.052631578947368 1.5789473684210527 1 nan nan 0
-9.473684210526315 -1.5789473684210527 1 nan nan 0
-9.473684210526315 -1.0526315789473684 1 nan nan 0
-9.473684210526315 -0.5263157894736842 1 nan nan 0
-9.473684210526315 -0.0 1 nan nan 0
-9.473684210526315 0.0 1 nan nan 0
-9.473684210526315 0.5263157894736842 1 nan nan 0
-9.473684210526315 1.0526315789473684 1 nan nan 0
-9.473684210526315 1.5789473684210527 1 nan nan 0
-7.894736842105264 -1.5789473684210527 1 nan nan 0
-7.894736842105264 -1.0526315789473684 1 nan nan 0
-7.894736842105264 -0.5263157894736842 1 nan nan 0
-7.894736842105264 -0.0 1 nan nan 0
-7.894736842105264 0.0 1 nan nan 0
-7.894736842105264 0.5263157894736842 1 nan nan 0
-7.894736842105264 1.0526315789473684 1 nan nan 0
-7.894736842105264 1.5789473684210527 1 nan nan 0
-6.315789473684211 -1.5789473684210527 1 nan nan 0
-6.315789473684211 -1.0526315789473684 1 nan nan 0
-6.315789473684211 -0.5263157894736842 1 nan nan 0
-6.315789473684211 -0.0 1 nan nan 0
-6.315789473684211 0.0 1 nan nan 0
-6.315789473684211 0.5263157894736842 1 nan nan 0
-6.315789473684211 1.0526315789473684 1 nan nan 0
-6.315789473684211 1.5789473684210527 1 nan nan 0
-4.7368421052631575 -1.5789473684210527 1 nan nan 0
-4.7368421052631575 -1.0526315789473684 1 nan nan 0
-4.7368421052631575 -0.5263157894736842 1 nan nan 0
-4.7368421052631575 -0.0 1 nan nan 0
-4.7368421052631575 0.0 1 nan nan 0
-4.7368421052631575 0.5263157894736842 1 nan nan 0
-4.7368421052631575 1.0526315789473684 1 nan nan 0
-4.7368421052631575 1.5789473684210527 1 nan nan 0
-3.1578947368421053 -1.5789473684210527 1 nan nan 0
-3.1578947368421053 -1.0526315789473684 1 nan nan 0
-3.1578947368421053 -0.5263157894736842 1 nan nan 0
-3.1578947368421053 -0.0 1 nan nan 0
-3.1578947368421053 0.0 1 nan nan 0
-3.1578947368421053 0.5263157894736842 1 nan nan 0
-3.1578947368421053 1.0526315789473684 1 nan nan 0
-3.1578947368421053 1.5789473684210527 1 nan nan 0
-1.5789473684210527 -1.5789473684210527 1 nan nan 0
-1.5789473684210527 -1.0526315789473684 1 nan nan 0
-1.5789473684210527 -0.5263157894736842 1 nan nan 0
-1.5789473684210527 -0.0 1 nan nan 0
-1.5789473684210527 0.0 1 nan nan 0
-1.5789473684210527 0.5263157894736842 1 nan nan 0
-1.5789473684210527 1.0526315789473684 1 nan nan 0
-1.5789473684210527 1.5789473684210527 1 nan nan 0
-0.0 -1.0526315789473684 1 nan nan 0
-0.0 -0.5263157894736842 1 nan nan 0
-0.0 -0.0 1 nan nan 0
-0.0 0.0 1 nan nan 0
-0.0 0.5263157894736842 1 nan nan 0
-0.0 1.0526315789473684 1 nan nan 0
0.0 -1.0526315789473684 1 nan nan 0
0.0 -0.5263157894736842 1 nan nan 0
0.0 -0.0 1 nan nan 0
0.0 0.0 1 nan nan 0
0.0 0.5263157894736842 1 nan nan 0
0.0 1.0526315789473684 1 nan nan 0
1.5789473684210527 -1.0526315789473684 1 nan nan -0.10855705286569875
1.5789473684210527 -0.5263157894736842 1 nan nan -0.10855705286569875
1.5789473684210527 -0.0 1 nan nan -0.10855705286569875
1.5789473684210527 0.0 1 nan nan -0.10855705286569875
1.5789473684210527 0.5263157894736842 1 nan nan -0.10855705286569875
3.1578947368421053 -1.0526315789473684 1 nan nan 0.10947839810255777
3.1578947368421053 -0.5263157894736842 1 nan nan 0.10947839810255777
3.1578947368421053 -0.0 1 nan nan 0.10947839810255777
3.1578947368421053 0.0 1 nan nan 0.10947839810255777
3.1578947368421053 0.5263157894736842 1 nan nan 0.10947839810255777
4.7368421052631575 -0.5263157894736842 1 nan nan 0.3549238425828317
4.7368421052631575 -0.0 1 nan nan 0.3549238425828317
4.7368421052631575 0.0 1 nan nan 0.3549238425828317
4.7368421052631575 0.5263157894736842 1 nan nan 0.3549238425828317
4.7368421052631575 1.0526315789473684 1 nan nan 0.3549238425828317
6.315789473684211 0.5263157894736842 1 nan nan 0.20179477702557636
6.315789473684211 1.0526315789473684 1 nan nan 0.20179477702557636
6.315789473684211 1.5789473684210527 1 nan nan 0.20179477702557636
7.894736842105264 1.5789473684210527 1 nan nan -0.7652109084054455
7.894736842105264 2.1052631578947367 1 nan nan -0.7652109084054455
7.894736842105264 2.631578947368421 1 nan nan -0.7652109084054455
9.473684210526315 2.1052631578947367 1 nan nan -2.802744758916133
9.473684210526315 2.631578947368421 1 nan nan -2.802744758916133
9.473684210526315 3.1578947368421053 1 nan nan -2.802744758916133
9.473684210526315 3.6842105263157894 1 nan nan -2.802744758916133
11.052631578947368 2.631578947368421 1 nan nan -5.883915888832372
11.052631578947368 3.1578947368421053 1 nan nan -5.883915888832372
11.052631578947368 3.6842105263157894 1 nan nan -5.883915888832372
12.631578947368421 2.1052631578947367 1 nan nan -9.627096431639913
12.631578947368421 2.631578947368421 1 nan nan -9.627096431639913
