-15.789473684210527 -0.5263157894736842 1 nan nan 0
-15.789473684210527 -0.0 1 nan nan 0
-15.789473684210527 0.0 1 nan nan 0
-15.789473684210527 0.5263157894736842 1 nan nan 0
-14.210526315789474 -1.0526315789473684 1 nan nan 0
-14.210526315789474 -0.5263157894736842 1 nan nan 0
-14.210526315789474 -0.0 1 nan nan 0
-14.210526315789474 0.0 1 nan nan 0
-14.210526315789474 0.5263157894736842 1 nan nan 0
-14.210526315789474 1.0526315789473684 1 nan nan 0
-12.631578947368421 -1.0526315789473684 1 nan nan 0
-12.631578947368421 -0.5263157894736842 1 nan nan 0
-12.631578947368421 -0.0 1 nan nan 0
-12.631578947368421 0.0 1 nan nan 0
-12.631578947368421 0.5263157894736842 1 nan nan 0
-12.631578947368421 1.0526315789473684 1 nan nan 0
-11.052631578947368 -1.5789473684210527 1 nan nan 0
-11.052631578947368 -1.0526315789473684 1 nan nan 0
-11.052631578947368 -0.5263157894736842 1 nan nan 0
-11.052631578947368 -0.0 1 nan nan 0
-11.052631578947368 0.0 1 nan nan 0
-11.052631578947368 0.5263157894736842 1 nan nan 0
-11.052631578947368 1.0526315789473684 1 nan nan 0
-11.052631578947368 1.5789473684210527 1 nan nan 0
-9.473684210526315 -1.5789473684210527 1 nan nan 0
-9.473684210526315 -1.0526315789473684 1 nan nan 0
-9.473684210526315 -0.5263157894736842 1 nan nan 0
-9.473684210526315 -0.0 1 nan nan 0
-9.473684210526315 0.0 1 nan nan 0
-9.473684210526315 0.5263157894736842 1 nan nan 0
-9.473684210526315 1.0526315789473684 1 nan nan 0
-9.473684210526315 1.5789473684210527 1 nan nan 0
-7.894736842105264 -1.5789473684210527 1 nan nan 0
-7.894736842105264 -1.0526315789473684 1 nan nan 0
-7.894736842105264 -0.5263157894736842 1 nan nan 0
-7.894736842105264 -0.0 1 nan nan 0
-7.894736842105264 0.0 1 nan nan 0
-7.894736842105264 0.5263157894736842 1 nan nan 0
-7.894736842105264 1.0526315789473684 1 nan nan 0
-7.894736842105264 1.5789473684210527 1 nan nan 0
-6.315789473684211 -1.5789473684210527 1 nan nan 0
-6.315789473684211 -1.0526315789473684 1 nan nan 0
-6.315789473684211 -0.5263157894736842 1 nan nan 0
-6.315789473684211 -0.0 1 nan nan 0
-6.315789473684211 0.0 1 nan nan 0
-6.315789473684211 0.5263157894736842 1 nan nan 0
-6.315789473684211 1.0526315789473684 1 nan nan 0
-6.315789473684211 1.5789473684210527 1 nan nan 0
-4.7368421052631575 -1.5789473684210527 1 nan nan 0
-4.7368421052631575 -1.0526315789473684 1 nan nan 0
-4.7368421052631575 -0.5263157894736842 1 nan nan 0
-4.7368421052631575 -0.0 1 nan nan 0
-4.7368421052631575 0.0 1 nan nan 0
-4.7368421052631575 0.5263157894736842 1 nan nan 0
-4.7368421052631575 1.0526315789473684 1 nan nan 0
-4.7368421052631575 1.5789473684210527 1 nan nan 0
-3.1578947368421053 -1.5789473684210527 1 nan nan 0
-3.1578947368421053 -1.0526315789473684 1 nan nan 0
-3.1578947368421053 -0.5263157894736842 1 nan nan 0
-3.1578947368421053 -0.0 1 nan nan 0
-3.1578947368421053 0.0 1 nan nan 0
-3.1578947368421053 0.5263157894736842 1 nan nan 0
-3.1578947368421053 1.0526315789473684 1 nan nan 0
-3.1578947368421053 1.5789473684210527 1 nan nan 0
-1.5789473684210527 -1.5789473684210527 1 nan nan 0
-1.5789473684210527 -1.0526315789473684 1 nan nan 0
-1.5789473684210527 -0.5263157894736842 1 nan nan 0
-1.5789473684210527 -0.0 1 nan nan 0
-1.5789473684210527 0.0 1 nan nan 0
-1.5789473684210527 0.5263157894736842 1 nan nan 0
-1.5789473684210527 1.0526315789473684 1 nan nan 0
-1.5789473684210527 1.5789473684210527 1 nan nan 0
-0.0 -1.0526315789473684 1 nan nan 0
-0.0 -0.5263157894736842 1 nan nan 0
-0.0 -0.0 1 nan nan 0
-0.0 0.0 1 nan nan 0
-0.0 0.5263157894736842 1 nan nan 0
-0.0 1.0526315789473684 1 nan nan 0
0.0 -1.0526315789473684 1 nan nan 0
0.0 -0.5263157894736842 1 nan nan 0
0.0 -0.0 1 nan nan 0
0.0 0.0 1 nan nan 0
0.0 0.5263157894736842 1 nan nan 0
0.0 1.0526315789473684 1 nan nan 0
1.5789473684210527 -1.0526315789473684 1 nan nan -0.0679301616275382
1.5789473684210527 -0.5263157894736842 1 nan nan -0.0679301616275382
1.5789473684210527 -0.0 1 nan nan -0.0679301616275382
1.5789473684210527 0.0 1 nan nan -0.0679301616275382
1.5789473684210527 0.5263157894736842 1 nan nan -0.0679301616275382
3.1578947368421053 -1.0526315789473684 1 nan nan 0.04036370658293405
3.1578947368421053 -0.5263157894736842 1 nan nan 0.04036370658293405
3.1578947368421053 -0.0 1 nan nan 0.04036370658293405
3.1578947368421053 0.0 1 nan nan 0.04036370658293405
3.1578947368421053 0.5263157894736842 1 nan nan 0.04036370658293405
4.7368421052631575 -0.5263157894736842 1 nan nan -0.061000960510204774
4.7368421052631575 -0.0 1 nan nan -0.061000960510204774
4.7368421052631575 0.0 1 nan nan -0.061000960510204774
4.7368421052631575 0.5263157894736842 1 nan nan -0.061000960510204774
4.7368421052631575 1.0526315789473684 1 nan nan -0.061000960510204774
6.315789473684211 0.5263157894736842 1 nan nan -0.7562828965642143
6.315789473684211 1.0526315789473684 1 nan nan -0.7562828965642143
6.315789473684211 1.5789473684210527 1 nan nan -0.7562828965642143
7.894736842105264 1.0526315789473684 1 nan nan -2.2857646354126198
7.894736842105264 1.5789473684210527 1 nan nan -2.2857646354126198
7.894736842105264 2.1052631578947367 1 nan nan -2.2857646354126198
9.473684210526315 1.0526315789473684 1 nan nan -4.629274162141006
9.473684210526315 1.5789473684210527 1 nan nan -4.629274162141006
9.473684210526315 2.1052631578947367 1 nan nan -4.629274162141006
11.052631578947368 0.5263157894736842 1 nan nan -7.444380719347487
11.052631578947368 1.0526315789473684 1 nan nan -7.444380719347487
11.052631578947368 1.5789473684210527 1 nan nan -7.444380719347487
12.631578947368421 -1.5789473684210527 1 nan nan -10.078365267716762
12.631578947368421 -1.0526315789473684 1 nan nan -10.078365267716762
12.631578947368421 -0.5263157894736842 1 nan nan -10.078365267716762
