-15.789473684210527 -0.5263157894736842 1 nan nan 0 0
-15.789473684210527 -0.0 1 nan nan 0 0
-15.789473684210527 0.0 1 nan nan 0 0
-15.789473684210527 0.5263157894736842 1 nan nan 0 0
-14.210526315789474 -1.0526315789473684 1 nan nan 0 0
-14.210526315789474 -0.5263157894736842 1 nan nan 0 0
-14.210526315789474 -0.0 1 nan nan 0 0
-14.210526315789474 0.0 1 nan nan 0 0
-14.210526315789474 0.5263157894736842 1 nan nan 0 0
-14.210526315789474 1.0526315789473684 1 nan nan 0 0
-12.631578947368421 -1.0526315789473684 1 nan nan 0 0
-12.631578947368421 -0.5263157894736842 1 nan nan 0 0
-12.631578947368421 -0.0 1 nan nan 0 0
-12.631578947368421 0.0 1 nan nan 0 0
-12.631578947368421 0.5263157894736842 1 nan nan 0 0
-12.631578947368421 1.0526315789473684 1 nan nan 0 0
-11.052631578947368 -1.5789473684210527 1 nan nan 0 0
-11.052631578947368 -1.0526315789473684 1 nan nan 0 0
-11.052631578947368 -0.5263157894736842 1 nan nan 0 0
-11.052631578947368 -0.0 1 nan nan 0 0
-11.052631578947368 0.0 1 nan nan 0 0
-11.052631578947368 0.5263157894736842 1 nan nan 0 0
-11.052631578947368 1.0526315789473684 1 nan nan 0 0
-11.052631578947368 1.5789473684210527 1 nan nan 0 0
-9.473684210526315 -1.5789473684210527 1 nan nan 0 0
-9.473684210526315 -1.0526315789473684 1 nan nan 0 0
-9.473684210526315 -0.5263157894736842 1 nan nan 0 0
-9.473684210526315 -0.0 1 nan nan 0 0
-9.473684210526315 0.0 1 nan nan 0 0
-9.473684210526315 0.5263157894736842 1 nan nan 0 0
-9.473684210526315 1.0526315789473684 1 nan nan 0 0
-9.473684210526315 1.5789473684210527 1 nan nan 0 0
-7.894736842105264 -1.5789473684210527 1 nan nan 0 0
-7.894736842105264 -1.0526315789473684 1 nan nan 0 0
-7.894736842105264 -0.5263157894736842 1 nan nan 0 0
-7.894736842105264 -0.0 1 nan nan 0 0
-7.894736842105264 0.0 1 nan nan 0 0
-7.894736842105264 0.5263157894736842 1 nan nan 0 0
-7.894736842105264 1.0526315789473684 1 nan nan 0 0
-7.894736842105264 1.5789473684210527 1 nan nan 0 0
-6.315789473684211 -1.5789473684210527 1 nan nan 0 0
-6.315789473684211 -1.0526315789473684 1 nan nan 0 0
-6.315789473684211 -0.5263157894736842 1 nan nan 0 0
-6.315789473684211 -0.0 1 nan nan 0 0
-6.315789473684211 0.0 1 nan nan 0 0
-6.315789473684211 0.5263157894736842 1 nan nan 0 0
-6.315789473684211 1.0526315789473684 1 nan nan 0 0
-6.315789473684211 1.5789473684210527 1 nan nan 0 0
-4.7368421052631575 -1.5789473684210527 1 nan nan 0 0
-4.7368421052631575 -1.0526315789473684 1 nan nan 0 0
-4.7368421052631575 -0.5263157894736842 1 nan nan 0 0
-4.7368421052631575 -0.0 1 nan nan 0 0
-4.7368421052631575 0.0 1 nan nan 0 0
-4.7368421052631575 0.5263157894736842 1 nan nan 0 0
-4.7368421052631575 1.0526315789473684 1 nan nan 0 0
-4.7368421052631575 1.5789473684210527 1 nan nan 0 0
-3.1578947368421053 -1.5789473684210527 1 nan nan 0 0
-3.1578947368421053 -1.0526315789473684 1 nan nan 0 0
-3.1578947368421053 -0.5263157894736842 1 nan nan 0 0
-3.1578947368421053 -0.0 1 nan nan 0 0
-3.1578947368421053 0.0 1 nan nan 0 0
-3.1578947368421053 0.5263157894736842 1 nan nan 0 0
-3.1578947368421053 1.0526315789473684 1 nan nan 0 0
-3.1578947368421053 1.5789473684210527 1 nan nan 0 0
-1.5789473684210527 -1.5789473684210527 1 nan nan 0 0
-1.5789473684210527 -1.0526315789473684 1 nan nan 0 0
-1.5789473684210527 -0.5263157894736842 1 nan nan 0 0
-1.5789473684210527 -0.0 1 nan nan 0 0
-1.5789473684210527 0.0 1 nan nan 0 0
-1.5789473684210527 0.5263157894736842 1 nan nan 0 0
-1.5789473684210527 1.0526315789473684 1 nan nan 0 0
-1.5789473684210527 1.5789473684210527 1 nan nan 0 0
-0.0 -1.0526315789473684 1 nan nan 0 0
-0.0 -0.5263157894736842 1 nan nan 0 0
-0.0 -0.0 1 nan nan 0 0
-0.0 0.0 1 nan nan 0 0
-0.0 0.5263157894736842 1 nan nan 0 0
-0.0 1.0526315789473684 1 nan nan 0 0
0.0 -1.0526315789473684 1 nan nan 0 0
0.0 -0.5263157894736842 1 nan nan 0 0
0.0 -0.0 1 nan nan 0 0
0.0 0.0 1 nan nan 0 0
0.0 0.5263157894736842 1 nan nan 0 0
0.0 1.0526315789473684 1 nan nan 0 0
1.5789473684210527 -1.0526315789473684 1 nan nan 0 -0.07943936127560242
1.5789473684210527 -0.5263157894736842 1 nan nan 0 -0.07943936127560242
1.5789473684210527 -0.0 1 nan nan 0 -0.07943936127560242
1.5789473684210527 0.0 1 nan nan 0 -0.07943936127560242
1.5789473684210527 0.5263157894736842 1 nan nan 0 -0.07943936127560242
3.1578947368421053 -1.0526315789473684 1 nan nan 0 0.05813388259828552
3.1578947368421053 -0.5263157894736842 1 nan nan 0 0.05813388259828552
3.1578947368421053 -0.0 1 nan nan 0 0.05813388259828552
3.1578947368421053 0.0 1 nan nan 0 0.05813388259828552
3.1578947368421053 0.5263157894736842 1 nan nan 0 0.05813388259828552
4.7368421052631575 -0.5263157894736842 1 nan nan 0 0.03862593169785058
4.7368421052631575 -0.0 1 nan nan 0 0.03862593169785058
4.7368421052631575 0.0 1 nan nan 0 0.03862593169785058
4.7368421052631575 0.5263157894736842 1 nan nan 0 0.03862593169785058
4.7368421052631575 1.0526315789473684 1 nan nan 0 0.03862593169785058
6.315789473684211 0.5263157894736842 1 nan nan 0 -0.5416092697591544
6.315789473684211 1.0526315789473684 1 nan nan 0 -0.5416092697591544
6.315789473684211 1.5789473684210527 1 nan nan 0 -0.5416092697591544
7.894736842105264 1.0526315789473684 1 nan nan 0 -1.971175804057
7.894736842105264 1.5789473684210527 1 nan nan 0 -1.971175804057
7.894736842105264 2.1052631578947367 1 nan nan 0 -1.971175804057
7.894736842105264 2.631578947368421 1 nan nan 0 -1.971175804057
9.473684210526315 1.5789473684210527 1 nan nan 0 -4.296700991273096
9.473684210526315 2.1052631578947367 1 nan nan 0 -4.296700991273096
9.473684210526315 2.631578947368421 1 nan nan 0 -4.296700991273096
11.052631578947368 1.0526315789473684 1 nan nan 0 -7.244210076443655
11.052631578947368 1.5789473684210527 1 nan nan 0 -7.244210076443655
11.052631578947368 2.1052631578947367 1 nan nan 0 -7.244210076443655
12.631578947368421 -0.5263157894736842 1 nan nan 0 -10.21117063330051
12.631578947368421 -0.0 1 nan nan 0 -10.21117063330051
12.631578947368421 0.0 1 nan nan 0 -10.21117063330051
12.631578947368421 0.5263157894736842 1 nan nan 0 -10.21117063330051
