-15.789473684210527 -0.5263157894736842 1 nan nan 0
-15.789473684210527 -0.0 1 nan nan 0
-15.789473684210527 0.0 1 nan nan 0
-15.789473684210527 0.5263157894736842 1 nan nan 0
-14.210526315789474 -1.0526315789473684 1 nan nan 0
-14.210526315789474 -0.5263157894736842 1 nan nan 0
-14.210526315789474 -0.0 1 nan nan 0
-14.210526315789474 0.0 1 nan nan 0
-14.210526315789474 0.5263157894736842 1 nan nan 0
-14.210526315789474 1.0526315789473684 1 nan nan 0
-12.631578947368421 -1.0526315789473684 1 nan nan 0
-12.631578947368421 -0.5263157894736842 1 nan nan 0
-12.631578947368421 -0.0 1 nan nan 0
-12.631578947368421 0.0 1 nan nan 0
-12.631578947368421 0.5263157894736842 1 nan nan 0
-12.631578947368421 1.0526315789473684 1 nan nan 0
-11.052631578947368 -1.5789473684210527 1 nan nan 0
-11.052631578947368 -1.0526315789473684 1 nan nan 0
-11.052631578947368 -0.5263157894736842 1 nan nan 0
-11.052631578947368 -0.0 1 nan nan 0
-11.052631578947368 0.0 1 nan nan 0
-11.052631578947368 0.5263157894736842 1 nan nan 0
-11.052631578947368 1.0526315789473684 1 nan nan 0
-11.052631578947368 1.5789473684210527 1 nan nan 0
-9.473684210526315 -1.5789473684210527 1 nan nan 0
-9.473684210526315 -1.0526315789473684 1 nan nan 0
-9.473684210526315 -0.5263157894736842 1 nan nan 0
-9.473684210526315 -0.0 1 nan nan 0
-9.473684210526315 0.0 1 nan nan 0
-9.473684210526315 0.5263157894736842 1 nan nan 0
-9.473684210526315 1.0526315789473684 1 nan nan 0
-9.473684210526315 1.5789473684210527 1 nan nan 0
-7.894736842105264 -1.5789473684210527 1 nan nan 0
-7.894736842105264 -1.0526315789473684 1 nan nan 0
-7.894736842105264 -0.5263157894736842 1 nan nan 0
-7.894736842105264 -0.0 1 nan nan 0
-7.894736842105264 0.0 1 nan nan 0
-7.894736842105264 0.5263157894736842 1 nan nan 0
-7.894736842105264 1.0526315789473684 1 nan nan 0
-7.894736842105264 1.5789473684210527 1 nan nan 0
-6.315789473684211 -1.5789473684210527 1 nan nan 0
-6.315789473684211 -1.0526315789473684 1 nan nan 0
-6.315789473684211 -0.5263157894736842 1 nan nan 0
-6.315789473684211 -0.0 1 nan nan 0
-6.315789473684211 0.0 1 nan nan 0
-6.315789473684211 0.5263157894736842 1 nan nan 0
-6.315789473684211 1.0526315789473684 1 nan nan 0
-6.315789473684211 1.5789473684210527 1 nan nan 0
-4.7368421052631575 -1.5789473684210527 1 nan nan 0
-4.7368421052631575 -1.0526315789473684 1 nan nan 0
-4.7368421052631575 -0.5263157894736842 1 nan nan 0
-4.7368421052631575 -0.0 1 nan nan 0
-4.7368421052631575 0.0 1 nan nan 0
-4.7368421052631575 0.5263157894736842 1 nan nan 0
-4.7368421052631575 1.0526315789473684 1 nan nan 0
-4.7368421052631575 1.5789473684210527 1 nan nan 0
-3.1578947368421053 -1.5789473684210527 1 nan nan 0
-3.1578947368421053 -1.0526315789473684 1 nan nan 0
-3.1578947368421053 -0.5263157894736842 1 nan nan 0
-3.1578947368421053 -0.0 1 nan nan 0
-3.1578947368421053 0.0 1 nan nan 0
-3.1578947368421053 0.5263157894736842 1 nan nan 0
-3.1578947368421053 1.0526315789473684 1 nan nan 0
-3.1578947368421053 1.5789473684210527 1 nan nan 0
-1.5789473684210527 -1.5789473684210527 1 nan nan 0
-1.5789473684210527 -1.0526315789473684 1 nan nan 0
-1.5789473684210527 -0.5263157894736842 1 nan nan 0
-1.5789473684210527 -0.0 1 nan nan 0
-1.5789473684210527 0.0 1 nan nan 0
-1.5789473684210527 0.5263157894736842 1 nan nan 0
-1.5789473684210527 1.0526315789473684 1 nan nan 0
-1.5789473684210527 1.5789473684210527 1 nan nan 0
-0.0 -1.0526315789473684 1 nan nan 0
-0.0 -0.5263157894736842 1 nan nan 0
-0.0 -0.0 1 nan nan 0
-0.0 0.0 1 nan nan 0
-0.0 0.5263157894736842 1 nan nan 0
-0.0 1.0526315789473684 1 nan nan 0
0.0 -1.0526315789473684 1 nan nan 0
0.0 -0.5263157894736842 1 nan nan 0
0.0 -0.0 1 nan nan 0
0.0 0.0 1 nan nan 0
0.0 0.5263157894736842 1 nan nan 0
0.0 1.0526315789473684 1 nan nan 0
1.5789473684210527 -1.0526315789473684 1 nan nan -0.082286486916872
1.5789473684210527 -0.5263157894736842 1 nan nan -0.082286486916872
1.5789473684210527 -0.0 1 nan nan -0.082286486916872
1.5789473684210527 0.0 1 nan nan -0.082286486916872
1.5789473684210527 0.5263157894736842 1 nan nan -0.082286486916872
3.1578947368421053 -1.0526315789473684 1 nan nan 0.06268278850881809
3.1578947368421053 -0.5263157894736842 1 nan nan 0.06268278850881809
3.1578947368421053 -0.0 1 nan nan 0.06268278850881809
3.1578947368421053 0.0 1 nan nan 0.06268278850881809
3.1578947368421053 0.5263157894736842 1 nan nan 0.06268278850881809
4.7368421052631575 -0.5263157894736842 1 nan nan 0.06481002412332652
4.7368421052631575 -0.0 1 nan nan 0.06481002412332652
4.7368421052631575 0.0 1 nan nan 0.06481002412332652
4.7368421052631575 0.5263157894736842 1 nan nan 0.06481002412332652
4.7368421052631575 1.0526315789473684 1 nan nan 0.06481002412332652
6.315789473684211 0.5263157894736842 1 nan nan -0.48370718258987255
6.315789473684211 1.0526315789473684 1 nan nan -0.48370718258987255
6.315789473684211 1.5789473684210527 1 nan nan -0.48370718258987255
7.894736842105264 1.0526315789473684 1 nan nan -1.8835331083806104
7.894736842105264 1.5789473684210527 1 nan nan -1.8835331083806104
7.894736842105264 2.1052631578947367 1 nan nan -1.8835331083806104
7.894736842105264 2.631578947368421 1 nan nan -1.8835331083806104
9.473684210526315 1.5789473684210527 1 nan nan -4.198802237415124
9.473684210526315 2.1052631578947367 1 nan nan -4.198802237415124
9.473684210526315 2.631578947368421 1 nan nan -4.198802237415124
11.052631578947368 1.0526315789473684 1 nan nan -7.174243924089931
11.052631578947368 1.5789473684210527 1 nan nan -7.174243924089931
11.052631578947368 2.1052631578947367 1 nan nan -7.174243924089931
12.631578947368421 -0.5263157894736842 1 nan nan -10.221990345569603
12.631578947368421 -0.0 1 nan nan -10.221990345569603
12.631578947368421 0.0 1 nan nan -10.221990345569603
12.631578947368421 0.5263157894736842 1 nan nan -10.221990345569603
