-15.789473684210527 -0.5263157894736842 1 nan nan 0 0
-15.789473684210527 -0.0 1 nan nan 0 0
-15.789473684210527 0.0 1 nan nan 0 0
-15.789473684210527 0.5263157894736842 1 nan nan 0 0
-14.210526315789474 -1.0526315789473684 1 nan nan 0 0
-14.210526315789474 -0.5263157894736842 1 nan nan 0 0
-14.210526315789474 -0.0 1 nan nan 0 0
-14.210526315789474 0.0 1 nan nan 0 0
-14.210526315789474 0.5263157894736842 1 nan nan 0 0
-14.210526315789474 1.0526315789473684 1 nan nan 0 0
-12.631578947368421 -1.0526315789473684 1 nan nan 0 0
-12.631578947368421 -0.5263157894736842 1 nan nan 0 0
-12.631578947368421 -0.0 1 nan nan 0 0
-12.631578947368421 0.0 1 nan nan 0 0
-12.631578947368421 0.5263157894736842 1 nan nan 0 0
-12.631578947368421 1.0526315789473684 1 nan nan 0 0
-11.052631578947368 -1.5789473684210527 1 nan nan 0 0
-11.052631578947368 -1.0526315789473684 1 nan nan 0 0
-11.052631578947368 -0.5263157894736842 1 nan nan 0 0
-11.052631578947368 -0.0 1 nan nan 0 0
-11.052631578947368 0.0 1 nan nan 0 0
-11.052631578947368 0.5263157894736842 1 nan nan 0 0
-11.052631578947368 1.0526315789473684 1 nan nan 0 0
-11.052631578947368 1.5789473684210527 1 nan nan 0 0
-9.473684210526315 -1.5789473684210527 1 nan nan 0 0
-9.473684210526315 -1.0526315789473684 1 nan nan 0 0
-9.473684210526315 -0.5263157894736842 1 nan nan 0 0
-9.473684210526315 -0.0 1 nan nan 0 0
-9.473684210526315 0.0 1 nan nan 0 0
-9.473684210526315 0.5263157894736842 1 nan nan 0 0
-9.473684210526315 1.0526315789473684 1 nan nan 0 0
-9.473684210526315 1.5789473684210527 1 nan nan 0 0
-7.894736842105264 -1.5789473684210527 1 nan nan 0 0
-7.894736842105264 -1.0526315789473684 1 nan nan 0 0
-7.894736842105264 -0.5263157894736842 1 nan nan 0 0
-7.894736842105264 -0.0 1 nan nan 0 0
-7.894736842105264 0.0 1 nan nan 0 0
-7.894736842105264 0.5263157894736842 1 nan nan 0 0
-7.894736842105264 1.0526315789473684 1 nan nan 0 0
-7.894736842105264 1.5789473684210527 1 nan nan 0 0
-6.315789473684211 -1.5789473684210527 1 nan nan 0 0
-6.315789473684211 -1.0526315789473684 1 nan nan 0 0
-6.315789473684211 -0.5263157894736842 1 nan nan 0 0
-6.315789473684211 -0.0 1 nan nan 0 0
-6.315789473684211 0.0 1 nan nan 0 0
-6.315789473684211 0.5263157894736842 1 nan nan 0 0
-6.315789473684211 1.0526315789473684 1 nan nan 0 0
-6.315789473684211 1.5789473684210527 1 nan nan 0 0
-4.7368421052631575 -1.5789473684210527 1 nan nan 0 0
-4.7368421052631575 -1.0526315789473684 1 nan nan 0 0
-4.7368421052631575 -0.5263157894736842 1 nan nan 0 0
-4.7368421052631575 -0.0 1 nan nan 0 0
-4.7368421052631575 0.0 1 nan nan 0 0
-4.7368421052631575 0.5263157894736842 1 nan nan 0 0
-4.7368421052631575 1.0526315789473684 1 nan nan 0 0
-4.7368421052631575 1.5789473684210527 1 nan nan 0 0
-3.1578947368421053 -1.5789473684210527 1 nan nan 0 0
-3.1578947368421053 -1.0526315789473684 1 nan nan 0 0
-3.1578947368421053 -0.5263157894736842 1 nan nan 0 0
-3.1578947368421053 -0.0 1 nan nan 0 0
-3.1578947368421053 0.0 1 nan nan 0 0
-3.1578947368421053 0.5263157894736842 1 nan nan 0 0
-3.1578947368421053 1.0526315789473684 1 nan nan 0 0
-3.1578947368421053 1.5789473684210527 1 nan nan 0 0
-1.5789473684210527 -1.5789473684210527 1 nan nan 0 0
-1.5789473684210527 -1.0526315789473684 1 nan nan 0 0
-1.5789473684210527 -0.5263157894736842 1 nan nan 0 0
-1.5789473684210527 -0.0 1 nan nan 0 0
-1.5789473684210527 0.0 1 nan nan 0 0
-1.5789473684210527 0.5263157894736842 1 nan nan 0 0
-1.5789473684210527 1.0526315789473684 1 nan nan 0 0
-1.5789473684210527 1.5789473684210527 1 nan nan 0 0
-0.0 -1.0526315789473684 1 nan nan 0 0
-0.0 -0.5263157894736842 1 nan nan 0 0
-0.0 -0.0 1 nan nan 0 0
-0.0 0.0 1 nan nan 0 0
-0.0 0.5263157894736842 1 nan nan 0 0
-0.0 1.0526315789473684 1 nan nan 0 0
0.0 -1.0526315789473684 1 nan nan 0 0
0.0 -0.5263157894736842 1 nan nan 0 0
0.0 -0.0 1 nan nan 0 0
0.0 0.0 1 nan nan 0 0
0.0 0.5263157894736842 1 nan nan 0 0
0.0 1.0526315789473684 1 nan nan 0 0
1.5789473684210527 -1.0526315789473684 1 nan nan 0 -0.06278492818455644
1.5789473684210527 -0.5263157894736842 1 nan nan 0 -0.06278492818455644
1.5789473684210527 -0.0 1 nan nan 0 -0.06278492818455644
1.5789473684210527 0.0 1 nan nan 0 -0.06278492818455644
1.5789473684210527 0.5263157894736842 1 nan nan 0 -0.06278492818455644
3.1578947368421053 -1.0526315789473684 1 nan nan 0 0.03269470343688673
3.1578947368421053 -0.5263157894736842 1 nan nan 0 0.03269470343688673
3.1578947368421053 -0.0 1 nan nan 0 0.03269470343688673
3.1578947368421053 0.0 1 nan nan 0 0.03269470343688673
3.1578947368421053 0.5263157894736842 1 nan nan 0 0.03269470343688673
4.7368421052631575 -0.5263157894736842 1 nan nan 0 -0.10277101390318884
4.7368421052631575 -0.0 1 nan nan 0 -0.10277101390318884
4.7368421052631575 0.0 1 nan nan 0 -0.10277101390318884
4.7368421052631575 0.5263157894736842 1 nan nan 0 -0.10277101390318884
4.7368421052631575 1.0526315789473684 1 nan nan 0 -0.10277101390318884
6.315789473684211 -0.0 1 nan nan 0 -0.8436226190896118
6.315789473684211 0.0 1 nan nan 0 -0.8436226190896118
6.315789473684211 0.5263157894736842 1 nan nan 0 -0.8436226190896118
6.315789473684211 1.0526315789473684 1 nan nan 0 -0.8436226190896118
6.315789473684211 1.5789473684210527 1 nan nan 0 -0.8436226190896118
7.894736842105264 1.0526315789473684 1 nan nan 0 -2.4087319351984546
7.894736842105264 1.5789473684210527 1 nan nan 0 -2.4087319351984546
7.894736842105264 2.1052631578947367 1 nan nan 0 -2.4087319351984546
9.473684210526315 1.0526315789473684 1 nan nan 0 -4.749831911478401
9.473684210526315 1.5789473684210527 1 nan nan 0 -4.749831911478401
9.473684210526315 2.1052631578947367 1 nan nan 0 -4.749831911478401
11.052631578947368 -0.0 1 nan nan 0 -7.497072506576336
11.052631578947368 0.0 1 nan nan 0 -7.497072506576336
11.052631578947368 0.5263157894736842 1 nan nan 0 -7.497072506576336
11.052631578947368 1.0526315789473684 1 nan nan 0 -7.497072506576336
12.631578947368421 -1.5789473684210527 1 nan nan 0 -9.979346425956653
12.631578947368421 -1.0526315789473684 1 nan nan 0 -9.979346425956653
