-15.789473684210527 -0.5263157894736842 1 -2.576802092341036e+100 -4.5860113529642724e+100 0
-15.789473684210527 -0.0 1 4.240741546378564e+116 7.547382750373875e+116 0
-15.789473684210527 0.0 1 -3.5859042754546523e+134 -6.381949693772764e+134 0
-15.789473684210527 0.5263157894736842 1 1.8518133339613063e+154 3.295732158175311e+154 0
-14.210526315789474 -1.0526315789473684 1 -1.4728725903544167e+100 -2.621256771606202e+100 0
-14.210526315789474 -0.5263157894736842 1 4.9172574603045136e+116 8.751250170987803e+116 0
-14.210526315789474 -0.0 1 -9.718101419988511e+134 -1.7295367856160177e+135 0
-14.210526315789474 0.0 1 1.4406026469452882e+155 2.563852744596914e+155 0
-14.210526315789474 0.5263157894736842 1 -2.0021694793626484e+177 -3.5632793721112904e+177 0
-14.210526315789474 1.0526315789473684 1 3.1981499493123793e+201 5.691777357325251e+201 0
-12.631578947368421 -1.0526315789473684 1 6.571658141867959e+115 1.1695458868893864e+116 0
-12.631578947368421 -0.5263157894736842 1 -2.309385091472769e+134 -4.1099989426146306e+134 0
-12.631578947368421 -0.0 1 6.272201064957844e+154 1.116263700586439e+155 0
-12.631578947368421 0.0 1 -1.703309890123549e+177 -3.0313857078956876e+177 0
-12.631578947368421 0.5263157894736842 1 5.94990644452482e+201 1.0589074066555915e+202 0
-12.631578947368421 1.0526315789473684 1 -3.411097666657868e+228 -6.07074705815934e+228 0
-11.052631578947368 -1.5789473684210527 1 1.1394853944206913e+114 2.0278898317655645e+114 0
-11.052631578947368 -1.0526315789473684 1 -7.65762243024157e+132 -1.3628114379137805e+133 0
-11.052631578947368 -0.5263157894736842 1 3.8294235097623775e+153 6.815195178444112e+153 0
-11.052631578947368 -0.0 1 -1.8670120613528975e+176 -3.3227184492271536e+176 0
-11.052631578947368 0.0 1 1.162682508508401e+201 2.0692278116067453e+201 0
-11.052631578947368 0.5263157894736842 1 -1.2085513773424585e+228 -2.1508625182606604e+228 0
-11.052631578947368 1.0526315789473684 1 2.727957923263795e+257 4.854956878905967e+257 0
-11.052631578947368 1.5789473684210527 1 -1.729224491214527e+289 -3.077507848401823e+289 0
-9.473684210526315 -1.5789473684210527 1 -2.309415548259963e+130 -4.1099601198362586e+130 0
-9.473684210526315 -1.0526315789473684 1 2.576583290957983e+151 4.585491818174458e+151 0
-9.473684210526315 -0.5263157894736842 1 -2.6295738742818026e+174 -4.679831138755571e+174 0
-9.473684210526315 -0.0 1 3.228205507835897e+199 5.745231041844348e+199 0
-9.473684210526315 0.0 1 -6.293387361022171e+226 -1.1200348578840905e+227 0
-9.473684210526315 0.5263157894736842 1 2.573172279928514e+256 4.5794815341430265e+256 0
-9.473684210526315 1.0526315789473684 1 -2.9084604710121015e+288 -5.176197018080427e+288 0
-9.473684210526315 1.5789473684210527 1 inf inf 0
-7.894736842105264 -1.5789473684210527 1 9.278484868920904e+147 1.6512490437721716e+148 0
-7.894736842105264 -1.0526315789473684 1 -2.5586740188598824e+171 -4.553618952691775e+171 0
-7.894736842105264 -0.5263157894736842 1 7.880095794654918e+196 1.4024141668791947e+197 0
-7.894736842105264 -0.0 1 -3.5621352384430475e+224 -6.339524890903705e+224 0
-7.894736842105264 0.0 1 3.128093089471017e+254 5.567070554841305e+254 0
-7.894736842105264 0.5263157894736842 1 -7.087403026294565e+286 -1.261346938939515e+287 0
-7.894736842105264 1.0526315789473684 1 inf inf 0
-7.894736842105264 1.5789473684210527 1 nan nan 0
-6.315789473684211 -1.5789473684210527 1 -7.339019950816562e+166 -1.306091439952304e+167 0
-6.315789473684211 -1.0526315789473684 1 7.496004716367135e+192 1.3340483715840918e+193 0
-6.315789473684211 -0.5263157894736842 1 -1.0410654181820947e+221 -1.8527755559722325e+221 0
-6.315789473684211 -0.0 1 2.578317511765881e+251 4.588626448441181e+251 0
-6.315789473684211 0.0 1 -1.507092094317937e+284 -2.682173365251864e+284 0
-6.315789473684211 0.5263157894736842 1 inf inf 0
-6.315789473684211 1.0526315789473684 1 nan nan 0
-6.315789473684211 1.5789473684210527 1 nan nan 0
-4.7368421052631575 -1.5789473684210527 1 1.1408375193143272e+187 2.0302957728273753e+187 0
-4.7368421052631575 -1.0526315789473684 1 -6.485978242188629e+215 -1.1542960601902999e+216 0
-4.7368421052631575 -0.5263157894736842 1 6.09022978132665e+246 1.0838731812424279e+247 0
-4.7368421052631575 -0.0 1 -1.2356925906368622e+280 -2.199159597518088e+280 0
-4.7368421052631575 0.0 1 inf inf 0
-4.7368421052631575 0.5263157894736842 1 nan nan 0
-4.7368421052631575 1.0526315789473684 1 nan nan 0
-4.7368421052631575 1.5789473684210527 1 nan nan 0
-3.1578947368421053 -1.5789473684210527 1 -3.4962038369560633e+208 -6.222032279733926e+208 0
-3.1578947368421053 -1.0526315789473684 1 1.6673889424507666e+240 2.9674174275669787e+240 0
-3.1578947368421053 -0.5263157894736842 1 -1.5908805943263042e+274 -2.8312770989712742e+274 0
-3.1578947368421053 -0.0 1 inf inf 0
-3.1578947368421053 0.0 1 nan nan 0
-3.1578947368421053 0.5263157894736842 1 nan nan 0
-3.1578947368421053 1.0526315789473684 1 nan nan 0
-3.1578947368421053 1.5789473684210527 1 nan nan 0
-1.5789473684210527 -1.5789473684210527 1 2.1245040775716253e+231 3.780881654939613e+231 0
-1.5789473684210527 -1.0526315789473684 1 -1.2848909462384057e+266 -2.286693697744213e+266 0
-1.5789473684210527 -0.5263157894736842 1 1.8774809860941628e+303 3.3413374571534635e+303 0
-1.5789473684210527 -0.0 1 nan nan 0
-1.5789473684210527 0.0 1 nan nan 0
-1.5789473684210527 0.5263157894736842 1 nan nan 0
-1.5789473684210527 1.0526315789473684 1 nan nan 0
-1.5789473684210527 1.5789473684210527 1 nan nan 0
-0.0 -1.0526315789473684 1 2.997372335542495e+293 5.334361215279452e+293 0
-0.0 -0.5263157894736842 1 -inf -inf 0
-0.0 -0.0 1 nan nan 0
-0.0 0.0 1 nan nan 0
-0.0 0.5263157894736842 1 nan nan 0
-0.0 1.0526315789473684 1 nan nan 0
0.0 -1.0526315789473684 1 -inf -inf 0
0.0 -0.5263157894736842 1 nan nan 0
0.0 -0.0 1 nan nan 0
0.0 0.0 1 nan nan 0
0.0 0.5263157894736842 1 nan nan 0
0.0 1.0526315789473684 1 nan nan 0
1.5789473684210527 -1.0526315789473684 1 nan nan -0.11381491547254996
1.5789473684210527 -0.5263157894736842 1 nan nan -0.11381491547254996
1.5789473684210527 -0.0 1 nan nan -0.11381491547254996
1.5789473684210527 0.0 1 nan nan -0.11381491547254996
1.5789473684210527 0.5263157894736842 1 nan nan -0.11381491547254996
3.1578947368421053 -1.0526315789473684 1 nan nan 0.12099387106715938
3.1578947368421053 -0.5263157894736842 1 nan nan 0.12099387106715938
3.1578947368421053 -0.0 1 nan nan 0.12099387106715938
3.1578947368421053 0.0 1 nan nan 0.12099387106715938
3.1578947368421053 0.5263157894736842 1 nan nan 0.12099387106715938
4.7368421052631575 -0.5263157894736842 1 nan nan 0.43461203233558454
4.7368421052631575 -0.0 1 nan nan 0.43461203233558454
4.7368421052631575 0.0 1 nan nan 0.43461203233558454
4.7368421052631575 0.5263157894736842 1 nan nan 0.43461203233558454
4.7368421052631575 1.0526315789473684 1 nan nan 0.43461203233558454
6.315789473684211 0.5263157894736842 1 nan nan 0.40640618050417265
6.315789473684211 1.0526315789473684 1 nan nan 0.40640618050417265
6.315789473684211 1.5789473684210527 1 nan nan 0.40640618050417265
7.894736842105264 1.5789473684210527 1 nan nan -0.40336646558625444
7.894736842105264 2.1052631578947367 1 nan nan -0.40336646558625444
7.894736842105264 2.631578947368421 1 nan nan -0.40336646558625444
9.473684210526315 2.631578947368421 1 nan nan -2.3036964995816143
9.473684210526315 3.1578947368421053 1 nan nan -2.3036964995816143
9.473684210526315 3.6842105263157894 1 nan nan -2.3036964995816143
11.052631578947368 3.1578947368421053 1 nan nan -5.33827246757197
11.052631578947368 3.6842105263157894 1 nan nan -5.33827246757197
11.052631578947368 4.2105263157894735 1 nan nan -5.33827246757197
12.631578947368421 2.631578947368421 1 nan nan -9.198360256046712
12.631578947368421 3.1578947368421053 1 nan nan -9.198360256046712
12.631578947368421 3.6842105263157894 1 nan nan -9.198360256046712
