-15.789473684210527 -0.5263157894736842 1 nan nan 0
-15.789473684210527 -0.0 1 nan nan 0
-15.789473684210527 0.0 1 nan nan 0
-15.789473684210527 0.5263157894736842 1 nan nan 0
-14.210526315789474 -1.0526315789473684 1 nan nan 0
-14.210526315789474 -0.5263157894736842 1 nan nan 0
-14.210526315789474 -0.0 1 nan nan 0
-14.210526315789474 0.0 1 nan nan 0
-14.210526315789474 0.5263157894736842 1 nan nan 0
-14.210526315789474 1.0526315789473684 1 nan nan 0
-12.631578947368421 -1.0526315789473684 1 nan nan 0
-12.631578947368421 -0.5263157894736842 1 nan nan 0
-12.631578947368421 -0.0 1 nan nan 0
-12.631578947368421 0.0 1 nan nan 0
-12.631578947368421 0.5263157894736842 1 nan nan 0
-12.631578947368421 1.0526315789473684 1 nan nan 0
-11.052631578947368 -1.5789473684210527 1 nan nan 0
-11.052631578947368 -1.0526315789473684 1 nan nan 0
-11.052631578947368 -0.5263157894736842 1 nan nan 0
-11.052631578947368 -0.0 1 nan nan 0
-11.052631578947368 0.0 1 nan nan 0
-11.052631578947368 0.5263157894736842 1 nan nan 0
-11.052631578947368 1.0526315789473684 1 nan nan 0
-11.052631578947368 1.5789473684210527 1 nan nan 0
-9.473684210526315 -1.5789473684210527 1 nan nan 0
-9.473684210526315 -1.0526315789473684 1 nan nan 0
-9.473684210526315 -0.5263157894736842 1 nan nan 0
-9.473684210526315 -0.0 1 nan nan 0
-9.473684210526315 0.0 1 nan nan 0
-9.473684210526315 0.5263157894736842 1 nan nan 0
-9.473684210526315 1.0526315789473684 1 nan nan 0
-9.473684210526315 1.5789473684210527 1 nan nan 0
-7.894736842105264 -1.5789473684210527 1 nan nan 0
-7.894736842105264 -1.0526315789473684 1 nan nan 0
-7.894736842105264 -0.5263157894736842 1 nan nan 0
-7.894736842105264 -0.0 1 nan nan 0
-7.894736842105264 0.0 1 nan nan 0
-7.894736842105264 0.5263157894736842 1 nan nan 0
-7.894736842105264 1.0526315789473684 1 nan nan 0
-7.894736842105264 1.5789473684210527 1 nan nan 0
-6.315789473684211 -1.5789473684210527 1 nan nan 0
-6.315789473684211 -1.0526315789473684 1 nan nan 0
-6.315789473684211 -0.5263157894736842 1 nan nan 0
-6.315789473684211 -0.0 1 nan nan 0
-6.315789473684211 0.0 1 nan nan 0
-6.315789473684211 0.5263157894736842 1 nan nan 0
-6.315789473684211 1.0526315789473684 1 nan nan 0
-6.315789473684211 1.5789473684210527 1 nan nan 0
-4.7368421052631575 -1.5789473684210527 1 nan nan 0
-4.7368421052631575 -1.0526315789473684 1 nan nan 0
-4.7368421052631575 -0.5263157894736842 1 nan nan 0
-4.7368421052631575 -0.0 1 nan nan 0
-4.7368421052631575 0.0 1 nan nan 0
-4.7368421052631575 0.5263157894736842 1 nan nan 0
-4.7368421052631575 1.0526315789473684 1 nan nan 0
-4.7368421052631575 1.5789473684210527 1 nan nan 0
-3.1578947368421053 -1.5789473684210527 1 nan nan 0
-3.1578947368421053 -1.0526315789473684 1 nan nan 0
-3.1578947368421053 -0.5263157894736842 1 nan nan 0
-3.1578947368421053 -0.0 1 nan nan 0
-3.1578947368421053 0.0 1 nan nan 0
-3.1578947368421053 0.5263157894736842 1 nan nan 0
-3.1578947368421053 1.0526315789473684 1 nan nan 0
-3.1578947368421053 1.5789473684210527 1 nan nan 0
-1.5789473684210527 -1.5789473684210527 1 nan nan 0
-1.5789473684210527 -1.0526315789473684 1 nan nan 0
-1.5789473684210527 -0.5263157894736842 1 nan nan 0
-1.5789473684210527 -0.0 1 nan nan 0
-1.5789473684210527 0.0 1 nan nan 0
-1.5789473684210527 0.5263157894736842 1 nan nan 0
-1.5789473684210527 1.0526315789473684 1 nan nan 0
-1.5789473684210527 1.5789473684210527 1 nan nan 0
-0.0 -1.0526315789473684 1 nan nan 0
-0.0 -0.5263157894736842 1 nan nan 0
-0.0 -0.0 1 nan nan 0
-0.0 0.0 1 nan nan 0
-0.0 0.5263157894736842 1 nan nan 0
-0.0 1.0526315789473684 1 nan nan 0
0.0 -1.0526315789473684 1 nan nan 0
0.0 -0.5263157894736842 1 nan nan 0
0.0 -0.0 1 nan nan 0
0.0 0.0 1 nan nan 0
0.0 0.5263157894736842 1 nan nan 0
0.0 1.0526315789473684 1 nan nan 0
1.5789473684210527 -1.0526315789473684 1 nan nan -0.06245794800047163
1.5789473684210527 -0.5263157894736842 1 nan nan -0.06245794800047163
1.5789473684210527 -0.0 1 nan nan -0.06245794800047163
1.5789473684210527 0.0 1 nan nan -0.06245794800047163
1.5789473684210527 0.5263157894736842 1 nan nan -0.06245794800047163
3.1578947368421053 -1.0526315789473684 1 nan nan 0.032212446277947074
3.1578947368421053 -0.5263157894736842 1 nan nan 0.032212446277947074
3.1578947368421053 -0.0 1 nan nan 0.032212446277947074
3.1578947368421053 0.0 1 nan nan 0.032212446277947074
3.1578947368421053 0.5263157894736842 1 nan nan 0.032212446277947074
4.7368421052631575 -0.5263157894736842 1 nan nan -0.10537411428820143
4.7368421052631575 -0.0 1 nan nan -0.10537411428820143
4.7368421052631575 0.0 1 nan nan -0.10537411428820143
4.7368421052631575 0.5263157894736842 1 nan nan -0.10537411428820143
4.7368421052631575 1.0526315789473684 1 nan nan -0.10537411428820143
6.315789473684211 -0.0 1 nan nan -0.8490128553333551
6.315789473684211 0.0 1 nan nan -0.8490128553333551
6.315789473684211 0.5263157894736842 1 nan nan -0.8490128553333551
6.315789473684211 1.0526315789473684 1 nan nan -0.8490128553333551
6.315789473684211 1.5789473684210527 1 nan nan -0.8490128553333551
7.894736842105264 1.0526315789473684 1 nan nan -2.4162185039140502
7.894736842105264 1.5789473684210527 1 nan nan -2.4162185039140502
7.894736842105264 2.1052631578947367 1 nan nan -2.4162185039140502
9.473684210526315 1.0526315789473684 1 nan nan -4.75697138277713
9.473684210526315 1.5789473684210527 1 nan nan -4.75697138277713
9.473684210526315 2.1052631578947367 1 nan nan -4.75697138277713
11.052631578947368 -0.0 1 nan nan -7.499738059709377
11.052631578947368 0.0 1 nan nan -7.499738059709377
11.052631578947368 0.5263157894736842 1 nan nan -7.499738059709377
11.052631578947368 1.0526315789473684 1 nan nan -7.499738059709377
12.631578947368421 -1.5789473684210527 1 nan nan -9.972317803372547
12.631578947368421 -1.0526315789473684 1 nan nan -9.972317803372547
