-15.789473684210527 -0.5263157894736842 1 nan nan 0
-15.789473684210527 -0.0 1 nan nan 0
-15.789473684210527 0.0 1 nan nan 0
-15.789473684210527 0.5263157894736842 1 nan nan 0
-14.210526315789474 -1.0526315789473684 1 nan nan 0
-14.210526315789474 -0.5263157894736842 1 nan nan 0
-14.210526315789474 -0.0 1 nan nan 0
-14.210526315789474 0.0 1 nan nan 0
-14.210526315789474 0.5263157894736842 1 nan nan 0
-14.210526315789474 1.0526315789473684 1 nan nan 0
-12.631578947368421 -1.0526315789473684 1 nan nan 0
-12.631578947368421 -0.5263157894736842 1 nan nan 0
-12.631578947368421 -0.0 1 nan nan 0
-12.631578947368421 0.0 1 nan nan 0
-12.631578947368421 0.5263157894736842 1 nan nan 0
-12.631578947368421 1.0526315789473684 1 nan nan 0
-11.052631578947368 -1.5789473684210527 1 nan nan 0
-11.052631578947368 -1.0526315789473684 1 nan nan 0
-11.052631578947368 -0.5263157894736842 1 nan nan 0
-11.052631578947368 -0.0 1 nan nan 0
-11.052631578947368 0.0 1 nan nan 0
-11.052631578947368 0.5263157894736842 1 nan nan 0
-11.052631578947368 1.0526315789473684 1 nan nan 0
-11.052631578947368 1.5789473684210527 1 nan nan 0
-9.473684210526315 -1.5789473684210527 1 nan nan 0
-9.473684210526315 -1.0526315789473684 1 nan nan 0
-9.473684210526315 -0.5263157894736842 1 nan nan 0
-9.473684210526315 -0.0 1 nan nan 0
-9.473684210526315 0.0 1 nan nan 0
-9.473684210526315 0.5263157894736842 1 nan nan 0
-9.473684210526315 1.0526315789473684 1 nan nan 0
-9.473684210526315 1.5789473684210527 1 nan nan 0
-7.894736842105264 -1.5789473684210527 1 nan nan 0
-7.894736842105264 -1.0526315789473684 1 nan nan 0
-7.894736842105264 -0.5263157894736842 1 nan nan 0
-7.894736842105264 -0.0 1 nan nan 0
-7.894736842105264 0.0 1 nan nan 0
-7.894736842105264 0.5263157894736842 1 nan nan 0
-7.894736842105264 1.0526315789473684 1 nan nan 0
-7.894736842105264 1.5789473684210527 1 nan nan 0
-6.315789473684211 -1.5789473684210527 1 nan nan 0
-6.315789473684211 -1.0526315789473684 1 nan nan 0
-6.315789473684211 -0.5263157894736842 1 nan nan 0
-6.315789473684211 -0.0 1 nan nan 0
-6.315789473684211 0.0 1 nan nan 0
-6.315789473684211 0.5263157894736842 1 nan nan 0
-6.315789473684211 1.0526315789473684 1 nan nan 0
-6.315789473684211 1.5789473684210527 1 nan nan 0
-4.7368421052631575 -1.5789473684210527 1 nan nan 0
-4.7368421052631575 -1.0526315789473684 1 nan nan 0
-4.7368421052631575 -0.5263157894736842 1 nan nan 0
-4.7368421052631575 -0.0 1 nan nan 0
-4.7368421052631575 0.0 1 nan nan 0
-4.7368421052631575 0.5263157894736842 1 nan nan 0
-4.7368421052631575 1.0526315789473684 1 nan nan 0
-4.7368421052631575 1.5789473684210527 1 nan nan 0
-3.1578947368421053 -1.5789473684210527 1 nan nan 0
-3.1578947368421053 -1.0526315789473684 1 nan nan 0
-3.1578947368421053 -0.5263157894736842 1 nan nan 0
-3.1578947368421053 -0.0 1 nan nan 0
-3.1578947368421053 0.0 1 nan nan 0
-3.1578947368421053 0.5263157894736842 1 nan nan 0
-3.1578947368421053 1.0526315789473684 1 nan nan 0
-3.1578947368421053 1.5789473684210527 1 nan nan 0
-1.5789473684210527 -1.5789473684210527 1 nan nan 0
-1.5789473684210527 -1.0526315789473684 1 nan nan 0
-1.5789473684210527 -0.5263157894736842 1 nan nan 0
-1.5789473684210527 -0.0 1 nan nan 0
-1.5789473684210527 0.0 1 nan nan 0
-1.5789473684210527 0.5263157894736842 1 nan nan 0
-1.5789473684210527 1.0526315789473684 1 nan nan 0
-1.5789473684210527 1.5789473684210527 1 nan nan 0
-0.0 -1.0526315789473684 1 nan nan 0
-0.0 -0.5263157894736842 1 nan nan 0
-0.0 -0.0 1 nan nan 0
-0.0 0.0 1 nan nan 0
-0.0 0.5263157894736842 1 nan nan 0
-0.0 1.0526315789473684 1 nan nan 0
0.0 -1.0526315789473684 1 nan nan 0
0.0 -0.5263157894736842 1 nan nan 0
0.0 -0.0 1 nan nan 0
0.0 0.0 1 nan nan 0
0.0 0.5263157894736842 1 nan nan 0
0.0 1.0526315789473684 1 nan nan 0
1.5789473684210527 -1.0526315789473684 1 nan nan -0.053920692720586125
1.5789473684210527 -0.5263157894736842 1 nan nan -0.053920692720586125
1.5789473684210527 -0.0 1 nan nan -0.053920692720586125
1.5789473684210527 0.0 1 nan nan -0.053920692720586125
1.5789473684210527 0.5263157894736842 1 nan nan -0.053920692720586125
3.1578947368421053 -1.0526315789473684 1 nan nan 0.019820658985252166
3.1578947368421053 -0.5263157894736842 1 nan nan 0.019820658985252166
3.1578947368421053 -0.0 1 nan nan 0.019820658985252166
3.1578947368421053 0.0 1 nan nan 0.019820658985252166
3.1578947368421053 0.5263157894736842 1 nan nan 0.019820658985252166
4.7368421052631575 -0.5263157894736842 1 nan nan -0.17133111038223756
4.7368421052631575 -0.0 1 nan nan -0.17133111038223756
4.7368421052631575 0.0 1 nan nan -0.17133111038223756
4.7368421052631575 0.5263157894736842 1 nan nan -0.17133111038223756
4.7368421052631575 1.0526315789473684 1 nan nan -0.17133111038223756
6.315789473684211 -0.0 1 nan nan -0.9834875064099485
6.315789473684211 0.0 1 nan nan -0.9834875064099485
6.315789473684211 0.5263157894736842 1 nan nan -0.9834875064099485
6.315789473684211 1.0526315789473684 1 nan nan -0.9834875064099485
6.315789473684211 1.5789473684210527 1 nan nan -0.9834875064099485
7.894736842105264 0.5263157894736842 1 nan nan -2.5988693117751662
7.894736842105264 1.0526315789473684 1 nan nan -2.5988693117751662
7.894736842105264 1.5789473684210527 1 nan nan -2.5988693117751662
7.894736842105264 2.1052631578947367 1 nan nan -2.5988693117751662
9.473684210526315 0.5263157894736842 1 nan nan -4.9229792957125715
9.473684210526315 1.0526315789473684 1 nan nan -4.9229792957125715
9.473684210526315 1.5789473684210527 1 nan nan -4.9229792957125715
11.052631578947368 -0.0 1 nan nan -7.5426416511147805
11.052631578947368 0.0 1 nan nan -7.5426416511147805
11.052631578947368 0.5263157894736842 1 nan nan -7.5426416511147805
12.631578947368421 -2.1052631578947367 1 nan nan -9.76004311565763
12.631578947368421 -1.5789473684210527 1 nan nan -9.76004311565763
