-15.789473684210527 -0.5263157894736842 1 nan nan 0 0
-15.789473684210527 -0.0 1 nan nan 0 0
-15.789473684210527 0.0 1 nan nan 0 0
-15.789473684210527 0.5263157894736842 1 nan nan 0 0
-14.210526315789474 -1.0526315789473684 1 nan nan 0 0
-14.210526315789474 -0.5263157894736842 1 nan nan 0 0
-14.210526315789474 -0.0 1 nan nan 0 0
-14.210526315789474 0.0 1 nan nan 0 0
-14.210526315789474 0.5263157894736842 1 nan nan 0 0
-14.210526315789474 1.0526315789473684 1 nan nan 0 0
-12.631578947368421 -1.0526315789473684 1 nan nan 0 0
-12.631578947368421 -0.5263157894736842 1 nan nan 0 0
-12.631578947368421 -0.0 1 nan nan 0 0
-12.631578947368421 0.0 1 nan nan 0 0
-12.631578947368421 0.5263157894736842 1 nan nan 0 0
-12.631578947368421 1.0526315789473684 1 nan nan 0 0
-11.052631578947368 -1.5789473684210527 1 nan nan 0 0
-11.052631578947368 -1.0526315789473684 1 nan nan 0 0
-11.052631578947368 -0.5263157894736842 1 nan nan 0 0
-11.052631578947368 -0.0 1 nan nan 0 0
-11.052631578947368 0.0 1 nan nan 0 0
-11.052631578947368 0.5263157894736842 1 nan nan 0 0
-11.052631578947368 1.0526315789473684 1 nan nan 0 0
-11.052631578947368 1.5789473684210527 1 nan nan 0 0
-9.473684210526315 -1.5789473684210527 1 nan nan 0 0
-9.473684210526315 -1.0526315789473684 1 nan nan 0 0
-9.473684210526315 -0.5263157894736842 1 nan nan 0 0
-9.473684210526315 -0.0 1 nan nan 0 0
-9.473684210526315 0.0 1 nan nan 0 0
-9.473684210526315 0.5263157894736842 1 nan nan 0 0
-9.473684210526315 1.0526315789473684 1 nan nan 0 0
-9.473684210526315 1.5789473684210527 1 nan nan 0 0
-7.894736842105264 -1.5789473684210527 1 nan nan 0 0
-7.894736842105264 -1.0526315789473684 1 nan nan 0 0
-7.894736842105264 -0.5263157894736842 1 nan nan 0 0
-7.894736842105264 -0.0 1 nan nan 0 0
-7.894736842105264 0.0 1 nan nan 0 0
-7.894736842105264 0.5263157894736842 1 nan nan 0 0
-7.894736842105264 1.0526315789473684 1 nan nan 0 0
-7.894736842105264 1.5789473684210527 1 nan nan 0 0
-6.315789473684211 -1.5789473684210527 1 nan nan 0 0
-6.315789473684211 -1.0526315789473684 1 nan nan 0 0
-6.315789473684211 -0.5263157894736842 1 nan nan 0 0
-6.315789473684211 -0.0 1 nan nan 0 0
-6.315789473684211 0.0 1 nan nan 0 0
-6.315789473684211 0.5263157894736842 1 nan nan 0 0
-6.315789473684211 1.0526315789473684 1 nan nan 0 0
-6.315789473684211 1.5789473684210527 1 nan nan 0 0
-4.7368421052631575 -1.5789473684210527 1 nan nan 0 0
-4.7368421052631575 -1.0526315789473684 1 nan nan 0 0
-4.7368421052631575 -0.5263157894736842 1 nan nan 0 0
-4.7368421052631575 -0.0 1 nan nan 0 0
-4.7368421052631575 0.0 1 nan nan 0 0
-4.7368421052631575 0.5263157894736842 1 nan nan 0 0
-4.7368421052631575 1.0526315789473684 1 nan nan 0 0
-4.7368421052631575 1.5789473684210527 1 nan nan 0 0
-3.1578947368421053 -1.5789473684210527 1 nan nan 0 0
-3.1578947368421053 -1.0526315789473684 1 nan nan 0 0
-3.1578947368421053 -0.5263157894736842 1 nan nan 0 0
-3.1578947368421053 -0.0 1 nan nan 0 0
-3.1578947368421053 0.0 1 nan nan 0 0
-3.1578947368421053 0.5263157894736842 1 nan nan 0 0
-3.1578947368421053 1.0526315789473684 1 nan nan 0 0
-3.1578947368421053 1.5789473684210527 1 nan nan 0 0
-1.5789473684210527 -1.5789473684210527 1 nan nan 0 0
-1.5789473684210527 -1.0526315789473684 1 nan nan 0 0
-1.5789473684210527 -0.5263157894736842 1 nan nan 0 0
-1.5789473684210527 -0.0 1 nan nan 0 0
-1.5789473684210527 0.0 1 nan nan 0 0
-1.5789473684210527 0.5263157894736842 1 nan nan 0 0
-1.5789473684210527 1.0526315789473684 1 nan nan 0 0
-1.5789473684210527 1.5789473684210527 1 nan nan 0 0
-0.0 -1.0526315789473684 1 nan nan 0 0
-0.0 -0.5263157894736842 1 nan nan 0 0
-0.0 -0.0 1 nan nan 0 0
-0.0 0.0 1 nan nan 0 0
-0.0 0.5263157894736842 1 nan nan 0 0
-0.0 1.0526315789473684 1 nan nan 0 0
0.0 -1.0526315789473684 1 nan nan 0 0
0.0 -0.5263157894736842 1 nan nan 0 0
0.0 -0.0 1 nan nan 0 0
0.0 0.0 1 nan nan 0 0
0.0 0.5263157894736842 1 nan nan 0 0
0.0 1.0526315789473684 1 nan nan 0 0
1.5789473684210527 -1.0526315789473684 1 nan nan 0 -0.09159421420399469
1.5789473684210527 -0.5263157894736842 1 nan nan 0 -0.09159421420399469
1.5789473684210527 -0.0 1 nan nan 0 -0.09159421420399469
1.5789473684210527 0.0 1 nan nan 0 -0.09159421420399469
1.5789473684210527 0.5263157894736842 1 nan nan 0 -0.09159421420399469
3.1578947368421053 -1.0526315789473684 1 nan nan 0 0.07808791115502735
3.1578947368421053 -0.5263157894736842 1 nan nan 0 0.07808791115502735
3.1578947368421053 -0.0 1 nan nan 0 0.07808791115502735
3.1578947368421053 0.0 1 nan nan 0 0.07808791115502735
3.1578947368421053 0.5263157894736842 1 nan nan 0 0.07808791115502735
4.7368421052631575 -0.5263157894736842 1 nan nan 0 0.1557817250960662
4.7368421052631575 -0.0 1 nan nan 0 0.1557817250960662
4.7368421052631575 0.0 1 nan nan 0 0.1557817250960662
4.7368421052631575 0.5263157894736842 1 nan nan 0 0.1557817250960662
4.7368421052631575 1.0526315789473684 1 nan nan 0 0.1557817250960662
6.315789473684211 0.5263157894736842 1 nan nan 0 -0.27766975655480064
6.315789473684211 1.0526315789473684 1 nan nan 0 -0.27766975655480064
6.315789473684211 1.5789473684210527 1 nan nan 0 -0.27766975655480064
7.894736842105264 1.0526315789473684 1 nan nan 0 -1.5627293930218924
7.894736842105264 1.5789473684210527 1 nan nan 0 -1.5627293930218924
7.894736842105264 2.1052631578947367 1 nan nan 0 -1.5627293930218924
7.894736842105264 2.631578947368421 1 nan nan 0 -1.5627293930218924
9.473684210526315 1.5789473684210527 1 nan nan 0 -3.8241955367499094
9.473684210526315 2.1052631578947367 1 nan nan 0 -3.8241955367499094
9.473684210526315 2.631578947368421 1 nan nan 0 -3.8241955367499094
9.473684210526315 3.1578947368421053 1 nan nan 0 -3.8241955367499094
11.052631578947368 1.5789473684210527 1 nan nan 0 -6.87412247665115
11.052631578947368 2.1052631578947367 1 nan nan 0 -6.87412247665115
11.052631578947368 2.631578947368421 1 nan nan 0 -6.87412247665115
12.631578947368421 0.5263157894736842 1 nan nan 0 -10.180437119367578
12.631578947368421 1.0526315789473684 1 nan nan 0 -10.180437119367578
