-15.789473684210527 -0.5263157894736842 1 nan nan 0 0
-15.789473684210527 -0.0 1 nan nan 0 0
-15.789473684210527 0.0 1 nan nan 0 0
-15.789473684210527 0.5263157894736842 1 nan nan 0 0
-14.210526315789474 -1.0526315789473684 1 nan nan 0 0
-14.210526315789474 -0.5263157894736842 1 nan nan 0 0
-14.210526315789474 -0.0 1 nan nan 0 0
-14.210526315789474 0.0 1 nan nan 0 0
-14.210526315789474 0.5263157894736842 1 nan nan 0 0
-14.210526315789474 1.0526315789473684 1 nan nan 0 0
-12.631578947368421 -1.0526315789473684 1 nan nan 0 0
-12.631578947368421 -0.5263157894736842 1 nan nan 0 0
-12.631578947368421 -0.0 1 nan nan 0 0
-12.631578947368421 0.0 1 nan nan 0 0
-12.631578947368421 0.5263157894736842 1 nan nan 0 0
-12.631578947368421 1.0526315789473684 1 nan nan 0 0
-11.052631578947368 -1.5789473684210527 1 nan nan 0 0
-11.052631578947368 -1.0526315789473684 1 nan nan 0 0
-11.052631578947368 -0.5263157894736842 1 nan nan 0 0
-11.052631578947368 -0.0 1 nan nan 0 0
-11.052631578947368 0.0 1 nan nan 0 0
-11.052631578947368 0.5263157894736842 1 nan nan 0 0
-11.052631578947368 1.0526315789473684 1 nan nan 0 0
-11.052631578947368 1.5789473684210527 1 nan nan 0 0
-9.473684210526315 -1.5789473684210527 1 nan nan 0 0
-9.473684210526315 -1.0526315789473684 1 nan nan 0 0
-9.473684210526315 -0.5263157894736842 1 nan nan 0 0
-9.473684210526315 -0.0 1 nan nan 0 0
-9.473684210526315 0.0 1 nan nan 0 0
-9.473684210526315 0.5263157894736842 1 nan nan 0 0
-9.473684210526315 1.0526315789473684 1 nan nan 0 0
-9.473684210526315 1.5789473684210527 1 nan nan 0 0
-7.894736842105264 -1.5789473684210527 1 nan nan 0 0
-7.894736842105264 -1.0526315789473684 1 nan nan 0 0
-7.894736842105264 -0.5263157894736842 1 nan nan 0 0
-7.894736842105264 -0.0 1 nan nan 0 0
-7.894736842105264 0.0 1 nan nan 0 0
-7.894736842105264 0.5263157894736842 1 nan nan 0 0
-7.894736842105264 1.0526315789473684 1 nan nan 0 0
-7.894736842105264 1.5789473684210527 1 nan nan 0 0
-6.315789473684211 -1.5789473684210527 1 nan nan 0 0
-6.315789473684211 -1.0526315789473684 1 nan nan 0 0
-6.315789473684211 -0.5263157894736842 1 nan nan 0 0
-6.315789473684211 -0.0 1 nan nan 0 0
-6.315789473684211 0.0 1 nan nan 0 0
-6.315789473684211 0.5263157894736842 1 nan nan 0 0
-6.315789473684211 1.0526315789473684 1 nan nan 0 0
-6.315789473684211 1.5789473684210527 1 nan nan 0 0
-4.7368421052631575 -1.5789473684210527 1 nan nan 0 0
-4.7368421052631575 -1.0526315789473684 1 nan nan 0 0
-4.7368421052631575 -0.5263157894736842 1 nan nan 0 0
-4.7368421052631575 -0.0 1 nan nan 0 0
-4.7368421052631575 0.0 1 nan nan 0 0
-4.7368421052631575 0.5263157894736842 1 nan nan 0 0
-4.7368421052631575 1.0526315789473684 1 nan nan 0 0
-4.7368421052631575 1.5789473684210527 1 nan nan 0 0
-3.1578947368421053 -1.5789473684210527 1 nan nan 0 0
-3.1578947368421053 -1.0526315789473684 1 nan nan 0 0
-3.1578947368421053 -0.5263157894736842 1 nan nan 0 0
-3.1578947368421053 -0.0 1 nan nan 0 0
-3.1578947368421053 0.0 1 nan nan 0 0
-3.1578947368421053 0.5263157894736842 1 nan nan 0 0
-3.1578947368421053 1.0526315789473684 1 nan nan 0 0
-3.1578947368421053 1.5789473684210527 1 nan nan 0 0
-1.5789473684210527 -1.5789473684210527 1 nan nan 0 0
-1.5789473684210527 -1.0526315789473684 1 nan nan 0 0
-1.5789473684210527 -0.5263157894736842 1 nan nan 0 0
-1.5789473684210527 -0.0 1 nan nan 0 0
-1.5789473684210527 0.0 1 nan nan 0 0
-1.5789473684210527 0.5263157894736842 1 nan nan 0 0
-1.5789473684210527 1.0526315789473684 1 nan nan 0 0
-1.5789473684210527 1.5789473684210527 1 nan nan 0 0
-0.0 -1.0526315789473684 1 nan nan 0 0
-0.0 -0.5263157894736842 1 nan nan 0 0
-0.0 -0.0 1 nan nan 0 0
-0.0 0.0 1 nan nan 0 0
-0.0 0.5263157894736842 1 nan nan 0 0
-0.0 1.0526315789473684 1 nan nan 0 0
0.0 -1.0526315789473684 1 nan nan 0 0
0.0 -0.5263157894736842 1 nan nan 0 0
0.0 -0.0 1 nan nan 0 0
0.0 0.0 1 nan nan 0 0
0.0 0.5263157894736842 1 nan nan 0 0
0.0 1.0526315789473684 1 nan nan 0 0
1.5789473684210527 -1.0526315789473684 1 nan nan 0 -0.10697306301860587
1.5789473684210527 -0.5263157894736842 1 nan nan 0 -0.10697306301860587
1.5789473684210527 -0.0 1 nan nan 0 -0.10697306301860587
1.5789473684210527 0.0 1 nan nan 0 -0.10697306301860587
1.5789473684210527 0.5263157894736842 1 nan nan 0 -0.10697306301860587
3.1578947368421053 -1.0526315789473684 1 nan nan 0 0.10625722442320532
3.1578947368421053 -0.5263157894736842 1 nan nan 0 0.10625722442320532
3.1578947368421053 -0.0 1 nan nan 0 0.10625722442320532
3.1578947368421053 0.0 1 nan nan 0 0.10625722442320532
3.1578947368421053 0.5263157894736842 1 nan nan 0 0.10625722442320532
4.7368421052631575 -0.5263157894736842 1 nan nan 0 0.3334114825082787
4.7368421052631575 -0.0 1 nan nan 0 0.3334114825082787
4.7368421052631575 0.0 1 nan nan 0 0.3334114825082787
4.7368421052631575 0.5263157894736842 1 nan nan 0 0.3334114825082787
4.7368421052631575 1.0526315789473684 1 nan nan 0 0.3334114825082787
6.315789473684211 0.5263157894736842 1 nan nan 0 0.14793024673217173
6.315789473684211 1.0526315789473684 1 nan nan 0 0.14793024673217173
6.315789473684211 1.5789473684210527 1 nan nan 0 0.14793024673217173
7.894736842105264 1.5789473684210527 1 nan nan 0 -0.8582982352573933
7.894736842105264 2.1052631578947367 1 nan nan 0 -0.8582982352573933
7.894736842105264 2.631578947368421 1 nan nan 0 -0.8582982352573933
9.473684210526315 2.1052631578947367 1 nan nan 0 -2.9277507270704346
9.473684210526315 2.631578947368421 1 nan nan 0 -2.9277507270704346
9.473684210526315 3.1578947368421053 1 nan nan 0 -2.9277507270704346
11.052631578947368 2.631578947368421 1 nan nan 0 -6.015142663917083
11.052631578947368 3.1578947368421053 1 nan nan 0 -6.015142663917083
11.052631578947368 3.6842105263157894 1 nan nan 0 -6.015142663917083
12.631578947368421 1.5789473684210527 1 nan nan 0 -9.720533454912994
12.631578947368421 2.1052631578947367 1 nan nan 0 -9.720533454912994
12.631578947368421 2.631578947368421 1 nan nan 0 -9.720533454912994
