-15.789473684210527 -0.5263157894736842 1 nan nan 0 0
-15.789473684210527 -0.0 1 nan nan 0 0
-15.789473684210527 0.0 1 nan nan 0 0
-15.789473684210527 0.5263157894736842 1 nan nan 0 0
-14.210526315789474 -1.0526315789473684 1 nan nan 0 0
-14.210526315789474 -0.5263157894736842 1 nan nan 0 0
-14.210526315789474 -0.0 1 nan nan 0 0
-14.210526315789474 0.0 1 nan nan 0 0
-14.210526315789474 0.5263157894736842 1 nan nan 0 0
-14.210526315789474 1.0526315789473684 1 nan nan 0 0
-12.631578947368421 -1.0526315789473684 1 nan nan 0 0
-12.631578947368421 -0.5263157894736842 1 nan nan 0 0
-12.631578947368421 -0.0 1 nan nan 0 0
-12.631578947368421 0.0 1 nan nan 0 0
-12.631578947368421 0.5263157894736842 1 nan nan 0 0
-12.631578947368421 1.0526315789473684 1 nan nan 0 0
-11.052631578947368 -1.5789473684210527 1 nan nan 0 0
-11.052631578947368 -1.0526315789473684 1 nan nan 0 0
-11.052631578947368 -0.5263157894736842 1 nan nan 0 0
-11.052631578947368 -0.0 1 nan nan 0 0
-11.052631578947368 0.0 1 nan nan 0 0
-11.052631578947368 0.5263157894736842 1 nan nan 0 0
-11.052631578947368 1.0526315789473684 1 nan nan 0 0
-11.052631578947368 1.5789473684210527 1 nan nan 0 0
-9.473684210526315 -1.5789473684210527 1 nan nan 0 0
-9.473684210526315 -1.0526315789473684 1 nan nan 0 0
-9.473684210526315 -0.5263157894736842 1 nan nan 0 0
-9.473684210526315 -0.0 1 nan nan 0 0
-9.473684210526315 0.0 1 nan nan 0 0
-9.473684210526315 0.5263157894736842 1 nan nan 0 0
-9.473684210526315 1.0526315789473684 1 nan nan 0 0
-9.473684210526315 1.5789473684210527 1 nan nan 0 0
-7.894736842105264 -1.5789473684210527 1 nan nan 0 0
-7.894736842105264 -1.0526315789473684 1 nan nan 0 0
-7.894736842105264 -0.5263157894736842 1 nan nan 0 0
-7.894736842105264 -0.0 1 nan nan 0 0
-7.894736842105264 0.0 1 nan nan 0 0
-7.894736842105264 0.5263157894736842 1 nan nan 0 0
-7.894736842105264 1.0526315789473684 1 nan nan 0 0
-7.894736842105264 1.5789473684210527 1 nan nan 0 0
-6.315789473684211 -1.5789473684210527 1 nan nan 0 0
-6.315789473684211 -1.0526315789473684 1 nan nan 0 0
-6.315789473684211 -0.5263157894736842 1 nan nan 0 0
-6.315789473684211 -0.0 1 nan nan 0 0
-6.315789473684211 0.0 1 nan nan 0 0
-6.315789473684211 0.5263157894736842 1 nan nan 0 0
-6.315789473684211 1.0526315789473684 1 nan nan 0 0
-6.315789473684211 1.5789473684210527 1 nan nan 0 0
-4.7368421052631575 -1.5789473684210527 1 nan nan 0 0
-4.7368421052631575 -1.0526315789473684 1 nan nan 0 0
-4.7368421052631575 -0.5263157894736842 1 nan nan 0 0
-4.7368421052631575 -0.0 1 nan nan 0 0
-4.7368421052631575 0.0 1 nan nan 0 0
-4.7368421052631575 0.5263157894736842 1 nan nan 0 0
-4.7368421052631575 1.0526315789473684 1 nan nan 0 0
-4.7368421052631575 1.5789473684210527 1 nan nan 0 0
-3.1578947368421053 -1.5789473684210527 1 nan nan 0 0
-3.1578947368421053 -1.0526315789473684 1 nan nan 0 0
-3.1578947368421053 -0.5263157894736842 1 nan nan 0 0
-3.1578947368421053 -0.0 1 nan nan 0 0
-3.1578947368421053 0.0 1 nan nan 0 0
-3.1578947368421053 0.5263157894736842 1 nan nan 0 0
-3.1578947368421053 1.0526315789473684 1 nan nan 0 0
-3.1578947368421053 1.5789473684210527 1 nan nan 0 0
-1.5789473684210527 -1.5789473684210527 1 nan nan 0 0
-1.5789473684210527 -1.0526315789473684 1 nan nan 0 0
-1.5789473684210527 -0.5263157894736842 1 nan nan 0 0
-1.5789473684210527 -0.0 1 nan nan 0 0
-1.5789473684210527 0.0 1 nan nan 0 0
-1.5789473684210527 0.5263157894736842 1 nan nan 0 0
-1.5789473684210527 1.0526315789473684 1 nan nan 0 0
-1.5789473684210527 1.5789473684210527 1 nan nan 0 0
-0.0 -1.0526315789473684 1 nan nan 0 0
-0.0 -0.5263157894736842 1 nan nan 0 0
-0.0 -0.0 1 nan nan 0 0
-0.0 0.0 1 nan nan 0 0
-0.0 0.5263157894736842 1 nan nan 0 0
-0.0 1.0526315789473684 1 nan nan 0 0
0.0 -1.0526315789473684 1 nan nan 0 0
0.0 -0.5263157894736842 1 nan nan 0 0
0.0 -0.0 1 nan nan 0 0
0.0 0.0 1 nan nan 0 0
0.0 0.5263157894736842 1 nan nan 0 0
0.0 1.0526315789473684 1 nan nan 0 0
1.5789473684210527 -1.0526315789473684 1 nan nan 0 -0.1114634991710725
1.5789473684210527 -0.5263157894736842 1 nan nan 0 -0.1114634991710725
1.5789473684210527 -0.0 1 nan nan 0 -0.1114634991710725
1.5789473684210527 0.0 1 nan nan 0 -0.1114634991710725
1.5789473684210527 0.5263157894736842 1 nan nan 0 -0.1114634991710725
3.1578947368421053 -1.0526315789473684 1 nan nan 0 0.11565569439364332
3.1578947368421053 -0.5263157894736842 1 nan nan 0 0.11565569439364332
3.1578947368421053 -0.0 1 nan nan 0 0.11565569439364332
3.1578947368421053 0.0 1 nan nan 0 0.11565569439364332
3.1578947368421053 0.5263157894736842 1 nan nan 0 0.11565569439364332
4.7368421052631575 -0.5263157894736842 1 nan nan 0 0.39708043081469047
4.7368421052631575 -0.0 1 nan nan 0 0.39708043081469047
4.7368421052631575 0.0 1 nan nan 0 0.39708043081469047
4.7368421052631575 0.5263157894736842 1 nan nan 0 0.39708043081469047
4.7368421052631575 1.0526315789473684 1 nan nan 0 0.39708043081469047
6.315789473684211 0.5263157894736842 1 nan nan 0 0.3089969731095224
6.315789473684211 1.0526315789473684 1 nan nan 0 0.3089969731095224
6.315789473684211 1.5789473684210527 1 nan nan 0 0.3089969731095224
7.894736842105264 1.5789473684210527 1 nan nan 0 -0.5772760625921081
7.894736842105264 2.1052631578947367 1 nan nan 0 -0.5772760625921081
7.894736842105264 2.631578947368421 1 nan nan 0 -0.5772760625921081
9.473684210526315 2.631578947368421 1 nan nan 0 -2.54611312763374
9.473684210526315 3.1578947368421053 1 nan nan 0 -2.54611312763374
9.473684210526315 3.6842105263157894 1 nan nan 0 -2.54611312763374
11.052631578947368 2.631578947368421 1 nan nan 0 -5.60746046225111
11.052631578947368 3.1578947368421053 1 nan nan 0 -5.60746046225111
11.052631578947368 3.6842105263157894 1 nan nan 0 -5.60746046225111
12.631578947368421 2.1052631578947367 1 nan nan 0 -9.417215968324378
12.631578947368421 2.631578947368421 1 nan nan 0 -9.417215968324378
12.631578947368421 3.1578947368421053 1 nan nan 0 -9.417215968324378
