-15.789473684210527 -0.5263157894736842 1 nan nan 0 0
-15.789473684210527 -0.0 1 nan nan 0 0
-15.789473684210527 0.0 1 nan nan 0 0
-15.789473684210527 0.5263157894736842 1 nan nan 0 0
-14.210526315789474 -1.0526315789473684 1 nan nan 0 0
-14.210526315789474 -0.5263157894736842 1 nan nan 0 0
-14.210526315789474 -0.0 1 nan nan 0 0
-14.210526315789474 0.0 1 nan nan 0 0
-14.210526315789474 0.5263157894736842 1 nan nan 0 0
-14.210526315789474 1.0526315789473684 1 nan nan 0 0
-12.631578947368421 -1.0526315789473684 1 nan nan 0 0
-12.631578947368421 -0.5263157894736842 1 nan nan 0 0
-12.631578947368421 -0.0 1 nan nan 0 0
-12.631578947368421 0.0 1 nan nan 0 0
-12.631578947368421 0.5263157894736842 1 nan nan 0 0
-12.631578947368421 1.0526315789473684 1 nan nan 0 0
-11.052631578947368 -1.5789473684210527 1 nan nan 0 0
-11.052631578947368 -1.0526315789473684 1 nan nan 0 0
-11.052631578947368 -0.5263157894736842 1 nan nan 0 0
-11.052631578947368 -0.0 1 nan nan 0 0
-11.052631578947368 0.0 1 nan nan 0 0
-11.052631578947368 0.5263157894736842 1 nan nan 0 0
-11.052631578947368 1.0526315789473684 1 nan nan 0 0
-11.052631578947368 1.5789473684210527 1 nan nan 0 0
-9.473684210526315 -1.5789473684210527 1 nan nan 0 0
-9.473684210526315 -1.0526315789473684 1 nan nan 0 0
-9.473684210526315 -0.5263157894736842 1 nan nan 0 0
-9.473684210526315 -0.0 1 nan nan 0 0
-9.473684210526315 0.0 1 nan nan 0 0
-9.473684210526315 0.5263157894736842 1 nan nan 0 0
-9.473684210526315 1.0526315789473684 1 nan nan 0 0
-9.473684210526315 1.5789473684210527 1 nan nan 0 0
-7.894736842105264 -1.5789473684210527 1 nan nan 0 0
-7.894736842105264 -1.0526315789473684 1 nan nan 0 0
-7.894736842105264 -0.5263157894736842 1 nan nan 0 0
-7.894736842105264 -0.0 1 nan nan 0 0
-7.894736842105264 0.0 1 nan nan 0 0
-7.894736842105264 0.5263157894736842 1 nan nan 0 0
-7.894736842105264 1.0526315789473684 1 nan nan 0 0
-7.894736842105264 1.5789473684210527 1 nan nan 0 0
-6.315789473684211 -1.5789473684210527 1 nan nan 0 0
-6.315789473684211 -1.0526315789473684 1 nan nan 0 0
-6.315789473684211 -0.5263157894736842 1 nan nan 0 0
-6.315789473684211 -0.0 1 nan nan 0 0
-6.315789473684211 0.0 1 nan nan 0 0
-6.315789473684211 0.5263157894736842 1 nan nan 0 0
-6.315789473684211 1.0526315789473684 1 nan nan 0 0
-6.315789473684211 1.5789473684210527 1 nan nan 0 0
-4.7368421052631575 -1.5789473684210527 1 nan nan 0 0
-4.7368421052631575 -1.0526315789473684 1 nan nan 0 0
-4.7368421052631575 -0.5263157894736842 1 nan nan 0 0
-4.7368421052631575 -0.0 1 nan nan 0 0
-4.7368421052631575 0.0 1 nan nan 0 0
-4.7368421052631575 0.5263157894736842 1 nan nan 0 0
-4.7368421052631575 1.0526315789473684 1 nan nan 0 0
-4.7368421052631575 1.5789473684210527 1 nan nan 0 0
-3.1578947368421053 -1.5789473684210527 1 nan nan 0 0
-3.1578947368421053 -1.0526315789473684 1 nan nan 0 0
-3.1578947368421053 -0.5263157894736842 1 nan nan 0 0
-3.1578947368421053 -0.0 1 nan nan 0 0
-3.1578947368421053 0.0 1 nan nan 0 0
-3.1578947368421053 0.5263157894736842 1 nan nan 0 0
-3.1578947368421053 1.0526315789473684 1 nan nan 0 0
-3.1578947368421053 1.5789473684210527 1 nan nan 0 0
-1.5789473684210527 -1.5789473684210527 1 nan nan 0 0
-1.5789473684210527 -1.0526315789473684 1 nan nan 0 0
-1.5789473684210527 -0.5263157894736842 1 nan nan 0 0
-1.5789473684210527 -0.0 1 nan nan 0 0
-1.5789473684210527 0.0 1 nan nan 0 0
-1.5789473684210527 0.5263157894736842 1 nan nan 0 0
-1.5789473684210527 1.0526315789473684 1 nan nan 0 0
-1.5789473684210527 1.5789473684210527 1 nan nan 0 0
-0.0 -1.0526315789473684 1 nan nan 0 0
-0.0 -0.5263157894736842 1 nan nan 0 0
-0.0 -0.0 1 nan nan 0 0
-0.0 0.0 1 nan nan 0 0
-0.0 0.5263157894736842 1 nan nan 0 0
-0.0 1.0526315789473684 1 nan nan 0 0
0.0 -1.0526315789473684 1 nan nan 0 0
0.0 -0.5263157894736842 1 nan nan 0 0
0.0 -0.0 1 nan nan 0 0
0.0 0.0 1 nan nan 0 0
0.0 0.5263157894736842 1 nan nan 0 0
0.0 1.0526315789473684 1 nan nan 0 0
1.5789473684210527 -1.0526315789473684 1 nan nan 0 -0.09572240009545238
1.5789473684210527 -0.5263157894736842 1 nan nan 0 -0.09572240009545238
1.5789473684210527 -0.0 1 nan nan 0 -0.09572240009545238
1.5789473684210527 0.0 1 nan nan 0 -0.09572240009545238
1.5789473684210527 0.5263157894736842 1 nan nan 0 -0.09572240009545238
3.1578947368421053 -1.0526315789473684 1 nan nan 0 0.08524119068912774
3.1578947368421053 -0.5263157894736842 1 nan nan 0 0.08524119068912774
3.1578947368421053 -0.0 1 nan nan 0 0.08524119068912774
3.1578947368421053 0.0 1 nan nan 0 0.08524119068912774
3.1578947368421053 0.5263157894736842 1 nan nan 0 0.08524119068912774
4.7368421052631575 -0.5263157894736842 1 nan nan 0 0.1993563302150158
4.7368421052631575 -0.0 1 nan nan 0 0.1993563302150158
4.7368421052631575 0.0 1 nan nan 0 0.1993563302150158
4.7368421052631575 0.5263157894736842 1 nan nan 0 0.1993563302150158
4.7368421052631575 1.0526315789473684 1 nan nan 0 0.1993563302150158
6.315789473684211 0.5263157894736842 1 nan nan 0 -0.17622852067923198
6.315789473684211 1.0526315789473684 1 nan nan 0 -0.17622852067923198
6.315789473684211 1.5789473684210527 1 nan nan 0 -0.17622852067923198
7.894736842105264 1.0526315789473684 1 nan nan 0 -1.399851121117663
7.894736842105264 1.5789473684210527 1 nan nan 0 -1.399851121117663
7.894736842105264 2.1052631578947367 1 nan nan 0 -1.399851121117663
7.894736842105264 2.631578947368421 1 nan nan 0 -1.399851121117663
9.473684210526315 2.1052631578947367 1 nan nan 0 -3.625275986120547
9.473684210526315 2.631578947368421 1 nan nan 0 -3.625275986120547
9.473684210526315 3.1578947368421053 1 nan nan 0 -3.625275986120547
11.052631578947368 1.5789473684210527 1 nan nan 0 -6.698128617089523
11.052631578947368 2.1052631578947367 1 nan nan 0 -6.698128617089523
11.052631578947368 2.631578947368421 1 nan nan 0 -6.698128617089523
12.631578947368421 0.5263157894736842 1 nan nan 0 -10.115799745382036
12.631578947368421 1.0526315789473684 1 nan nan 0 -10.115799745382036
12.631578947368421 1.5789473684210527 1 nan nan 0 -10.115799745382036
