-15.789473684210527 -0.5263157894736842 1 -2.4870685188356316 -6.958491487206642 0
-15.789473684210527 -0.0 1 -2.4861190855994595 -6.956187690188378 0
-15.789473684210527 0.0 1 -2.4843107050624686 -6.952562834513232 0
-15.789473684210527 0.5263157894736842 1 -2.4839253665694554 -6.951873450056757 0
-14.210526315789474 -1.0526315789473684 1 -1.4767473898207486 -4.937887049715465 0
-14.210526315789474 -0.5263157894736842 1 -1.474450887588207 -4.93276268147952 0
-14.210526315789474 -0.0 1 -1.4756082629104768 -4.935063811935951 0
-14.210526315789474 0.0 1 -1.474534621998402 -4.9329162366699215 0
-14.210526315789474 0.5263157894736842 1 -1.4754317319816965 -4.934710991873373 0
-14.210526315789474 1.0526315789473684 1 -1.474914598329716 -4.933809587928204 0
-12.631578947368421 -1.0526315789473684 1 -0.19671896090787633 -2.377776727110397 0
-12.631578947368421 -0.5263157894736842 1 -0.20495591640402377 -2.393757850862423 0
-12.631578947368421 -0.0 1 -0.20511494944640396 -2.3940639557942394 0
-12.631578947368421 0.0 1 -0.2053696293229199 -2.3945730791527255 0
-12.631578947368421 0.5263157894736842 1 -0.20480565078462476 -2.3934451171218756 0
-12.631578947368421 1.0526315789473684 1 -0.2053637973893847 -2.39458178237456 0
-11.052631578947368 -1.5789473684210527 1 1.2623608426698294 0.5402611250473695 0
-11.052631578947368 -1.0526315789473684 1 1.253429609839516 0.5230180913227978 0
-11.052631578947368 -0.5263157894736842 1 1.2427279989201356 0.5016332537240697 0
-11.052631578947368 -0.0 1 1.2352982413982287 0.4867741381863566 0
-11.052631578947368 0.0 1 1.2328237133102509 0.48182505816023236 0
-11.052631578947368 0.5263157894736842 1 1.2311566489344006 0.4784909095753065 0
-11.052631578947368 1.0526315789473684 1 1.2287309798954984 0.4736395539035074 0
-11.052631578947368 1.5789473684210527 1 1.2333098950292531 0.4827076820764473 0
-9.473684210526315 -1.5789473684210527 1 2.8062535621815305 3.6281195106727777 0
-9.473684210526315 -1.0526315789473684 1 2.7853854638330797 3.5869429398277743 0
-9.473684210526315 -0.5263157894736842 1 2.774303952001932 3.564795283265394 0
-9.473684210526315 -0.0 1 2.7648407492199776 3.5458691802649955 0
-9.473684210526315 0.0 1 2.758199853012656 3.5325873423625196 0
-9.473684210526315 0.5263157894736842 1 2.7545534130817053 3.525294430402416 0
-9.473684210526315 1.0526315789473684 1 2.751351166189246 3.518890045476998 0
-9.473684210526315 1.5789473684210527 1 2.751359307619148 3.518935790354697 0
-7.894736842105264 -1.5789473684210527 1 4.3595630762294215 6.7347192009640935 0
-7.894736842105264 -1.0526315789473684 1 4.338318914163724 6.69281689303179 0
-7.894736842105264 -0.5263157894736842 1 4.322155869621313 6.660507661428191 0
-7.894736842105264 -0.0 1 4.310368059942971 6.6369323986468505 0
-7.894736842105264 0.0 1 4.30133704198179 6.618870311909972 0
-7.894736842105264 0.5263157894736842 1 4.294776398255565 6.605748980311144 0
-7.894736842105264 1.0526315789473684 1 4.289063991286411 6.594324294361939 0
-7.894736842105264 1.5789473684210527 1 4.284313478369591 6.5848730303547045 0
-6.315789473684211 -1.5789473684210527 1 5.863752808866888 9.743081883845374 0
-6.315789473684211 -1.0526315789473684 1 5.846930598583818 9.710046091618208 0
-6.315789473684211 -0.5263157894736842 1 5.831902450578243 9.680008029077955 0
-6.315789473684211 -0.0 1 5.818478854988272 9.653161256154366 0
-6.315789473684211 0.0 1 5.807333871943538 9.630871238378129 0
-6.315789473684211 0.5263157894736842 1 5.798689867250708 9.613583178362406 0
-6.315789473684211 1.0526315789473684 1 5.791409785191639 9.599023164766272 0
-6.315789473684211 1.5789473684210527 1 5.782229469871792 9.580729159159077 0
-4.7368421052631575 -1.5789473684210527 1 7.268686220437211 12.552934800877454 0
-4.7368421052631575 -1.0526315789473684 1 7.268812129113465 12.553813952489664 0
-4.7368421052631575 -0.5263157894736842 1 7.259351713978868 12.534912547961207 0
-4.7368421052631575 -0.0 1 7.247694126878127 12.51159785734206 0
-4.7368421052631575 0.0 1 7.236117902573522 12.488445364634734 0
-4.7368421052631575 0.5263157894736842 1 7.225974401046354 12.468158309315562 0
-4.7368421052631575 1.0526315789473684 1 7.217216298851661 12.450642273032157 0
-4.7368421052631575 1.5789473684210527 1 7.205433396278453 12.427157218837054 0
-3.1578947368421053 -1.5789473684210527 1 8.539077103496544 15.093705221666774 0
-3.1578947368421053 -1.0526315789473684 1 8.569313528099098 15.154820643824994 0
-3.1578947368421053 -0.5263157894736842 1 8.5748012355587 15.165816514097465 0
-3.1578947368421053 -0.0 1 8.569123906400886 15.154462404986418 0
-3.1578947368421053 0.0 1 8.559604178419713 15.13542291827563 0
-3.1578947368421053 0.5263157894736842 1 8.549498055339514 15.11521062392941 0
-3.1578947368421053 1.0526315789473684 1 8.540043255025896 15.096301208199883 0
-3.1578947368421053 1.5789473684210527 1 8.527208227618996 15.070723597285804 0
-1.5789473684210527 -1.5789473684210527 1 9.651518257545273 17.318619472827546 0
-1.5789473684210527 -1.0526315789473684 1 9.722973757184981 17.462146196875295 0
-1.5789473684210527 -0.5263157894736842 1 9.756260271173995 17.52873864072259 0
-1.5789473684210527 -0.0 1 9.764026677367802 17.54427201030323 0
-1.5789473684210527 0.0 1 9.760366168953796 17.536950980812907 0
-1.5789473684210527 0.5263157894736842 1 9.752413992960603 17.521046589313674 0
-1.5789473684210527 1.0526315789473684 1 9.744047070503111 17.504312942451453 0
-1.5789473684210527 1.5789473684210527 1 9.729492236889012 17.47534635468039 0
-0.0 -1.0526315789473684 1 10.725077696154264 19.465697249261314 0
-0.0 -0.5263157894736842 1 10.791572936102941 19.59934548426465 0
-0.0 -0.0 1 10.82083099913376 19.657883287075936 0
-0.0 0.0 1 10.828639826561862 19.673501575487208 0
-0.0 0.5263157894736842 1 10.826119496743923 19.66846115795579 0
-0.0 1.0526315789473684 1 10.820267869080292 19.656866986352277 0
0.0 -1.0526315789473684 1 11.582703079533776 21.180931856228913 0
0.0 -0.5263157894736842 1 11.683792468766427 21.383783592156398 0
0.0 -0.0 1 11.738296940333957 21.49281512216747 0
0.0 0.0 1 11.762520347984532 21.541262640673256 0
0.0 0.5263157894736842 1 11.769898310477908 21.556018829221347 0
0.0 1.0526315789473684 1 11.764467901666746 21.545320103128624 0
1.5789473684210527 -1.0526315789473684 1 12.284302511226151 22.585016332414632 -0.11427459180770834
1.5789473684210527 -0.5263157894736842 1 12.434995629237138 22.8871205192364 -0.11427459180770834
1.5789473684210527 -0.0 1 12.519730515465941 23.056614675921843 -0.11427459180770834
1.5789473684210527 0.0 1 12.56408288574452 23.145320500052527 -0.11427459180770834
1.5789473684210527 0.5263157894736842 1 12.583303210924893 23.183888348191935 -0.11427459180770834
3.1578947368421053 -1.0526315789473684 1 12.8529900187571 23.72060302111796 0.12208489339335224
3.1578947368421053 -0.5263157894736842 1 13.052503442025506 24.12024033098472 0.12208489339335224
3.1578947368421053 -0.0 1 13.174284199915236 24.363822250549873 0.12208489339335224
3.1578947368421053 0.0 1 13.24219216556563 24.49963914666271 0.12208489339335224
3.1578947368421053 0.5263157894736842 1 13.272360064739031 24.560092562908125 0.12208489339335224
4.7368421052631575 -0.5263157894736842 1 13.551801976445637 25.11570815887874 0.44242653139057664
4.7368421052631575 -0.0 1 13.70947540981974 25.431585070916253 0.44242653139057664
4.7368421052631575 0.0 1 13.803223350516053 25.61909919401127 0.44242653139057664
4.7368421052631575 0.5263157894736842 1 13.852322996274008 25.717265069171376 0.44242653139057664
4.7368421052631575 1.0526315789473684 1 13.879743388318568 25.772086750247674 0.44242653139057664
6.315789473684211 0.5263157894736842 1 14.332093663301393 26.676318576412143 0.4269371686414035
6.315789473684211 1.0526315789473684 1 14.370127680543629 26.752921947023584 0.4269371686414035
6.315789473684211 1.5789473684210527 1 14.394466123493325 26.80156910492903 0.4269371686414035
7.894736842105264 1.5789473684210527 1 14.805506608615804 27.6291741311095 -0.366321408489057
7.894736842105264 2.1052631578947367 1 14.823847363255929 27.66656607778582 -0.366321408489057
7.894736842105264 2.631578947368421 1 14.853991336719915 27.72693272593484 -0.366321408489057
9.473684210526315 2.631578947368421 1 15.163940695482637 28.360554293990592 -2.2514568791855685
9.473684210526315 3.1578947368421053 1 15.187967973565126 28.40975365871612 -2.2514568791855685
9.473684210526315 3.6842105263157894 1 15.252336241021155 28.53880559542587 -2.2514568791855685
11.052631578947368 3.1578947368421053 1 15.481955599092924 29.01975150644075 -5.279303216305163
11.052631578947368 3.6842105263157894 1 15.517121402518018 29.09259735837402 -5.279303216305163
11.052631578947368 4.2105263157894735 1 15.578906890271327 29.21674650987239 -5.279303216305163
12.631578947368421 2.631578947368421 1 15.704117751205246 29.493965366093402 -9.14873848136448
12.631578947368421 3.1578947368421053 1 15.709016446074516 29.50807211668915 -9.14873848136448
12.631578947368421 3.6842105263157894 1 15.712631806090288 29.51621393015502 -9.14873848136448
