-15.789473684210527 -0.5263157894736842 1 -243.98328924111505 -489.9350369959026 0
-15.789473684210527 -0.0 1 -244.4392747132663 -490.850129861685 0
-15.789473684210527 0.0 1 -237.54778911332886 -477.0481098963526 0
-15.789473684210527 0.5263157894736842 1 -227.22411567198662 -456.41396425657643 0
-14.210526315789474 -1.0526315789473684 1 -254.00111716632023 -509.98433746176494 0
-14.210526315789474 -0.5263157894736842 1 -284.05916947714684 -570.0899030747341 0
-14.210526315789474 -0.0 1 -308.4085124058412 -618.7806425424127 0
-14.210526315789474 0.0 1 -325.67743066235425 -653.3158541465168 0
-14.210526315789474 0.5263157894736842 1 -334.5371024126541 -671.0185762133983 0
-14.210526315789474 1.0526315789473684 1 -335.9760538091077 -673.9132035634207 0
-12.631578947368421 -1.0526315789473684 1 -458.50664138405773 -919.0173909057983 0
-12.631578947368421 -0.5263157894736842 1 -461.27135337032763 -924.5260513818203 0
-12.631578947368421 -0.0 1 -403.51118784930935 -808.9891644658721 0
-12.631578947368421 0.0 1 -345.4007102994045 -692.7606595012844 0
-12.631578947368421 0.5263157894736842 1 -338.73516668782736 -679.4234685501692 0
-12.631578947368421 1.0526315789473684 1 -360.91336367358235 -723.7852162630938 0
-11.052631578947368 -1.5789473684210527 1 -1180.8736331666676 -2363.7756566459143 0
-11.052631578947368 -1.0526315789473684 1 -1903.7310222154388 -3809.500595271851 0
-11.052631578947368 -0.5263157894736842 1 -2846.938067058532 -5695.9248906800385 0
-11.052631578947368 -0.0 1 -3716.580370998481 -7435.213404649753 0
-11.052631578947368 0.0 1 -3940.133905415998 -7882.309763555961 0
-11.052631578947368 0.5263157894736842 1 -3069.540719480604 -6141.095266130669 0
-11.052631578947368 1.0526315789473684 1 -1519.839441893566 -3041.6572091986704 0
-11.052631578947368 1.5789473684210527 1 -451.73754548506463 -905.4296398134641 0
-9.473684210526315 -1.5789473684210527 1 -2061.140075862379 -4124.311434809457 0
-9.473684210526315 -1.0526315789473684 1 -4021.888420868554 -8045.831687159175 0
-9.473684210526315 -0.5263157894736842 1 -7834.143153138104 -15670.384767807373 0
-9.473684210526315 -0.0 1 -14471.800852230535 -28945.76894083403 0
-9.473684210526315 0.0 1 -24134.699588291045 -48271.65391340371 0
-9.473684210526315 0.5263157894736842 1 -34512.848893826806 -69028.02985139497 0
-9.473684210526315 1.0526315789473684 1 -39881.23590066176 -79764.814717771 0
-9.473684210526315 1.5789473684210527 1 -34634.6140570021 -69271.47160860042 0
-7.894736842105264 -1.5789473684210527 1 -1973.435390568739 -3948.8596315257682 0
-7.894736842105264 -1.0526315789473684 1 -3998.125741761967 -7998.247727678663 0
-7.894736842105264 -0.5263157894736842 1 -8594.729222861039 -17191.468500222632 0
-7.894736842105264 -0.0 1 -18185.320334780637 -36372.682547438526 0
-7.894736842105264 0.0 1 -35911.35229826354 -71824.79734254467 0
-7.894736842105264 0.5263157894736842 1 -63235.02561733336 -126472.20258289654 0
-7.894736842105264 1.0526315789473684 1 -95269.95583412537 -190542.09250404942 0
-7.894736842105264 1.5789473684210527 1 -117865.45081774938 -235733.05456522226 0
-6.315789473684211 -1.5789473684210527 1 -1295.2925336503235 -2592.5412648680776 0
-6.315789473684211 -1.0526315789473684 1 -2446.1212234336726 -4894.20934025134 0
-6.315789473684211 -0.5263157894736842 1 -5365.51266800962 -10732.988135040756 0
-6.315789473684211 -0.0 1 -11978.017188977916 -23958.001539421286 0
-6.315789473684211 0.0 1 -25348.067840812124 -50698.107075432345 0
-6.315789473684211 0.5263157894736842 1 -48598.39577657147 -97198.76770989031 0
-6.315789473684211 1.0526315789473684 1 -81430.91628898037 -162863.8089247488 0
-6.315789473684211 1.5789473684210527 1 -115832.36740811012 -231666.7185014562 0
-4.7368421052631575 -1.5789473684210527 1 -697.1224634891237 -1396.199995816594 0
-4.7368421052631575 -1.0526315789473684 1 -1147.6038037629662 -2297.178460229447 0
-4.7368421052631575 -0.5263157894736842 1 -2488.2734289456002 -4978.506194472754 0
-4.7368421052631575 -0.0 1 -5697.8905138483315 -11397.746583738886 0
-4.7368421052631575 0.0 1 -12460.576440352885 -24923.1152504965 0
-4.7368421052631575 0.5263157894736842 1 -24757.67055696666 -49517.30618644731 0
-4.7368421052631575 1.0526315789473684 1 -43240.238323065976 -86482.4499622557 0
-4.7368421052631575 1.5789473684210527 1 -64601.05514154916 -129204.10559449736 0
-3.1578947368421053 -1.5789473684210527 1 -233.91408309741195 -469.78848298256224 0
-3.1578947368421053 -1.0526315789473684 1 -493.04068134063743 -988.0519569914297 0
-3.1578947368421053 -0.5263157894736842 1 -965.351674188083 -1932.662376937512 0
-3.1578947368421053 -0.0 1 -2251.8966236675087 -4505.7617805333575 0
-3.1578947368421053 0.0 1 -4937.005964427017 -9875.973948915002 0
-3.1578947368421053 0.5263157894736842 1 -9886.39217848198 -19774.75430882389 0
-3.1578947368421053 1.0526315789473684 1 -17320.117965004538 -34642.21844200612 0
-3.1578947368421053 1.5789473684210527 1 -25864.922784331182 -51731.84968698178 0
-1.5789473684210527 -1.5789473684210527 1 -45.16124001580133 -92.28434829820449 0
-1.5789473684210527 -1.0526315789473684 1 -215.56352202851986 -433.0939173957659 0
-1.5789473684210527 -0.5263157894736842 1 -442.7089120139325 -887.3814671134037 0
-1.5789473684210527 -0.0 1 -822.0062711606196 -1645.977407519816 0
-1.5789473684210527 0.0 1 -1746.001854212763 -3493.969142649522 0
-1.5789473684210527 0.5263157894736842 1 -3287.3246009607774 -6576.620543096477 0
-1.5789473684210527 1.0526315789473684 1 -5575.4649051000215 -11152.922676487104 0
-1.5789473684210527 1.5789473684210527 1 -7868.041222897185 -15738.0851376309 0
-0.0 -1.0526315789473684 1 163.69992293067128 325.43402963269716 0
-0.0 -0.5263157894736842 1 -603.7388307540418 -1209.4460863214224 0
-0.0 -0.0 1 -187.6657204780476 -377.29005226013123 0
-0.0 0.0 1 -818.907574667991 -1639.7932542111962 0
-0.0 0.5263157894736842 1 -939.8898704265522 -1881.7655131973788 0
-0.0 1.0526315789473684 1 -1640.013012920077 -3282.0388390099147 0
0.0 -1.0526315789473684 1 -83.75920432742689 -169.48140491435612 0
0.0 -0.5263157894736842 1 -228.87819055409673 -459.7248788140173 0
0.0 -0.0 1 -569.3631086460933 -1140.6852468504994 0
0.0 0.0 1 15.852459893011442 29.728911520988305 0
0.0 0.5263157894736842 1 -868.4810485277517 -1738.9520308233834 0
0.0 1.0526315789473684 1 -55.46033078772078 -112.92650073072366 0
1.5789473684210527 -1.0526315789473684 1 -504.25939051176977 -1010.4812190189689 -0.11347814720015204
1.5789473684210527 -0.5263157894736842 1 44.17545314078674 86.38545262989899 -0.11347814720015204
1.5789473684210527 -0.0 1 -563.7878432167506 -1129.5400945557428 -0.11347814720015204
1.5789473684210527 0.0 1 -192.66899401764783 -387.3337045558671 -0.11347814720015204
1.5789473684210527 0.5263157894736842 1 -154.39553970273 -310.7929718698472 -0.11347814720015204
3.1578947368421053 -1.0526315789473684 1 -583.3664032005162 -1168.6990118201536 0.12020560552204795
3.1578947368421053 -0.5263157894736842 1 -11.446706549591084 -24.862793688667892 0.12020560552204795
3.1578947368421053 -0.0 1 -334.18227171461626 -670.3338447330876 0.12020560552204795
3.1578947368421053 0.0 1 -396.61280645179454 -795.2111286469493 0.12020560552204795
3.1578947368421053 0.5263157894736842 1 -125.3892489164163 -252.7790731923522 0.12020560552204795
4.7368421052631575 -0.5263157894736842 1 -24.22613987159221 -50.43153668896077 0.4289980214122463
4.7368421052631575 -0.0 1 -318.93137816343835 -639.8376801016253 0.4289980214122463
4.7368421052631575 0.0 1 -340.1922635822568 -682.3520996725586 0.4289980214122463
4.7368421052631575 0.5263157894736842 1 -275.59394605098987 -553.1767349462264 0.4289980214122463
4.7368421052631575 1.0526315789473684 1 -259.49210655541935 -520.9839131059196 0.4289980214122463
6.315789473684211 0.5263157894736842 1 -159.83537976720598 -321.64617107875335 0.3917109612946509
6.315789473684211 1.0526315789473684 1 -427.42514903412433 -856.83067660403 0.3917109612946509
6.315789473684211 1.5789473684210527 1 -198.20127013484304 -398.40152313762695 0.3917109612946509
7.894736842105264 1.5789473684210527 1 -542.5362361716876 -1087.031393726898 -0.4297976238774467
7.894736842105264 2.1052631578947367 1 -21.188586149872744 -44.35110981046367 -0.4297976238774467
7.894736842105264 2.631578947368421 1 -558.3359321239511 -1118.6608269211752 -0.4297976238774467
9.473684210526315 2.631578947368421 1 141.97740760553148 282.0517015623382 -2.3408403585161923
9.473684210526315 3.1578947368421053 1 -860.1524309620941 -1722.2575008339952 -2.3408403585161923
9.473684210526315 3.6842105263157894 1 40.965792644190245 79.94888898846989 -2.3408403585161923
11.052631578947368 3.1578947368421053 1 415.44505514961344 829.0423624980979 -5.379998628168048
11.052631578947368 3.6842105263157894 1 -1298.6599456923627 -2599.254651040074 -5.379998628168048
11.052631578947368 4.2105263157894735 1 666.3859034352066 1330.7597510639391 -5.379998628168048
12.631578947368421 2.631578947368421 1 70.0686299934628 138.31611032052984 -9.233123850856568
12.631578947368421 3.1578947368421053 1 -1034.8585770871396 -2071.624458712231 -9.233123850856568
