-15.789473684210527 -0.5263157894736842 1 0 0 0
-15.789473684210527 -0.0 1 0 0 0
-15.789473684210527 0.0 1 0 0 0
-15.789473684210527 0.5263157894736842 1 0 0 0
-14.210526315789474 -1.0526315789473684 1 0 0 0
-14.210526315789474 -0.5263157894736842 1 0 0 0
-14.210526315789474 -0.0 1 0 0 0
-14.210526315789474 0.0 1 0 0 0
-14.210526315789474 0.5263157894736842 1 0 0 0
-14.210526315789474 1.0526315789473684 1 0 0 0
-12.631578947368421 -1.0526315789473684 1 0 0 0
-12.631578947368421 -0.5263157894736842 1 0 0 0
-12.631578947368421 -0.0 1 0 0 0
-12.631578947368421 0.0 1 0 0 0
-12.631578947368421 0.5263157894736842 1 0 0 0
-12.631578947368421 1.0526315789473684 1 0 0 0
-11.052631578947368 -1.5789473684210527 1 0 0 0
-11.052631578947368 -1.0526315789473684 1 0 0 0
-11.052631578947368 -0.5263157894736842 1 0 0 0
-11.052631578947368 -0.0 1 0 0 0
-11.052631578947368 0.0 1 0 0 0
-11.052631578947368 0.5263157894736842 1 0 0 0
-11.052631578947368 1.0526315789473684 1 0 0 0
-11.052631578947368 1.5789473684210527 1 0 0 0
-9.473684210526315 -1.5789473684210527 1 0 0 0
-9.473684210526315 -1.0526315789473684 1 0 0 0
-9.473684210526315 -0.5263157894736842 1 0 0 0
-9.473684210526315 -0.0 1 0 0 0
-9.473684210526315 0.0 1 0 0 0
-9.473684210526315 0.5263157894736842 1 0 0 0
-9.473684210526315 1.0526315789473684 1 0 0 0
-9.473684210526315 1.5789473684210527 1 0 0 0
-7.894736842105264 -1.5789473684210527 1 0 0 0
-7.894736842105264 -1.0526315789473684 1 0 0 0
-7.894736842105264 -0.5263157894736842 1 0 0 0
-7.894736842105264 -0.0 1 0 0 0
-7.894736842105264 0.0 1 0 0 0
-7.894736842105264 0.5263157894736842 1 0 0 0
-7.894736842105264 1.0526315789473684 1 0 0 0
-7.894736842105264 1.5789473684210527 1 0 0 0
-6.315789473684211 -1.5789473684210527 1 0 0 0
-6.315789473684211 -1.0526315789473684 1 0 0 0
-6.315789473684211 -0.5263157894736842 1 0 0 0
-6.315789473684211 -0.0 1 0 0 0
-6.315789473684211 0.0 1 0 0 0
-6.315789473684211 0.5263157894736842 1 0 0 0
-6.315789473684211 1.0526315789473684 1 0 0 0
-6.315789473684211 1.5789473684210527 1 0 0 0
-4.7368421052631575 -1.5789473684210527 1 0 0 0
-4.7368421052631575 -1.0526315789473684 1 0 0 0
-4.7368421052631575 -0.5263157894736842 1 0 0 0
-4.7368421052631575 -0.0 1 0 0 0
-4.7368421052631575 0.0 1 0 0 0
-4.7368421052631575 0.5263157894736842 1 0 0 0
-4.7368421052631575 1.0526315789473684 1 0 0 0
-4.7368421052631575 1.5789473684210527 1 0 0 0
-3.1578947368421053 -1.5789473684210527 1 0 0 0
-3.1578947368421053 -1.0526315789473684 1 0 0 0
-3.1578947368421053 -0.5263157894736842 1 0 0 0
-3.1578947368421053 -0.0 1 0 0 0
-3.1578947368421053 0.0 1 0 0 0
-3.1578947368421053 0.5263157894736842 1 0 0 0
-3.1578947368421053 1.0526315789473684 1 0 0 0
-3.1578947368421053 1.5789473684210527 1 0 0 0
-1.5789473684210527 -1.5789473684210527 1 0 0 0
-1.5789473684210527 -1.0526315789473684 1 0 0 0
-1.5789473684210527 -0.5263157894736842 1 0 0 0
-1.5789473684210527 -0.0 1 0 0 0
-1.5789473684210527 0.0 1 0 0 0
-1.5789473684210527 0.5263157894736842 1 0 0 0
-1.5789473684210527 1.0526315789473684 1 0 0 0
-1.5789473684210527 1.5789473684210527 1 0 0 0
-0.0 -1.0526315789473684 1 0 0 0
-0.0 -0.5263157894736842 1 0 0 0
-0.0 -0.0 1 0 0 0
-0.0 0.0 1 0 0 0
-0.0 0.5263157894736842 1 0 0 0
-0.0 1.0526315789473684 1 0 0 0
0.0 -1.0526315789473684 1 0 0 0
0.0 -0.5263157894736842 1 0 0 0
0.0 -0.0 1 0 0 0
0.0 0.0 1 0 0 0
0.0 0.5263157894736842 1 0 0 0
0.0 1.0526315789473684 1 0 0 0
1.5789473684210527 -1.0526315789473684 1 0 0 0.11478301552190093
1.5789473684210527 -0.5263157894736842 1 0 0 0.11478301552190093
1.5789473684210527 -0.0 1 0 0 0.11478301552190093
1.5789473684210527 0.0 1 0 0 0.11478301552190093
1.5789473684210527 0.5263157894736842 1 0 0 0.11478301552190093
3.1578947368421053 -1.0526315789473684 1 0 0.12331369468025088 -0.12331369468025091
3.1578947368421053 -0.5263157894736842 1 0 0 -0.12331369468025091
3.1578947368421053 -0.0 1 0 0 -0.12331369468025091
3.1578947368421053 0.0 1 0 0 -0.12331369468025091
3.1578947368421053 0.5263157894736842 1 0 0 -0.12331369468025091
4.7368421052631575 -1.5789473684210527 1 400698008401.023 400698008375.023 -0.451291834696648
4.7368421052631575 -1.0526315789473684 1 0 0.45129183469664824 -0.451291834696648
4.7368421052631575 -0.5263157894736842 1 0 0.45129183469664824 -0.451291834696648
4.7368421052631575 -0.0 1 0 0.45129183469664824 -0.451291834696648
4.7368421052631575 0.0 1 0 0.45129183469664824 -0.451291834696648
6.315789473684211 -2.1052631578947367 1 -33296851.706764754 -33296877.706764754 -0.4503378057537297
6.315789473684211 -1.5789473684210527 1 -1.5829727518502854e+17 -1.5829727518502858e+17 -0.4503378057537297
6.315789473684211 -1.0526315789473684 1 6.774400512661883e+23 6.774400512661883e+23 -0.4503378057537297
6.315789473684211 -0.5263157894736842 1 0 -0.7026614018350568 -0.4503378057537297
7.894736842105264 -2.631578947368421 1 26.0 0.0 0.3239302306177125
7.894736842105264 -2.1052631578947367 1 -326394403.1544048 -326394429.1544048 0.3239302306177125
7.894736842105264 -1.5789473684210527 1 5.4007545183675376e+23 5.4007545183675376e+23 0.3239302306177125
9.473684210526315 -3.6842105263157894 1 26.0 0.0 2.1914215141877653
9.473684210526315 -3.1578947368421053 1 26.0 0.0 2.1914215141877653
9.473684210526315 -2.631578947368421 1 26.0 0.0 2.1914215141877653
11.052631578947368 -3.6842105263157894 1 -36.9160916011396 -10.916091601139602 5.211128643901128
11.052631578947368 -3.1578947368421053 1 0 -5.458045800569801 5.211128643901128
11.052631578947368 -2.631578947368421 1 0 -5.458045800569801 5.211128643901128
12.631578947368421 -3.1578947368421053 1 0 -5.458045800569801 9.090673834878356
12.631578947368421 -2.631578947368421 1 0 -5.458045800569801 9.090673834878356
12.631578947368421 -2.1052631578947367 1 -25037453132.528263 -25037453158.528263 9.090673834878356
