-15.789473684210527 -0.5263157894736842 1 nan nan 0 0
-15.789473684210527 -0.0 1 nan nan 0 0
-15.789473684210527 0.0 1 nan nan 0 0
-15.789473684210527 0.5263157894736842 1 nan nan 0 0
-14.210526315789474 -1.0526315789473684 1 nan nan 0 0
-14.210526315789474 -0.5263157894736842 1 nan nan 0 0
-14.210526315789474 -0.0 1 nan nan 0 0
-14.210526315789474 0.0 1 nan nan 0 0
-14.210526315789474 0.5263157894736842 1 nan nan 0 0
-14.210526315789474 1.0526315789473684 1 nan nan 0 0
-12.631578947368421 -1.0526315789473684 1 nan nan 0 0
-12.631578947368421 -0.5263157894736842 1 nan nan 0 0
-12.631578947368421 -0.0 1 nan nan 0 0
-12.631578947368421 0.0 1 nan nan 0 0
-12.631578947368421 0.5263157894736842 1 nan nan 0 0
-12.631578947368421 1.0526315789473684 1 nan nan 0 0
-11.052631578947368 -1.5789473684210527 1 nan nan 0 0
-11.052631578947368 -1.0526315789473684 1 nan nan 0 0
-11.052631578947368 -0.5263157894736842 1 nan nan 0 0
-11.052631578947368 -0.0 1 nan nan 0 0
-11.052631578947368 0.0 1 nan nan 0 0
-11.052631578947368 0.5263157894736842 1 nan nan 0 0
-11.052631578947368 1.0526315789473684 1 nan nan 0 0
-11.052631578947368 1.5789473684210527 1 nan nan 0 0
-9.473684210526315 -1.5789473684210527 1 nan nan 0 0
-9.473684210526315 -1.0526315789473684 1 nan nan 0 0
-9.473684210526315 -0.5263157894736842 1 nan nan 0 0
-9.473684210526315 -0.0 1 nan nan 0 0
-9.473684210526315 0.0 1 nan nan 0 0
-9.473684210526315 0.5263157894736842 1 nan nan 0 0
-9.473684210526315 1.0526315789473684 1 nan nan 0 0
-9.473684210526315 1.5789473684210527 1 nan nan 0 0
-7.894736842105264 -1.5789473684210527 1 nan nan 0 0
-7.894736842105264 -1.0526315789473684 1 nan nan 0 0
-7.894736842105264 -0.5263157894736842 1 nan nan 0 0
-7.894736842105264 -0.0 1 nan nan 0 0
-7.894736842105264 0.0 1 nan nan 0 0
-7.894736842105264 0.5263157894736842 1 nan nan 0 0
-7.894736842105264 1.0526315789473684 1 nan nan 0 0
-7.894736842105264 1.5789473684210527 1 nan nan 0 0
-6.315789473684211 -1.5789473684210527 1 nan nan 0 0
-6.315789473684211 -1.0526315789473684 1 nan nan 0 0
-6.315789473684211 -0.5263157894736842 1 nan nan 0 0
-6.315789473684211 -0.0 1 nan nan 0 0
-6.315789473684211 0.0 1 nan nan 0 0
-6.315789473684211 0.5263157894736842 1 nan nan 0 0
-6.315789473684211 1.0526315789473684 1 nan nan 0 0
-6.315789473684211 1.5789473684210527 1 nan nan 0 0
-4.7368421052631575 -1.5789473684210527 1 nan nan 0 0
-4.7368421052631575 -1.0526315789473684 1 nan nan 0 0
-4.7368421052631575 -0.5263157894736842 1 nan nan 0 0
-4.7368421052631575 -0.0 1 nan nan 0 0
-4.7368421052631575 0.0 1 nan nan 0 0
-4.7368421052631575 0.5263157894736842 1 nan nan 0 0
-4.7368421052631575 1.0526315789473684 1 nan nan 0 0
-4.7368421052631575 1.5789473684210527 1 nan nan 0 0
-3.1578947368421053 -1.5789473684210527 1 nan nan 0 0
-3.1578947368421053 -1.0526315789473684 1 nan nan 0 0
-3.1578947368421053 -0.5263157894736842 1 nan nan 0 0
-3.1578947368421053 -0.0 1 nan nan 0 0
-3.1578947368421053 0.0 1 nan nan 0 0
-3.1578947368421053 0.5263157894736842 1 nan nan 0 0
-3.1578947368421053 1.0526315789473684 1 nan nan 0 0
-3.1578947368421053 1.5789473684210527 1 nan nan 0 0
-1.5789473684210527 -1.5789473684210527 1 nan nan 0 0
-1.5789473684210527 -1.0526315789473684 1 nan nan 0 0
-1.5789473684210527 -0.5263157894736842 1 nan nan 0 0
-1.5789473684210527 -0.0 1 nan nan 0 0
-1.5789473684210527 0.0 1 nan nan 0 0
-1.5789473684210527 0.5263157894736842 1 nan nan 0 0
-1.5789473684210527 1.0526315789473684 1 nan nan 0 0
-1.5789473684210527 1.5789473684210527 1 nan nan 0 0
-0.0 -1.0526315789473684 1 nan nan 0 0
-0.0 -0.5263157894736842 1 nan nan 0 0
-0.0 -0.0 1 nan nan 0 0
-0.0 0.0 1 nan nan 0 0
-0.0 0.5263157894736842 1 nan nan 0 0
-0.0 1.0526315789473684 1 nan nan 0 0
0.0 -1.0526315789473684 1 nan nan 0 0
0.0 -0.5263157894736842 1 nan nan 0 0
0.0 -0.0 1 nan nan 0 0
0.0 0.0 1 nan nan 0 0
0.0 0.5263157894736842 1 nan nan 0 0
0.0 1.0526315789473684 1 nan nan 0 0
1.5789473684210527 -1.0526315789473684 1 nan nan 0 -0.08613542115213077
1.5789473684210527 -0.5263157894736842 1 nan nan 0 -0.08613542115213077
1.5789473684210527 -0.0 1 nan nan 0 -0.08613542115213077
1.5789473684210527 0.0 1 nan nan 0 -0.08613542115213077
1.5789473684210527 0.5263157894736842 1 nan nan 0 -0.08613542115213077
3.1578947368421053 -1.0526315789473684 1 nan nan 0 0.06894633734279809
3.1578947368421053 -0.5263157894736842 1 nan nan 0 0.06894633734279809
3.1578947368421053 -0.0 1 nan nan 0 0.06894633734279809
3.1578947368421053 0.0 1 nan nan 0 0.06894633734279809
3.1578947368421053 0.5263157894736842 1 nan nan 0 0.06894633734279809
4.7368421052631575 -0.5263157894736842 1 nan nan 0 0.10135452443065522
4.7368421052631575 -0.0 1 nan nan 0 0.10135452443065522
4.7368421052631575 0.0 1 nan nan 0 0.10135452443065522
4.7368421052631575 0.5263157894736842 1 nan nan 0 0.10135452443065522
4.7368421052631575 1.0526315789473684 1 nan nan 0 0.10135452443065522
6.315789473684211 0.5263157894736842 1 nan nan 0 -0.40185518564490624
6.315789473684211 1.0526315789473684 1 nan nan 0 -0.40185518564490624
6.315789473684211 1.5789473684210527 1 nan nan 0 -0.40185518564490624
7.894736842105264 1.0526315789473684 1 nan nan 0 -1.7577302428441715
7.894736842105264 1.5789473684210527 1 nan nan 0 -1.7577302428441715
7.894736842105264 2.1052631578947367 1 nan nan 0 -1.7577302428441715
7.894736842105264 2.631578947368421 1 nan nan 0 -1.7577302428441715
9.473684210526315 1.5789473684210527 1 nan nan 0 -4.054804970183622
9.473684210526315 2.1052631578947367 1 nan nan 0 -4.054804970183622
9.473684210526315 2.631578947368421 1 nan nan 0 -4.054804970183622
11.052631578947368 1.0526315789473684 1 nan nan 0 -7.064413520456506
11.052631578947368 1.5789473684210527 1 nan nan 0 -7.064413520456506
11.052631578947368 2.1052631578947367 1 nan nan 0 -7.064413520456506
12.631578947368421 -0.0 1 nan nan 0 -10.220189824186578
12.631578947368421 0.0 1 nan nan 0 -10.220189824186578
12.631578947368421 0.5263157894736842 1 nan nan 0 -10.220189824186578
