-15.789473684210527 -0.5263157894736842 1 nan nan 0 0
-15.789473684210527 -0.0 1 nan nan 0 0
-15.789473684210527 0.0 1 nan nan 0 0
-15.789473684210527 0.5263157894736842 1 nan nan 0 0
-14.210526315789474 -1.0526315789473684 1 nan nan 0 0
-14.210526315789474 -0.5263157894736842 1 nan nan 0 0
-14.210526315789474 -0.0 1 nan nan 0 0
-14.210526315789474 0.0 1 nan nan 0 0
-14.210526315789474 0.5263157894736842 1 nan nan 0 0
-14.210526315789474 1.0526315789473684 1 nan nan 0 0
-12.631578947368421 -1.0526315789473684 1 nan nan 0 0
-12.631578947368421 -0.5263157894736842 1 nan nan 0 0
-12.631578947368421 -0.0 1 nan nan 0 0
-12.631578947368421 0.0 1 nan nan 0 0
-12.631578947368421 0.5263157894736842 1 nan nan 0 0
-12.631578947368421 1.0526315789473684 1 nan nan 0 0
-11.052631578947368 -1.5789473684210527 1 nan nan 0 0
-11.052631578947368 -1.0526315789473684 1 nan nan 0 0
-11.052631578947368 -0.5263157894736842 1 nan nan 0 0
-11.052631578947368 -0.0 1 nan nan 0 0
-11.052631578947368 0.0 1 nan nan 0 0
-11.052631578947368 0.5263157894736842 1 nan nan 0 0
-11.052631578947368 1.0526315789473684 1 nan nan 0 0
-11.052631578947368 1.5789473684210527 1 nan nan 0 0
-9.473684210526315 -1.5789473684210527 1 nan nan 0 0
-9.473684210526315 -1.0526315789473684 1 nan nan 0 0
-9.473684210526315 -0.5263157894736842 1 nan nan 0 0
-9.473684210526315 -0.0 1 nan nan 0 0
-9.473684210526315 0.0 1 nan nan 0 0
-9.473684210526315 0.5263157894736842 1 nan nan 0 0
-9.473684210526315 1.0526315789473684 1 nan nan 0 0
-9.473684210526315 1.5789473684210527 1 nan nan 0 0
-7.894736842105264 -1.5789473684210527 1 nan nan 0 0
-7.894736842105264 -1.0526315789473684 1 nan nan 0 0
-7.894736842105264 -0.5263157894736842 1 nan nan 0 0
-7.894736842105264 -0.0 1 nan nan 0 0
-7.894736842105264 0.0 1 nan nan 0 0
-7.894736842105264 0.5263157894736842 1 nan nan 0 0
-7.894736842105264 1.0526315789473684 1 nan nan 0 0
-7.894736842105264 1.5789473684210527 1 nan nan 0 0
-6.315789473684211 -1.5789473684210527 1 nan nan 0 0
-6.315789473684211 -1.0526315789473684 1 nan nan 0 0
-6.315789473684211 -0.5263157894736842 1 nan nan 0 0
-6.315789473684211 -0.0 1 nan nan 0 0
-6.315789473684211 0.0 1 nan nan 0 0
-6.315789473684211 0.5263157894736842 1 nan nan 0 0
-6.315789473684211 1.0526315789473684 1 nan nan 0 0
-6.315789473684211 1.5789473684210527 1 nan nan 0 0
-4.7368421052631575 -1.5789473684210527 1 nan nan 0 0
-4.7368421052631575 -1.0526315789473684 1 nan nan 0 0
-4.7368421052631575 -0.5263157894736842 1 nan nan 0 0
-4.7368421052631575 -0.0 1 nan nan 0 0
-4.7368421052631575 0.0 1 nan nan 0 0
-4.7368421052631575 0.5263157894736842 1 nan nan 0 0
-4.7368421052631575 1.0526315789473684 1 nan nan 0 0
-4.7368421052631575 1.5789473684210527 1 nan nan 0 0
-3.1578947368421053 -1.5789473684210527 1 nan nan 0 0
-3.1578947368421053 -1.0526315789473684 1 nan nan 0 0
-3.1578947368421053 -0.5263157894736842 1 nan nan 0 0
-3.1578947368421053 -0.0 1 nan nan 0 0
-3.1578947368421053 0.0 1 nan nan 0 0
-3.1578947368421053 0.5263157894736842 1 nan nan 0 0
-3.1578947368421053 1.0526315789473684 1 nan nan 0 0
-3.1578947368421053 1.5789473684210527 1 nan nan 0 0
-1.5789473684210527 -1.5789473684210527 1 nan nan 0 0
-1.5789473684210527 -1.0526315789473684 1 nan nan 0 0
-1.5789473684210527 -0.5263157894736842 1 nan nan 0 0
-1.5789473684210527 -0.0 1 nan nan 0 0
-1.5789473684210527 0.0 1 nan nan 0 0
-1.5789473684210527 0.5263157894736842 1 nan nan 0 0
-1.5789473684210527 1.0526315789473684 1 nan nan 0 0
-1.5789473684210527 1.5789473684210527 1 nan nan 0 0
-0.0 -1.0526315789473684 1 nan nan 0 0
-0.0 -0.5263157894736842 1 nan nan 0 0
-0.0 -0.0 1 nan nan 0 0
-0.0 0.0 1 nan nan 0 0
-0.0 0.5263157894736842 1 nan nan 0 0
-0.0 1.0526315789473684 1 nan nan 0 0
0.0 -1.0526315789473684 1 nan nan 0 0
0.0 -0.5263157894736842 1 nan nan 0 0
0.0 -0.0 1 nan nan 0 0
0.0 0.0 1 nan nan 0 0
0.0 0.5263157894736842 1 nan nan 0 0
0.0 1.0526315789473684 1 nan nan 0 0
1.5789473684210527 -1.0526315789473684 1 nan nan 0 -0.08087290118535737
1.5789473684210527 -0.5263157894736842 1 nan nan 0 -0.08087290118535737
1.5789473684210527 -0.0 1 nan nan 0 -0.08087290118535737
1.5789473684210527 0.0 1 nan nan 0 -0.08087290118535737
1.5789473684210527 0.5263157894736842 1 nan nan 0 -0.08087290118535737
3.1578947368421053 -1.0526315789473684 1 nan nan 0 0.06041578889949687
3.1578947368421053 -0.5263157894736842 1 nan nan 0 0.06041578889949687
3.1578947368421053 -0.0 1 nan nan 0 0.06041578889949687
3.1578947368421053 0.0 1 nan nan 0 0.06041578889949687
3.1578947368421053 0.5263157894736842 1 nan nan 0 0.06041578889949687
4.7368421052631575 -0.5263157894736842 1 nan nan 0 0.05172435901639819
4.7368421052631575 -0.0 1 nan nan 0 0.05172435901639819
4.7368421052631575 0.0 1 nan nan 0 0.05172435901639819
4.7368421052631575 0.5263157894736842 1 nan nan 0 0.05172435901639819
4.7368421052631575 1.0526315789473684 1 nan nan 0 0.05172435901639819
6.315789473684211 0.5263157894736842 1 nan nan 0 -0.5127214793510205
6.315789473684211 1.0526315789473684 1 nan nan 0 -0.5127214793510205
6.315789473684211 1.5789473684210527 1 nan nan 0 -0.5127214793510205
7.894736842105264 1.0526315789473684 1 nan nan 0 -1.927592258492106
7.894736842105264 1.5789473684210527 1 nan nan 0 -1.927592258492106
7.894736842105264 2.1052631578947367 1 nan nan 0 -1.927592258492106
7.894736842105264 2.631578947368421 1 nan nan 0 -1.927592258492106
9.473684210526315 1.5789473684210527 1 nan nan 0 -4.248275713576116
9.473684210526315 2.1052631578947367 1 nan nan 0 -4.248275713576116
9.473684210526315 2.631578947368421 1 nan nan 0 -4.248275713576116
11.052631578947368 1.0526315789473684 1 nan nan 0 -7.21011649444565
11.052631578947368 1.5789473684210527 1 nan nan 0 -7.21011649444565
11.052631578947368 2.1052631578947367 1 nan nan 0 -7.21011649444565
12.631578947368421 -0.5263157894736842 1 nan nan 0 -10.21784103912684
12.631578947368421 -0.0 1 nan nan 0 -10.21784103912684
12.631578947368421 0.0 1 nan nan 0 -10.21784103912684
12.631578947368421 0.5263157894736842 1 nan nan 0 -10.21784103912684
