-15.0 -0.7142857142857143 1.0 -13 37.753272020723216 0.0 0.0 
-15.0 -0.0 1.0 -11 37.329063472310246 0.0 0.0 
-15.0 0.0 1.0 -11 44.18568792713615 0.0 0.0 
-15.0 0.7142857142857143 1.0 -12 42.78350964144675 0.0 0.0 
-12.857142857142858 -1.4285714285714286 1.0 -20 40.14174058372987 0.0 0.0 
-12.857142857142858 -0.7142857142857143 1.0 -17 40.29034324158695 0.0 0.0 
-12.857142857142858 -0.0 1.0 -11 49.92020992903155 0.0 0.0 
-12.857142857142858 0.0 1.0 -10 51.25049610611793 0.0 0.0 
-12.857142857142858 0.7142857142857143 1.0 -4 52.97161304661675 0.0 0.0 
-12.857142857142858 1.4285714285714286 1.0 -9 53.7937896769713 0.0 0.0 
-10.714285714285714 -1.4285714285714286 1.0 -15 48.71050253569355 0.0 0.0 
-10.714285714285714 -0.7142857142857143 1.0 -12 44.21032741575218 0.0 0.0 
-10.714285714285714 -0.0 1.0 -11 50.47211996664843 0.0 0.0 
-10.714285714285714 0.0 1.0 -8 52.22551520181094 0.0 0.0 
-10.714285714285714 0.7142857142857143 1.0 -8 49.70622048492311 0.0 0.0 
-10.714285714285714 1.4285714285714286 1.0 -6 57.537589470323425 0.0 0.0 
-8.571428571428571 -1.4285714285714286 1.0 -17 44.06876230069578 0.0 0.0 
-8.571428571428571 -0.7142857142857143 1.0 -11 45.63457717010216 0.0 0.0 
-8.571428571428571 -0.0 1.0 -9 50.48859810211113 0.0 0.0 
-8.571428571428571 0.0 1.0 -6 56.81024163260569 0.0 0.0 
-8.571428571428571 0.7142857142857143 1.0 -8 49.37924495165929 0.0 0.0 
-8.571428571428571 1.4285714285714286 1.0 -5 57.90388801004228 0.0 0.0 
-6.428571428571429 -1.4285714285714286 1.0 -16 44.124053712429124 0.0 0.0 
-6.428571428571429 -0.7142857142857143 1.0 -11 45.25180008086055 0.0 0.0 
-6.428571428571429 -0.0 1.0 -10 48.41367166235776 0.0 0.0 
-6.428571428571429 0.0 1.0 -6 55.91018057351493 0.0 0.0 
-6.428571428571429 0.7142857142857143 1.0 -7 48.15795188877887 0.0 0.0 
-6.428571428571429 1.4285714285714286 1.0 -4 57.64048341114445 0.0 0.0 
-4.285714285714286 -1.4285714285714286 1.0 -16 44.282107861928466 0.0 0.0 
-4.285714285714286 -0.7142857142857143 1.0 -10 45.373295258884994 0.0 0.0 
-4.285714285714286 -0.0 1.0 -9 48.981910059732144 0.0 0.0 
-4.285714285714286 0.0 1.0 -5 56.22179331504362 0.0 0.0 
-4.285714285714286 0.7142857142857143 1.0 -6 49.10530270362303 0.0 0.0 
-4.285714285714286 1.4285714285714286 1.0 -3 58.186247412364416 0.0 0.0 
-2.142857142857143 -1.4285714285714286 1.0 -15 43.95643730835982 0.0 0.0 
-2.142857142857143 -0.7142857142857143 1.0 -9 45.47455417381121 0.0 0.0 
-2.142857142857143 -0.0 1.0 -8 48.733485465140014 0.0 0.0 
-2.142857142857143 0.0 1.0 -4 55.9653420441334 0.0 0.0 
-2.142857142857143 0.7142857142857143 1.0 -5 48.3897182889389 0.0 0.0 
-2.142857142857143 1.4285714285714286 1.0 -2 59.189270580570906 0.0 0.0 
-0.0 -1.4285714285714286 1.0 -15 42.72554279210371 0.0 0.0 
-0.0 -0.7142857142857143 1.0 -8 44.046748737198705 0.0 0.0 
-0.0 -0.0 1.0 -8 48.225020575811165 0.0 0.0 
-0.0 0.0 1.0 -3 55.32909919553978 0.0 0.0 
-0.0 0.7142857142857143 1.0 -4 47.5430924057121 0.0 0.0 
-0.0 1.4285714285714286 1.0 0 60.96254040276258 0.0 0.0 
0.0 -1.4285714285714286 1.0 -13 41.92908770312228 0.0 0.0 
0.0 -0.7142857142857143 1.0 -8 43.23160045541981 0.0 0.0 
0.0 -0.0 1.0 -6 48.14711862552326 0.0 0.0 
0.0 0.0 1.0 -2 53.09646374587671 0.0 0.0 
0.0 0.7142857142857143 1.0 -5 45.76232613245412 0.0 0.0 
0.0 1.4285714285714286 1.0 3 63.41269657149529 0.0 0.0 
2.142857142857143 -1.4285714285714286 1.0 -13 40.60784182755273 0.0 -0.06097559596813982 
2.142857142857143 -0.7142857142857143 1.0 -5 42.19984916398906 0.0 -0.06097559596813982 
2.142857142857143 -0.0 1.0 -5 48.13874746588049 0.0 -0.06097559596813982 
2.142857142857143 0.0 1.0 0 51.23494491753268 0.0 -0.06097559596813982 
2.142857142857143 0.7142857142857143 1.0 -2 50.046423476571555 0.0 -0.06097559596813982 
4.285714285714286 -0.7142857142857143 1.0 -8 40.44071231823699 0.0 0.3688738718588636 
4.285714285714286 -0.0 1.0 -2 34.59056058703666 0.0 0.3688738718588636 
4.285714285714286 0.0 1.0 5 54.097504409667174 0.0 0.3688738718588636 
4.285714285714286 0.7142857142857143 1.0 10 51.843018174107115 0.0 0.3688738718588636 
6.428571428571429 0.7142857142857143 1.0 7 42.95697312381614 0.0 0.41629433678740835 
6.428571428571429 1.4285714285714286 1.0 11 49.045695428656835 0.0 0.41629433678740835 
8.571428571428571 2.142857142857143 1.0 8 50.98007551400802 0.0 -0.9986849337689676 
8.571428571428571 2.857142857142857 1.0 7 47.66881535794734 0.0 -0.9986849337689676 
10.714285714285714 2.857142857142857 1.0 7 49.27363080769031 0.0 -4.50140182635985 
10.714285714285714 3.5714285714285716 1.0 3 36.67541487929168 0.0 -4.50140182635985 
10.714285714285714 4.285714285714286 1.0 4 54.76312543773564 0.0 -4.50140182635985 
12.857142857142858 2.857142857142857 1.0 -4 34.910006970545666 0.0 -9.701441539157663 
12.857142857142858 3.5714285714285716 1.0 2 30.433771728933216 0.0 -9.701441539157663 
