-15.789473684210527 -0.5263157894736842 1 nan nan 0 0
-15.789473684210527 -0.0 1 nan nan 0 0
-15.789473684210527 0.0 1 nan nan 0 0
-15.789473684210527 0.5263157894736842 1 nan nan 0 0
-14.210526315789474 -1.0526315789473684 1 nan nan 0 0
-14.210526315789474 -0.5263157894736842 1 nan nan 0 0
-14.210526315789474 -0.0 1 nan nan 0 0
-14.210526315789474 0.0 1 nan nan 0 0
-14.210526315789474 0.5263157894736842 1 nan nan 0 0
-14.210526315789474 1.0526315789473684 1 nan nan 0 0
-12.631578947368421 -1.0526315789473684 1 nan nan 0 0
-12.631578947368421 -0.5263157894736842 1 nan nan 0 0
-12.631578947368421 -0.0 1 nan nan 0 0
-12.631578947368421 0.0 1 nan nan 0 0
-12.631578947368421 0.5263157894736842 1 nan nan 0 0
-12.631578947368421 1.0526315789473684 1 nan nan 0 0
-11.052631578947368 -1.5789473684210527 1 nan nan 0 0
-11.052631578947368 -1.0526315789473684 1 nan nan 0 0
-11.052631578947368 -0.5263157894736842 1 nan nan 0 0
-11.052631578947368 -0.0 1 nan nan 0 0
-11.052631578947368 0.0 1 nan nan 0 0
-11.052631578947368 0.5263157894736842 1 nan nan 0 0
-11.052631578947368 1.0526315789473684 1 nan nan 0 0
-11.052631578947368 1.5789473684210527 1 nan nan 0 0
-9.473684210526315 -1.5789473684210527 1 nan nan 0 0
-9.473684210526315 -1.0526315789473684 1 nan nan 0 0
-9.473684210526315 -0.5263157894736842 1 nan nan 0 0
-9.473684210526315 -0.0 1 nan nan 0 0
-9.473684210526315 0.0 1 nan nan 0 0
-9.473684210526315 0.5263157894736842 1 nan nan 0 0
-9.473684210526315 1.0526315789473684 1 nan nan 0 0
-9.473684210526315 1.5789473684210527 1 nan nan 0 0
-7.894736842105264 -1.5789473684210527 1 nan nan 0 0
-7.894736842105264 -1.0526315789473684 1 nan nan 0 0
-7.894736842105264 -0.5263157894736842 1 nan nan 0 0
-7.894736842105264 -0.0 1 nan nan 0 0
-7.894736842105264 0.0 1 nan nan 0 0
-7.894736842105264 0.5263157894736842 1 nan nan 0 0
-7.894736842105264 1.0526315789473684 1 nan nan 0 0
-7.894736842105264 1.5789473684210527 1 nan nan 0 0
-6.315789473684211 -1.5789473684210527 1 nan nan 0 0
-6.315789473684211 -1.0526315789473684 1 nan nan 0 0
-6.315789473684211 -0.5263157894736842 1 nan nan 0 0
-6.315789473684211 -0.0 1 nan nan 0 0
-6.315789473684211 0.0 1 nan nan 0 0
-6.315789473684211 0.5263157894736842 1 nan nan 0 0
-6.315789473684211 1.0526315789473684 1 nan nan 0 0
-6.315789473684211 1.5789473684210527 1 nan nan 0 0
-4.7368421052631575 -1.5789473684210527 1 nan nan 0 0
-4.7368421052631575 -1.0526315789473684 1 nan nan 0 0
-4.7368421052631575 -0.5263157894736842 1 nan nan 0 0
-4.7368421052631575 -0.0 1 nan nan 0 0
-4.7368421052631575 0.0 1 nan nan 0 0
-4.7368421052631575 0.5263157894736842 1 nan nan 0 0
-4.7368421052631575 1.0526315789473684 1 nan nan 0 0
-4.7368421052631575 1.5789473684210527 1 nan nan 0 0
-3.1578947368421053 -1.5789473684210527 1 nan nan 0 0
-3.1578947368421053 -1.0526315789473684 1 nan nan 0 0
-3.1578947368421053 -0.5263157894736842 1 nan nan 0 0
-3.1578947368421053 -0.0 1 nan nan 0 0
-3.1578947368421053 0.0 1 nan nan 0 0
-3.1578947368421053 0.5263157894736842 1 nan nan 0 0
-3.1578947368421053 1.0526315789473684 1 nan nan 0 0
-3.1578947368421053 1.5789473684210527 1 nan nan 0 0
-1.5789473684210527 -1.5789473684210527 1 nan nan 0 0
-1.5789473684210527 -1.0526315789473684 1 nan nan 0 0
-1.5789473684210527 -0.5263157894736842 1 nan nan 0 0
-1.5789473684210527 -0.0 1 nan nan 0 0
-1.5789473684210527 0.0 1 nan nan 0 0
-1.5789473684210527 0.5263157894736842 1 nan nan 0 0
-1.5789473684210527 1.0526315789473684 1 nan nan 0 0
-1.5789473684210527 1.5789473684210527 1 nan nan 0 0
-0.0 -1.0526315789473684 1 nan nan 0 0
-0.0 -0.5263157894736842 1 nan nan 0 0
-0.0 -0.0 1 nan nan 0 0
-0.0 0.0 1 nan nan 0 0
-0.0 0.5263157894736842 1 nan nan 0 0
-0.0 1.0526315789473684 1 nan nan 0 0
0.0 -1.0526315789473684 1 nan nan 0 0
0.0 -0.5263157894736842 1 nan nan 0 0
0.0 -0.0 1 nan nan 0 0
0.0 0.0 1 nan nan 0 0
0.0 0.5263157894736842 1 nan nan 0 0
0.0 1.0526315789473684 1 nan nan 0 0
1.5789473684210527 -1.0526315789473684 1 nan nan 0 -0.05815229294240515
1.5789473684210527 -0.5263157894736842 1 nan nan 0 -0.05815229294240515
1.5789473684210527 -0.0 1 nan nan 0 -0.05815229294240515
1.5789473684210527 0.0 1 nan nan 0 -0.05815229294240515
1.5789473684210527 0.5263157894736842 1 nan nan 0 -0.05815229294240515
3.1578947368421053 -1.0526315789473684 1 nan nan 0 0.025915908808823346
3.1578947368421053 -0.5263157894736842 1 nan nan 0 0.025915908808823346
3.1578947368421053 -0.0 1 nan nan 0 0.025915908808823346
3.1578947368421053 0.0 1 nan nan 0 0.025915908808823346
3.1578947368421053 0.5263157894736842 1 nan nan 0 0.025915908808823346
4.7368421052631575 -0.5263157894736842 1 nan nan 0 -0.13911044234372497
4.7368421052631575 -0.0 1 nan nan 0 -0.13911044234372497
4.7368421052631575 0.0 1 nan nan 0 -0.13911044234372497
4.7368421052631575 0.5263157894736842 1 nan nan 0 -0.13911044234372497
4.7368421052631575 1.0526315789473684 1 nan nan 0 -0.13911044234372497
6.315789473684211 -0.0 1 nan nan 0 -0.9183041496727018
6.315789473684211 0.0 1 nan nan 0 -0.9183041496727018
6.315789473684211 0.5263157894736842 1 nan nan 0 -0.9183041496727018
6.315789473684211 1.0526315789473684 1 nan nan 0 -0.9183041496727018
6.315789473684211 1.5789473684210527 1 nan nan 0 -0.9183041496727018
7.894736842105264 0.5263157894736842 1 nan nan 0 -2.511347238704491
7.894736842105264 1.0526315789473684 1 nan nan 0 -2.511347238704491
7.894736842105264 1.5789473684210527 1 nan nan 0 -2.511347238704491
7.894736842105264 2.1052631578947367 1 nan nan 0 -2.511347238704491
9.473684210526315 0.5263157894736842 1 nan nan 0 -4.845487101203472
9.473684210526315 1.0526315789473684 1 nan nan 0 -4.845487101203472
9.473684210526315 1.5789473684210527 1 nan nan 0 -4.845487101203472
9.473684210526315 2.1052631578947367 1 nan nan 0 -4.845487101203472
11.052631578947368 -0.0 1 nan nan 0 -7.527645908055936
11.052631578947368 0.0 1 nan nan 0 -7.527645908055936
11.052631578947368 0.5263157894736842 1 nan nan 0 -7.527645908055936
11.052631578947368 1.0526315789473684 1 nan nan 0 -7.527645908055936
12.631578947368421 -2.1052631578947367 1 nan nan 0 -9.872015813840003
12.631578947368421 -1.5789473684210527 1 nan nan 0 -9.872015813840003
12.631578947368421 -1.0526315789473684 1 nan nan 0 -9.872015813840003
