-15.789473684210527 -0.5263157894736842 1 nan nan 0 0
-15.789473684210527 -0.0 1 nan nan 0 0
-15.789473684210527 0.0 1 nan nan 0 0
-15.789473684210527 0.5263157894736842 1 nan nan 0 0
-14.210526315789474 -1.0526315789473684 1 nan nan 0 0
-14.210526315789474 -0.5263157894736842 1 nan nan 0 0
-14.210526315789474 -0.0 1 nan nan 0 0
-14.210526315789474 0.0 1 nan nan 0 0
-14.210526315789474 0.5263157894736842 1 nan nan 0 0
-14.210526315789474 1.0526315789473684 1 nan nan 0 0
-12.631578947368421 -1.0526315789473684 1 nan nan 0 0
-12.631578947368421 -0.5263157894736842 1 nan nan 0 0
-12.631578947368421 -0.0 1 nan nan 0 0
-12.631578947368421 0.0 1 nan nan 0 0
-12.631578947368421 0.5263157894736842 1 nan nan 0 0
-12.631578947368421 1.0526315789473684 1 nan nan 0 0
-11.052631578947368 -1.5789473684210527 1 nan nan 0 0
-11.052631578947368 -1.0526315789473684 1 nan nan 0 0
-11.052631578947368 -0.5263157894736842 1 nan nan 0 0
-11.052631578947368 -0.0 1 nan nan 0 0
-11.052631578947368 0.0 1 nan nan 0 0
-11.052631578947368 0.5263157894736842 1 nan nan 0 0
-11.052631578947368 1.0526315789473684 1 nan nan 0 0
-11.052631578947368 1.5789473684210527 1 nan nan 0 0
-9.473684210526315 -1.5789473684210527 1 nan nan 0 0
-9.473684210526315 -1.0526315789473684 1 nan nan 0 0
-9.473684210526315 -0.5263157894736842 1 nan nan 0 0
-9.473684210526315 -0.0 1 nan nan 0 0
-9.473684210526315 0.0 1 nan nan 0 0
-9.473684210526315 0.5263157894736842 1 nan nan 0 0
-9.473684210526315 1.0526315789473684 1 nan nan 0 0
-9.473684210526315 1.5789473684210527 1 nan nan 0 0
-7.894736842105264 -1.5789473684210527 1 nan nan 0 0
-7.894736842105264 -1.0526315789473684 1 nan nan 0 0
-7.894736842105264 -0.5263157894736842 1 nan nan 0 0
-7.894736842105264 -0.0 1 nan nan 0 0
-7.894736842105264 0.0 1 nan nan 0 0
-7.894736842105264 0.5263157894736842 1 nan nan 0 0
-7.894736842105264 1.0526315789473684 1 nan nan 0 0
-7.894736842105264 1.5789473684210527 1 nan nan 0 0
-6.315789473684211 -1.5789473684210527 1 nan nan 0 0
-6.315789473684211 -1.0526315789473684 1 nan nan 0 0
-6.315789473684211 -0.5263157894736842 1 nan nan 0 0
-6.315789473684211 -0.0 1 nan nan 0 0
-6.315789473684211 0.0 1 nan nan 0 0
-6.315789473684211 0.5263157894736842 1 nan nan 0 0
-6.315789473684211 1.0526315789473684 1 nan nan 0 0
-6.315789473684211 1.5789473684210527 1 nan nan 0 0
-4.7368421052631575 -1.5789473684210527 1 nan nan 0 0
-4.7368421052631575 -1.0526315789473684 1 nan nan 0 0
-4.7368421052631575 -0.5263157894736842 1 nan nan 0 0
-4.7368421052631575 -0.0 1 nan nan 0 0
-4.7368421052631575 0.0 1 nan nan 0 0
-4.7368421052631575 0.5263157894736842 1 nan nan 0 0
-4.7368421052631575 1.0526315789473684 1 nan nan 0 0
-4.7368421052631575 1.5789473684210527 1 nan nan 0 0
-3.1578947368421053 -1.5789473684210527 1 nan nan 0 0
-3.1578947368421053 -1.0526315789473684 1 nan nan 0 0
-3.1578947368421053 -0.5263157894736842 1 nan nan 0 0
-3.1578947368421053 -0.0 1 nan nan 0 0
-3.1578947368421053 0.0 1 nan nan 0 0
-3.1578947368421053 0.5263157894736842 1 nan nan 0 0
-3.1578947368421053 1.0526315789473684 1 nan nan 0 0
-3.1578947368421053 1.5789473684210527 1 nan nan 0 0
-1.5789473684210527 -1.5789473684210527 1 nan nan 0 0
-1.5789473684210527 -1.0526315789473684 1 nan nan 0 0
-1.5789473684210527 -0.5263157894736842 1 nan nan 0 0
-1.5789473684210527 -0.0 1 nan nan 0 0
-1.5789473684210527 0.0 1 nan nan 0 0
-1.5789473684210527 0.5263157894736842 1 nan nan 0 0
-1.5789473684210527 1.0526315789473684 1 nan nan 0 0
-1.5789473684210527 1.5789473684210527 1 nan nan 0 0
-0.0 -1.0526315789473684 1 nan nan 0 0
-0.0 -0.5263157894736842 1 nan nan 0 0
-0.0 -0.0 1 nan nan 0 0
-0.0 0.0 1 nan nan 0 0
-0.0 0.5263157894736842 1 nan nan 0 0
-0.0 1.0526315789473684 1 nan nan 0 0
0.0 -1.0526315789473684 1 nan nan 0 0
0.0 -0.5263157894736842 1 nan nan 0 0
0.0 -0.0 1 nan nan 0 0
0.0 0.0 1 nan nan 0 0
0.0 0.5263157894736842 1 nan nan 0 0
0.0 1.0526315789473684 1 nan nan 0 0
1.5789473684210527 -1.0526315789473684 1 nan nan 0 -0.05374965548436421
1.5789473684210527 -0.5263157894736842 1 nan nan 0 -0.05374965548436421
1.5789473684210527 -0.0 1 nan nan 0 -0.05374965548436421
1.5789473684210527 0.0 1 nan nan 0 -0.05374965548436421
1.5789473684210527 0.5263157894736842 1 nan nan 0 -0.05374965548436421
3.1578947368421053 -1.0526315789473684 1 nan nan 0 0.019576150567024542
3.1578947368421053 -0.5263157894736842 1 nan nan 0 0.019576150567024542
3.1578947368421053 -0.0 1 nan nan 0 0.019576150567024542
3.1578947368421053 0.0 1 nan nan 0 0.019576150567024542
3.1578947368421053 0.5263157894736842 1 nan nan 0 0.019576150567024542
4.7368421052631575 -0.5263157894736842 1 nan nan 0 -0.17261477155831934
4.7368421052631575 -0.0 1 nan nan 0 -0.17261477155831934
4.7368421052631575 0.0 1 nan nan 0 -0.17261477155831934
4.7368421052631575 0.5263157894736842 1 nan nan 0 -0.17261477155831934
4.7368421052631575 1.0526315789473684 1 nan nan 0 -0.17261477155831934
6.315789473684211 -0.0 1 nan nan 0 -0.9860639594250177
6.315789473684211 0.0 1 nan nan 0 -0.9860639594250177
6.315789473684211 0.5263157894736842 1 nan nan 0 -0.9860639594250177
6.315789473684211 1.0526315789473684 1 nan nan 0 -0.9860639594250177
6.315789473684211 1.5789473684210527 1 nan nan 0 -0.9860639594250177
7.894736842105264 0.5263157894736842 1 nan nan 0 -2.602287721062308
7.894736842105264 1.0526315789473684 1 nan nan 0 -2.602287721062308
7.894736842105264 1.5789473684210527 1 nan nan 0 -2.602287721062308
7.894736842105264 2.1052631578947367 1 nan nan 0 -2.602287721062308
9.473684210526315 0.5263157894736842 1 nan nan 0 -4.925921849055096
9.473684210526315 1.0526315789473684 1 nan nan 0 -4.925921849055096
9.473684210526315 1.5789473684210527 1 nan nan 0 -4.925921849055096
11.052631578947368 -0.0 1 nan nan 0 -7.542999665594003
11.052631578947368 0.0 1 nan nan 0 -7.542999665594003
11.052631578947368 0.5263157894736842 1 nan nan 0 -7.542999665594003
12.631578947368421 -2.1052631578947367 1 nan nan 0 -9.755249954393335
12.631578947368421 -1.5789473684210527 1 nan nan 0 -9.755249954393335
