-15.789473684210527 -0.5263157894736842 1 -170.02956730656786 -380.9668852423924 0 0
-15.789473684210527 -0.0 1 -169.87085231530278 -383.11394413547805 0 0
-15.789473684210527 0.0 1 -169.37775987696364 -380.6607089078792 0 0
-15.789473684210527 0.5263157894736842 1 -168.18045971263746 -381.55559795533196 0 0
-14.210526315789474 -1.0526315789473684 1 -181.01239471850613 -403.1767977467174 0 0
-14.210526315789474 -0.5263157894736842 1 -180.34422139294398 -404.0884991485266 0 0
-14.210526315789474 -0.0 1 -174.70995741763667 -391.0848075025274 0 0
-14.210526315789474 0.0 1 -177.07279441260744 -396.5672563270975 0 0
-14.210526315789474 0.5263157894736842 1 -175.4719452325064 -392.58276153870935 0 0
-14.210526315789474 1.0526315789473684 1 -173.6147290589493 -391.45261346427026 0 0
-12.631578947368421 -1.0526315789473684 1 -185.633489580157 -412.7490154315134 0 0
-12.631578947368421 -0.5263157894736842 1 -181.45449460139173 -405.9557470269344 0 0
-12.631578947368421 -0.0 1 -181.6715624624222 -404.9277580622733 0 0
-12.631578947368421 0.0 1 -178.1279754004073 -398.4431204869337 0 0
-12.631578947368421 0.5263157894736842 1 -182.1284525961897 -405.4270057925662 0 0
-12.631578947368421 1.0526315789473684 1 -179.50571220753844 -403.03257242747384 0 0
-11.052631578947368 -1.5789473684210527 1 -197.43385578523672 -436.69724716711085 0 0
-11.052631578947368 -1.0526315789473684 1 -193.69566816870014 -431.6641899168763 0 0
-11.052631578947368 -0.5263157894736842 1 -181.7525511610753 -404.0180387024324 0 0
-11.052631578947368 -0.0 1 -183.55503797520421 -409.8867994044427 0 0
-11.052631578947368 0.0 1 -179.8206352540607 -400.62256958075216 0 0
-11.052631578947368 0.5263157894736842 1 -182.108454563081 -406.4757283606366 0 0
-11.052631578947368 1.0526315789473684 1 -186.57914958003315 -413.46514504349364 0 0
-11.052631578947368 1.5789473684210527 1 -182.83099603882908 -409.43231817919985 0 0
-9.473684210526315 -1.5789473684210527 1 -261.80483203286565 -567.6761261372027 0 0
-9.473684210526315 -1.0526315789473684 1 -246.03413939443334 -534.5350716751943 0 0
-9.473684210526315 -0.5263157894736842 1 -224.51634626910203 -491.1758171432845 0 0
-9.473684210526315 -0.0 1 -206.48975474493034 -453.88913040056025 0 0
-9.473684210526315 0.0 1 -201.4634563848877 -445.13078540698353 0 0
-9.473684210526315 0.5263157894736842 1 -188.21492070309273 -417.1652739736734 0 0
-9.473684210526315 1.0526315789473684 1 -203.54620284204623 -447.2673355242223 0 0
-9.473684210526315 1.5789473684210527 1 -198.78695872106925 -441.14372109601544 0 0
-7.894736842105264 -1.5789473684210527 1 -608.0933720979947 -1284.8829597417257 0 0
-7.894736842105264 -1.0526315789473684 1 -677.6782934528122 -1337.5557880475635 0 0
-7.894736842105264 -0.5263157894736842 1 -374.39789241054683 -950.2814613384705 0 0
-7.894736842105264 -0.0 1 -957.893509440844 -1548.1527424344918 0 0
-7.894736842105264 0.0 1 717.9535910225503 390.3253602894415 0 0
-7.894736842105264 0.5263157894736842 1 -3052.594588513581 -3805.7629709450675 0 0
-7.894736842105264 1.0526315789473684 1 5561.24747602167 5922.411371132807 0 0
-7.894736842105264 1.5789473684210527 1 -12854.72168947544 -14836.324649594408 0 0
-6.315789473684211 -1.5789473684210527 1 -1878.0032949298486 -4133.708830305093 0 0
-6.315789473684211 -1.0526315789473684 1 -4631.821537733307 -7143.198440831194 0 0
-6.315789473684211 -0.5263157894736842 1 13547.173285748493 11421.232810056606 0 0
-6.315789473684211 -0.0 1 -122524.969474761 -127797.22140650387 0 0
-6.315789473684211 0.0 1 894484.2615143037 912764.880063145 0 0
-6.315789473684211 0.5263157894736842 1 -6463085.878165634 -6612952.073409928 0 0
-6.315789473684211 1.0526315789473684 1 43970032.82444026 44971927.58450784 0 0
-6.315789473684211 1.5789473684210527 1 -279850561.90035284 -286237300.3091063 0 0
-4.7368421052631575 -1.5789473684210527 1 32051.212611389452 61001.32965432907 0 0
-4.7368421052631575 -1.0526315789473684 1 -797489.5941700639 -1541675.4902181718 0 0
-4.7368421052631575 -0.5263157894736842 1 19038549.037000146 36844805.9240963 0 0
-4.7368421052631575 -0.0 1 -533766894.1246236 -1033519174.2320265 0 0
-4.7368421052631575 0.0 1 16407821384.72698 31774198560.81576 0 0
-4.7368421052631575 0.5263157894736842 1 -528037584143.78186 -1022590942675.2035 0 0
-4.7368421052631575 1.0526315789473684 1 17096145920105.904 33108397239062.066 0 0
-4.7368421052631575 1.5789473684210527 1 -537748842377907.25 -1041405778039840.8 0 0
-3.1578947368421053 -1.5789473684210527 1 1469358.205944766 2949339.292432542 0 0
-3.1578947368421053 -1.0526315789473684 1 -81363002.93088965 -163890994.1436706 0 0
-3.1578947368421053 -0.5263157894736842 1 6720119180.830792 13558056372.334286 0 0
-3.1578947368421053 -0.0 1 -776291843840.528 -1567039311170.0637 0 0
-3.1578947368421053 0.0 1 116434690965593.12 235071330423389.8 0 0
-3.1578947368421053 0.5263157894736842 1 -2.1341143793867004e+16 -4.308720791139289e+16 0 0
-3.1578947368421053 1.0526315789473684 1 4.5414012237725307e+18 9.169019540259866e+18 0 0
-3.1578947368421053 1.5789473684210527 1 -1.0699587663741866e+21 -2.1602321070624082e+21 0 0
-1.5789473684210527 -1.5789473684210527 1 -53882701.8818454 -108187372.50158976 0 0
-1.5789473684210527 -1.0526315789473684 1 11450320735.20286 23005364094.7666 0 0
-1.5789473684210527 -0.5263157894736842 1 -3711227644563.486 -7459168336537.585 0 0
-1.5789473684210527 -0.0 1 1866408990172842.2 3751829897303430.5 0 0
-1.5789473684210527 0.0 1 -1.427969806804674e+18 -2.8706136018039153e+18 0 0
-1.5789473684210527 0.5263157894736842 1 1.6005275547244802e+21 3.217536902173969e+21 0 0
-1.5789473684210527 1.0526315789473684 1 -2.5120167669906224e+24 -5.049911904986062e+24 0 0
-1.5789473684210527 1.5789473684210527 1 5.258495928992303e+27 1.057116723306933e+28 0 0
-0.0 -1.0526315789473684 1 -8569701504003.848 -17169874193603.303 0 0
-0.0 -0.5263157894736842 1 8606656816650010.0 1.7247586902771132e+16 0 0
-0.0 -0.0 1 -1.670593000125225e+19 -3.348200092361977e+19 0 0
-0.0 0.0 1 6.0485885703394165e+22 1.212308881052174e+23 0 0
-0.0 0.5263157894736842 1 -3.9308939463101664e+26 -7.878731315611583e+26 0 0
-0.0 1.0526315789473684 1 4.392012013748768e+30 8.802983013391447e+30 0 0
0.0 -1.0526315789473684 1 -2.2738431228269416e+16 -4.546427082539421e+16 0 0
0.0 -0.5263157894736842 1 5.730098540793394e+19 1.1455274094868667e+20 0 0
0.0 -0.0 1 -3.554294700578444e+23 -7.104617695505766e+23 0 0
0.0 0.0 1 5.237650187666633e+27 1.0468621853314766e+28 0 0
0.0 0.5263157894736842 1 -1.7451991545489773e+32 -3.488049541220187e+32 0 0
0.0 1.0526315789473684 1 1.2448970423307188e+37 2.488088955505136e+37 0 0
1.5789473684210527 -1.0526315789473684 1 4.989178842353018e+19 9.977606103159069e+19 0 -0.11414466310484543
1.5789473684210527 -0.5263157894736842 1 -4.112752778548513e+23 -8.224417862078103e+23 0 -0.11414466310484543
1.5789473684210527 -0.0 1 9.517029215074207e+27 1.903051946993131e+28 0 -0.11414466310484543
1.5789473684210527 0.0 1 -5.9415710131873446e+32 -1.1880481736349726e+33 0 -0.11414466310484543
1.5789473684210527 0.5263157894736842 1 9.689957929121518e+37 1.9375171122027482e+38 0 -0.11414466310484543
3.1578947368421053 -1.0526315789473684 1 1.435017218920378e+23 2.8701038628134343e+23 0 0.12177467314037134
3.1578947368421053 -0.5263157894736842 1 -1.200330471891375e+27 -2.401062407256538e+27 0 0.12177467314037134
3.1578947368421053 -0.0 1 -2.160663315084965e+31 -4.3157751466453545e+31 0 0.12177467314037134
3.1578947368421053 0.0 1 2.305796969865142e+37 4.609685318735524e+37 0 0.12177467314037134
3.1578947368421053 0.5263157894736842 1 -2.4746986025514005e+43 -4.947693405334595e+43 0 0.12177467314037134
4.7368421052631575 -0.5263157894736842 1 1.9883890426840045e+31 3.977038250311985e+31 0 0.44019923434156283
4.7368421052631575 -0.0 1 -2.273815355197113e+36 -4.549286066621992e+36 0 0.44019923434156283
4.7368421052631575 0.0 1 -8.94732617032277e+41 -1.786707515178793e+42 0 0.44019923434156283
4.7368421052631575 0.5263157894736842 1 1.1399659131422571e+49 2.2786605458689662e+49 0 0.44019923434156283
4.7368421052631575 1.0526315789473684 1 -1.9335529032194901e+56 -3.865382661407863e+56 0 0.44019923434156283
6.315789473684211 0.5263157894736842 1 -1.345055371177552e+55 -2.6878986917487224e+55 0 0.42107633066613637
6.315789473684211 1.0526315789473684 1 1.575792375945891e+63 3.1498308342190195e+63 0 0.42107633066613637
6.315789473684211 1.5789473684210527 1 -4.814612516452406e+71 -9.624548067043984e+71 0 0.42107633066613637
7.894736842105264 1.5789473684210527 1 8.073351203001632e+79 1.6138119774946045e+80 0 -0.3769104257514407
7.894736842105264 2.1052631578947367 1 -5.989746915426684e+89 -1.1973567217375005e+90 0 -0.3769104257514407
7.894736842105264 2.631578947368421 1 1.8008333833834235e+100 3.599943557541836e+100 0 -0.3769104257514407
9.473684210526315 2.631578947368421 1 -6.310784858076021e+110 -1.261533136652586e+111 0 -2.266410537795564
9.473684210526315 3.1578947368421053 1 7.522499765206541e+122 1.5037699177132532e+123 0 -2.266410537795564
9.473684210526315 3.6842105263157894 1 -4.7241397231253655e+135 -9.443736455572405e+135 0 -2.266410537795564
11.052631578947368 3.1578947368421053 1 -1.004730835365236e+135 -2.0084730417638025e+135 0 -5.296217017184587
11.052631578947368 3.6842105263157894 1 6.478830451197607e+148 1.295134943364354e+149 0 -5.296217017184587
11.052631578947368 4.2105263157894735 1 -2.6033714098502542e+163 -5.2042198231166035e+163 0 -5.296217017184587
12.631578947368421 2.631578947368421 1 -5.240291065778477e+133 -1.0475293513237896e+134 0 -9.163029263048116
12.631578947368421 3.1578947368421053 1 6.200320993020297e+147 1.2394503718748595e+148 0 -9.163029263048116
12.631578947368421 3.6842105263157894 1 -4.395269603334756e+162 -8.786232106804816e+162 0 -9.163029263048116
