-15.789473684210527 -0.5263157894736842 1 nan nan 0
-15.789473684210527 -0.0 1 nan nan 0
-15.789473684210527 0.0 1 nan nan 0
-15.789473684210527 0.5263157894736842 1 nan nan 0
-14.210526315789474 -1.0526315789473684 1 nan nan 0
-14.210526315789474 -0.5263157894736842 1 nan nan 0
-14.210526315789474 -0.0 1 nan nan 0
-14.210526315789474 0.0 1 nan nan 0
-14.210526315789474 0.5263157894736842 1 nan nan 0
-14.210526315789474 1.0526315789473684 1 nan nan 0
-12.631578947368421 -1.0526315789473684 1 nan nan 0
-12.631578947368421 -0.5263157894736842 1 nan nan 0
-12.631578947368421 -0.0 1 nan nan 0
-12.631578947368421 0.0 1 nan nan 0
-12.631578947368421 0.5263157894736842 1 nan nan 0
-12.631578947368421 1.0526315789473684 1 nan nan 0
-11.052631578947368 -1.5789473684210527 1 nan nan 0
-11.052631578947368 -1.0526315789473684 1 nan nan 0
-11.052631578947368 -0.5263157894736842 1 nan nan 0
-11.052631578947368 -0.0 1 nan nan 0
-11.052631578947368 0.0 1 nan nan 0
-11.052631578947368 0.5263157894736842 1 nan nan 0
-11.052631578947368 1.0526315789473684 1 nan nan 0
-11.052631578947368 1.5789473684210527 1 nan nan 0
-9.473684210526315 -1.5789473684210527 1 nan nan 0
-9.473684210526315 -1.0526315789473684 1 nan nan 0
-9.473684210526315 -0.5263157894736842 1 nan nan 0
-9.473684210526315 -0.0 1 nan nan 0
-9.473684210526315 0.0 1 nan nan 0
-9.473684210526315 0.5263157894736842 1 nan nan 0
-9.473684210526315 1.0526315789473684 1 nan nan 0
-9.473684210526315 1.5789473684210527 1 nan nan 0
-7.894736842105264 -1.5789473684210527 1 nan nan 0
-7.894736842105264 -1.0526315789473684 1 nan nan 0
-7.894736842105264 -0.5263157894736842 1 nan nan 0
-7.894736842105264 -0.0 1 nan nan 0
-7.894736842105264 0.0 1 nan nan 0
-7.894736842105264 0.5263157894736842 1 nan nan 0
-7.894736842105264 1.0526315789473684 1 nan nan 0
-7.894736842105264 1.5789473684210527 1 nan nan 0
-6.315789473684211 -1.5789473684210527 1 nan nan 0
-6.315789473684211 -1.0526315789473684 1 nan nan 0
-6.315789473684211 -0.5263157894736842 1 nan nan 0
-6.315789473684211 -0.0 1 nan nan 0
-6.315789473684211 0.0 1 nan nan 0
-6.315789473684211 0.5263157894736842 1 nan nan 0
-6.315789473684211 1.0526315789473684 1 nan nan 0
-6.315789473684211 1.5789473684210527 1 nan nan 0
-4.7368421052631575 -1.5789473684210527 1 nan nan 0
-4.7368421052631575 -1.0526315789473684 1 nan nan 0
-4.7368421052631575 -0.5263157894736842 1 nan nan 0
-4.7368421052631575 -0.0 1 nan nan 0
-4.7368421052631575 0.0 1 nan nan 0
-4.7368421052631575 0.5263157894736842 1 nan nan 0
-4.7368421052631575 1.0526315789473684 1 nan nan 0
-4.7368421052631575 1.5789473684210527 1 nan nan 0
-3.1578947368421053 -1.5789473684210527 1 nan nan 0
-3.1578947368421053 -1.0526315789473684 1 nan nan 0
-3.1578947368421053 -0.5263157894736842 1 nan nan 0
-3.1578947368421053 -0.0 1 nan nan 0
-3.1578947368421053 0.0 1 nan nan 0
-3.1578947368421053 0.5263157894736842 1 nan nan 0
-3.1578947368421053 1.0526315789473684 1 nan nan 0
-3.1578947368421053 1.5789473684210527 1 nan nan 0
-1.5789473684210527 -1.5789473684210527 1 nan nan 0
-1.5789473684210527 -1.0526315789473684 1 nan nan 0
-1.5789473684210527 -0.5263157894736842 1 nan nan 0
-1.5789473684210527 -0.0 1 nan nan 0
-1.5789473684210527 0.0 1 nan nan 0
-1.5789473684210527 0.5263157894736842 1 nan nan 0
-1.5789473684210527 1.0526315789473684 1 nan nan 0
-1.5789473684210527 1.5789473684210527 1 nan nan 0
-0.0 -1.0526315789473684 1 nan nan 0
-0.0 -0.5263157894736842 1 nan nan 0
-0.0 -0.0 1 nan nan 0
-0.0 0.0 1 nan nan 0
-0.0 0.5263157894736842 1 nan nan 0
-0.0 1.0526315789473684 1 nan nan 0
0.0 -1.0526315789473684 1 nan nan 0
0.0 -0.5263157894736842 1 nan nan 0
0.0 -0.0 1 nan nan 0
0.0 0.0 1 nan nan 0
0.0 0.5263157894736842 1 nan nan 0
0.0 1.0526315789473684 1 nan nan 0
1.5789473684210527 -1.0526315789473684 1 nan nan -0.06015200802304509
1.5789473684210527 -0.5263157894736842 1 nan nan -0.06015200802304509
1.5789473684210527 -0.0 1 nan nan -0.06015200802304509
1.5789473684210527 0.0 1 nan nan -0.06015200802304509
1.5789473684210527 0.5263157894736842 1 nan nan -0.06015200802304509
3.1578947368421053 -1.0526315789473684 1 nan nan 0.02882801122955627
3.1578947368421053 -0.5263157894736842 1 nan nan 0.02882801122955627
3.1578947368421053 -0.0 1 nan nan 0.02882801122955627
3.1578947368421053 0.0 1 nan nan 0.02882801122955627
3.1578947368421053 0.5263157894736842 1 nan nan 0.02882801122955627
4.7368421052631575 -0.5263157894736842 1 nan nan -0.12356525958266558
4.7368421052631575 -0.0 1 nan nan -0.12356525958266558
4.7368421052631575 0.0 1 nan nan -0.12356525958266558
4.7368421052631575 0.5263157894736842 1 nan nan -0.12356525958266558
4.7368421052631575 1.0526315789473684 1 nan nan -0.12356525958266558
6.315789473684211 -0.0 1 nan nan -0.8865069167609978
6.315789473684211 0.0 1 nan nan -0.8865069167609978
6.315789473684211 0.5263157894736842 1 nan nan -0.8865069167609978
6.315789473684211 1.0526315789473684 1 nan nan -0.8865069167609978
6.315789473684211 1.5789473684210527 1 nan nan -0.8865069167609978
7.894736842105264 0.5263157894736842 1 nan nan -2.4679526580304603
7.894736842105264 1.0526315789473684 1 nan nan -2.4679526580304603
7.894736842105264 1.5789473684210527 1 nan nan -2.4679526580304603
7.894736842105264 2.1052631578947367 1 nan nan -2.4679526580304603
9.473684210526315 1.0526315789473684 1 nan nan -4.805629211534269
9.473684210526315 1.5789473684210527 1 nan nan -4.805629211534269
9.473684210526315 2.1052631578947367 1 nan nan -4.805629211534269
11.052631578947368 -0.0 1 nan nan -7.516323007643114
11.052631578947368 0.0 1 nan nan -7.516323007643114
11.052631578947368 0.5263157894736842 1 nan nan -7.516323007643114
11.052631578947368 1.0526315789473684 1 nan nan -7.516323007643114
12.631578947368421 -1.5789473684210527 1 nan nan -9.920365615271914
12.631578947368421 -1.0526315789473684 1 nan nan -9.920365615271914
