-15.789473684210527 -0.5263157894736842 1 nan nan 0
-15.789473684210527 -0.0 1 nan nan 0
-15.789473684210527 0.0 1 nan nan 0
-15.789473684210527 0.5263157894736842 1 nan nan 0
-14.210526315789474 -1.0526315789473684 1 nan nan 0
-14.210526315789474 -0.5263157894736842 1 nan nan 0
-14.210526315789474 -0.0 1 nan nan 0
-14.210526315789474 0.0 1 nan nan 0
-14.210526315789474 0.5263157894736842 1 nan nan 0
-14.210526315789474 1.0526315789473684 1 nan nan 0
-12.631578947368421 -1.0526315789473684 1 nan nan 0
-12.631578947368421 -0.5263157894736842 1 nan nan 0
-12.631578947368421 -0.0 1 nan nan 0
-12.631578947368421 0.0 1 nan nan 0
-12.631578947368421 0.5263157894736842 1 nan nan 0
-12.631578947368421 1.0526315789473684 1 nan nan 0
-11.052631578947368 -1.5789473684210527 1 nan nan 0
-11.052631578947368 -1.0526315789473684 1 nan nan 0
-11.052631578947368 -0.5263157894736842 1 nan nan 0
-11.052631578947368 -0.0 1 nan nan 0
-11.052631578947368 0.0 1 nan nan 0
-11.052631578947368 0.5263157894736842 1 nan nan 0
-11.052631578947368 1.0526315789473684 1 nan nan 0
-11.052631578947368 1.5789473684210527 1 nan nan 0
-9.473684210526315 -1.5789473684210527 1 nan nan 0
-9.473684210526315 -1.0526315789473684 1 nan nan 0
-9.473684210526315 -0.5263157894736842 1 nan nan 0
-9.473684210526315 -0.0 1 nan nan 0
-9.473684210526315 0.0 1 nan nan 0
-9.473684210526315 0.5263157894736842 1 nan nan 0
-9.473684210526315 1.0526315789473684 1 nan nan 0
-9.473684210526315 1.5789473684210527 1 nan nan 0
-7.894736842105264 -1.5789473684210527 1 nan nan 0
-7.894736842105264 -1.0526315789473684 1 nan nan 0
-7.894736842105264 -0.5263157894736842 1 nan nan 0
-7.894736842105264 -0.0 1 nan nan 0
-7.894736842105264 0.0 1 nan nan 0
-7.894736842105264 0.5263157894736842 1 nan nan 0
-7.894736842105264 1.0526315789473684 1 nan nan 0
-7.894736842105264 1.5789473684210527 1 nan nan 0
-6.315789473684211 -1.5789473684210527 1 nan nan 0
-6.315789473684211 -1.0526315789473684 1 nan nan 0
-6.315789473684211 -0.5263157894736842 1 nan nan 0
-6.315789473684211 -0.0 1 nan nan 0
-6.315789473684211 0.0 1 nan nan 0
-6.315789473684211 0.5263157894736842 1 nan nan 0
-6.315789473684211 1.0526315789473684 1 nan nan 0
-6.315789473684211 1.5789473684210527 1 nan nan 0
-4.7368421052631575 -1.5789473684210527 1 nan nan 0
-4.7368421052631575 -1.0526315789473684 1 nan nan 0
-4.7368421052631575 -0.5263157894736842 1 nan nan 0
-4.7368421052631575 -0.0 1 nan nan 0
-4.7368421052631575 0.0 1 nan nan 0
-4.7368421052631575 0.5263157894736842 1 nan nan 0
-4.7368421052631575 1.0526315789473684 1 nan nan 0
-4.7368421052631575 1.5789473684210527 1 nan nan 0
-3.1578947368421053 -1.5789473684210527 1 nan nan 0
-3.1578947368421053 -1.0526315789473684 1 nan nan 0
-3.1578947368421053 -0.5263157894736842 1 nan nan 0
-3.1578947368421053 -0.0 1 nan nan 0
-3.1578947368421053 0.0 1 nan nan 0
-3.1578947368421053 0.5263157894736842 1 nan nan 0
-3.1578947368421053 1.0526315789473684 1 nan nan 0
-3.1578947368421053 1.5789473684210527 1 nan nan 0
-1.5789473684210527 -1.5789473684210527 1 nan nan 0
-1.5789473684210527 -1.0526315789473684 1 nan nan 0
-1.5789473684210527 -0.5263157894736842 1 nan nan 0
-1.5789473684210527 -0.0 1 nan nan 0
-1.5789473684210527 0.0 1 nan nan 0
-1.5789473684210527 0.5263157894736842 1 nan nan 0
-1.5789473684210527 1.0526315789473684 1 nan nan 0
-1.5789473684210527 1.5789473684210527 1 nan nan 0
-0.0 -1.0526315789473684 1 nan nan 0
-0.0 -0.5263157894736842 1 nan nan 0
-0.0 -0.0 1 nan nan 0
-0.0 0.0 1 nan nan 0
-0.0 0.5263157894736842 1 nan nan 0
-0.0 1.0526315789473684 1 nan nan 0
0.0 -1.0526315789473684 1 nan nan 0
0.0 -0.5263157894736842 1 nan nan 0
0.0 -0.0 1 nan nan 0
0.0 0.0 1 nan nan 0
0.0 0.5263157894736842 1 nan nan 0
0.0 1.0526315789473684 1 nan nan 0
1.5789473684210527 -1.0526315789473684 1 nan nan -0.05409159691285884
1.5789473684210527 -0.5263157894736842 1 nan nan -0.05409159691285884
1.5789473684210527 -0.0 1 nan nan -0.05409159691285884
1.5789473684210527 0.0 1 nan nan -0.05409159691285884
1.5789473684210527 0.5263157894736842 1 nan nan -0.05409159691285884
3.1578947368421053 -1.0526315789473684 1 nan nan 0.020065118497974016
3.1578947368421053 -0.5263157894736842 1 nan nan 0.020065118497974016
3.1578947368421053 -0.0 1 nan nan 0.020065118497974016
3.1578947368421053 0.0 1 nan nan 0.020065118497974016
3.1578947368421053 0.5263157894736842 1 nan nan 0.020065118497974016
4.7368421052631575 -0.5263157894736842 1 nan nan -0.17004702646367242
4.7368421052631575 -0.0 1 nan nan -0.17004702646367242
4.7368421052631575 0.0 1 nan nan -0.17004702646367242
4.7368421052631575 0.5263157894736842 1 nan nan -0.17004702646367242
4.7368421052631575 1.0526315789473684 1 nan nan -0.17004702646367242
6.315789473684211 -0.0 1 nan nan -0.9809086267372212
6.315789473684211 0.0 1 nan nan -0.9809086267372212
6.315789473684211 0.5263157894736842 1 nan nan -0.9809086267372212
6.315789473684211 1.0526315789473684 1 nan nan -0.9809086267372212
6.315789473684211 1.5789473684210527 1 nan nan -0.9809086267372212
7.894736842105264 0.5263157894736842 1 nan nan -2.595444490036344
7.894736842105264 1.0526315789473684 1 nan nan -2.595444490036344
7.894736842105264 1.5789473684210527 1 nan nan -2.595444490036344
7.894736842105264 2.1052631578947367 1 nan nan -2.595444490036344
9.473684210526315 0.5263157894736842 1 nan nan -4.920024595408013
9.473684210526315 1.0526315789473684 1 nan nan -4.920024595408013
9.473684210526315 1.5789473684210527 1 nan nan -4.920024595408013
11.052631578947368 -0.0 1 nan nan -7.542265025917077
11.052631578947368 0.0 1 nan nan -7.542265025917077
11.052631578947368 0.5263157894736842 1 nan nan -7.542265025917077
12.631578947368421 -2.1052631578947367 1 nan nan -9.764812194985758
12.631578947368421 -1.5789473684210527 1 nan nan -9.764812194985758
