-15.789473684210527 -0.5263157894736842 1 26.949024424455736 6.878110639048387 0 0
-15.789473684210527 -0.0 1 26.67627003941201 7.350433225953019 0 0
-15.789473684210527 0.0 1 26.829287703735098 7.799095625537667 0 0
-15.789473684210527 0.5263157894736842 1 26.58290834116512 7.909177408812376 0 0
-14.210526315789474 -1.0526315789473684 1 43.885771459650655 40.60992802606545 0 0
-14.210526315789474 -0.5263157894736842 1 43.79171331719267 41.87969901005303 0 0
-14.210526315789474 -0.0 1 42.97872927734171 40.55268372218797 0 0
-14.210526315789474 0.0 1 42.82401743296903 40.2971506212327 0 0
-14.210526315789474 0.5263157894736842 1 42.57973616639913 39.85179726432711 0 0
-14.210526315789474 1.0526315789473684 1 42.20987428065948 39.41191888071973 0 0
-12.631578947368421 -1.0526315789473684 1 65.09622813863056 83.21456381586478 0 0
-12.631578947368421 -0.5263157894736842 1 62.530510079527254 79.47466074300782 0 0
-12.631578947368421 -0.0 1 61.55360028067581 77.79142446481882 0 0
-12.631578947368421 0.0 1 61.14860952863577 77.03051196021525 0 0
-12.631578947368421 0.5263157894736842 1 60.90090621348645 76.53021641694288 0 0
-12.631578947368421 1.0526315789473684 1 60.7557054715501 77.01814338055054 0 0
-11.052631578947368 -1.5789473684210527 1 90.20372499441848 132.99547313805456 0 0
-11.052631578947368 -1.0526315789473684 1 88.93393714798911 132.1444192978127 0 0
-11.052631578947368 -0.5263157894736842 1 86.64277314249253 127.9766009946055 0 0
-11.052631578947368 -0.0 1 84.65783777708138 124.09477138707234 0 0
-11.052631578947368 0.0 1 83.32397995067461 121.44272014544572 0 0
-11.052631578947368 0.5263157894736842 1 82.43216122031778 119.65934925759197 0 0
-11.052631578947368 1.0526315789473684 1 81.6769981024588 118.1975921653129 0 0
-11.052631578947368 1.5789473684210527 1 82.44507132434929 120.12779987970468 0 0
-9.473684210526315 -1.5789473684210527 1 121.12043350783233 195.11824950041938 0 0
-9.473684210526315 -1.0526315789473684 1 117.61059878349269 189.63907238938572 0 0
-9.473684210526315 -0.5263157894736842 1 114.96556810554287 184.69589290014272 0 0
-9.473684210526315 -0.0 1 112.53344290285422 179.90117243718277 0 0
-9.473684210526315 0.0 1 110.33990471344153 175.5241910493038 0 0
-9.473684210526315 0.5263157894736842 1 108.60412865055129 172.05171207806188 0 0
-9.473684210526315 1.0526315789473684 1 107.20959250661825 169.24655202855715 0 0
-9.473684210526315 1.5789473684210527 1 106.91490085196791 169.54006294619376 0 0
-7.894736842105264 -1.5789473684210527 1 156.89132548058217 266.6109782277275 0 0
-7.894736842105264 -1.0526315789473684 1 153.18643282682444 260.7982987158411 0 0
-7.894736842105264 -0.5263157894736842 1 149.65676324483985 254.1119070140333 0 0
-7.894736842105264 -0.0 1 146.1566776711056 247.18891956302713 0 0
-7.894736842105264 0.0 1 142.9457231994732 240.77823870864393 0 0
-7.894736842105264 0.5263157894736842 1 140.1931356999401 235.27143006111746 0 0
-7.894736842105264 1.0526315789473684 1 137.75094816841704 230.36438855709054 0 0
-7.894736842105264 1.5789473684210527 1 135.43755814067035 226.67309313344435 0 0
-6.315789473684211 -1.5789473684210527 1 199.35710601989138 351.47798449880423 0 0
-6.315789473684211 -1.0526315789473684 1 195.42802621883607 345.27545179704236 0 0
-6.315789473684211 -0.5263157894736842 1 191.3060251628917 337.4343788804884 0 0
-6.315789473684211 -0.0 1 186.91144701796452 328.73285247462394 0 0
-6.315789473684211 0.0 1 182.51781410935274 319.9592382859431 0 0
-6.315789473684211 0.5263157894736842 1 178.47400347323835 311.8697533209258 0 0
-6.315789473684211 1.0526315789473684 1 174.87439484516665 304.6456605450223 0 0
-6.315789473684211 1.5789473684210527 1 170.84560162278262 297.55500613932793 0 0
-4.7368421052631575 -1.5789473684210527 1 247.19196807540487 447.09105421526 0 0
-4.7368421052631575 -1.0526315789473684 1 244.8899392174332 444.19230925981304 0 0
-4.7368421052631575 -0.5263157894736842 1 240.88940764514692 436.6206389352843 0 0
-4.7368421052631575 -0.0 1 235.83091032355853 426.6008488098246 0 0
-4.7368421052631575 0.0 1 230.31682590817542 415.5889560398423 0 0
-4.7368421052631575 0.5263157894736842 1 224.86679618520233 404.68715438380787 0 0
-4.7368421052631575 1.0526315789473684 1 219.80413892316318 394.535398942161 0 0
-4.7368421052631575 1.5789473684210527 1 213.96734651436404 383.8563163023655 0 0
-3.1578947368421053 -1.5789473684210527 1 299.062335789302 550.7811551639741 0 0
-3.1578947368421053 -1.0526315789473684 1 300.6312273567851 555.6673717226647 0 0
-3.1578947368421053 -0.5263157894736842 1 298.470922137307 551.7997982138445 0 0
-3.1578947368421053 -0.0 1 293.7394145198949 542.4425575975918 0 0
-3.1578947368421053 0.0 1 287.5573842078963 530.0971885750857 0 0
-3.1578947368421053 0.5263157894736842 1 280.8157525379443 516.6124496043554 0 0
-3.1578947368421053 1.0526315789473684 1 274.15374982525066 503.2608180891847 0 0
-3.1578947368421053 1.5789473684210527 1 266.52647963157676 489.02292944591875 0 0
-1.5789473684210527 -1.5789473684210527 1 352.4375530954221 657.7559876475717 0 0
-1.5789473684210527 -1.0526315789473684 1 360.36729467895236 675.2161684078264 0 0
-1.5789473684210527 -0.5263157894736842 1 362.8510770565216 680.5950608266955 0 0
-1.5789473684210527 -0.0 1 360.50354894310925 675.9971155319238 0 0
-1.5789473684210527 0.0 1 354.92041649682636 664.8476701549985 0 0
-1.5789473684210527 0.5263157894736842 1 347.5484505517328 650.1015621711229 0 0
-1.5789473684210527 1.0526315789473684 1 339.50373094323464 633.9673518383895 0 0
-1.5789473684210527 1.5789473684210527 1 329.77450918692927 615.8151715681922 0 0
-0.0 -1.0526315789473684 1 423.96433225052476 800.7782233788325 0 0
-0.0 -0.5263157894736842 1 432.57003112760316 819.6261632693734 0 0
-0.0 -0.0 1 434.9385227757539 824.7815477691038 0 0
-0.0 0.0 1 432.08505100705236 819.1715232914398 0 0
-0.0 0.5263157894736842 1 425.6142844323546 806.2254110017661 0 0
-0.0 1.0526315789473684 1 416.5489619380451 789.0650859816694 0 0
0.0 -1.0526315789473684 1 489.29702087699764 931.1957917269267 0 0
0.0 -0.5263157894736842 1 506.78562494099134 967.9750421939991 0 0
0.0 -0.0 1 515.9174568374201 986.7249196196285 0 0
0.0 0.0 1 518.0865389876516 991.1827996615652 0 0
0.0 0.5263157894736842 1 514.6770267181821 984.3468558469829 0 0
0.0 1.0526315789473684 1 506.16367183453747 968.672752574342 0 0
1.5789473684210527 -1.0526315789473684 1 550.8846588950338 1054.307972098526 0 -0.11440339266648461
1.5789473684210527 -0.5263157894736842 1 581.3797570234578 1117.1323358191512 0 -0.11440339266648461
1.5789473684210527 -0.0 1 601.3355197749913 1157.54874653656 0 -0.11440339266648461
1.5789473684210527 0.0 1 611.6020830498309 1178.186113193677 0 -0.11440339266648461
1.5789473684210527 0.5263157894736842 1 613.175071729738 1182.3626944181206 0 -0.11440339266648461
3.1578947368421053 -1.0526315789473684 1 607.9507705210544 1168.7061712917064 0 0.12239390871772302
3.1578947368421053 -0.5263157894736842 1 653.7876733254301 1262.053881044519 0 0.12239390871772302
3.1578947368421053 -0.0 1 687.8409655637892 1330.6129735490636 0 0.12239390871772302
3.1578947368421053 0.0 1 709.9135038893735 1374.846288456586 0 0.12239390871772302
3.1578947368421053 0.5263157894736842 1 720.0813164221356 1396.340663820438 0 0.12239390871772302
4.7368421052631575 -0.5263157894736842 1 722.7103208923693 1398.498049477706 0 0.44464946186834037
4.7368421052631575 -0.0 1 772.0034313070219 1498.8776765823104 0 0.44464946186834037
4.7368421052631575 0.0 1 808.8548321905673 1573.0695313861465 0 0.44464946186834037
4.7368421052631575 0.5263157894736842 1 832.7359691126411 1620.7559420394061 0 0.44464946186834037
4.7368421052631575 1.0526315789473684 1 847.1579222264974 1650.1562735489977 0 0.44464946186834037
6.315789473684211 0.5263157894736842 1 949.1091829823863 1851.4772618588502 0 0.43279379291917774
6.315789473684211 1.0526315789473684 1 977.0937224413287 1909.1777476510342 0 0.43279379291917774
6.315789473684211 1.5789473684210527 1 998.1570876034618 1952.1126768347126 0 0.43279379291917774
7.894736842105264 1.5789473684210527 1 1150.0354591406758 2253.295960823407 0 -0.3557287757822615
7.894736842105264 2.1052631578947367 1 1180.6579343227781 2315.7704399758327 0 -0.3557287757822615
7.894736842105264 2.631578947368421 1 1213.9814234435134 2383.4668879721867 0 -0.3557287757822615
9.473684210526315 2.631578947368421 1 1401.706264692104 2756.445335720875 0 -2.236480999605125
9.473684210526315 3.1578947368421053 1 1442.7910903692057 2839.5631254598434 0 -2.236480999605125
9.473684210526315 3.6842105263157894 1 1489.6893215357775 2934.570653751224 0 -2.236480999605125
11.052631578947368 3.1578947368421053 1 1667.870023274526 3288.01124276484 0 -5.262337310834332
11.052631578947368 3.6842105263157894 1 1722.803278730693 3399.511557500353 0 -5.262337310834332
11.052631578947368 4.2105263157894735 1 1780.69688838691 3516.5644959308493 0 -5.262337310834332
12.631578947368421 2.631578947368421 1 1834.6309366832627 3620.8682464790604 0 -9.13435740532553
12.631578947368421 3.1578947368421053 1 1906.1884001154506 3765.7523386477446 0 -9.13435740532553
12.631578947368421 3.6842105263157894 1 1971.3752215824077 3897.615194908126 0 -9.13435740532553
