-15.789473684210527 -0.5263157894736842 1 nan nan 0
-15.789473684210527 -0.0 1 nan nan 0
-15.789473684210527 0.0 1 nan nan 0
-15.789473684210527 0.5263157894736842 1 nan nan 0
-14.210526315789474 -1.0526315789473684 1 nan nan 0
-14.210526315789474 -0.5263157894736842 1 nan nan 0
-14.210526315789474 -0.0 1 nan nan 0
-14.210526315789474 0.0 1 nan nan 0
-14.210526315789474 0.5263157894736842 1 nan nan 0
-14.210526315789474 1.0526315789473684 1 nan nan 0
-12.631578947368421 -1.0526315789473684 1 nan nan 0
-12.631578947368421 -0.5263157894736842 1 nan nan 0
-12.631578947368421 -0.0 1 nan nan 0
-12.631578947368421 0.0 1 nan nan 0
-12.631578947368421 0.5263157894736842 1 nan nan 0
-12.631578947368421 1.0526315789473684 1 nan nan 0
-11.052631578947368 -1.5789473684210527 1 nan nan 0
-11.052631578947368 -1.0526315789473684 1 nan nan 0
-11.052631578947368 -0.5263157894736842 1 nan nan 0
-11.052631578947368 -0.0 1 nan nan 0
-11.052631578947368 0.0 1 nan nan 0
-11.052631578947368 0.5263157894736842 1 nan nan 0
-11.052631578947368 1.0526315789473684 1 nan nan 0
-11.052631578947368 1.5789473684210527 1 nan nan 0
-9.473684210526315 -1.5789473684210527 1 nan nan 0
-9.473684210526315 -1.0526315789473684 1 nan nan 0
-9.473684210526315 -0.5263157894736842 1 nan nan 0
-9.473684210526315 -0.0 1 nan nan 0
-9.473684210526315 0.0 1 nan nan 0
-9.473684210526315 0.5263157894736842 1 nan nan 0
-9.473684210526315 1.0526315789473684 1 nan nan 0
-9.473684210526315 1.5789473684210527 1 nan nan 0
-7.894736842105264 -1.5789473684210527 1 nan nan 0
-7.894736842105264 -1.0526315789473684 1 nan nan 0
-7.894736842105264 -0.5263157894736842 1 nan nan 0
-7.894736842105264 -0.0 1 nan nan 0
-7.894736842105264 0.0 1 nan nan 0
-7.894736842105264 0.5263157894736842 1 nan nan 0
-7.894736842105264 1.0526315789473684 1 nan nan 0
-7.894736842105264 1.5789473684210527 1 nan nan 0
-6.315789473684211 -1.5789473684210527 1 nan nan 0
-6.315789473684211 -1.0526315789473684 1 nan nan 0
-6.315789473684211 -0.5263157894736842 1 nan nan 0
-6.315789473684211 -0.0 1 nan nan 0
-6.315789473684211 0.0 1 nan nan 0
-6.315789473684211 0.5263157894736842 1 nan nan 0
-6.315789473684211 1.0526315789473684 1 nan nan 0
-6.315789473684211 1.5789473684210527 1 nan nan 0
-4.7368421052631575 -1.5789473684210527 1 nan nan 0
-4.7368421052631575 -1.0526315789473684 1 nan nan 0
-4.7368421052631575 -0.5263157894736842 1 nan nan 0
-4.7368421052631575 -0.0 1 nan nan 0
-4.7368421052631575 0.0 1 nan nan 0
-4.7368421052631575 0.5263157894736842 1 nan nan 0
-4.7368421052631575 1.0526315789473684 1 nan nan 0
-4.7368421052631575 1.5789473684210527 1 nan nan 0
-3.1578947368421053 -1.5789473684210527 1 nan nan 0
-3.1578947368421053 -1.0526315789473684 1 nan nan 0
-3.1578947368421053 -0.5263157894736842 1 nan nan 0
-3.1578947368421053 -0.0 1 nan nan 0
-3.1578947368421053 0.0 1 nan nan 0
-3.1578947368421053 0.5263157894736842 1 nan nan 0
-3.1578947368421053 1.0526315789473684 1 nan nan 0
-3.1578947368421053 1.5789473684210527 1 nan nan 0
-1.5789473684210527 -1.5789473684210527 1 nan nan 0
-1.5789473684210527 -1.0526315789473684 1 nan nan 0
-1.5789473684210527 -0.5263157894736842 1 nan nan 0
-1.5789473684210527 -0.0 1 nan nan 0
-1.5789473684210527 0.0 1 nan nan 0
-1.5789473684210527 0.5263157894736842 1 nan nan 0
-1.5789473684210527 1.0526315789473684 1 nan nan 0
-1.5789473684210527 1.5789473684210527 1 nan nan 0
-0.0 -1.0526315789473684 1 nan nan 0
-0.0 -0.5263157894736842 1 nan nan 0
-0.0 -0.0 1 nan nan 0
-0.0 0.0 1 nan nan 0
-0.0 0.5263157894736842 1 nan nan 0
-0.0 1.0526315789473684 1 nan nan 0
0.0 -1.0526315789473684 1 nan nan 0
0.0 -0.5263157894736842 1 nan nan 0
0.0 -0.0 1 nan nan 0
0.0 0.0 1 nan nan 0
0.0 0.5263157894736842 1 nan nan 0
0.0 1.0526315789473684 1 nan nan 0
1.5789473684210527 -1.0526315789473684 1 nan nan -0.05714464274448576
1.5789473684210527 -0.5263157894736842 1 nan nan -0.05714464274448576
1.5789473684210527 -0.0 1 nan nan -0.05714464274448576
1.5789473684210527 0.0 1 nan nan -0.05714464274448576
1.5789473684210527 0.5263157894736842 1 nan nan -0.05714464274448576
3.1578947368421053 -1.0526315789473684 1 nan nan 0.024456339875716195
3.1578947368421053 -0.5263157894736842 1 nan nan 0.024456339875716195
3.1578947368421053 -0.0 1 nan nan 0.024456339875716195
3.1578947368421053 0.0 1 nan nan 0.024456339875716195
3.1578947368421053 0.5263157894736842 1 nan nan 0.024456339875716195
4.7368421052631575 -0.5263157894736842 1 nan nan -0.1468648437776733
4.7368421052631575 -0.0 1 nan nan -0.1468648437776733
4.7368421052631575 0.0 1 nan nan -0.1468648437776733
4.7368421052631575 0.5263157894736842 1 nan nan -0.1468648437776733
4.7368421052631575 1.0526315789473684 1 nan nan -0.1468648437776733
6.315789473684211 -0.0 1 nan nan -0.9340811168255444
6.315789473684211 0.0 1 nan nan -0.9340811168255444
6.315789473684211 0.5263157894736842 1 nan nan -0.9340811168255444
6.315789473684211 1.0526315789473684 1 nan nan -0.9340811168255444
6.315789473684211 1.5789473684210527 1 nan nan -0.9340811168255444
7.894736842105264 0.5263157894736842 1 nan nan -2.532710879195929
7.894736842105264 1.0526315789473684 1 nan nan -2.532710879195929
7.894736842105264 1.5789473684210527 1 nan nan -2.532710879195929
7.894736842105264 2.1052631578947367 1 nan nan -2.532710879195929
9.473684210526315 0.5263157894736842 1 nan nan -4.864771315349136
9.473684210526315 1.0526315789473684 1 nan nan -4.864771315349136
9.473684210526315 1.5789473684210527 1 nan nan -4.864771315349136
9.473684210526315 2.1052631578947367 1 nan nan -4.864771315349136
11.052631578947368 -0.0 1 nan nan -7.5323046213131715
11.052631578947368 0.0 1 nan nan -7.5323046213131715
11.052631578947368 0.5263157894736842 1 nan nan -7.5323046213131715
11.052631578947368 1.0526315789473684 1 nan nan -7.5323046213131715
12.631578947368421 -2.1052631578947367 1 nan nan -9.846524485637307
12.631578947368421 -1.5789473684210527 1 nan nan -9.846524485637307
12.631578947368421 -1.0526315789473684 1 nan nan -9.846524485637307
