-15.789473684210527 -0.5263157894736842 1 nan nan 0 0
-15.789473684210527 -0.0 1 nan nan 0 0
-15.789473684210527 0.0 1 nan nan 0 0
-15.789473684210527 0.5263157894736842 1 nan nan 0 0
-14.210526315789474 -1.0526315789473684 1 nan nan 0 0
-14.210526315789474 -0.5263157894736842 1 nan nan 0 0
-14.210526315789474 -0.0 1 nan nan 0 0
-14.210526315789474 0.0 1 nan nan 0 0
-14.210526315789474 0.5263157894736842 1 nan nan 0 0
-14.210526315789474 1.0526315789473684 1 nan nan 0 0
-12.631578947368421 -1.0526315789473684 1 nan nan 0 0
-12.631578947368421 -0.5263157894736842 1 nan nan 0 0
-12.631578947368421 -0.0 1 nan nan 0 0
-12.631578947368421 0.0 1 nan nan 0 0
-12.631578947368421 0.5263157894736842 1 nan nan 0 0
-12.631578947368421 1.0526315789473684 1 nan nan 0 0
-11.052631578947368 -1.5789473684210527 1 nan nan 0 0
-11.052631578947368 -1.0526315789473684 1 nan nan 0 0
-11.052631578947368 -0.5263157894736842 1 nan nan 0 0
-11.052631578947368 -0.0 1 nan nan 0 0
-11.052631578947368 0.0 1 nan nan 0 0
-11.052631578947368 0.5263157894736842 1 nan nan 0 0
-11.052631578947368 1.0526315789473684 1 nan nan 0 0
-11.052631578947368 1.5789473684210527 1 nan nan 0 0
-9.473684210526315 -1.5789473684210527 1 nan nan 0 0
-9.473684210526315 -1.0526315789473684 1 nan nan 0 0
-9.473684210526315 -0.5263157894736842 1 nan nan 0 0
-9.473684210526315 -0.0 1 nan nan 0 0
-9.473684210526315 0.0 1 nan nan 0 0
-9.473684210526315 0.5263157894736842 1 nan nan 0 0
-9.473684210526315 1.0526315789473684 1 nan nan 0 0
-9.473684210526315 1.5789473684210527 1 nan nan 0 0
-7.894736842105264 -1.5789473684210527 1 nan nan 0 0
-7.894736842105264 -1.0526315789473684 1 nan nan 0 0
-7.894736842105264 -0.5263157894736842 1 nan nan 0 0
-7.894736842105264 -0.0 1 nan nan 0 0
-7.894736842105264 0.0 1 nan nan 0 0
-7.894736842105264 0.5263157894736842 1 nan nan 0 0
-7.894736842105264 1.0526315789473684 1 nan nan 0 0
-7.894736842105264 1.5789473684210527 1 nan nan 0 0
-6.315789473684211 -1.5789473684210527 1 nan nan 0 0
-6.315789473684211 -1.0526315789473684 1 nan nan 0 0
-6.315789473684211 -0.5263157894736842 1 nan nan 0 0
-6.315789473684211 -0.0 1 nan nan 0 0
-6.315789473684211 0.0 1 nan nan 0 0
-6.315789473684211 0.5263157894736842 1 nan nan 0 0
-6.315789473684211 1.0526315789473684 1 nan nan 0 0
-6.315789473684211 1.5789473684210527 1 nan nan 0 0
-4.7368421052631575 -1.5789473684210527 1 nan nan 0 0
-4.7368421052631575 -1.0526315789473684 1 nan nan 0 0
-4.7368421052631575 -0.5263157894736842 1 nan nan 0 0
-4.7368421052631575 -0.0 1 nan nan 0 0
-4.7368421052631575 0.0 1 nan nan 0 0
-4.7368421052631575 0.5263157894736842 1 nan nan 0 0
-4.7368421052631575 1.0526315789473684 1 nan nan 0 0
-4.7368421052631575 1.5789473684210527 1 nan nan 0 0
-3.1578947368421053 -1.5789473684210527 1 nan nan 0 0
-3.1578947368421053 -1.0526315789473684 1 nan nan 0 0
-3.1578947368421053 -0.5263157894736842 1 nan nan 0 0
-3.1578947368421053 -0.0 1 nan nan 0 0
-3.1578947368421053 0.0 1 nan nan 0 0
-3.1578947368421053 0.5263157894736842 1 nan nan 0 0
-3.1578947368421053 1.0526315789473684 1 nan nan 0 0
-3.1578947368421053 1.5789473684210527 1 nan nan 0 0
-1.5789473684210527 -1.5789473684210527 1 nan nan 0 0
-1.5789473684210527 -1.0526315789473684 1 nan nan 0 0
-1.5789473684210527 -0.5263157894736842 1 nan nan 0 0
-1.5789473684210527 -0.0 1 nan nan 0 0
-1.5789473684210527 0.0 1 nan nan 0 0
-1.5789473684210527 0.5263157894736842 1 nan nan 0 0
-1.5789473684210527 1.0526315789473684 1 nan nan 0 0
-1.5789473684210527 1.5789473684210527 1 nan nan 0 0
-0.0 -1.0526315789473684 1 nan nan 0 0
-0.0 -0.5263157894736842 1 nan nan 0 0
-0.0 -0.0 1 nan nan 0 0
-0.0 0.0 1 nan nan 0 0
-0.0 0.5263157894736842 1 nan nan 0 0
-0.0 1.0526315789473684 1 nan nan 0 0
0.0 -1.0526315789473684 1 nan nan 0 0
0.0 -0.5263157894736842 1 nan nan 0 0
0.0 -0.0 1 nan nan 0 0
0.0 0.0 1 nan nan 0 0
0.0 0.5263157894736842 1 nan nan 0 0
0.0 1.0526315789473684 1 nan nan 0 0
1.5789473684210527 -1.0526315789473684 1 nan nan 0 -0.07167717065608464
1.5789473684210527 -0.5263157894736842 1 nan nan 0 -0.07167717065608464
1.5789473684210527 -0.0 1 nan nan 0 -0.07167717065608464
1.5789473684210527 0.0 1 nan nan 0 -0.07167717065608464
1.5789473684210527 0.5263157894736842 1 nan nan 0 -0.07167717065608464
3.1578947368421053 -1.0526315789473684 1 nan nan 0 0.04604959644153106
3.1578947368421053 -0.5263157894736842 1 nan nan 0 0.04604959644153106
3.1578947368421053 -0.0 1 nan nan 0 0.04604959644153106
3.1578947368421053 0.0 1 nan nan 0 0.04604959644153106
3.1578947368421053 0.5263157894736842 1 nan nan 0 0.04604959644153106
4.7368421052631575 -0.5263157894736842 1 nan nan 0 -0.0295665089745151
4.7368421052631575 -0.0 1 nan nan 0 -0.0295665089745151
4.7368421052631575 0.0 1 nan nan 0 -0.0295665089745151
4.7368421052631575 0.5263157894736842 1 nan nan 0 -0.0295665089745151
4.7368421052631575 1.0526315789473684 1 nan nan 0 -0.0295665089745151
6.315789473684211 0.5263157894736842 1 nan nan 0 -0.6895121285574771
6.315789473684211 1.0526315789473684 1 nan nan 0 -0.6895121285574771
6.315789473684211 1.5789473684210527 1 nan nan 0 -0.6895121285574771
7.894736842105264 1.0526315789473684 1 nan nan 0 -2.1897324035762593
7.894736842105264 1.5789473684210527 1 nan nan 0 -2.1897324035762593
7.894736842105264 2.1052631578947367 1 nan nan 0 -2.1897324035762593
9.473684210526315 1.0526315789473684 1 nan nan 0 -4.531163923766581
9.473684210526315 1.5789473684210527 1 nan nan 0 -4.531163923766581
9.473684210526315 2.1052631578947367 1 nan nan 0 -4.531163923766581
11.052631578947368 0.5263157894736842 1 nan nan 0 -7.3925119290584105
11.052631578947368 1.0526315789473684 1 nan nan 0 -7.3925119290584105
11.052631578947368 1.5789473684210527 1 nan nan 0 -7.3925119290584105
12.631578947368421 -1.0526315789473684 1 nan nan 0 -10.13593331093422
12.631578947368421 -0.5263157894736842 1 nan nan 0 -10.13593331093422
12.631578947368421 -0.0 1 nan nan 0 -10.13593331093422
12.631578947368421 0.0 1 nan nan 0 -10.13593331093422
