-15.789473684210527 -0.5263157894736842 1 nan nan 0
-15.789473684210527 -0.0 1 nan nan 0
-15.789473684210527 0.0 1 nan nan 0
-15.789473684210527 0.5263157894736842 1 nan nan 0
-14.210526315789474 -1.0526315789473684 1 nan nan 0
-14.210526315789474 -0.5263157894736842 1 nan nan 0
-14.210526315789474 -0.0 1 nan nan 0
-14.210526315789474 0.0 1 nan nan 0
-14.210526315789474 0.5263157894736842 1 nan nan 0
-14.210526315789474 1.0526315789473684 1 nan nan 0
-12.631578947368421 -1.0526315789473684 1 nan nan 0
-12.631578947368421 -0.5263157894736842 1 nan nan 0
-12.631578947368421 -0.0 1 nan nan 0
-12.631578947368421 0.0 1 nan nan 0
-12.631578947368421 0.5263157894736842 1 nan nan 0
-12.631578947368421 1.0526315789473684 1 nan nan 0
-11.052631578947368 -1.5789473684210527 1 nan nan 0
-11.052631578947368 -1.0526315789473684 1 nan nan 0
-11.052631578947368 -0.5263157894736842 1 nan nan 0
-11.052631578947368 -0.0 1 nan nan 0
-11.052631578947368 0.0 1 nan nan 0
-11.052631578947368 0.5263157894736842 1 nan nan 0
-11.052631578947368 1.0526315789473684 1 nan nan 0
-11.052631578947368 1.5789473684210527 1 nan nan 0
-9.473684210526315 -1.5789473684210527 1 nan nan 0
-9.473684210526315 -1.0526315789473684 1 nan nan 0
-9.473684210526315 -0.5263157894736842 1 nan nan 0
-9.473684210526315 -0.0 1 nan nan 0
-9.473684210526315 0.0 1 nan nan 0
-9.473684210526315 0.5263157894736842 1 nan nan 0
-9.473684210526315 1.0526315789473684 1 nan nan 0
-9.473684210526315 1.5789473684210527 1 nan nan 0
-7.894736842105264 -1.5789473684210527 1 nan nan 0
-7.894736842105264 -1.0526315789473684 1 nan nan 0
-7.894736842105264 -0.5263157894736842 1 nan nan 0
-7.894736842105264 -0.0 1 nan nan 0
-7.894736842105264 0.0 1 nan nan 0
-7.894736842105264 0.5263157894736842 1 nan nan 0
-7.894736842105264 1.0526315789473684 1 nan nan 0
-7.894736842105264 1.5789473684210527 1 nan nan 0
-6.315789473684211 -1.5789473684210527 1 nan nan 0
-6.315789473684211 -1.0526315789473684 1 nan nan 0
-6.315789473684211 -0.5263157894736842 1 nan nan 0
-6.315789473684211 -0.0 1 nan nan 0
-6.315789473684211 0.0 1 nan nan 0
-6.315789473684211 0.5263157894736842 1 nan nan 0
-6.315789473684211 1.0526315789473684 1 nan nan 0
-6.315789473684211 1.5789473684210527 1 nan nan 0
-4.7368421052631575 -1.5789473684210527 1 nan nan 0
-4.7368421052631575 -1.0526315789473684 1 nan nan 0
-4.7368421052631575 -0.5263157894736842 1 nan nan 0
-4.7368421052631575 -0.0 1 nan nan 0
-4.7368421052631575 0.0 1 nan nan 0
-4.7368421052631575 0.5263157894736842 1 nan nan 0
-4.7368421052631575 1.0526315789473684 1 nan nan 0
-4.7368421052631575 1.5789473684210527 1 nan nan 0
-3.1578947368421053 -1.5789473684210527 1 nan nan 0
-3.1578947368421053 -1.0526315789473684 1 nan nan 0
-3.1578947368421053 -0.5263157894736842 1 nan nan 0
-3.1578947368421053 -0.0 1 nan nan 0
-3.1578947368421053 0.0 1 nan nan 0
-3.1578947368421053 0.5263157894736842 1 nan nan 0
-3.1578947368421053 1.0526315789473684 1 nan nan 0
-3.1578947368421053 1.5789473684210527 1 nan nan 0
-1.5789473684210527 -1.5789473684210527 1 nan nan 0
-1.5789473684210527 -1.0526315789473684 1 nan nan 0
-1.5789473684210527 -0.5263157894736842 1 nan nan 0
-1.5789473684210527 -0.0 1 nan nan 0
-1.5789473684210527 0.0 1 nan nan 0
-1.5789473684210527 0.5263157894736842 1 nan nan 0
-1.5789473684210527 1.0526315789473684 1 nan nan 0
-1.5789473684210527 1.5789473684210527 1 nan nan 0
-0.0 -1.0526315789473684 1 nan nan 0
-0.0 -0.5263157894736842 1 nan nan 0
-0.0 -0.0 1 nan nan 0
-0.0 0.0 1 nan nan 0
-0.0 0.5263157894736842 1 nan nan 0
-0.0 1.0526315789473684 1 nan nan 0
0.0 -1.0526315789473684 1 nan nan 0
0.0 -0.5263157894736842 1 nan nan 0
0.0 -0.0 1 nan nan 0
0.0 0.0 1 nan nan 0
0.0 0.5263157894736842 1 nan nan 0
0.0 1.0526315789473684 1 nan nan 0
1.5789473684210527 -1.0526315789473684 1 nan nan -0.07783984259012267
1.5789473684210527 -0.5263157894736842 1 nan nan -0.07783984259012267
1.5789473684210527 -0.0 1 nan nan -0.07783984259012267
1.5789473684210527 0.0 1 nan nan -0.07783984259012267
1.5789473684210527 0.5263157894736842 1 nan nan -0.07783984259012267
3.1578947368421053 -1.0526315789473684 1 nan nan 0.05560724051597821
3.1578947368421053 -0.5263157894736842 1 nan nan 0.05560724051597821
3.1578947368421053 -0.0 1 nan nan 0.05560724051597821
3.1578947368421053 0.0 1 nan nan 0.05560724051597821
3.1578947368421053 0.5263157894736842 1 nan nan 0.05560724051597821
4.7368421052631575 -0.5263157894736842 1 nan nan 0.024206778569642946
4.7368421052631575 -0.0 1 nan nan 0.024206778569642946
4.7368421052631575 0.0 1 nan nan 0.024206778569642946
4.7368421052631575 0.5263157894736842 1 nan nan 0.024206778569642946
4.7368421052631575 1.0526315789473684 1 nan nan 0.024206778569642946
6.315789473684211 0.5263157894736842 1 nan nan -0.5732312185183266
6.315789473684211 1.0526315789473684 1 nan nan -0.5732312185183266
6.315789473684211 1.5789473684210527 1 nan nan -0.5732312185183266
7.894736842105264 1.0526315789473684 1 nan nan -2.0185555500865284
7.894736842105264 1.5789473684210527 1 nan nan -2.0185555500865284
7.894736842105264 2.1052631578947367 1 nan nan -2.0185555500865284
9.473684210526315 1.5789473684210527 1 nan nan -4.348743875111178
9.473684210526315 2.1052631578947367 1 nan nan -4.348743875111178
9.473684210526315 2.631578947368421 1 nan nan -4.348743875111178
11.052631578947368 1.0526315789473684 1 nan nan -7.279648258417394
11.052631578947368 1.5789473684210527 1 nan nan -7.279648258417394
11.052631578947368 2.1052631578947367 1 nan nan -7.279648258417394
12.631578947368421 -0.5263157894736842 1 nan nan -10.200923299943922
12.631578947368421 -0.0 1 nan nan -10.200923299943922
12.631578947368421 0.0 1 nan nan -10.200923299943922
