-15.789473684210527 -0.5263157894736842 1 nan nan 0
-15.789473684210527 -0.0 1 nan nan 0
-15.789473684210527 0.0 1 nan nan 0
-15.789473684210527 0.5263157894736842 1 nan nan 0
-14.210526315789474 -1.0526315789473684 1 nan nan 0
-14.210526315789474 -0.5263157894736842 1 nan nan 0
-14.210526315789474 -0.0 1 nan nan 0
-14.210526315789474 0.0 1 nan nan 0
-14.210526315789474 0.5263157894736842 1 nan nan 0
-14.210526315789474 1.0526315789473684 1 nan nan 0
-12.631578947368421 -1.0526315789473684 1 nan nan 0
-12.631578947368421 -0.5263157894736842 1 nan nan 0
-12.631578947368421 -0.0 1 nan nan 0
-12.631578947368421 0.0 1 nan nan 0
-12.631578947368421 0.5263157894736842 1 nan nan 0
-12.631578947368421 1.0526315789473684 1 nan nan 0
-11.052631578947368 -1.5789473684210527 1 nan nan 0
-11.052631578947368 -1.0526315789473684 1 nan nan 0
-11.052631578947368 -0.5263157894736842 1 nan nan 0
-11.052631578947368 -0.0 1 nan nan 0
-11.052631578947368 0.0 1 nan nan 0
-11.052631578947368 0.5263157894736842 1 nan nan 0
-11.052631578947368 1.0526315789473684 1 nan nan 0
-11.052631578947368 1.5789473684210527 1 nan nan 0
-9.473684210526315 -1.5789473684210527 1 nan nan 0
-9.473684210526315 -1.0526315789473684 1 nan nan 0
-9.473684210526315 -0.5263157894736842 1 nan nan 0
-9.473684210526315 -0.0 1 nan nan 0
-9.473684210526315 0.0 1 nan nan 0
-9.473684210526315 0.5263157894736842 1 nan nan 0
-9.473684210526315 1.0526315789473684 1 nan nan 0
-9.473684210526315 1.5789473684210527 1 nan nan 0
-7.894736842105264 -1.5789473684210527 1 nan nan 0
-7.894736842105264 -1.0526315789473684 1 nan nan 0
-7.894736842105264 -0.5263157894736842 1 nan nan 0
-7.894736842105264 -0.0 1 nan nan 0
-7.894736842105264 0.0 1 nan nan 0
-7.894736842105264 0.5263157894736842 1 nan nan 0
-7.894736842105264 1.0526315789473684 1 nan nan 0
-7.894736842105264 1.5789473684210527 1 nan nan 0
-6.315789473684211 -1.5789473684210527 1 nan nan 0
-6.315789473684211 -1.0526315789473684 1 nan nan 0
-6.315789473684211 -0.5263157894736842 1 nan nan 0
-6.315789473684211 -0.0 1 nan nan 0
-6.315789473684211 0.0 1 nan nan 0
-6.315789473684211 0.5263157894736842 1 nan nan 0
-6.315789473684211 1.0526315789473684 1 nan nan 0
-6.315789473684211 1.5789473684210527 1 nan nan 0
-4.7368421052631575 -1.5789473684210527 1 nan nan 0
-4.7368421052631575 -1.0526315789473684 1 nan nan 0
-4.7368421052631575 -0.5263157894736842 1 nan nan 0
-4.7368421052631575 -0.0 1 nan nan 0
-4.7368421052631575 0.0 1 nan nan 0
-4.7368421052631575 0.5263157894736842 1 nan nan 0
-4.7368421052631575 1.0526315789473684 1 nan nan 0
-4.7368421052631575 1.5789473684210527 1 nan nan 0
-3.1578947368421053 -1.5789473684210527 1 nan nan 0
-3.1578947368421053 -1.0526315789473684 1 nan nan 0
-3.1578947368421053 -0.5263157894736842 1 nan nan 0
-3.1578947368421053 -0.0 1 nan nan 0
-3.1578947368421053 0.0 1 nan nan 0
-3.1578947368421053 0.5263157894736842 1 nan nan 0
-3.1578947368421053 1.0526315789473684 1 nan nan 0
-3.1578947368421053 1.5789473684210527 1 nan nan 0
-1.5789473684210527 -1.5789473684210527 1 nan nan 0
-1.5789473684210527 -1.0526315789473684 1 nan nan 0
-1.5789473684210527 -0.5263157894736842 1 nan nan 0
-1.5789473684210527 -0.0 1 nan nan 0
-1.5789473684210527 0.0 1 nan nan 0
-1.5789473684210527 0.5263157894736842 1 nan nan 0
-1.5789473684210527 1.0526315789473684 1 nan nan 0
-1.5789473684210527 1.5789473684210527 1 nan nan 0
-0.0 -1.0526315789473684 1 nan nan 0
-0.0 -0.5263157894736842 1 nan nan 0
-0.0 -0.0 1 nan nan 0
-0.0 0.0 1 nan nan 0
-0.0 0.5263157894736842 1 nan nan 0
-0.0 1.0526315789473684 1 nan nan 0
0.0 -1.0526315789473684 1 nan nan 0
0.0 -0.5263157894736842 1 nan nan 0
0.0 -0.0 1 nan nan 0
0.0 0.0 1 nan nan 0
0.0 0.5263157894736842 1 nan nan 0
0.0 1.0526315789473684 1 nan nan 0
1.5789473684210527 -1.0526315789473684 1 nan nan -0.0845058507118512
1.5789473684210527 -0.5263157894736842 1 nan nan -0.0845058507118512
1.5789473684210527 -0.0 1 nan nan -0.0845058507118512
1.5789473684210527 0.0 1 nan nan -0.0845058507118512
1.5789473684210527 0.5263157894736842 1 nan nan -0.0845058507118512
3.1578947368421053 -1.0526315789473684 1 nan nan 0.0662775872560176
3.1578947368421053 -0.5263157894736842 1 nan nan 0.0662775872560176
3.1578947368421053 -0.0 1 nan nan 0.0662775872560176
3.1578947368421053 0.0 1 nan nan 0.0662775872560176
3.1578947368421053 0.5263157894736842 1 nan nan 0.0662775872560176
4.7368421052631575 -0.5263157894736842 1 nan nan 0.08571248553222419
4.7368421052631575 -0.0 1 nan nan 0.08571248553222419
4.7368421052631575 0.0 1 nan nan 0.08571248553222419
4.7368421052631575 0.5263157894736842 1 nan nan 0.08571248553222419
4.7368421052631575 1.0526315789473684 1 nan nan 0.08571248553222419
6.315789473684211 0.5263157894736842 1 nan nan -0.43703905410944277
6.315789473684211 1.0526315789473684 1 nan nan -0.43703905410944277
6.315789473684211 1.5789473684210527 1 nan nan -0.43703905410944277
7.894736842105264 1.0526315789473684 1 nan nan -1.8120763876135573
7.894736842105264 1.5789473684210527 1 nan nan -1.8120763876135573
7.894736842105264 2.1052631578947367 1 nan nan -1.8120763876135573
7.894736842105264 2.631578947368421 1 nan nan -1.8120763876135573
9.473684210526315 1.5789473684210527 1 nan nan -4.117494986819004
9.473684210526315 2.1052631578947367 1 nan nan -4.117494986819004
9.473684210526315 2.631578947368421 1 nan nan -4.117494986819004
11.052631578947368 1.0526315789473684 1 nan nan -7.113169771471481
11.052631578947368 1.5789473684210527 1 nan nan -7.113169771471481
11.052631578947368 2.1052631578947367 1 nan nan -7.113169771471481
12.631578947368421 -0.0 1 nan nan -10.223383026790765
12.631578947368421 0.0 1 nan nan -10.223383026790765
12.631578947368421 0.5263157894736842 1 nan nan -10.223383026790765
