-15.789473684210527 -0.5263157894736842 1 nan nan 0
-15.789473684210527 -0.0 1 nan nan 0
-15.789473684210527 0.0 1 nan nan 0
-15.789473684210527 0.5263157894736842 1 nan nan 0
-14.210526315789474 -1.0526315789473684 1 nan nan 0
-14.210526315789474 -0.5263157894736842 1 nan nan 0
-14.210526315789474 -0.0 1 nan nan 0
-14.210526315789474 0.0 1 nan nan 0
-14.210526315789474 0.5263157894736842 1 nan nan 0
-14.210526315789474 1.0526315789473684 1 nan nan 0
-12.631578947368421 -1.0526315789473684 1 nan nan 0
-12.631578947368421 -0.5263157894736842 1 nan nan 0
-12.631578947368421 -0.0 1 nan nan 0
-12.631578947368421 0.0 1 nan nan 0
-12.631578947368421 0.5263157894736842 1 nan nan 0
-12.631578947368421 1.0526315789473684 1 nan nan 0
-11.052631578947368 -1.5789473684210527 1 nan nan 0
-11.052631578947368 -1.0526315789473684 1 nan nan 0
-11.052631578947368 -0.5263157894736842 1 nan nan 0
-11.052631578947368 -0.0 1 nan nan 0
-11.052631578947368 0.0 1 nan nan 0
-11.052631578947368 0.5263157894736842 1 nan nan 0
-11.052631578947368 1.0526315789473684 1 nan nan 0
-11.052631578947368 1.5789473684210527 1 nan nan 0
-9.473684210526315 -1.5789473684210527 1 nan nan 0
-9.473684210526315 -1.0526315789473684 1 nan nan 0
-9.473684210526315 -0.5263157894736842 1 nan nan 0
-9.473684210526315 -0.0 1 nan nan 0
-9.473684210526315 0.0 1 nan nan 0
-9.473684210526315 0.5263157894736842 1 nan nan 0
-9.473684210526315 1.0526315789473684 1 nan nan 0
-9.473684210526315 1.5789473684210527 1 nan nan 0
-7.894736842105264 -1.5789473684210527 1 nan nan 0
-7.894736842105264 -1.0526315789473684 1 nan nan 0
-7.894736842105264 -0.5263157894736842 1 nan nan 0
-7.894736842105264 -0.0 1 nan nan 0
-7.894736842105264 0.0 1 nan nan 0
-7.894736842105264 0.5263157894736842 1 nan nan 0
-7.894736842105264 1.0526315789473684 1 nan nan 0
-7.894736842105264 1.5789473684210527 1 nan nan 0
-6.315789473684211 -1.5789473684210527 1 nan nan 0
-6.315789473684211 -1.0526315789473684 1 nan nan 0
-6.315789473684211 -0.5263157894736842 1 nan nan 0
-6.315789473684211 -0.0 1 nan nan 0
-6.315789473684211 0.0 1 nan nan 0
-6.315789473684211 0.5263157894736842 1 nan nan 0
-6.315789473684211 1.0526315789473684 1 nan nan 0
-6.315789473684211 1.5789473684210527 1 nan nan 0
-4.7368421052631575 -1.5789473684210527 1 nan nan 0
-4.7368421052631575 -1.0526315789473684 1 nan nan 0
-4.7368421052631575 -0.5263157894736842 1 nan nan 0
-4.7368421052631575 -0.0 1 nan nan 0
-4.7368421052631575 0.0 1 nan nan 0
-4.7368421052631575 0.5263157894736842 1 nan nan 0
-4.7368421052631575 1.0526315789473684 1 nan nan 0
-4.7368421052631575 1.5789473684210527 1 nan nan 0
-3.1578947368421053 -1.5789473684210527 1 nan nan 0
-3.1578947368421053 -1.0526315789473684 1 nan nan 0
-3.1578947368421053 -0.5263157894736842 1 nan nan 0
-3.1578947368421053 -0.0 1 nan nan 0
-3.1578947368421053 0.0 1 nan nan 0
-3.1578947368421053 0.5263157894736842 1 nan nan 0
-3.1578947368421053 1.0526315789473684 1 nan nan 0
-3.1578947368421053 1.5789473684210527 1 nan nan 0
-1.5789473684210527 -1.5789473684210527 1 nan nan 0
-1.5789473684210527 -1.0526315789473684 1 nan nan 0
-1.5789473684210527 -0.5263157894736842 1 nan nan 0
-1.5789473684210527 -0.0 1 nan nan 0
-1.5789473684210527 0.0 1 nan nan 0
-1.5789473684210527 0.5263157894736842 1 nan nan 0
-1.5789473684210527 1.0526315789473684 1 nan nan 0
-1.5789473684210527 1.5789473684210527 1 nan nan 0
-0.0 -1.0526315789473684 1 nan nan 0
-0.0 -0.5263157894736842 1 nan nan 0
-0.0 -0.0 1 nan nan 0
-0.0 0.0 1 nan nan 0
-0.0 0.5263157894736842 1 nan nan 0
-0.0 1.0526315789473684 1 nan nan 0
0.0 -1.0526315789473684 1 nan nan 0
0.0 -0.5263157894736842 1 nan nan 0
0.0 -0.0 1 nan nan 0
0.0 0.0 1 nan nan 0
0.0 0.5263157894736842 1 nan nan 0
0.0 1.0526315789473684 1 nan nan 0
1.5789473684210527 -1.0526315789473684 1 nan nan -0.10838531680552806
1.5789473684210527 -0.5263157894736842 1 nan nan -0.10838531680552806
1.5789473684210527 -0.0 1 nan nan -0.10838531680552806
1.5789473684210527 0.0 1 nan nan -0.10838531680552806
1.5789473684210527 0.5263157894736842 1 nan nan -0.10838531680552806
3.1578947368421053 -1.0526315789473684 1 nan nan 0.10912476516307894
3.1578947368421053 -0.5263157894736842 1 nan nan 0.10912476516307894
3.1578947368421053 -0.0 1 nan nan 0.10912476516307894
3.1578947368421053 0.0 1 nan nan 0.10912476516307894
3.1578947368421053 0.5263157894736842 1 nan nan 0.10912476516307894
4.7368421052631575 -0.5263157894736842 1 nan nan 0.3525472786346573
4.7368421052631575 -0.0 1 nan nan 0.3525472786346573
4.7368421052631575 0.0 1 nan nan 0.3525472786346573
4.7368421052631575 0.5263157894736842 1 nan nan 0.3525472786346573
4.7368421052631575 1.0526315789473684 1 nan nan 0.3525472786346573
6.315789473684211 0.5263157894736842 1 nan nan 0.1958170086762324
6.315789473684211 1.0526315789473684 1 nan nan 0.1958170086762324
6.315789473684211 1.5789473684210527 1 nan nan 0.1958170086762324
7.894736842105264 1.5789473684210527 1 nan nan -0.7755855174649204
7.894736842105264 2.1052631578947367 1 nan nan -0.7755855174649204
7.894736842105264 2.631578947368421 1 nan nan -0.7755855174649204
9.473684210526315 2.1052631578947367 1 nan nan -2.8167467949227065
9.473684210526315 2.631578947368421 1 nan nan -2.8167467949227065
9.473684210526315 3.1578947368421053 1 nan nan -2.8167467949227065
9.473684210526315 3.6842105263157894 1 nan nan -2.8167467949227065
11.052631578947368 2.631578947368421 1 nan nan -5.898730865241076
11.052631578947368 3.1578947368421053 1 nan nan -5.898730865241076
11.052631578947368 3.6842105263157894 1 nan nan -5.898730865241076
12.631578947368421 2.1052631578947367 1 nan nan -9.637859779799506
12.631578947368421 2.631578947368421 1 nan nan -9.637859779799506
