-15.876923076923077 -0.0 1.0 26 0.0 0.0 0.0 
-15.876923076923077 0.0 1.0 26 0.0 0.0 0.0 
-11.907692307692308 -0.0 1.0 26 0.0 0.0 0.0 
-11.907692307692308 0.0 1.0 26 0.0 0.0 0.0 
-7.938461538461539 -0.0 1.0 26 0.0 0.0 0.0 
-7.938461538461539 0.0 1.0 26 0.0 0.0 0.0 
-3.9692307692307693 -0.0 1.0 26 0.0 0.0 0.0 
-3.9692307692307693 0.0 1.0 26 0.0 0.0 0.0 
-0.0 -0.0 1.0 26 0.0 0.0 0.0 
-0.0 0.0 1.0 26 0.0 0.0 0.0 
0.0 -0.0 1.0 26 0.0 0.0 0.0 
0.0 0.0 1.0 26 0.0 0.0 0.0 
3.9692307692307693 -0.0 1.0 26 0.0 0.0 20.3047255757951 
3.9692307692307693 0.0 1.0 26 0.0 0.0 20.3047255757951 
