-15.789473684210527 -0.5263157894736842 1 nan nan 0 0
-15.789473684210527 -0.0 1 nan nan 0 0
-15.789473684210527 0.0 1 nan nan 0 0
-15.789473684210527 0.5263157894736842 1 nan nan 0 0
-14.210526315789474 -1.0526315789473684 1 nan nan 0 0
-14.210526315789474 -0.5263157894736842 1 nan nan 0 0
-14.210526315789474 -0.0 1 nan nan 0 0
-14.210526315789474 0.0 1 nan nan 0 0
-14.210526315789474 0.5263157894736842 1 nan nan 0 0
-14.210526315789474 1.0526315789473684 1 nan nan 0 0
-12.631578947368421 -1.0526315789473684 1 nan nan 0 0
-12.631578947368421 -0.5263157894736842 1 nan nan 0 0
-12.631578947368421 -0.0 1 nan nan 0 0
-12.631578947368421 0.0 1 nan nan 0 0
-12.631578947368421 0.5263157894736842 1 nan nan 0 0
-12.631578947368421 1.0526315789473684 1 nan nan 0 0
-11.052631578947368 -1.5789473684210527 1 nan nan 0 0
-11.052631578947368 -1.0526315789473684 1 nan nan 0 0
-11.052631578947368 -0.5263157894736842 1 nan nan 0 0
-11.052631578947368 -0.0 1 nan nan 0 0
-11.052631578947368 0.0 1 nan nan 0 0
-11.052631578947368 0.5263157894736842 1 nan nan 0 0
-11.052631578947368 1.0526315789473684 1 nan nan 0 0
-11.052631578947368 1.5789473684210527 1 nan nan 0 0
-9.473684210526315 -1.5789473684210527 1 nan nan 0 0
-9.473684210526315 -1.0526315789473684 1 nan nan 0 0
-9.473684210526315 -0.5263157894736842 1 nan nan 0 0
-9.473684210526315 -0.0 1 nan nan 0 0
-9.473684210526315 0.0 1 nan nan 0 0
-9.473684210526315 0.5263157894736842 1 nan nan 0 0
-9.473684210526315 1.0526315789473684 1 nan nan 0 0
-9.473684210526315 1.5789473684210527 1 nan nan 0 0
-7.894736842105264 -1.5789473684210527 1 nan nan 0 0
-7.894736842105264 -1.0526315789473684 1 nan nan 0 0
-7.894736842105264 -0.5263157894736842 1 nan nan 0 0
-7.894736842105264 -0.0 1 nan nan 0 0
-7.894736842105264 0.0 1 nan nan 0 0
-7.894736842105264 0.5263157894736842 1 nan nan 0 0
-7.894736842105264 1.0526315789473684 1 nan nan 0 0
-7.894736842105264 1.5789473684210527 1 nan nan 0 0
-6.315789473684211 -1.5789473684210527 1 nan nan 0 0
-6.315789473684211 -1.0526315789473684 1 nan nan 0 0
-6.315789473684211 -0.5263157894736842 1 nan nan 0 0
-6.315789473684211 -0.0 1 nan nan 0 0
-6.315789473684211 0.0 1 nan nan 0 0
-6.315789473684211 0.5263157894736842 1 nan nan 0 0
-6.315789473684211 1.0526315789473684 1 nan nan 0 0
-6.315789473684211 1.5789473684210527 1 nan nan 0 0
-4.7368421052631575 -1.5789473684210527 1 nan nan 0 0
-4.7368421052631575 -1.0526315789473684 1 nan nan 0 0
-4.7368421052631575 -0.5263157894736842 1 nan nan 0 0
-4.7368421052631575 -0.0 1 nan nan 0 0
-4.7368421052631575 0.0 1 nan nan 0 0
-4.7368421052631575 0.5263157894736842 1 nan nan 0 0
-4.7368421052631575 1.0526315789473684 1 nan nan 0 0
-4.7368421052631575 1.5789473684210527 1 nan nan 0 0
-3.1578947368421053 -1.5789473684210527 1 nan nan 0 0
-3.1578947368421053 -1.0526315789473684 1 nan nan 0 0
-3.1578947368421053 -0.5263157894736842 1 nan nan 0 0
-3.1578947368421053 -0.0 1 nan nan 0 0
-3.1578947368421053 0.0 1 nan nan 0 0
-3.1578947368421053 0.5263157894736842 1 nan nan 0 0
-3.1578947368421053 1.0526315789473684 1 nan nan 0 0
-3.1578947368421053 1.5789473684210527 1 nan nan 0 0
-1.5789473684210527 -1.5789473684210527 1 nan nan 0 0
-1.5789473684210527 -1.0526315789473684 1 nan nan 0 0
-1.5789473684210527 -0.5263157894736842 1 nan nan 0 0
-1.5789473684210527 -0.0 1 nan nan 0 0
-1.5789473684210527 0.0 1 nan nan 0 0
-1.5789473684210527 0.5263157894736842 1 nan nan 0 0
-1.5789473684210527 1.0526315789473684 1 nan nan 0 0
-1.5789473684210527 1.5789473684210527 1 nan nan 0 0
-0.0 -1.0526315789473684 1 nan nan 0 0
-0.0 -0.5263157894736842 1 nan nan 0 0
-0.0 -0.0 1 nan nan 0 0
-0.0 0.0 1 nan nan 0 0
-0.0 0.5263157894736842 1 nan nan 0 0
-0.0 1.0526315789473684 1 nan nan 0 0
0.0 -1.0526315789473684 1 nan nan 0 0
0.0 -0.5263157894736842 1 nan nan 0 0
0.0 -0.0 1 nan nan 0 0
0.0 0.0 1 nan nan 0 0
0.0 0.5263157894736842 1 nan nan 0 0
0.0 1.0526315789473684 1 nan nan 0 0
1.5789473684210527 -1.0526315789473684 1 nan nan 0 -0.1100542638657094
1.5789473684210527 -0.5263157894736842 1 nan nan 0 -0.1100542638657094
1.5789473684210527 -0.0 1 nan nan 0 -0.1100542638657094
1.5789473684210527 0.0 1 nan nan 0 -0.1100542638657094
1.5789473684210527 0.5263157894736842 1 nan nan 0 -0.1100542638657094
3.1578947368421053 -1.0526315789473684 1 nan nan 0 0.11261205642554269
3.1578947368421053 -0.5263157894736842 1 nan nan 0 0.11261205642554269
3.1578947368421053 -0.0 1 nan nan 0 0.11261205642554269
3.1578947368421053 0.0 1 nan nan 0 0.11261205642554269
3.1578947368421053 0.5263157894736842 1 nan nan 0 0.11261205642554269
4.7368421052631575 -0.5263157894736842 1 nan nan 0 0.37615248196814083
4.7368421052631575 -0.0 1 nan nan 0 0.37615248196814083
4.7368421052631575 0.0 1 nan nan 0 0.37615248196814083
4.7368421052631575 0.5263157894736842 1 nan nan 0 0.37615248196814083
4.7368421052631575 1.0526315789473684 1 nan nan 0 0.37615248196814083
6.315789473684211 0.5263157894736842 1 nan nan 0 0.25549799566179
6.315789473684211 1.0526315789473684 1 nan nan 0 0.25549799566179
6.315789473684211 1.5789473684210527 1 nan nan 0 0.25549799566179
7.894736842105264 1.5789473684210527 1 nan nan 0 -0.6715118836614381
7.894736842105264 2.1052631578947367 1 nan nan 0 -0.6715118836614381
7.894736842105264 2.631578947368421 1 nan nan 0 -0.6715118836614381
9.473684210526315 2.1052631578947367 1 nan nan 0 -2.675498319484986
9.473684210526315 2.631578947368421 1 nan nan 0 -2.675498319484986
9.473684210526315 3.1578947368421053 1 nan nan 0 -2.675498319484986
9.473684210526315 3.6842105263157894 1 nan nan 0 -2.675498319484986
11.052631578947368 2.631578947368421 1 nan nan 0 -5.7479856014130615
11.052631578947368 3.1578947368421053 1 nan nan 0 -5.7479856014130615
11.052631578947368 3.6842105263157894 1 nan nan 0 -5.7479856014130615
12.631578947368421 2.1052631578947367 1 nan nan 0 -9.525963654778895
12.631578947368421 2.631578947368421 1 nan nan 0 -9.525963654778895
12.631578947368421 3.1578947368421053 1 nan nan 0 -9.525963654778895
