-15.789473684210527 -0.5263157894736842 1 -8.717010012634092e+45 -1.7434020025268175e+46 0 0
-15.789473684210527 -0.0 1 1.1615257769904791e+50 2.323051553980957e+50 0 0
-15.789473684210527 0.0 1 -1.1473492024005632e+57 -2.2946984048011246e+57 0 0
-15.789473684210527 0.5263157894736842 1 -7.601330637480024e+60 -1.520266127496004e+61 0 0
-14.210526315789474 -1.0526315789473684 1 -2.0058695672720914e+41 -4.011739134544181e+41 0 0
-14.210526315789474 -0.5263157894736842 1 -2.2064312200883218e+48 -4.412862440176641e+48 0 0
-14.210526315789474 -0.0 1 -5.0274277780065524e+51 -1.0054855556013098e+52 0 0
-14.210526315789474 0.0 1 -1.2558094429515935e+60 -2.511618885903185e+60 0 0
-14.210526315789474 0.5263157894736842 1 -2.569583004803252e+63 -5.139166009606499e+63 0 0
-14.210526315789474 1.0526315789473684 1 -6.1240142529690745e+72 -1.2248028505938137e+73 0 0
-12.631578947368421 -1.0526315789473684 1 6.459940554519171e+43 1.2919881109038337e+44 0 0
-12.631578947368421 -0.5263157894736842 1 2.1985018436334514e+51 4.3970036872669e+51 0 0
-12.631578947368421 -0.0 1 4.870200373257123e+55 9.740400746514241e+55 0 0
-12.631578947368421 0.0 1 -4.232194692553998e+64 -8.464389385107988e+64 0 0
-12.631578947368421 0.5263157894736842 1 5.886158860653031e+70 1.177231772130605e+71 0 0
-12.631578947368421 1.0526315789473684 1 8.740046967248155e+78 1.7480093934496297e+79 0 0
-11.052631578947368 -1.5789473684210527 1 1.7441952759235288e+154 3.4883905518470576e+154 0 0
-11.052631578947368 -1.0526315789473684 1 -5.209248165013232e+158 -1.0418496330026464e+159 0 0
-11.052631578947368 -0.5263157894736842 1 -2.7114439646612873e+163 -5.4228879293225746e+163 0 0
-11.052631578947368 -0.0 1 -5.919196814657554e+168 -1.1838393629315108e+169 0 0
-11.052631578947368 0.0 1 1.5394513906359002e+174 3.0789027812718003e+174 0 0
-11.052631578947368 0.5263157894736842 1 -1.9754374212751067e+180 -3.9508748425502134e+180 0 0
-11.052631578947368 1.0526315789473684 1 1.6460792339724838e+187 3.2921584679449675e+187 0 0
-11.052631578947368 1.5789473684210527 1 -3.321634957510412e+194 -6.643269915020823e+194 0 0
-9.473684210526315 -1.5789473684210527 1 nan nan 0 0
-9.473684210526315 -1.0526315789473684 1 nan nan 0 0
-9.473684210526315 -0.5263157894736842 1 nan nan 0 0
-9.473684210526315 -0.0 1 nan nan 0 0
-9.473684210526315 0.0 1 nan nan 0 0
-9.473684210526315 0.5263157894736842 1 nan nan 0 0
-9.473684210526315 1.0526315789473684 1 nan nan 0 0
-9.473684210526315 1.5789473684210527 1 nan nan 0 0
-7.894736842105264 -1.5789473684210527 1 nan nan 0 0
-7.894736842105264 -1.0526315789473684 1 nan nan 0 0
-7.894736842105264 -0.5263157894736842 1 nan nan 0 0
-7.894736842105264 -0.0 1 nan nan 0 0
-7.894736842105264 0.0 1 nan nan 0 0
-7.894736842105264 0.5263157894736842 1 nan nan 0 0
-7.894736842105264 1.0526315789473684 1 nan nan 0 0
-7.894736842105264 1.5789473684210527 1 nan nan 0 0
-6.315789473684211 -1.5789473684210527 1 nan nan 0 0
-6.315789473684211 -1.0526315789473684 1 nan nan 0 0
-6.315789473684211 -0.5263157894736842 1 nan nan 0 0
-6.315789473684211 -0.0 1 nan nan 0 0
-6.315789473684211 0.0 1 nan nan 0 0
-6.315789473684211 0.5263157894736842 1 nan nan 0 0
-6.315789473684211 1.0526315789473684 1 nan nan 0 0
-6.315789473684211 1.5789473684210527 1 nan nan 0 0
-4.7368421052631575 -1.5789473684210527 1 nan nan 0 0
-4.7368421052631575 -1.0526315789473684 1 nan nan 0 0
-4.7368421052631575 -0.5263157894736842 1 nan nan 0 0
-4.7368421052631575 -0.0 1 nan nan 0 0
-4.7368421052631575 0.0 1 nan nan 0 0
-4.7368421052631575 0.5263157894736842 1 nan nan 0 0
-4.7368421052631575 1.0526315789473684 1 nan nan 0 0
-4.7368421052631575 1.5789473684210527 1 nan nan 0 0
-3.1578947368421053 -1.5789473684210527 1 nan nan 0 0
-3.1578947368421053 -1.0526315789473684 1 nan nan 0 0
-3.1578947368421053 -0.5263157894736842 1 nan nan 0 0
-3.1578947368421053 -0.0 1 nan nan 0 0
-3.1578947368421053 0.0 1 nan nan 0 0
-3.1578947368421053 0.5263157894736842 1 nan nan 0 0
-3.1578947368421053 1.0526315789473684 1 nan nan 0 0
-3.1578947368421053 1.5789473684210527 1 nan nan 0 0
-1.5789473684210527 -1.5789473684210527 1 nan nan 0 0
-1.5789473684210527 -1.0526315789473684 1 nan nan 0 0
-1.5789473684210527 -0.5263157894736842 1 nan nan 0 0
-1.5789473684210527 -0.0 1 nan nan 0 0
-1.5789473684210527 0.0 1 nan nan 0 0
-1.5789473684210527 0.5263157894736842 1 nan nan 0 0
-1.5789473684210527 1.0526315789473684 1 nan nan 0 0
-1.5789473684210527 1.5789473684210527 1 nan nan 0 0
-0.0 -1.0526315789473684 1 nan nan 0 0
-0.0 -0.5263157894736842 1 nan nan 0 0
-0.0 -0.0 1 nan nan 0 0
-0.0 0.0 1 nan nan 0 0
-0.0 0.5263157894736842 1 nan nan 0 0
-0.0 1.0526315789473684 1 nan nan 0 0
0.0 -1.0526315789473684 1 nan nan 0 0
0.0 -0.5263157894736842 1 nan nan 0 0
0.0 -0.0 1 nan nan 0 0
0.0 0.0 1 nan nan 0 0
0.0 0.5263157894736842 1 nan nan 0 0
0.0 1.0526315789473684 1 nan nan 0 0
1.5789473684210527 -1.0526315789473684 1 nan nan 0 -0.11361369566610838
1.5789473684210527 -0.5263157894736842 1 nan nan 0 -0.11361369566610838
1.5789473684210527 -0.0 1 nan nan 0 -0.11361369566610838
1.5789473684210527 0.0 1 nan nan 0 -0.11361369566610838
1.5789473684210527 0.5263157894736842 1 nan nan 0 -0.11361369566610838
3.1578947368421053 -1.0526315789473684 1 nan nan 0 0.12052180425506656
3.1578947368421053 -0.5263157894736842 1 nan nan 0 0.12052180425506656
3.1578947368421053 -0.0 1 nan nan 0 0.12052180425506656
3.1578947368421053 0.0 1 nan nan 0 0.12052180425506656
3.1578947368421053 0.5263157894736842 1 nan nan 0 0.12052180425506656
4.7368421052631575 -0.5263157894736842 1 nan nan 0 0.4312468207253465
4.7368421052631575 -0.0 1 nan nan 0 0.4312468207253465
4.7368421052631575 0.0 1 nan nan 0 0.4312468207253465
4.7368421052631575 0.5263157894736842 1 nan nan 0 0.4312468207253465
4.7368421052631575 1.0526315789473684 1 nan nan 0 0.4312468207253465
6.315789473684211 0.5263157894736842 1 nan nan 0 0.39759199928405253
6.315789473684211 1.0526315789473684 1 nan nan 0 0.39759199928405253
6.315789473684211 1.5789473684210527 1 nan nan 0 0.39759199928405253
7.894736842105264 1.5789473684210527 1 nan nan 0 -0.41922825072725056
7.894736842105264 2.1052631578947367 1 nan nan 0 -0.41922825072725056
7.894736842105264 2.631578947368421 1 nan nan 0 -0.41922825072725056
9.473684210526315 2.631578947368421 1 nan nan 0 -2.3260000141198587
9.473684210526315 3.1578947368421053 1 nan nan 0 -2.3260000141198587
9.473684210526315 3.6842105263157894 1 nan nan 0 -2.3260000141198587
11.052631578947368 3.1578947368421053 1 nan nan 0 -5.363347843888855
11.052631578947368 3.6842105263157894 1 nan nan 0 -5.363347843888855
11.052631578947368 4.2105263157894735 1 nan nan 0 -5.363347843888855
12.631578947368421 2.631578947368421 1 nan nan 0 -9.219286638741288
12.631578947368421 3.1578947368421053 1 nan nan 0 -9.219286638741288
12.631578947368421 3.6842105263157894 1 nan nan 0 -9.219286638741288
