-15.0 -0.7142857142857143 1.0 24 -74.97537705249641 0.0 0.0 
-15.0 -0.0 1.0 4 -121.61819913070565 0.0 0.0 
-15.0 0.0 1.0 -7 -89.67197495295892 0.0 0.0 
-15.0 0.7142857142857143 1.0 -4 -108.05047256856543 0.0 0.0 
-12.857142857142858 -1.4285714285714286 1.0 -3 -140.79456620015728 0.0 0.0 
-12.857142857142858 -0.7142857142857143 1.0 -18 -152.29300062821284 0.0 0.0 
-12.857142857142858 -0.0 1.0 -18 -151.0187683559658 0.0 0.0 
-12.857142857142858 0.0 1.0 -17 -143.19111797379335 0.0 0.0 
-12.857142857142858 0.7142857142857143 1.0 -9 -110.11226498795756 0.0 0.0 
-12.857142857142858 1.4285714285714286 1.0 8 -79.15356957569156 0.0 0.0 
-10.714285714285714 -1.4285714285714286 1.0 31 -92.36440744825308 0.0 0.0 
-10.714285714285714 -0.7142857142857143 1.0 6 -104.03555141829254 0.0 0.0 
-10.714285714285714 -0.0 1.0 -13 -117.82982153751676 0.0 0.0 
-10.714285714285714 0.0 1.0 -30 -144.46808630879502 0.0 0.0 
-10.714285714285714 0.7142857142857143 1.0 -24 -142.8649699893863 0.0 0.0 
-10.714285714285714 1.4285714285714286 1.0 1 -75.00759623890322 0.0 0.0 
-8.571428571428571 -1.4285714285714286 1.0 13 -121.10465036488158 0.0 0.0 
-8.571428571428571 -0.7142857142857143 1.0 -1 -119.5505004303489 0.0 0.0 
-8.571428571428571 -0.0 1.0 -3 -115.04388856885896 0.0 0.0 
-8.571428571428571 0.0 1.0 -12 -114.52612788010705 0.0 0.0 
-8.571428571428571 0.7142857142857143 1.0 -26 -145.96425599893593 0.0 0.0 
-8.571428571428571 1.4285714285714286 1.0 0 -75.37807219259315 0.0 0.0 
-6.428571428571429 -1.4285714285714286 1.0 19 -106.74332550551617 0.0 0.0 
-6.428571428571429 -0.7142857142857143 1.0 -1 -120.41853220819182 0.0 0.0 
-6.428571428571429 -0.0 1.0 -8 -124.6773202402541 0.0 0.0 
-6.428571428571429 0.0 1.0 -10 -116.08330604828424 0.0 0.0 
-6.428571428571429 0.7142857142857143 1.0 -22 -143.03478055817573 0.0 0.0 
-6.428571428571429 1.4285714285714286 1.0 3 -77.66627182248116 0.0 0.0 
-4.285714285714286 -1.4285714285714286 1.0 22 -102.52924143906634 0.0 0.0 
-4.285714285714286 -0.7142857142857143 1.0 4 -112.61528983554608 0.0 0.0 
-4.285714285714286 -0.0 1.0 -4 -119.9543952895321 0.0 0.0 
-4.285714285714286 0.0 1.0 -6 -112.87514573742261 0.0 0.0 
-4.285714285714286 0.7142857142857143 1.0 -18 -138.59762246383033 0.0 0.0 
-4.285714285714286 1.4285714285714286 1.0 6 -76.23798800474715 0.0 0.0 
-2.142857142857143 -1.4285714285714286 1.0 26 -98.04411631937857 0.0 0.0 
-2.142857142857143 -0.7142857142857143 1.0 9 -106.24530220897239 0.0 0.0 
-2.142857142857143 -0.0 1.0 0 -113.62365832115256 0.0 0.0 
-2.142857142857143 0.0 1.0 -2 -107.14804613160443 0.0 0.0 
-2.142857142857143 0.7142857142857143 1.0 -14 -133.1033627772093 0.0 0.0 
-2.142857142857143 1.4285714285714286 1.0 10 -71.38323553783312 0.0 0.0 
-0.0 -1.4285714285714286 1.0 32 -89.41396923479205 0.0 0.0 
-0.0 -0.7142857142857143 1.0 14 -98.00937419616069 0.0 0.0 
-0.0 -0.0 1.0 5 -106.4697228103825 0.0 0.0 
-0.0 0.0 1.0 2 -100.35052223831603 0.0 0.0 
-0.0 0.7142857142857143 1.0 -9 -125.61643494085394 0.0 0.0 
-0.0 1.4285714285714286 1.0 18 -62.43971793876016 0.0 0.0 
0.0 -1.4285714285714286 1.0 42 -73.35223233025846 0.0 0.0 
0.0 -0.7142857142857143 1.0 21 -87.51070035324462 0.0 0.0 
0.0 -0.0 1.0 11 -97.82614891867227 0.0 0.0 
0.0 0.0 1.0 7 -94.43013175719712 0.0 0.0 
0.0 0.7142857142857143 1.0 -6 -115.4737165144905 0.0 0.0 
0.0 1.4285714285714286 1.0 18 -69.06247967832911 0.0 0.0 
2.142857142857143 -1.4285714285714286 1.0 44 -67.42991097597734 0.0 -0.061106890132143224 
2.142857142857143 -0.7142857142857143 1.0 31 -73.78710440425834 0.0 -0.061106890132143224 
2.142857142857143 -0.0 1.0 21 -83.74342182131791 0.0 -0.061106890132143224 
2.142857142857143 0.0 1.0 12 -93.54433886297855 0.0 -0.061106890132143224 
2.142857142857143 0.7142857142857143 1.0 -1 -115.55498060279929 0.0 -0.061106890132143224 
4.285714285714286 -0.7142857142857143 1.0 42 -56.567748504798075 0.0 0.37095456685310124 
4.285714285714286 -0.0 1.0 31 -76.34836651751098 0.0 0.37095456685310124 
4.285714285714286 0.0 1.0 25 -74.03019015209244 0.0 0.37095456685310124 
4.285714285714286 0.7142857142857143 1.0 17 -89.7438827555398 0.0 0.37095456685310124 
6.428571428571429 0.7142857142857143 1.0 39 -60.86131357537175 0.0 0.4249185548474005 
6.428571428571429 1.4285714285714286 1.0 34 -93.75960787969315 0.0 0.4249185548474005 
8.571428571428571 2.142857142857143 1.0 36 -87.38460765396837 0.0 -0.9809736342276251 
8.571428571428571 2.857142857142857 1.0 19 -120.5607709798335 0.0 -0.9809736342276251 
10.714285714285714 2.857142857142857 1.0 35 -64.85033163480827 0.0 -4.477639775322291 
10.714285714285714 3.5714285714285716 1.0 32 -79.5449519910817 0.0 -4.477639775322291 
10.714285714285714 4.285714285714286 1.0 34 -42.50491199946861 0.0 -4.477639775322291 
12.857142857142858 2.857142857142857 1.0 5 -123.20798163577052 0.0 -9.68214337111065 
12.857142857142858 3.5714285714285716 1.0 7 -129.9400290275389 0.0 -9.68214337111065 
