-15.789473684210527 -0.5263157894736842 1 nan nan 0 0
-15.789473684210527 -0.0 1 nan nan 0 0
-15.789473684210527 0.0 1 nan nan 0 0
-15.789473684210527 0.5263157894736842 1 nan nan 0 0
-14.210526315789474 -1.0526315789473684 1 nan nan 0 0
-14.210526315789474 -0.5263157894736842 1 nan nan 0 0
-14.210526315789474 -0.0 1 nan nan 0 0
-14.210526315789474 0.0 1 nan nan 0 0
-14.210526315789474 0.5263157894736842 1 nan nan 0 0
-14.210526315789474 1.0526315789473684 1 nan nan 0 0
-12.631578947368421 -1.0526315789473684 1 nan nan 0 0
-12.631578947368421 -0.5263157894736842 1 nan nan 0 0
-12.631578947368421 -0.0 1 nan nan 0 0
-12.631578947368421 0.0 1 nan nan 0 0
-12.631578947368421 0.5263157894736842 1 nan nan 0 0
-12.631578947368421 1.0526315789473684 1 nan nan 0 0
-11.052631578947368 -1.5789473684210527 1 nan nan 0 0
-11.052631578947368 -1.0526315789473684 1 nan nan 0 0
-11.052631578947368 -0.5263157894736842 1 nan nan 0 0
-11.052631578947368 -0.0 1 nan nan 0 0
-11.052631578947368 0.0 1 nan nan 0 0
-11.052631578947368 0.5263157894736842 1 nan nan 0 0
-11.052631578947368 1.0526315789473684 1 nan nan 0 0
-11.052631578947368 1.5789473684210527 1 nan nan 0 0
-9.473684210526315 -1.5789473684210527 1 nan nan 0 0
-9.473684210526315 -1.0526315789473684 1 nan nan 0 0
-9.473684210526315 -0.5263157894736842 1 nan nan 0 0
-9.473684210526315 -0.0 1 nan nan 0 0
-9.473684210526315 0.0 1 nan nan 0 0
-9.473684210526315 0.5263157894736842 1 nan nan 0 0
-9.473684210526315 1.0526315789473684 1 nan nan 0 0
-9.473684210526315 1.5789473684210527 1 nan nan 0 0
-7.894736842105264 -1.5789473684210527 1 nan nan 0 0
-7.894736842105264 -1.0526315789473684 1 nan nan 0 0
-7.894736842105264 -0.5263157894736842 1 nan nan 0 0
-7.894736842105264 -0.0 1 nan nan 0 0
-7.894736842105264 0.0 1 nan nan 0 0
-7.894736842105264 0.5263157894736842 1 nan nan 0 0
-7.894736842105264 1.0526315789473684 1 nan nan 0 0
-7.894736842105264 1.5789473684210527 1 nan nan 0 0
-6.315789473684211 -1.5789473684210527 1 nan nan 0 0
-6.315789473684211 -1.0526315789473684 1 nan nan 0 0
-6.315789473684211 -0.5263157894736842 1 nan nan 0 0
-6.315789473684211 -0.0 1 nan nan 0 0
-6.315789473684211 0.0 1 nan nan 0 0
-6.315789473684211 0.5263157894736842 1 nan nan 0 0
-6.315789473684211 1.0526315789473684 1 nan nan 0 0
-6.315789473684211 1.5789473684210527 1 nan nan 0 0
-4.7368421052631575 -1.5789473684210527 1 nan nan 0 0
-4.7368421052631575 -1.0526315789473684 1 nan nan 0 0
-4.7368421052631575 -0.5263157894736842 1 nan nan 0 0
-4.7368421052631575 -0.0 1 nan nan 0 0
-4.7368421052631575 0.0 1 nan nan 0 0
-4.7368421052631575 0.5263157894736842 1 nan nan 0 0
-4.7368421052631575 1.0526315789473684 1 nan nan 0 0
-4.7368421052631575 1.5789473684210527 1 nan nan 0 0
-3.1578947368421053 -1.5789473684210527 1 nan nan 0 0
-3.1578947368421053 -1.0526315789473684 1 nan nan 0 0
-3.1578947368421053 -0.5263157894736842 1 nan nan 0 0
-3.1578947368421053 -0.0 1 nan nan 0 0
-3.1578947368421053 0.0 1 nan nan 0 0
-3.1578947368421053 0.5263157894736842 1 nan nan 0 0
-3.1578947368421053 1.0526315789473684 1 nan nan 0 0
-3.1578947368421053 1.5789473684210527 1 nan nan 0 0
-1.5789473684210527 -1.5789473684210527 1 nan nan 0 0
-1.5789473684210527 -1.0526315789473684 1 nan nan 0 0
-1.5789473684210527 -0.5263157894736842 1 nan nan 0 0
-1.5789473684210527 -0.0 1 nan nan 0 0
-1.5789473684210527 0.0 1 nan nan 0 0
-1.5789473684210527 0.5263157894736842 1 nan nan 0 0
-1.5789473684210527 1.0526315789473684 1 nan nan 0 0
-1.5789473684210527 1.5789473684210527 1 nan nan 0 0
-0.0 -1.0526315789473684 1 nan nan 0 0
-0.0 -0.5263157894736842 1 nan nan 0 0
-0.0 -0.0 1 nan nan 0 0
-0.0 0.0 1 nan nan 0 0
-0.0 0.5263157894736842 1 nan nan 0 0
-0.0 1.0526315789473684 1 nan nan 0 0
0.0 -1.0526315789473684 1 nan nan 0 0
0.0 -0.5263157894736842 1 nan nan 0 0
0.0 -0.0 1 nan nan 0 0
0.0 0.0 1 nan nan 0 0
0.0 0.5263157894736842 1 nan nan 0 0
0.0 1.0526315789473684 1 nan nan 0 0
1.5789473684210527 -1.0526315789473684 1 nan nan 0 -0.09548701038660629
1.5789473684210527 -0.5263157894736842 1 nan nan 0 -0.09548701038660629
1.5789473684210527 -0.0 1 nan nan 0 -0.09548701038660629
1.5789473684210527 0.0 1 nan nan 0 -0.09548701038660629
1.5789473684210527 0.5263157894736842 1 nan nan 0 -0.09548701038660629
3.1578947368421053 -1.0526315789473684 1 nan nan 0 0.0848269421959789
3.1578947368421053 -0.5263157894736842 1 nan nan 0 0.0848269421959789
3.1578947368421053 -0.0 1 nan nan 0 0.0848269421959789
3.1578947368421053 0.0 1 nan nan 0 0.0848269421959789
3.1578947368421053 0.5263157894736842 1 nan nan 0 0.0848269421959789
4.7368421052631575 -0.5263157894736842 1 nan nan 0 0.19680764794150912
4.7368421052631575 -0.0 1 nan nan 0 0.19680764794150912
4.7368421052631575 0.0 1 nan nan 0 0.19680764794150912
4.7368421052631575 0.5263157894736842 1 nan nan 0 0.19680764794150912
4.7368421052631575 1.0526315789473684 1 nan nan 0 0.19680764794150912
6.315789473684211 0.5263157894736842 1 nan nan 0 -0.18221239795356897
6.315789473684211 1.0526315789473684 1 nan nan 0 -0.18221239795356897
6.315789473684211 1.5789473684210527 1 nan nan 0 -0.18221239795356897
7.894736842105264 1.0526315789473684 1 nan nan 0 -1.4095472919406495
7.894736842105264 1.5789473684210527 1 nan nan 0 -1.4095472919406495
7.894736842105264 2.1052631578947367 1 nan nan 0 -1.4095472919406495
7.894736842105264 2.631578947368421 1 nan nan 0 -1.4095472919406495
9.473684210526315 2.1052631578947367 1 nan nan 0 -3.6372689934579014
9.473684210526315 2.631578947368421 1 nan nan 0 -3.6372689934579014
9.473684210526315 3.1578947368421053 1 nan nan 0 -3.6372689934579014
11.052631578947368 1.5789473684210527 1 nan nan 0 -6.7090150988774635
11.052631578947368 2.1052631578947367 1 nan nan 0 -6.7090150988774635
11.052631578947368 2.631578947368421 1 nan nan 0 -6.7090150988774635
12.631578947368421 0.5263157894736842 1 nan nan 0 -10.120402657657278
12.631578947368421 1.0526315789473684 1 nan nan 0 -10.120402657657278
12.631578947368421 1.5789473684210527 1 nan nan 0 -10.120402657657278
