-15.789473684210527 -0.5263157894736842 1 nan nan 0
-15.789473684210527 -0.0 1 nan nan 0
-15.789473684210527 0.0 1 nan nan 0
-15.789473684210527 0.5263157894736842 1 nan nan 0
-14.210526315789474 -1.0526315789473684 1 nan nan 0
-14.210526315789474 -0.5263157894736842 1 nan nan 0
-14.210526315789474 -0.0 1 nan nan 0
-14.210526315789474 0.0 1 nan nan 0
-14.210526315789474 0.5263157894736842 1 nan nan 0
-14.210526315789474 1.0526315789473684 1 nan nan 0
-12.631578947368421 -1.0526315789473684 1 nan nan 0
-12.631578947368421 -0.5263157894736842 1 nan nan 0
-12.631578947368421 -0.0 1 nan nan 0
-12.631578947368421 0.0 1 nan nan 0
-12.631578947368421 0.5263157894736842 1 nan nan 0
-12.631578947368421 1.0526315789473684 1 nan nan 0
-11.052631578947368 -1.5789473684210527 1 nan nan 0
-11.052631578947368 -1.0526315789473684 1 nan nan 0
-11.052631578947368 -0.5263157894736842 1 nan nan 0
-11.052631578947368 -0.0 1 nan nan 0
-11.052631578947368 0.0 1 nan nan 0
-11.052631578947368 0.5263157894736842 1 nan nan 0
-11.052631578947368 1.0526315789473684 1 nan nan 0
-11.052631578947368 1.5789473684210527 1 nan nan 0
-9.473684210526315 -1.5789473684210527 1 nan nan 0
-9.473684210526315 -1.0526315789473684 1 nan nan 0
-9.473684210526315 -0.5263157894736842 1 nan nan 0
-9.473684210526315 -0.0 1 nan nan 0
-9.473684210526315 0.0 1 nan nan 0
-9.473684210526315 0.5263157894736842 1 nan nan 0
-9.473684210526315 1.0526315789473684 1 nan nan 0
-9.473684210526315 1.5789473684210527 1 nan nan 0
-7.894736842105264 -1.5789473684210527 1 nan nan 0
-7.894736842105264 -1.0526315789473684 1 nan nan 0
-7.894736842105264 -0.5263157894736842 1 nan nan 0
-7.894736842105264 -0.0 1 nan nan 0
-7.894736842105264 0.0 1 nan nan 0
-7.894736842105264 0.5263157894736842 1 nan nan 0
-7.894736842105264 1.0526315789473684 1 nan nan 0
-7.894736842105264 1.5789473684210527 1 nan nan 0
-6.315789473684211 -1.5789473684210527 1 nan nan 0
-6.315789473684211 -1.0526315789473684 1 nan nan 0
-6.315789473684211 -0.5263157894736842 1 nan nan 0
-6.315789473684211 -0.0 1 nan nan 0
-6.315789473684211 0.0 1 nan nan 0
-6.315789473684211 0.5263157894736842 1 nan nan 0
-6.315789473684211 1.0526315789473684 1 nan nan 0
-6.315789473684211 1.5789473684210527 1 nan nan 0
-4.7368421052631575 -1.5789473684210527 1 nan nan 0
-4.7368421052631575 -1.0526315789473684 1 nan nan 0
-4.7368421052631575 -0.5263157894736842 1 nan nan 0
-4.7368421052631575 -0.0 1 nan nan 0
-4.7368421052631575 0.0 1 nan nan 0
-4.7368421052631575 0.5263157894736842 1 nan nan 0
-4.7368421052631575 1.0526315789473684 1 nan nan 0
-4.7368421052631575 1.5789473684210527 1 nan nan 0
-3.1578947368421053 -1.5789473684210527 1 nan nan 0
-3.1578947368421053 -1.0526315789473684 1 nan nan 0
-3.1578947368421053 -0.5263157894736842 1 nan nan 0
-3.1578947368421053 -0.0 1 nan nan 0
-3.1578947368421053 0.0 1 nan nan 0
-3.1578947368421053 0.5263157894736842 1 nan nan 0
-3.1578947368421053 1.0526315789473684 1 nan nan 0
-3.1578947368421053 1.5789473684210527 1 nan nan 0
-1.5789473684210527 -1.5789473684210527 1 nan nan 0
-1.5789473684210527 -1.0526315789473684 1 nan nan 0
-1.5789473684210527 -0.5263157894736842 1 nan nan 0
-1.5789473684210527 -0.0 1 nan nan 0
-1.5789473684210527 0.0 1 nan nan 0
-1.5789473684210527 0.5263157894736842 1 nan nan 0
-1.5789473684210527 1.0526315789473684 1 nan nan 0
-1.5789473684210527 1.5789473684210527 1 nan nan 0
-0.0 -1.0526315789473684 1 nan nan 0
-0.0 -0.5263157894736842 1 nan nan 0
-0.0 -0.0 1 nan nan 0
-0.0 0.0 1 nan nan 0
-0.0 0.5263157894736842 1 nan nan 0
-0.0 1.0526315789473684 1 nan nan 0
0.0 -1.0526315789473684 1 nan nan 0
0.0 -0.5263157894736842 1 nan nan 0
0.0 -0.0 1 nan nan 0
0.0 0.0 1 nan nan 0
0.0 0.5263157894736842 1 nan nan 0
0.0 1.0526315789473684 1 nan nan 0
1.5789473684210527 -1.0526315789473684 1 nan nan -0.1108481073160007
1.5789473684210527 -0.5263157894736842 1 nan nan -0.1108481073160007
1.5789473684210527 -0.0 1 nan nan -0.1108481073160007
1.5789473684210527 0.0 1 nan nan -0.1108481073160007
1.5789473684210527 0.5263157894736842 1 nan nan -0.1108481073160007
3.1578947368421053 -1.0526315789473684 1 nan nan 0.11431423746862512
3.1578947368421053 -0.5263157894736842 1 nan nan 0.11431423746862512
3.1578947368421053 -0.0 1 nan nan 0.11431423746862512
3.1578947368421053 0.0 1 nan nan 0.11431423746862512
3.1578947368421053 0.5263157894736842 1 nan nan 0.11431423746862512
4.7368421052631575 -0.5263157894736842 1 nan nan 0.3878173191519838
4.7368421052631575 -0.0 1 nan nan 0.3878173191519838
4.7368421052631575 0.0 1 nan nan 0.3878173191519838
4.7368421052631575 0.5263157894736842 1 nan nan 0.3878173191519838
4.7368421052631575 1.0526315789473684 1 nan nan 0.3878173191519838
6.315789473684211 0.5263157894736842 1 nan nan 0.2852476066063724
6.315789473684211 1.0526315789473684 1 nan nan 0.2852476066063724
6.315789473684211 1.5789473684210527 1 nan nan 0.2852476066063724
7.894736842105264 1.5789473684210527 1 nan nan -0.6192201078294246
7.894736842105264 2.1052631578947367 1 nan nan -0.6192201078294246
7.894736842105264 2.631578947368421 1 nan nan -0.6192201078294246
9.473684210526315 2.1052631578947367 1 nan nan -2.603875118465304
9.473684210526315 2.631578947368421 1 nan nan -2.603875118465304
9.473684210526315 3.1578947368421053 1 nan nan -2.603875118465304
9.473684210526315 3.6842105263157894 1 nan nan -2.603875118465304
11.052631578947368 2.631578947368421 1 nan nan -5.670476238167415
11.052631578947368 3.1578947368421053 1 nan nan -5.670476238167415
11.052631578947368 3.6842105263157894 1 nan nan -5.670476238167415
12.631578947368421 2.1052631578947367 1 nan nan -9.466482960756993
12.631578947368421 2.631578947368421 1 nan nan -9.466482960756993
12.631578947368421 3.1578947368421053 1 nan nan -9.466482960756993
