-28.42105263157895 -9.473684210526315 0 -50.241770465979116 -152.48354093195826 0
-28.42105263157895 -8.947368421052632 0 36.85419182188629 21.70838364377259 0
-28.42105263157895 -8.421052631578947 0 130.93099564151868 209.86199128303736 0
-28.42105263157895 -7.894736842105263 0 125.93819483321917 199.87638966643834 0
-28.42105263157895 -7.368421052631579 0 68.47382472080064 84.94764944160129 0
-28.42105263157895 -6.842105263157895 0 15.648808069269984 -20.702383861460035 0
-28.42105263157895 -6.315789473684211 0 -6.1190688210091535 -64.23813764201832 0
-28.42105263157895 -5.789473684210526 0 -6.935690388143945 -65.87138077628791 0
-28.42105263157895 -5.263157894736842 0 -0.480535371756472 -52.961070743512956 0
-28.42105263157895 -4.7368421052631575 0 5.98545767097115 -40.0290846580577 0
-28.42105263157895 -4.2105263157894735 0 10.26882361028916 -31.46235277942169 0
-28.42105263157895 -3.6842105263157894 0 12.546498912194448 -26.90700217561112 0
-28.42105263157895 -3.1578947368421053 0 13.572685646748496 -24.854628706503007 0
-28.42105263157895 -2.631578947368421 0 13.967889317687854 -24.064221364624267 0
-28.42105263157895 -2.1052631578947367 0 14.093645916595884 -23.81270816680825 0
-28.42105263157895 -1.5789473684210527 0 14.121906823226203 -23.756186353547584 0
-28.42105263157895 -1.0526315789473684 0 14.121911121530418 -23.75617775693916 0
-28.42105263157895 -0.5263157894736842 0 14.116983949149144 -23.766032101701718 0
-28.42105263157895 -0.0 0 14.113109998006761 -23.77378000398648 0
-28.42105263157895 0.0 0 14.110903361799169 -23.77819327640166 0
-28.42105263157895 0.5263157894736842 0 14.109820357221166 -23.780359285557665 0
-28.42105263157895 1.0526315789473684 0 14.10933598042829 -23.78132803914346 0
-28.42105263157895 1.5789473684210527 0 14.10913336418882 -23.781733271622358 0
-28.42105263157895 2.1052631578947367 0 14.109052935705172 -23.78189412858965 0
-28.42105263157895 2.631578947368421 0 14.109022361975885 -23.781955276048222 0
-28.42105263157895 3.1578947368421053 0 14.109011162909411 -23.781977674181185 0
-28.42105263157895 3.6842105263157894 0 14.1090071922863 -23.781985615427388 0
-28.42105263157895 4.2105263157894735 0 14.109005824960601 -23.78198835007877 0
-28.42105263157895 4.7368421052631575 0 14.109005366353985 -23.781989267292012 0
-28.42105263157895 5.263157894736842 0 14.109005216163963 -23.781989567672063 0
-28.42105263157895 5.789473684210526 0 14.10900516802165 -23.781989663956708 0
-28.42105263157895 6.315789473684211 0 14.109005152877234 -23.781989694245553 0
-28.42105263157895 6.842105263157895 0 14.110562066373365 -23.778875867253255 0
-28.42105263157895 7.368421052631579 0 14.136739631627151 -23.72652073674569 0
-28.42105263157895 7.894736842105263 0 14.279071574115585 -23.44185685176884 0
-28.42105263157895 8.421052631578947 0 16.528523254583117 -18.942953490833773 0
-28.42105263157895 8.947368421052632 0 50.449863149777485 48.89972629955496 0
-28.42105263157895 9.473684210526315 0 50.414853249095934 48.82970649819188 0
-26.842105263157894 -9.473684210526315 0 -81.96998857573031 -215.93997715146062 0
-26.842105263157894 -8.947368421052632 0 -221.37499356119758 -494.74998712239517 0
-26.842105263157894 -8.421052631578947 0 -13.955936728898276 -79.91187345779655 0
-26.842105263157894 -7.894736842105263 0 91.18753869642258 130.37507739284516 0
-26.842105263157894 -7.368421052631579 0 126.50369988075425 201.0073997615085 0
-26.842105263157894 -6.842105263157895 0 66.56168345364034 81.12336690728068 0
-26.842105263157894 -6.315789473684211 0 -26.10419965541759 -104.20839931083515 0
-26.842105263157894 -5.789473684210526 0 -76.07215319926713 -204.1443063985343 0
-26.842105263157894 -5.263157894736842 0 -88.36382740965473 -228.72765481930946 0
-26.842105263157894 -4.7368421052631575 0 -82.275010583653 -216.55002116730603 0
-26.842105263157894 -4.2105263157894735 0 -69.26928688133532 -190.53857376267064 0
-26.842105263157894 -3.6842105263157894 0 -56.574139659620926 -165.14827931924185 0
-26.842105263157894 -3.1578947368421053 0 -46.9531572745521 -145.90631454910428 0
-26.842105263157894 -2.631578947368421 0 -40.69736863527601 -133.39473727055204 0
-26.842105263157894 -2.1052631578947367 0 -37.03045137402939 -126.06090274805882 0
-26.842105263157894 -1.5789473684210527 0 -35.044927872444966 -122.08985574488996 0
-26.842105263157894 -1.0526315789473684 0 -34.03387064044055 -120.06774128088101 0
-26.842105263157894 -0.5263157894736842 0 -33.54420758970555 -119.08841517941083 0
-26.842105263157894 -0.0 0 -33.31634508063444 -118.63269016126866 0
-26.842105263157894 0.0 0 -33.213801557083926 -118.42760311416758 0
-26.842105263157894 0.5263157894736842 0 -33.16882777634946 -118.3376555526987 0
-26.842105263157894 1.0526315789473684 0 -33.14943641926956 -118.29887283853908 0
-26.842105263157894 1.5789473684210527 0 -33.14128351827348 -118.28256703654691 0
-26.842105263157894 2.1052631578947367 0 -33.13783528925786 -118.2756705785157 0
-26.842105263157894 2.631578947368421 0 -33.136392009619 -118.272784019238 0
-26.842105263157894 3.1578947368421053 0 -33.13578856145109 -118.27157712290223 0
-26.842105263157894 3.6842105263157894 0 -33.13552865315008 -118.27105730630018 0
-26.842105263157894 4.2105263157894735 0 -33.135418383512814 -118.27083676702564 0
-26.842105263157894 4.7368421052631575 0 -33.13536960874333 -118.27073921748672 0
-26.842105263157894 5.263157894736842 0 -33.13534813200779 -118.27069626401558 0
-26.842105263157894 5.789473684210526 0 -33.13533839421274 -118.27067678842545 0
-26.842105263157894 6.315789473684211 0 -33.13533401995697 -118.27066803991399 0
-26.842105263157894 6.842105263157895 0 -33.15190323522985 -118.3038064704597 0
-26.842105263157894 7.368421052631579 0 -33.54129348898407 -119.08258697796815 0
-26.842105263157894 7.894736842105263 0 -37.23496638376315 -126.4699327675263 0
-26.842105263157894 8.421052631578947 0 -57.67929798097051 -167.35859596194098 0
-26.842105263157894 8.947368421052632 0 -41.23593961250306 -134.47187922500618 0
-26.842105263157894 9.473684210526315 0 36.409593556681955 20.81918711336389 0
-25.263157894736842 -9.473684210526315 0 142.92672998771727 233.8534599754346 0
-25.263157894736842 -8.947368421052632 0 -333.75441892966785 -719.5088378593357 0
-25.263157894736842 -8.421052631578947 0 -236.1012414062773 -524.2024828125546 0
-25.263157894736842 -7.894736842105263 0 -70.94274262764449 -193.88548525528896 0
-25.263157894736842 -7.368421052631579 0 20.542131192566334 -10.915737614867322 0
-25.263157894736842 -6.842105263157895 0 72.29047064483126 92.58094128966252 0
-25.263157894736842 -6.315789473684211 0 31.292720063386895 10.585440126773747 0
-25.263157894736842 -5.789473684210526 0 -71.86231360256023 -195.7246272051205 0
-25.263157894736842 -5.263157894736842 0 -151.957077343788 -355.9141546875759 0
-25.263157894736842 -4.7368421052631575 0 -188.40752800406585 -428.8150560081317 0
-25.263157894736842 -4.2105263157894735 0 -199.5417055072923 -451.0834110145845 0
-25.263157894736842 -3.6842105263157894 0 -193.74457272381716 -439.48914544763437 0
-25.263157894736842 -3.1578947368421053 0 -178.56284609863485 -409.1256921972697 0
-25.263157894736842 -2.631578947368421 0 -159.429560857403 -370.859121714806 0
-25.263157894736842 -2.1052631578947367 0 -140.49281598250144 -332.9856319650029 0
-25.263157894736842 -1.5789473684210527 0 -123.92914726430642 -299.8582945286129 0
-25.263157894736842 -1.0526315789473684 0 -110.65210149385534 -273.3042029877631 0
-25.263157894736842 -0.5263157894736842 0 -100.60415444101386 -253.20830888289507 0
-25.263157894736842 -0.0 0 -93.33167019318381 -238.6633403869606 0
-25.263157894736842 0.0 0 -88.22802556725705 -228.45605113553444 0
-25.263157894736842 0.5263157894736842 0 -84.72864740759246 -221.45729481603178 0
-25.263157894736842 1.0526315789473684 0 -82.36755442748536 -216.73510885516902 0
-25.263157894736842 1.5789473684210527 0 -80.7948339628451 -213.58966792612864 0
-25.263157894736842 2.1052631578947367 0 -79.75272668338073 -211.50545336683203 0
-25.263157894736842 2.631578947368421 0 -79.06791317123555 -210.13582634265285 0
-25.263157894736842 3.1578947368421053 0 -78.61862004577321 -209.23724009158323 0
-25.263157894736842 3.6842105263157894 0 -78.32494833146869 -208.64989666300912 0
-25.263157894736842 4.2105263157894735 0 -78.13321564199262 -208.26643128400443 0
-25.263157894736842 4.7368421052631575 0 -78.00817976083499 -208.01635952169818 0
-25.263157894736842 5.263157894736842 0 -77.92670221499432 -207.85340442999805 0
-25.263157894736842 5.789473684210526 0 -77.8736216006962 -207.74724320140362 0
-25.263157894736842 6.315789473684211 0 -77.83957371022919 -207.67914742046275 0
-25.263157894736842 6.842105263157895 0 -77.81488634982239 -207.62977269964935 0
-25.263157894736842 7.368421052631579 0 -77.33829544214485 -206.67659088429167 0
-25.263157894736842 7.894736842105263 0 -72.16997522888009 -196.33995045776192 0
-25.263157894736842 8.421052631578947 0 -79.12204347251603 -210.24408694503285 0
-25.263157894736842 8.947368421052632 0 -55.52301035651269 -163.04602071302622 0
-25.263157894736842 9.473684210526315 0 45.64925100983963 39.298502019679255 0
-23.68421052631579 -9.473684210526315 0 144.8465296953507 237.69305939070145 0
-23.68421052631579 -8.947368421052632 0 178.9093741198061 305.8187482396122 0
-23.68421052631579 -8.421052631578947 0 -700.4928267789638 -1452.9856535579277 0
-23.68421052631579 -7.894736842105263 0 -24.54079686301398 -101.08159372602813 0
-23.68421052631579 -7.368421052631579 0 -193.46281746752152 -438.9256349350429 0
-23.68421052631579 -6.842105263157895 0 -59.60422175963623 -171.2084435192724 0
-23.68421052631579 -6.315789473684211 0 -50.76472584250909 -153.5294516850181 0
-23.68421052631579 -5.789473684210526 0 -106.66197197779493 -265.3239439555898 0
-23.68421052631579 -5.263157894736842 0 -221.55012497149437 -495.1002499429886 0
-23.68421052631579 -4.7368421052631575 0 -335.7853803482931 -723.5707606965861 0
-23.68421052631579 -4.2105263157894735 0 -390.06088228938336 -832.1217645787667 0
-23.68421052631579 -3.6842105263157894 0 -393.14390768929184 -838.2878153785837 0
-23.68421052631579 -3.1578947368421053 0 -383.9207552796455 -819.841510559291 0
-23.68421052631579 -2.631578947368421 0 -374.8525338172412 -801.7050676344822 0
-23.68421052631579 -2.1052631578947367 0 -362.9690544783416 -777.9381089566831 0
-23.68421052631579 -1.5789473684210527 0 -349.872613149503 -751.7452263020582 0
-23.68421052631579 -1.0526315789473684 0 -336.0346509526459 -724.0693019773175 0
-23.68421052631579 -0.5263157894736842 0 -323.1720444902633 -698.3440887414247 0
-23.68421052631579 -0.0 0 -311.6797766489009 -675.3595533711645 0
-23.68421052631579 0.0 0 -302.32406484828437 -656.6481294126072 0
-23.68421052631579 0.5263157894736842 0 -294.78026491758703 -641.5605298059419 0
-23.68421052631579 1.0526315789473684 0 -289.19591001779577 -630.391820043457 0
-23.68421052631579 1.5789473684210527 0 -284.9576543005195 -621.9153085159337 0
-23.68421052631579 2.1052631578947367 0 -282.0256069241064 -616.051213926555 0
-23.68421052631579 2.631578947368421 0 -279.8695503838295 -611.7391006785908 0
-23.68421052631579 3.1578947368421053 0 -278.4669770936454 -608.9339542705258 0
-23.68421052631579 3.6842105263157894 0 -277.42898100785555 -606.8579619357017 0
-23.68421052631579 4.2105263157894735 0 -276.80309579805464 -605.606191670862 0
-23.68421052631579 4.7368421052631575 0 -276.3144441554643 -604.6288882413164 0
-23.68421052631579 5.263157894736842 0 -276.0535841120477 -604.1071682890253 0
-23.68421052631579 5.789473684210526 0 -275.82129839770585 -603.64259673524 0
-23.68421052631579 6.315789473684211 0 -275.73221970736165 -603.464439470757 0
-23.68421052631579 6.842105263157895 0 -275.82496487559126 -603.6499296992403 0
-23.68421052631579 7.368421052631579 0 -276.7306031705752 -605.4612063895117 0
-23.68421052631579 7.894736842105263 0 -267.23301097553514 -586.4660219060099 0
-23.68421052631579 8.421052631578947 0 -230.70258285825233 -513.4051657563746 0
-23.68421052631579 8.947368421052632 0 -131.5751666635507 -315.1503332978499 0
-23.68421052631579 9.473684210526315 0 -82.52843929756051 -217.05687859518014 0
-22.105263157894736 -9.473684210526315 0 54.023776050772184 56.047552101544355 0
-22.105263157894736 -8.947368421052632 0 206.55536231338098 361.110724626762 0
-22.105263157894736 -8.421052631578947 0 132.04735717167145 212.09471434334293 0
-22.105263157894736 -7.894736842105263 0 -891.6648730381232 -1835.3297460762465 0
-22.105263157894736 -7.368421052631579 0 66.15329613146055 80.30659226292096 0
-22.105263157894736 -6.842105263157895 0 -125.44619374414953 -302.8923874882991 0
-22.105263157894736 -6.315789473684211 0 -234.18596465794883 -520.3719293158977 0
-22.105263157894736 -5.789473684210526 0 -520.3741415542555 -1092.748283108511 0
-22.105263157894736 -5.263157894736842 0 -1170.2519064391777 -2392.5038128783553 0
-22.105263157894736 -4.7368421052631575 0 -2441.42502703091 -4934.850054061819 0
-22.105263157894736 -4.2105263157894735 0 -4562.375809106944 -9176.751618213884 0
-22.105263157894736 -3.6842105263157894 0 -7408.669386316674 -14869.338772633342 0
-22.105263157894736 -3.1578947368421053 0 -9984.147527174613 -20020.29505434922 0
-22.105263157894736 -2.631578947368421 0 -10471.582665765567 -20995.16533153113 0
-22.105263157894736 -2.1052631578947367 0 -7859.69005995994 -15771.380119896841 0
-22.105263157894736 -1.5789473684210527 0 -3784.6192289903806 -7621.238457631225 0
-22.105263157894736 -1.0526315789473684 0 -1061.7475540509956 -2175.4951100049793 0
-22.105263157894736 -0.5263157894736842 0 -311.132580169294 -674.2651584212065 0
-22.105263157894736 -0.0 0 -279.7297906026851 -611.4595798812159 0
-22.105263157894736 0.0 0 -275.85649980709763 -603.712997719789 0
-22.105263157894736 0.5263157894736842 0 -275.5838720917653 -603.1677434577333 0
-22.105263157894736 1.0526315789473684 0 -277.05999341155723 -606.1199857984482 0
-22.105263157894736 1.5789473684210527 0 -278.5529116234545 -609.1058236495996 0
-22.105263157894736 2.1052631578947367 0 -279.7264892563099 -611.4529778294926 0
-22.105263157894736 2.631578947368421 0 -280.7418034505279 -613.4836073013229 0
-22.105263157894736 3.1578947368421053 0 -281.34366722822904 -614.6873340970884 0
-22.105263157894736 3.6842105263157894 0 -281.87604867807727 -615.7520975764799 0
-22.105263157894736 4.2105263157894735 0 -282.13423191465324 -616.2684636654407 0
-22.105263157894736 4.7368421052631575 0 -282.40507458149193 -616.8101492650211 0
-22.105263157894736 5.263157894736842 0 -282.49238232137384 -616.98476457183 0
-22.105263157894736 5.789473684210526 0 -282.6390797716083 -617.2781595888374 0
-22.105263157894736 6.315789473684211 0 -282.64464400627037 -617.2892879807804 0
-22.105263157894736 6.842105263157895 0 -282.6620061432793 -617.3240123084133 0
-22.105263157894736 7.368421052631579 0 -281.9928898395332 -615.9857796629204 0
-22.105263157894736 7.894736842105263 0 -279.4239456083521 -610.8478912290597 0
-22.105263157894736 8.421052631578947 0 -271.9647433035852 -595.9294865984523 0
-22.105263157894736 8.947368421052632 0 -276.2418570949101 -604.4837141933916 0
-22.105263157894736 9.473684210526315 0 -150.95682790939964 -353.9136558197065 0
-20.526315789473685 -9.473684210526315 0 -6.7382124369531 -65.47642487390623 0
-20.526315789473685 -8.947368421052632 0 65.0777656076722 78.15553121534435 0
-20.526315789473685 -8.421052631578947 0 170.09888976043152 288.1977795208631 0
-20.526315789473685 -7.894736842105263 0 46.095743425466 40.191486850931966 0
-20.526315789473685 -7.368421052631579 0 -815.3317561167488 -1682.6635122334978 0
-20.526315789473685 -6.842105263157895 0 -291.07923680815077 -634.1584736163019 0
-20.526315789473685 -6.315789473684211 0 -290.90234848856943 -633.8046969771393 0
-20.526315789473685 -5.789473684210526 0 -763.7667347260591 -1579.5334694521184 0
-20.526315789473685 -5.263157894736842 0 -2187.5050699213707 -4427.010139842741 0
-20.526315789473685 -4.7368421052631575 0 -6165.933511861634 -12383.867023723267 0
-20.526315789473685 -4.2105263157894735 0 -16770.516815328498 -33593.03363065699 0
-20.526315789473685 -3.6842105263157894 0 -42949.97058990105 -85951.94117980212 0
-20.526315789473685 -3.1578947368421053 0 -101369.05914042122 -202790.11828084243 0
-20.526315789473685 -2.631578947368421 0 -214097.8618342715 -428247.7236686913 0
-20.526315789473685 -2.1052631578947367 0 -394219.05056614423 -788490.101143333 0
-20.526315789473685 -1.5789473684210527 0 -617876.0290557028 -1235804.058003229 0
-20.526315789473685 -1.0526315789473684 0 -809568.521703851 -1619189.0432699437 0
-20.526315789473685 -0.5263157894736842 0 -876779.2008938356 -1753610.4021478542 0
-20.526315789473685 -0.0 0 -782363.5116680698 -1564779.0234937596 0
-20.526315789473685 0.0 0 -578123.085348713 -1156298.1712149794 0
-20.526315789473685 0.5263157894736842 0 -358866.45766979276 -717784.9156255095 0
-20.526315789473685 1.0526315789473684 0 -190999.2178688132 -382050.4357977128 0
-20.526315789473685 1.5789473684210527 0 -89394.50144057725 -178841.0030275584 0
-20.526315789473685 2.1052631578947367 0 -37816.75229521555 -75685.50455036601 0
-20.526315789473685 2.631578947368421 0 -14846.187659000505 -29744.375378945406 0
-20.526315789473685 3.1578947368421053 0 -5558.6763576349795 -11169.352683708072 0
-20.526315789473685 3.6842105263157894 0 -2056.3549292189177 -4164.7098840867775 0
-20.526315789473685 4.2105263157894735 0 -798.7527711925162 -1649.5055265941623 0
-20.526315789473685 4.7368421052631575 0 -362.3900035573264 -776.7800180500694 0
-20.526315789473685 5.263157894736842 0 -214.61017002995675 -481.2203330286411 0
-20.526315789473685 5.789473684210526 0 -165.40280462120492 -382.8056138963693 0
-20.526315789473685 6.315789473684211 0 -149.28413863191042 -350.568274242965 0
-20.526315789473685 6.842105263157895 0 -143.9351443411904 -339.87029065710794 0
-20.526315789473685 7.368421052631579 0 -141.5232209227741 -335.0464405631552 0
-20.526315789473685 7.894736842105263 0 -148.67228621835181 -349.34457327623386 0
-20.526315789473685 8.421052631578947 0 -160.07242387122898 -372.14484716265196 0
-20.526315789473685 8.947368421052632 0 -157.11928680788947 -366.23857408987993 0
-20.526315789473685 9.473684210526315 0 54.38030605415167 56.76061220469039 0
-18.94736842105263 -9.473684210526315 0 -30.53849173258166 -113.07698346516335 0
-18.94736842105263 -8.947368421052632 0 -41.90903735048546 -135.81807470097095 0
-18.94736842105263 -8.421052631578947 0 -111.59327351438509 -275.1865470287702 0
-18.94736842105263 -7.894736842105263 0 -56.72147099850987 -165.44294199701986 0
-18.94736842105263 -7.368421052631579 0 -275.35950778322217 -602.7190155664443 0
-18.94736842105263 -6.842105263157895 0 -291.074739934309 -634.1494798686181 0
-18.94736842105263 -6.315789473684211 0 -46.32949794007142 -144.65899588014287 0
-18.94736842105263 -5.789473684210526 0 -328.17962952165175 -708.3592590433036 0
-18.94736842105263 -5.263157894736842 0 -1103.2604282845255 -2258.5208565690505 0
-18.94736842105263 -4.7368421052631575 0 -3960.343736918032 -7972.687473836062 0
-18.94736842105263 -4.2105263157894735 0 -13105.897108833413 -26263.794217666822 0
-18.94736842105263 -3.6842105263157894 0 -39544.06364123836 -79140.12728247672 0
-18.94736842105263 -3.1578947368421053 0 -106050.76150532828 -212153.52301132414 0
-18.94736842105263 -2.631578947368421 0 -257765.41869935094 -515582.8375167254 0
-18.94736842105263 -2.1052631578947367 0 -540133.4471065593 -1080318.8923813526 0
-18.94736842105263 -1.5789473684210527 0 -990971.8527948688 -1981995.707852044 0
-18.94736842105263 -1.0526315789473684 0 -1539933.4910635217 -3079919.0011569085 0
-18.94736842105263 -0.5263157894736842 0 -2050878.4442150977 -4101808.908792764 0
-18.94736842105263 -0.0 0 -2300333.4200516255 -4600718.8639714755 0
-18.94736842105263 0.0 0 -2207646.7858504937 -4415345.590486726 0
-18.94736842105263 0.5263157894736842 0 -1807701.6590601332 -3615455.323365305 0
-18.94736842105263 1.0526315789473684 0 -1291750.299024611 -2583552.604115951 0
-18.94736842105263 1.5789473684210527 0 -812555.7894742786 -1625163.5793068665 0
-18.94736842105263 2.1052631578947367 0 -460600.4868089256 -921252.9749460721 0
-18.94736842105263 2.631578947368421 0 -238936.8623399138 -477925.72475314664 0
-18.94736842105263 3.1578947368421053 0 -115245.8786887424 -230543.75739297632 0
-18.94736842105263 3.6842105263157894 0 -52445.27806803315 -104942.55639493125 0
-18.94736842105263 4.2105263157894735 0 -22712.785475466513 -45477.570687399515 0
-18.94736842105263 4.7368421052631575 0 -9416.663178009261 -18885.32664026891 0
-18.94736842105263 5.263157894736842 0 -3723.005477988885 -7498.010701602376 0
-18.94736842105263 5.789473684210526 0 -1366.851115022582 -2785.7024517958325 0
-18.94736842105263 6.315789473684211 0 -419.83549822101253 -891.670812850726 0
-18.94736842105263 6.842105263157895 0 -46.51388088165109 -145.0279104903775 0
-18.94736842105263 7.368421052631579 0 97.10030602974933 142.2007293339621 0
-18.94736842105263 7.894736842105263 0 150.9891281361018 249.97816458893323 0
-18.94736842105263 8.421052631578947 0 185.38600561591483 318.77207776512273 0
-18.94736842105263 8.947368421052632 0 200.65156053750312 349.3030748637584 0
-18.94736842105263 9.473684210526315 0 393.59955943053257 735.1991567167545 0
-17.36842105263158 -9.473684210526315 0 -32.894302367165736 -117.78860473433146 0
-17.36842105263158 -8.947368421052632 0 -91.23199307558664 -234.4639861511733 0
-17.36842105263158 -8.421052631578947 0 -304.0544286486856 -660.1088572973711 0
-17.36842105263158 -7.894736842105263 0 -1227.2917206872328 -2506.583441374466 0
-17.36842105263158 -7.368421052631579 0 -1524.9539274770361 -3101.907854954073 0
-17.36842105263158 -6.842105263157895 0 1876.4837406300967 3700.9674812601947 0
-17.36842105263158 -6.315789473684211 0 1431.5891589529626 2811.1783179059257 0
-17.36842105263158 -5.789473684210526 0 -814.1027318679303 -1680.2054637358613 0
-17.36842105263158 -5.263157894736842 0 -104.0583018167537 -260.11660363350734 0
-17.36842105263158 -4.7368421052631575 0 -1359.3371251107947 -2770.67425022159 0
-17.36842105263158 -4.2105263157894735 0 -4948.528492847408 -9949.056985694817 0
-17.36842105263158 -3.6842105263157894 0 -17865.45569190348 -35782.91138337673 0
-17.36842105263158 -3.1578947368421053 0 -44757.63396026983 -89567.26788011343 0
-17.36842105263158 -2.631578947368421 0 -122200.37133362374 -244452.7421576791 0
-17.36842105263158 -2.1052631578947367 0 -258940.91238025908 -517933.82936838205 0
-17.36842105263158 -1.5789473684210527 0 -502366.75523265824 -1004785.4785628654 0
-17.36842105263158 -1.0526315789473684 0 -856555.2184391718 -1713162.3350751721 0
-17.36842105263158 -0.5263157894736842 0 -1176573.8530028346 -2353199.6400632365 0
-17.36842105263158 -0.0 0 -1547180.6692819889 -3094413.2685531 0
-17.36842105263158 0.0 0 -1541815.4717677585 -3083682.8955176817 0
-17.36842105263158 0.5263157894736842 0 -1554047.0502476254 -3108146.149862571 0
-17.36842105263158 1.0526315789473684 0 -1165785.0449224273 -2331622.053878016 0
-17.36842105263158 1.5789473684210527 0 -924451.7579688942 -1848955.5319275355 0
-17.36842105263158 2.1052631578947367 0 -546740.1121238419 -1093532.2212335032 0
-17.36842105263158 2.631578947368421 0 -355903.9061521166 -711859.8065549864 0
-17.36842105263158 3.1578947368421053 0 -176918.4395141456 -353888.8887105371 0
-17.36842105263158 3.6842105263157894 0 -98331.1955371915 -196714.38014054924 0
-17.36842105263158 4.2105263157894735 0 -43527.66443299274 -87107.33941884871 0
-17.36842105263158 4.7368421052631575 0 -21343.91516416459 -42739.82100282488 0
-17.36842105263158 5.263157894736842 0 -8618.665700932408 -17289.33924751631 0
-17.36842105263158 5.789473684210526 0 -3763.2504902110477 -7578.494643366633 0
-17.36842105263158 6.315789473684211 0 -1258.550832929669 -2569.106652110749 0
-17.36842105263158 6.842105263157895 0 -399.9553066295887 -851.9067846249878 0
-17.36842105263158 7.368421052631579 0 74.03727305382755 96.0716659486475 0
-17.36842105263158 7.894736842105263 0 169.72670476724517 287.45553955026685 0
-17.36842105263158 8.421052631578947 0 257.42218283052705 462.84290112654526 0
-17.36842105263158 8.947368421052632 0 250.0173616362788 448.0359041591015 0
-17.36842105263158 9.473684210526315 0 416.57349869074267 781.1463474747854 0
-15.789473684210527 -9.473684210526315 0 -25.313943136540484 -102.62788627308097 0
-15.789473684210527 -8.947368421052632 0 -106.38571146716623 -264.77142293433246 0
-15.789473684210527 -8.421052631578947 0 -432.67567870023277 -917.3513574004655 0
-15.789473684210527 -7.894736842105263 0 -2278.765703786093 -4609.531407572186 0
-15.789473684210527 -7.368421052631579 0 -5854.781533535809 -11761.56306707162 0
-15.789473684210527 -6.842105263157895 0 4903.369305938093 9754.738611876184 0
-15.789473684210527 -6.315789473684211 0 -3849.2324472132645 -7750.464894426525 0
-15.789473684210527 -5.789473684210526 0 1768.0932035450478 3484.1864070900956 0
-15.789473684210527 -5.263157894736842 0 -4075.7151157052735 -8203.430231410546 0
-15.789473684210527 -4.7368421052631575 0 -1122.0307155549979 -2296.0614311099953 0
-15.789473684210527 -4.2105263157894735 0 -35.37927657650175 -122.75858190096187 0
-15.789473684210527 -3.6842105263157894 0 -9373.710880803988 -18799.42166796142 0
-15.789473684210527 -3.1578947368421053 0 -8688.899764997183 -17429.82469519594 0
-15.789473684210527 -2.631578947368421 0 -61749.64005767872 -123551.24599008278 0
-15.789473684210527 -2.1052631578947367 0 -59999.598906114246 -120050.43212171998 0
-15.789473684210527 -1.5789473684210527 0 -254984.16988522577 -510019.7455256871 0
-15.789473684210527 -1.0526315789473684 0 -162457.18893923244 -324965.5213225316 0
-15.789473684210527 -0.5263157894736842 1 -642026.6384269502 -1284104.577111435 0
-15.789473684210527 -0.0 1 -106223.2225185837 -212498.11292718467 0
-15.789473684210527 0.0 1 -966415.678116125 -1932883.1443885812 0
-15.789473684210527 0.5263157894736842 1 236036.33796485368 472020.61073680106 0
-15.789473684210527 1.0526315789473684 0 -920863.0683788096 -1841778.113782066 0
-15.789473684210527 1.5789473684210527 0 507489.5242372424 1014927.0425028537 0
-15.789473684210527 2.1052631578947367 0 -632833.0814185224 -1265718.1753180737 0
-15.789473684210527 2.631578947368421 0 487328.032153797 974604.0870882871 0
-15.789473684210527 3.1578947368421053 0 -366260.02584415016 -732572.0709837367 0
-15.789473684210527 3.6842105263157894 0 327260.1757680182 654468.3734593637 0
-15.789473684210527 4.2105263157894735 0 -202114.19831485007 -404280.40870400774 0
-15.789473684210527 4.7368421052631575 0 188727.2579250083 377402.52581298933 0
-15.789473684210527 5.263157894736842 0 -112875.78515834524 -225803.57199790058 0
-15.789473684210527 5.789473684210526 0 104590.47376079345 209128.94537284164 0
-15.789473684210527 6.315789473684211 0 -64548.67691459993 -129149.34684153223 0
-15.789473684210527 6.842105263157895 0 58367.29809748746 116682.58559851552 0
-15.789473684210527 7.368421052631579 0 -37854.25279228042 -75760.49308717198 0
-15.789473684210527 7.894736842105263 0 33955.94718781123 67859.8792360979 0
-15.789473684210527 8.421052631578947 0 -25841.808885539373 -51735.60206451563 0
-15.789473684210527 8.947368421052632 0 22704.850069385822 45357.67924098195 0
-15.789473684210527 9.473684210526315 0 -5502.739242407184 -11057.468782904374 0
-14.210526315789474 -9.473684210526315 0 -13.6372416684571 -79.27448333691419 0
-14.210526315789474 -8.947368421052632 0 -111.04353315026236 -274.0870663005247 0
-14.210526315789474 -8.421052631578947 0 -485.5044085660995 -1023.008817132199 0
-14.210526315789474 -7.894736842105263 0 -2584.9431838759106 -5221.88636775182 0
-14.210526315789474 -7.368421052631579 0 -9237.123071304799 -18526.246142609594 0
-14.210526315789474 -6.842105263157895 0 -123.3378957422151 -298.67579148443383 0
-14.210526315789474 -6.315789473684211 0 5107.903399813096 10163.8067996262 0
-14.210526315789474 -5.789473684210526 0 -2854.804887749645 -5761.60977549929 0
-14.210526315789474 -5.263157894736842 0 4773.572005925279 9495.144011850558 0
-14.210526315789474 -4.7368421052631575 0 -8797.325252602126 -17646.65052927311 0
-14.210526315789474 -4.2105263157894735 0 -275.11530704671804 -602.2303411756634 0
-14.210526315789474 -3.6842105263157894 0 2190.0076466691153 4327.982446454102 0
-14.210526315789474 -3.1578947368421053 0 -10519.926423583061 -21091.94624741294 0
-14.210526315789474 -2.631578947368421 0 47623.972804653364 95197.94188521386 0
-14.210526315789474 -2.1052631578947367 0 -14511.603303191008 -29072.70090766238 0
-14.210526315789474 -1.5789473684210527 0 108686.651127409 217315.60744237786 0
-14.210526315789474 -1.0526315789473684 1 -93867.27427742638 -187795.42806415312 0
-14.210526315789474 -0.5263157894736842 1 521767.16291186574 1043514.4980196359 0
-14.210526315789474 -0.0 1 384561.1432513247 769119.2206978563 0
-14.210526315789474 0.0 1 -723663.1478833496 -1447538.7387063596 0
-14.210526315789474 0.5263157894736842 1 -1478612.0585472155 -2957528.3733649044 0
-14.210526315789474 1.0526315789473684 1 5886089.77585013 11772982.370845178 0
-14.210526315789474 1.5789473684210527 0 9566760.573797403 19134878.83107847 0
-14.210526315789474 2.1052631578947367 0 -32461057.53408899 -64927078.902763456 0
-14.210526315789474 2.631578947368421 0 -55871368.52175125 -111751238.3646999 0
-14.210526315789474 3.1578947368421053 0 199748413.81954393 399526889.9458126 0
-14.210526315789474 3.6842105263157894 0 351607994.71650493 703268948.9249824 0
-14.210526315789474 4.2105263157894735 0 -1264880944.5334158 -2529952699.59902 0
-14.210526315789474 4.7368421052631575 0 -2215115332.510767 -4430564778.650698 0
-14.210526315789474 5.263157894736842 0 7914194759.8504305 15829582978.31807 0
-14.210526315789474 5.789473684210526 0 13338854282.987482 26679720100.358063 0
-14.210526315789474 6.315789473684211 0 -46521647878.4087 -93050311593.40875 0
-14.210526315789474 6.842105263157895 0 -72966146663.45753 -145943297173.7725 0
-14.210526315789474 7.368421052631579 0 244856244864.85208 489749415667.9875 0
-14.210526315789474 7.894736842105263 0 342175808325.45105 684403219044.009 0
-14.210526315789474 8.421052631578947 0 -1122144948226.1387 -2244459123619.838 0
-14.210526315789474 8.947368421052632 0 -1499928697902.2747 -3000083595338.196 0
-14.210526315789474 9.473684210526315 0 2046222347068.6252 4092753278374.1836 0
-12.631578947368421 -9.473684210526315 0 -3.1586455023117495 -58.31729100462349 0
-12.631578947368421 -8.947368421052632 0 -103.63145200236886 -259.2629040047378 0
-12.631578947368421 -8.421052631578947 0 -460.5093373457388 -973.0186746914776 0
-12.631578947368421 -7.894736842105263 0 -2151.81375461576 -4355.62750923152 0
-12.631578947368421 -7.368421052631579 0 -8364.280539520338 -16780.561079040675 0
-12.631578947368421 -6.842105263157895 0 -4474.37057379289 -9000.741147585783 0
-12.631578947368421 -6.315789473684211 0 8095.151302804028 16138.302605608063 0
-12.631578947368421 -5.789473684210526 0 -4541.884889815339 -9135.769779630682 0
-12.631578947368421 -5.263157894736842 0 2303.8526130516902 4555.705226103383 0
-12.631578947368421 -4.7368421052631575 0 261.1012530122928 470.20213059724574 0
-12.631578947368421 -4.2105263157894735 0 -4744.026954957997 -9540.049975855982 0
-12.631578947368421 -3.6842105263157894 0 3712.8585043607864 7373.630890282877 0
-12.631578947368421 -3.1578947368421053 0 -2944.68797080714 -5941.096060660159 0
-12.631578947368421 -2.631578947368421 0 -2120.987091681361 -4293.820918493788 0
-12.631578947368421 -2.1052631578947367 0 53271.510541031705 106492.1551419747 0
-12.631578947368421 -1.5789473684210527 0 283048.9927945999 566044.2513530478 0
-12.631578947368421 -1.0526315789473684 1 -1585568.1081580666 -3171162.716840774 0
-12.631578947368421 -0.5263157894736842 1 -8777020.356701504 -17553914.867129967 0
-12.631578947368421 -0.0 1 65105101.71684421 130208777.89318219 0
-12.631578947368421 0.0 1 468766987.363566 937523829.0710651 0
-12.631578947368421 0.5263157894736842 1 -3823888430.3703494 -7647694198.069823 0
-12.631578947368421 1.0526315789473684 1 -31022450401.19498 -62044228481.57014 0
-12.631578947368421 1.5789473684210527 0 275085254322.8168 550164544216.6936 0
-12.631578947368421 2.1052631578947367 0 2458135117497.7656 4916216929586.705 0
-12.631578947368421 2.631578947368421 0 -23586135739753.27 -47171759992436.21 0
-12.631578947368421 3.1578947368421053 0 -227663360667070.94 -455321784189161.25 0
-12.631578947368421 3.6842105263157894 0 2343159979292806.0 4686269144335859.0 0
-12.631578947368421 4.2105263157894735 0 2.3904667562747852e+16 4.780881672358524e+16 0
-12.631578947368421 4.7368421052631575 0 -2.6021292621097712e+17 -5.204202093861668e+17 0
-12.631578947368421 5.263157894736842 0 -2.7472965736765665e+18 -5.494533568862049e+18 0
-12.631578947368421 5.789473684210526 0 3.105711251989554e+19 6.211355152826338e+19 0
-12.631578947368421 6.315789473684211 0 3.321846025024645e+20 6.643620011749075e+20 0
-12.631578947368421 6.842105263157895 0 -3.816529371419578e+21 -7.632975976724577e+21 0
-12.631578947368421 7.368421052631579 0 -4.0434048231645374e+22 -8.0867219601424e+22 0
-12.631578947368421 7.894736842105263 0 4.661217674721728e+23 9.322334265228286e+23 0
-12.631578947368421 8.421052631578947 0 4.856504980518032e+24 9.712904641776444e+24 0
-12.631578947368421 8.947368421052632 0 -4.832592084532397e+25 -9.665079368385616e+25 0
-12.631578947368421 9.473684210526315 0 -1.9968072112586487e+26 -3.993571119306874e+26 0
-11.052631578947368 -9.473684210526315 0 3.00483241623175 -45.990335167536514 0
-11.052631578947368 -8.947368421052632 0 -84.67557910874316 -221.3511582174864 0
-11.052631578947368 -8.421052631578947 0 -360.1001439403327 -772.2002878806655 0
-11.052631578947368 -7.894736842105263 0 -1340.479478530411 -2732.9589570608214 0
-11.052631578947368 -7.368421052631579 0 -4970.437353693869 -9992.874707387737 0
-11.052631578947368 -6.842105263157895 0 -4469.13428050324 -8990.268561006482 0
-11.052631578947368 -6.315789473684211 0 4582.027198659241 9112.054397318483 0
-11.052631578947368 -5.789473684210526 0 722.3455479220643 1392.691095844124 0
-11.052631578947368 -5.263157894736842 0 -4296.954433052484 -8645.909004222885 0
-11.052631578947368 -4.7368421052631575 0 8052.947454058848 16053.908351538304 0
-11.052631578947368 -4.2105263157894735 0 -10286.551126566097 -20625.166365145265 0
-11.052631578947368 -3.6842105263157894 0 7857.487073535473 15663.031347679262 0
-11.052631578947368 -3.1578947368421053 0 -8060.346903838334 -16172.081145208882 0
-11.052631578947368 -2.631578947368421 0 11652.240033064523 23253.009923780897 0
-11.052631578947368 -2.1052631578947367 0 30065.028260660172 60078.71845023066 0
-11.052631578947368 -1.5789473684210527 1 -189328.66176723063 -378707.0679824197 0
-11.052631578947368 -1.0526315789473684 1 -1631922.1055283742 -3263872.7010708186 0
-11.052631578947368 -0.5263157894736842 1 12744581.374856018 25488891.654024255 0
-11.052631578947368 -0.0 1 145210414.61951366 290418324.9480032 0
-11.052631578947368 0.0 1 -860708293.7573476 -1721396455.0765033 0
-11.052631578947368 0.5263157894736842 1 -11253141999.086985 -22505941055.32449 0
-11.052631578947368 1.0526315789473684 1 45958973495.651726 91916675483.32751 0
-11.052631578947368 1.5789473684210527 1 686755096155.8535 1373496845440.7295 0
-11.052631578947368 2.1052631578947367 0 142707840926.13007 285417564411.45984 0
-11.052631578947368 2.631578947368421 0 4054982343906.2085 8111900604403.867 0
-11.052631578947368 3.1578947368421053 0 -691310053837175.1 -1358713500268975.8 0
-11.052631578947368 3.6842105263157894 0 -334566912128291.1 -3.3820811616420532e+16 0
-11.052631578947368 4.2105263157894735 0 -7.982697622196013e+19 -2.836032850366298e+20 0
-11.052631578947368 4.7368421052631575 0 1.2487030339627437e+24 4.328702003069157e+24 0
-11.052631578947368 5.263157894736842 0 3.3897934729160896e+28 1.1738780264970658e+29 0
-11.052631578947368 5.789473684210526 0 -4.064215692624481e+33 -1.4073345750892135e+34 0
-11.052631578947368 6.315789473684211 0 -9.600777398346607e+38 -3.3244994462647576e+39 0
-11.052631578947368 6.842105263157895 0 8.932824754289855e+44 3.093203658784428e+45 0
-11.052631578947368 7.368421052631579 0 1.9389957967128848e+51 6.714235751059486e+51 0
-11.052631578947368 7.894736842105263 0 -1.3501418963542022e+58 -4.675188529076465e+58 0
-11.052631578947368 8.421052631578947 0 -3.0069820371949166e+65 -1.0412392943271648e+66 0
-11.052631578947368 8.947368421052632 0 1.1430619415720672e+73 3.95812477184404e+73 0
-11.052631578947368 9.473684210526315 0 1.996645939063697e+80 6.913863077028698e+80 0
-9.473684210526315 -9.473684210526315 0 4.357214517265099 -43.28557096546978 0
-9.473684210526315 -8.947368421052632 0 -61.27545274635856 -174.55090549271716 0
-9.473684210526315 -8.421052631578947 0 -206.95037636829653 -465.9007527365931 0
-9.473684210526315 -7.894736842105263 0 -585.5490228257743 -1223.0980456515488 0
-9.473684210526315 -7.368421052631579 0 -2189.948895492288 -4431.897790984577 0
-9.473684210526315 -6.842105263157895 0 -2643.974734275697 -5339.949468551393 0
-9.473684210526315 -6.315789473684211 0 2446.4774549512867 4840.95490990257 0
-9.473684210526315 -5.789473684210526 0 649.4183583886715 1246.8367167773495 0
-9.473684210526315 -5.263157894736842 0 -2557.07572013564 -5166.151773020779 0
-9.473684210526315 -4.7368421052631575 0 -937.5688155748817 -1927.102617279504 0
-9.473684210526315 -4.2105263157894735 0 6279.243476819473 12506.288530305113 0
-9.473684210526315 -3.6842105263157894 0 -17272.972470289074 -34597.96352891755 0
-9.473684210526315 -3.1578947368421053 0 24335.326142400998 48620.28822587989 0
-9.473684210526315 -2.631578947368421 0 -15008.003086939352 -30068.502356375524 0
-9.473684210526315 -2.1052631578947367 0 11938.817636459535 23826.740622231617 0
-9.473684210526315 -1.5789473684210527 1 13307.6707213743 26267.957201547877 0
-9.473684210526315 -1.0526315789473684 1 -1103787.242582487 -2205590.5648254217 0
-9.473684210526315 -0.5263157894736842 1 4616472.003999516 9202988.428904735 0
-9.473684210526315 -0.0 1 1223434146.3835533 2462608650.665828 0
-9.473684210526315 0.0 1 -2483164136379.2734 -4880541002484.3125 0
-9.473684210526315 0.5263157894736842 1 1.3399856355738149e+17 2.6397862893170832e+17 0
-9.473684210526315 1.0526315789473684 1 -1.2056486557930052e+23 -2.374708360363408e+23 0
-9.473684210526315 1.5789473684210527 1 -7.486585315153363e+30 -1.4746151241914773e+31 0
-9.473684210526315 2.1052631578947367 0 -9.867145536666694e+40 -1.943507577778695e+41 0
-9.473684210526315 2.631578947368421 0 1.5299202195433155e+50 3.013446705187513e+50 0
-9.473684210526315 3.1578947368421053 0 1.3705870184014707e+63 2.699611996578382e+63 0
-9.473684210526315 3.6842105263157894 0 -4.618160524560255e+77 -9.09627873232477e+77 0
-9.473684210526315 4.2105263157894735 0 -2.2307948254781512e+95 -4.3939424406358725e+95 0
-9.473684210526315 4.7368421052631575 0 -3.7401748734466036e+116 -7.366931698120709e+116 0
-9.473684210526315 5.263157894736842 0 7.954230733349426e+141 1.5667255277204846e+142 0
-9.473684210526315 5.789473684210526 0 -5.2734322918400046e+171 -1.0386951632785023e+172 0
-9.473684210526315 6.315789473684211 0 -3.742556833276232e+206 -7.371623386601872e+206 0
-9.473684210526315 6.842105263157895 0 -6.672120943944687e+246 -1.3141914733613507e+247 0
-9.473684210526315 7.368421052631579 0 1.1167747035874104e+293 2.1996840366813227e+293 0
-9.473684210526315 7.894736842105263 0 -inf -inf 0
-9.473684210526315 8.421052631578947 0 nan nan 0
-9.473684210526315 8.947368421052632 0 nan nan 0
-9.473684210526315 9.473684210526315 0 nan nan 0
-7.894736842105264 -9.473684210526315 0 2.1738184541580985 -47.652363091683824 0
-7.894736842105264 -8.947368421052632 0 -41.53130045387746 -135.06260090775493 0
-7.894736842105264 -8.421052631578947 0 -34.620598370655095 -121.24119674131032 0
-7.894736842105264 -7.894736842105263 0 -101.75203715371063 -255.5040743074212 0
-7.894736842105264 -7.368421052631579 0 -811.3702356744177 -1674.7404713488356 0
-7.894736842105264 -6.842105263157895 0 -1173.325903262929 -2398.651806525858 0
-7.894736842105264 -6.315789473684211 0 926.2171575919658 1800.4343151839325 0
-7.894736842105264 -5.789473684210526 0 568.3040008871935 1084.6080017743857 0
-7.894736842105264 -5.263157894736842 0 -4000.9755080200193 -8053.95250469874 0
-7.894736842105264 -4.7368421052631575 0 6233.780176062342 12415.792211314152 0
-7.894736842105264 -4.2105263157894735 0 -21090.990313272716 -42237.20054841509 0
-7.894736842105264 -3.6842105263157894 0 59962.01400098034 119885.26619212951 0
-7.894736842105264 -3.1578947368421053 0 -184920.5647899929 -369790.9851456165 0
-7.894736842105264 -2.631578947368421 0 9885.17054969366 19674.189480080513 0
-7.894736842105264 -2.1052631578947367 0 24906957.810407225 50231762.407153465 0
-7.894736842105264 -1.5789473684210527 1 -34834144386.8397 -70311023200.15865 0
-7.894736842105264 -1.0526315789473684 1 -1063013714634624.6 -2145576427997502.2 0
-7.894736842105264 -0.5263157894736842 1 6.65748438025667e+20 1.3443346723620523e+21 0
-7.894736842105264 -0.0 1 -1.7355894884842783e+29 -3.501001539508554e+29 0
-7.894736842105264 0.0 1 8.806436380771489e+41 1.7756676562813953e+42 0
-7.894736842105264 0.5263157894736842 1 2.162169882924876e+58 4.3594857728629994e+58 0
-7.894736842105264 1.0526315789473684 1 -1.0369340234730058e+79 -2.090725569784674e+79 0
-7.894736842105264 1.5789473684210527 1 -8.182222946261327e+106 -1.6497465100945183e+107 0
-7.894736842105264 2.1052631578947367 0 3.728327677073858e+141 7.517267146457287e+141 0
-7.894736842105264 2.631578947368421 0 1.094290792902381e+184 2.2063715796071933e+184 0
-7.894736842105264 3.1578947368421053 0 1.4426017695612599e+237 2.9086560589703545e+237 0
-7.894736842105264 3.6842105263157894 0 8.577554791298937e+300 1.729455574038958e+301 0
-7.894736842105264 4.2105263157894735 0 nan nan 0
-7.894736842105264 4.7368421052631575 0 nan nan 0
-7.894736842105264 5.263157894736842 0 nan nan 0
-7.894736842105264 5.789473684210526 0 nan nan 0
-7.894736842105264 6.315789473684211 0 nan nan 0
-7.894736842105264 6.842105263157895 0 nan nan 0
-7.894736842105264 7.368421052631579 0 nan nan 0
-7.894736842105264 7.894736842105263 0 nan nan 0
-7.894736842105264 8.421052631578947 0 nan nan 0
-7.894736842105264 8.947368421052632 0 nan nan 0
-7.894736842105264 9.473684210526315 0 nan nan 0
-6.315789473684211 -9.473684210526315 0 -1.7796593214968581 -55.559318642993716 0
-6.315789473684211 -8.947368421052632 0 -29.799797397209545 -111.59959479441913 0
-6.315789473684211 -8.421052631578947 0 127.66150937871578 203.32301875743147 0
-6.315789473684211 -7.894736842105263 0 126.22527385082512 200.45054770165032 0
-6.315789473684211 -7.368421052631579 0 -330.7935844257442 -713.5871688514886 0
-6.315789473684211 -6.842105263157895 0 -528.1459322147963 -1108.2918644295924 0
-6.315789473684211 -6.315789473684211 0 141.61912762116026 231.23825524232007 0
-6.315789473684211 -5.789473684210526 0 -689.5721209093108 -1431.1442418186205 0
-6.315789473684211 -5.263157894736842 0 -3337.4007870581167 -6726.812008843213 0
-6.315789473684211 -4.7368421052631575 0 -4036.07684774523 -8120.252157482633 0
-6.315789473684211 -4.2105263157894735 0 14282.161120388519 28377.85414539381 0
-6.315789473684211 -3.6842105263157894 0 -448052.6841916303 -886137.2811989402 0
-6.315789473684211 -3.1578947368421053 0 -56090255.57775493 -111075357.49854286 0
-6.315789473684211 -2.631578947368421 0 40283340690.56711 79545915902.64197 0
-6.315789473684211 -2.1052631578947367 0 3122555308557390.0 6206439547363877.0 0
-6.315789473684211 -1.5789473684210527 1 3.070751193387049e+22 6.105262020786643e+22 0
-6.315789473684211 -1.0526315789473684 1 -1.1832283293065103e+33 -2.3554526946007162e+33 0
-6.315789473684211 -0.5263157894736842 1 6.238752428308162e+47 1.2300889437829976e+48 0
-6.315789473684211 -0.0 1 -6.396695314776713e+70 -1.2790328401251519e+71 0
-6.315789473684211 0.0 1 -5.2324078056294845e+103 -1.0467534161442408e+104 0
-6.315789473684211 0.5263157894736842 1 -1.1153806045612982e+148 -2.2313287301111782e+148 0
-6.315789473684211 1.0526315789473684 1 3.036341040590451e+206 6.0742292528466784e+206 0
-6.315789473684211 1.5789473684210527 1 2.2298991513078547e+286 4.460934550176525e+286 0
-6.315789473684211 2.1052631578947367 0 inf inf 0
-6.315789473684211 2.631578947368421 0 nan nan 0
-6.315789473684211 3.1578947368421053 0 nan nan 0
-6.315789473684211 3.6842105263157894 0 nan nan 0
-6.315789473684211 4.2105263157894735 0 nan nan 0
-6.315789473684211 4.7368421052631575 0 nan nan 0
-6.315789473684211 5.263157894736842 0 nan nan 0
-6.315789473684211 5.789473684210526 0 nan nan 0
-6.315789473684211 6.315789473684211 0 nan nan 0
-6.315789473684211 6.842105263157895 0 nan nan 0
-6.315789473684211 7.368421052631579 0 nan nan 0
-6.315789473684211 7.894736842105263 0 nan nan 0
-6.315789473684211 8.421052631578947 0 nan nan 0
-6.315789473684211 8.947368421052632 0 nan nan 0
-6.315789473684211 9.473684210526315 0 nan nan 0
-4.7368421052631575 -9.473684210526315 0 -6.074403831784945 -64.1488076635699 0
-4.7368421052631575 -8.947368421052632 0 -26.21534669268661 -104.43069338537319 0
-4.7368421052631575 -8.421052631578947 0 261.98918058193 471.97836116386 0
-4.7368421052631575 -7.894736842105263 0 198.53544718676451 345.07089437352903 0
-4.7368421052631575 -7.368421052631579 0 -273.3904547317854 -598.7809094635708 0
-4.7368421052631575 -6.842105263157895 0 -327.67254232878634 -707.3450846575729 0
-4.7368421052631575 -6.315789473684211 0 -342.0978875726096 -736.1957751452187 0
-4.7368421052631575 -5.789473684210526 0 -1826.7441484691883 -3705.488296938376 0
-4.7368421052631575 -5.263157894736842 0 -16251.460848685956 -32555.018486744266 0
-4.7368421052631575 -4.7368421052631575 0 261965.97451501564 523951.97376991855 0
-4.7368421052631575 -4.2105263157894735 0 509759.736347616 1019846.6099748148 0
-4.7368421052631575 -3.6842105263157894 0 1457614014.959806 2918872763.72514 0
-4.7368421052631575 -3.1578947368421053 0 8805756766513.133 17654519927459.71 0
-4.7368421052631575 -2.631578947368421 0 -8.895388630881511e+18 -1.7815609258631965e+19 0
-4.7368421052631575 -2.1052631578947367 0 -3.0305365562249545e+27 -6.041616071146125e+27 0
-4.7368421052631575 -1.5789473684210527 1 -1.1011528077933419e+41 -2.202894811853308e+41 0
-4.7368421052631575 -1.0526315789473684 1 3.300301153917079e+63 6.600891449979278e+63 0
-4.7368421052631575 -0.5263157894736842 1 -1.070103898026333e+96 -2.1402987785195513e+96 0
-4.7368421052631575 -0.0 1 3.644379912416074e+143 7.289069781739389e+143 0
-4.7368421052631575 0.0 1 -4.75941943824391e+214 -9.519243668239527e+214 0
-4.7368421052631575 0.5263157894736842 1 -inf -inf 0
-4.7368421052631575 1.0526315789473684 1 nan nan 0
-4.7368421052631575 1.5789473684210527 1 nan nan 0
-4.7368421052631575 2.1052631578947367 0 nan nan 0
-4.7368421052631575 2.631578947368421 0 nan nan 0
-4.7368421052631575 3.1578947368421053 0 nan nan 0
-4.7368421052631575 3.6842105263157894 0 nan nan 0
-4.7368421052631575 4.2105263157894735 0 nan nan 0
-4.7368421052631575 4.7368421052631575 0 nan nan 0
-4.7368421052631575 5.263157894736842 0 nan nan 0
-4.7368421052631575 5.789473684210526 0 nan nan 0
-4.7368421052631575 6.315789473684211 0 nan nan 0
-4.7368421052631575 6.842105263157895 0 nan nan 0
-4.7368421052631575 7.368421052631579 0 nan nan 0
-4.7368421052631575 7.894736842105263 0 nan nan 0
-4.7368421052631575 8.421052631578947 0 nan nan 0
-4.7368421052631575 8.947368421052632 0 nan nan 0
-4.7368421052631575 9.473684210526315 0 nan nan 0
-3.1578947368421053 -9.473684210526315 0 -9.875518009399308 -71.75103601879863 0
-3.1578947368421053 -8.947368421052632 0 -28.50106441804464 -109.00212883608916 0
-3.1578947368421053 -8.421052631578947 0 361.988795652226 671.9775913044521 0
-3.1578947368421053 -7.894736842105263 0 202.3724389932986 352.74487798659726 0
-3.1578947368421053 -7.368421052631579 0 -357.3002930565016 -766.6005861130035 0
-3.1578947368421053 -6.842105263157895 0 -266.3205219193318 -584.6410438386631 0
-3.1578947368421053 -6.315789473684211 0 -457.76926244825563 -967.5385248965114 0
-3.1578947368421053 -5.789473684210526 0 -5073.599924662758 -10199.199849325534 0
-3.1578947368421053 -5.263157894736842 0 -10514.107994836857 -21080.837407036986 0
-3.1578947368421053 -4.7368421052631575 0 -3900059.3546723197 -7800175.647683616 0
-3.1578947368421053 -4.2105263157894735 0 5557766042.386971 11115554107.685812 0
-3.1578947368421053 -3.6842105263157894 0 74248509144582.56 148497413974355.97 0
-3.1578947368421053 -3.1578947368421053 0 1.6717216122510377e+21 3.3435940057782404e+21 0
-3.1578947368421053 -2.631578947368421 0 -2.7311550482175132e+32 -5.462549595438429e+32 0
-3.1578947368421053 -2.1052631578947367 0 7.852689576058142e+49 1.5706067694237945e+50 0
-3.1578947368421053 -1.5789473684210527 1 -8.394256173298625e+76 -1.6789248374571807e+77 0
-3.1578947368421053 -1.0526315789473684 1 -3.4416754938844046e+118 -6.883652761909429e+118 0
-3.1578947368421053 -0.5263157894736842 1 4.414944906743464e+181 8.830276926161403e+181 0
-3.1578947368421053 -0.0 1 -1.7057977204544292e+275 -3.41174500923454e+275 0
-3.1578947368421053 0.0 1 inf inf 0
-3.1578947368421053 0.5263157894736842 1 nan nan 0
-3.1578947368421053 1.0526315789473684 1 nan nan 0
-3.1578947368421053 1.5789473684210527 1 nan nan 0
-3.1578947368421053 2.1052631578947367 0 nan nan 0
-3.1578947368421053 2.631578947368421 0 nan nan 0
-3.1578947368421053 3.1578947368421053 0 nan nan 0
-3.1578947368421053 3.6842105263157894 0 nan nan 0
-3.1578947368421053 4.2105263157894735 0 nan nan 0
-3.1578947368421053 4.7368421052631575 0 nan nan 0
-3.1578947368421053 5.263157894736842 0 nan nan 0
-3.1578947368421053 5.789473684210526 0 nan nan 0
-3.1578947368421053 6.315789473684211 0 nan nan 0
-3.1578947368421053 6.842105263157895 0 nan nan 0
-3.1578947368421053 7.368421052631579 0 nan nan 0
-3.1578947368421053 7.894736842105263 0 nan nan 0
-3.1578947368421053 8.421052631578947 0 nan nan 0
-3.1578947368421053 8.947368421052632 0 nan nan 0
-3.1578947368421053 9.473684210526315 0 nan nan 0
-1.5789473684210527 -9.473684210526315 0 -12.856542737425805 -77.71308547485161 0
-1.5789473684210527 -8.947368421052632 0 -33.872657607957834 -119.74531521591567 0
-1.5789473684210527 -8.421052631578947 0 429.6624055141096 807.3248110282191 0
-1.5789473684210527 -7.894736842105263 0 187.25841561932688 322.516831238654 0
-1.5789473684210527 -7.368421052631579 0 -456.8436494573006 -965.6872989146013 0
-1.5789473684210527 -6.842105263157895 0 -213.41918467259006 -478.83836934517996 0
-1.5789473684210527 -6.315789473684211 0 -310.79581179553526 -673.5916235910719 0
-1.5789473684210527 -5.789473684210526 0 -12040.118505726286 -24132.237011452416 0
-1.5789473684210527 -5.263157894736842 0 492692.5784725571 985333.0821266437 0
-1.5789473684210527 -4.7368421052631575 0 13359395.068678327 26718432.439677387 0
-1.5789473684210527 -4.2105263157894735 0 -2760424214135.4585 -5520899704575.73 0
-1.5789473684210527 -3.6842105263157894 0 -3.81011429330385e+18 -7.620219797641746e+18 0
-1.5789473684210527 -3.1578947368421053 0 2.5265682234287724e+29 5.053367433247803e+29 0
-1.5789473684210527 -2.631578947368421 0 1.1684005474350387e+47 2.3369035292737145e+47 0
-1.5789473684210527 -2.1052631578947367 0 1.3817079799064618e+73 2.7635371110456198e+73 0
-1.5789473684210527 -1.5789473684210527 1 -4.983025981553529e+115 -9.966488886456676e+115 0
-1.5789473684210527 -1.0526315789473684 1 2.5425607232514e+179 5.085344384161684e+179 0
-1.5789473684210527 -0.5263157894736842 1 -5.015923013295976e+273 -1.003228583442957e+274 0
-1.5789473684210527 -0.0 1 inf inf 0
-1.5789473684210527 0.0 1 inf inf 0
-1.5789473684210527 0.5263157894736842 1 nan nan 0
-1.5789473684210527 1.0526315789473684 1 nan nan 0
-1.5789473684210527 1.5789473684210527 1 nan nan 0
-1.5789473684210527 2.1052631578947367 0 nan nan 0
-1.5789473684210527 2.631578947368421 0 nan nan 0
-1.5789473684210527 3.1578947368421053 0 nan nan 0
-1.5789473684210527 3.6842105263157894 0 nan nan 0
-1.5789473684210527 4.2105263157894735 0 nan nan 0
-1.5789473684210527 4.7368421052631575 0 nan nan 0
-1.5789473684210527 5.263157894736842 0 nan nan 0
-1.5789473684210527 5.789473684210526 0 nan nan 0
-1.5789473684210527 6.315789473684211 0 nan nan 0
-1.5789473684210527 6.842105263157895 0 nan nan 0
-1.5789473684210527 7.368421052631579 0 nan nan 0
-1.5789473684210527 7.894736842105263 0 nan nan 0
-1.5789473684210527 8.421052631578947 0 nan nan 0
-1.5789473684210527 8.947368421052632 0 nan nan 0
-1.5789473684210527 9.473684210526315 0 nan nan 0
-0.0 -9.473684210526315 0 -15.007554425172884 -82.01510885034581 0
-0.0 -8.947368421052632 0 -40.11846502606133 -132.23693005212266 0
-0.0 -8.421052631578947 0 471.3788914068605 890.7577828137212 0
-0.0 -7.894736842105263 0 173.3047185827522 294.60943716550423 0
-0.0 -7.368421052631579 0 -532.2435457346422 -1116.4870914692842 0
-0.0 -6.842105263157895 0 -146.11766734823954 -344.2353346964791 0
-0.0 -6.315789473684211 0 62.19008825404694 72.38017650809604 0
-0.0 -5.789473684210526 0 -22660.895761837157 -45373.79152367475 0
-0.0 -5.263157894736842 0 -3139831.155888247 -6279635.6556198215 0
-0.0 -4.7368421052631575 0 -33041769.300509192 -66072163.23004014 0
-0.0 -4.2105263157894735 0 -4797580286496298.0 -9595265230931778.0 0
-0.0 -3.6842105263157894 0 -5.665281153874136e+24 -1.1330549868728265e+25 0
-0.0 -3.1578947368421053 0 -3.303975040026997e+40 -6.608252181315833e+40 0
-0.0 -2.631578947368421 0 1.7291815305579108e+67 3.4585146595264386e+67 0
-0.0 -2.1052631578947367 0 5.187169110757063e+105 1.0374793044052957e+106 0
-0.0 -1.5789473684210527 0 1.884107994711238e+172 3.768381192409404e+172 0
-0.0 -1.0526315789473684 1 -2.7302482644387636e+268 -5.46073592341811e+268 0
-0.0 -0.5263157894736842 1 inf inf 0
-0.0 -0.0 1 inf inf 0
-0.0 0.0 1 nan nan 0
-0.0 0.5263157894736842 1 nan nan 0
-0.0 1.0526315789473684 1 nan nan 0
-0.0 1.5789473684210527 0 nan nan 0
-0.0 2.1052631578947367 0 nan nan 0
-0.0 2.631578947368421 0 nan nan 0
-0.0 3.1578947368421053 0 nan nan 0
-0.0 3.6842105263157894 0 nan nan 0
-0.0 4.2105263157894735 0 nan nan 0
-0.0 4.7368421052631575 0 nan nan 0
-0.0 5.263157894736842 0 nan nan 0
-0.0 5.789473684210526 0 nan nan 0
-0.0 6.315789473684211 0 nan nan 0
-0.0 6.842105263157895 0 nan nan 0
-0.0 7.368421052631579 0 nan nan 0
-0.0 7.894736842105263 0 nan nan 0
-0.0 8.421052631578947 0 nan nan 0
-0.0 8.947368421052632 0 nan nan 0
-0.0 9.473684210526315 0 nan nan 0
0.0 -9.473684210526315 0 -16.465674330904687 -84.93134866180937 0
0.0 -8.947368421052632 0 -45.89925318088537 -143.79850636177085 0
0.0 -8.421052631578947 0 494.6000370312413 937.2000740624826 0
0.0 -7.894736842105263 0 165.16539561187935 278.33079122375875 0
0.0 -7.368421052631579 0 -579.3693710397723 -1210.7387420795449 0
0.0 -6.842105263157895 0 -74.36351486056668 -200.72702972113342 0
0.0 -6.315789473684211 0 595.443125859369 1138.8862517187376 0
0.0 -5.789473684210526 0 -33549.928167242375 -67151.85633448407 0
0.0 -5.263157894736842 0 51321481.17688799 102640891.65225968 0
0.0 -4.7368421052631575 0 29539392566.35729 59069968286.46643 0
0.0 -4.2105263157894735 0 1.3650456255744423e+20 2.730120482596849e+20 0
0.0 -3.6842105263157894 0 8.386024599268668e+32 1.6772030747479555e+33 0
0.0 -3.1578947368421053 0 9.916390951535768e+55 1.9833688615334823e+56 0
0.0 -2.631578947368421 0 1.74438566717961e+94 3.488924265725866e+94 0
0.0 -2.1052631578947367 0 1.4452262637947098e+151 2.890579248246575e+151 0
0.0 -1.5789473684210527 0 -4.824613687369586e+253 -9.649650408129065e+253 0
0.0 -1.0526315789473684 1 inf inf 0
0.0 -0.5263157894736842 1 inf inf 0
0.0 -0.0 1 nan nan 0
0.0 0.0 1 nan nan 0
0.0 0.5263157894736842 1 nan nan 0
0.0 1.0526315789473684 1 nan nan 0
0.0 1.5789473684210527 0 nan nan 0
0.0 2.1052631578947367 0 nan nan 0
0.0 2.631578947368421 0 nan nan 0
0.0 3.1578947368421053 0 nan nan 0
0.0 3.6842105263157894 0 nan nan 0
0.0 4.2105263157894735 0 nan nan 0
0.0 4.7368421052631575 0 nan nan 0
0.0 5.263157894736842 0 nan nan 0
0.0 5.789473684210526 0 nan nan 0
0.0 6.315789473684211 0 nan nan 0
0.0 6.842105263157895 0 nan nan 0
0.0 7.368421052631579 0 nan nan 0
0.0 7.894736842105263 0 nan nan 0
0.0 8.421052631578947 0 nan nan 0
0.0 8.947368421052632 0 nan nan 0
0.0 9.473684210526315 0 nan nan 0
1.5789473684210527 -9.473684210526315 0 -17.406333541651087 -86.81266708330219 0
1.5789473684210527 -8.947368421052632 0 -50.61896397173115 -153.23792794346232 0
1.5789473684210527 -8.421052631578947 0 505.92789134059797 959.8557826811962 0
1.5789473684210527 -7.894736842105263 0 161.75533580600302 271.5106716120059 0
1.5789473684210527 -7.368421052631579 0 -604.9812539359881 -1261.9625078719757 0
1.5789473684210527 -6.842105263157895 0 -9.399506209353433 -70.79901241870783 0
1.5789473684210527 -6.315789473684211 0 1214.4302107702906 2376.860421540581 0
1.5789473684210527 -5.789473684210526 0 -41736.89337914871 -83525.78675829791 0
1.5789473684210527 -5.263157894736842 0 -975720102.8440651 -1951393327.355642 0
1.5789473684210527 -4.7368421052631575 0 -4306103856262.809 -8611081266018.44 0
1.5789473684210527 -4.2105263157894735 0 6.317499535418039e+25 1.263513440137464e+26 0
1.5789473684210527 -3.6842105263157894 0 -5.386940318819189e+43 -1.0773868785242019e+44 0
1.5789473684210527 -3.1578947368421053 0 1.905979995408546e+77 3.812134265454294e+77 0
1.5789473684210527 -2.631578947368421 0 -1.3049992120663695e+130 -2.610112834218036e+130 0
1.5789473684210527 -2.1052631578947367 0 -2.298927979278408e+214 -4.598057533681476e+214 0
1.5789473684210527 -1.5789473684210527 0 inf inf 0
1.5789473684210527 -1.0526315789473684 1 inf inf -0.11388142730735382
1.5789473684210527 -0.5263157894736842 1 nan nan -0.11388142730735382
1.5789473684210527 -0.0 1 nan nan -0.11388142730735382
1.5789473684210527 0.0 1 nan nan -0.11388142730735382
1.5789473684210527 0.5263157894736842 1 nan nan -0.11388142730735382
1.5789473684210527 1.0526315789473684 0 nan nan 0
1.5789473684210527 1.5789473684210527 0 nan nan 0
1.5789473684210527 2.1052631578947367 0 nan nan 0
1.5789473684210527 2.631578947368421 0 nan nan 0
1.5789473684210527 3.1578947368421053 0 nan nan 0
1.5789473684210527 3.6842105263157894 0 nan nan 0
1.5789473684210527 4.2105263157894735 0 nan nan 0
1.5789473684210527 4.7368421052631575 0 nan nan 0
1.5789473684210527 5.263157894736842 0 nan nan 0
1.5789473684210527 5.789473684210526 0 nan nan 0
1.5789473684210527 6.315789473684211 0 nan nan 0
1.5789473684210527 6.842105263157895 0 nan nan 0
1.5789473684210527 7.368421052631579 0 nan nan 0
1.5789473684210527 7.894736842105263 0 nan nan 0
1.5789473684210527 8.421052631578947 0 nan nan 0
1.5789473684210527 8.947368421052632 0 nan nan 0
1.5789473684210527 9.473684210526315 0 nan nan 0
3.1578947368421053 -9.473684210526315 0 -17.988817254838388 -87.97763450967676 0
3.1578947368421053 -8.947368421052632 0 -54.16412327039404 -160.32824654078814 0
3.1578947368421053 -8.421052631578947 0 510.33497891143236 968.6699578228647 0
3.1578947368421053 -7.894736842105263 0 160.9556158766811 269.91123175336213 0
3.1578947368421053 -7.368421052631579 0 -616.8895585672786 -1285.7791171345573 0
3.1578947368421053 -6.842105263157895 0 43.5428392750583 35.08567855011671 0
3.1578947368421053 -6.315789473684211 0 1841.5367050736018 3631.073410147204 0
3.1578947368421053 -5.789473684210526 0 -45671.014807153646 -91394.02961430783 0
3.1578947368421053 -5.263157894736842 0 22575715313.009956 45150266055.69794 0
3.1578947368421053 -4.7368421052631575 0 -7015166720678601.0 -1.4028542903906502e+16 0
3.1578947368421053 -4.2105263157894735 0 -5.5960957901465795e+32 -1.1192311456790529e+33 0
3.1578947368421053 -3.6842105263157894 0 -1.8684341751523546e+58 -3.736864239358407e+58 0
3.1578947368421053 -3.1578947368421053 0 8.411134766141863e+105 1.6823038610376546e+106 0
3.1578947368421053 -2.631578947368421 0 -1.185752729005362e+178 -2.37160941368335e+178 0
3.1578947368421053 -2.1052631578947367 0 -5.689898373833683e+301 -1.1380295650627504e+302 0
3.1578947368421053 -1.5789473684210527 0 nan nan 0
3.1578947368421053 -1.0526315789473684 1 nan nan 0.12115063010743572
3.1578947368421053 -0.5263157894736842 1 nan nan 0.12115063010743572
3.1578947368421053 -0.0 1 nan nan 0.12115063010743572
3.1578947368421053 0.0 1 nan nan 0.12115063010743572
3.1578947368421053 0.5263157894736842 1 nan nan 0.12115063010743572
3.1578947368421053 1.0526315789473684 0 nan nan 0
3.1578947368421053 1.5789473684210527 0 nan nan 0
3.1578947368421053 2.1052631578947367 0 nan nan 0
3.1578947368421053 2.631578947368421 0 nan nan 0
3.1578947368421053 3.1578947368421053 0 nan nan 0
3.1578947368421053 3.6842105263157894 0 nan nan 0
3.1578947368421053 4.2105263157894735 0 nan nan 0
3.1578947368421053 4.7368421052631575 0 nan nan 0
3.1578947368421053 5.263157894736842 0 nan nan 0
3.1578947368421053 5.789473684210526 0 nan nan 0
3.1578947368421053 6.315789473684211 0 nan nan 0
3.1578947368421053 6.842105263157895 0 nan nan 0
3.1578947368421053 7.368421052631579 0 nan nan 0
3.1578947368421053 7.894736842105263 0 nan nan 0
3.1578947368421053 8.421052631578947 0 nan nan 0
3.1578947368421053 8.947368421052632 0 nan nan 0
3.1578947368421053 9.473684210526315 0 nan nan 0
4.7368421052631575 -9.473684210526315 0 -18.33708887444393 -88.67417774888787 0
4.7368421052631575 -8.947368421052632 0 -56.66897766284552 -165.3379553256912 0
4.7368421052631575 -8.421052631578947 0 511.14782084550274 970.2956416910054 0
4.7368421052631575 -7.894736842105263 0 161.1952847549587 270.39056950991767 0
4.7368421052631575 -7.368421052631579 0 -621.0822958063482 -1294.1645916126968 0
4.7368421052631575 -6.842105263157895 0 83.871494869463 115.74298973892627 0
4.7368421052631575 -6.315789473684211 0 2415.9457222561464 4779.891444512293 0
4.7368421052631575 -5.789473684210526 0 -45578.97244447411 -91209.94488894584 0
4.7368421052631575 -5.263157894736842 0 -599547391211.8967 -1199063097068.3823 0
4.7368421052631575 -4.7368421052631575 0 9.511808411571995e+19 1.902118791536937e+20 0
4.7368421052631575 -4.2105263157894735 0 -1.269413997691848e+41 -2.5388551880754305e+41 0
4.7368421052631575 -3.6842105263157894 0 -3.8615212272656863e+77 -7.723033958376347e+77 0
4.7368421052631575 -3.1578947368421053 0 -2.9524037255533324e+143 -5.905077406242283e+143 0
4.7368421052631575 -2.631578947368421 0 -4.600815891203441e+242 -9.202035138771911e+242 0
4.7368421052631575 -2.1052631578947367 0 -inf -inf 0
4.7368421052631575 -1.5789473684210527 0 nan nan 0
4.7368421052631575 -1.0526315789473684 0 nan nan 0
4.7368421052631575 -0.5263157894736842 1 nan nan 0.4357316285027554
4.7368421052631575 -0.0 1 nan nan 0.4357316285027554
4.7368421052631575 0.0 1 nan nan 0.4357316285027554
4.7368421052631575 0.5263157894736842 1 nan nan 0.4357316285027554
4.7368421052631575 1.0526315789473684 1 nan nan 0.4357316285027554
4.7368421052631575 1.5789473684210527 0 nan nan 0
4.7368421052631575 2.1052631578947367 0 nan nan 0
4.7368421052631575 2.631578947368421 0 nan nan 0
4.7368421052631575 3.1578947368421053 0 nan nan 0
4.7368421052631575 3.6842105263157894 0 nan nan 0
4.7368421052631575 4.2105263157894735 0 nan nan 0
4.7368421052631575 4.7368421052631575 0 nan nan 0
4.7368421052631575 5.263157894736842 0 nan nan 0
4.7368421052631575 5.789473684210526 0 nan nan 0
4.7368421052631575 6.315789473684211 0 nan nan 0
4.7368421052631575 6.842105263157895 0 nan nan 0
4.7368421052631575 7.368421052631579 0 nan nan 0
4.7368421052631575 7.894736842105263 0 nan nan 0
4.7368421052631575 8.421052631578947 0 nan nan 0
4.7368421052631575 8.947368421052632 0 nan nan 0
4.7368421052631575 9.473684210526315 0 nan nan 0
6.315789473684211 -9.473684210526315 0 -18.538994174445882 -89.07798834889176 0
6.315789473684211 -8.947368421052632 0 -58.356278245562464 -168.712556491125 0
6.315789473684211 -8.421052631578947 0 510.3742407421833 968.7484814843666 0
6.315789473684211 -7.894736842105263 0 161.6418104056145 271.28362081122896 0
6.315789473684211 -7.368421052631579 0 -621.4417056794617 -1294.8834113589232 0
6.315789473684211 -6.842105263157895 0 113.22370946922042 174.44741893844053 0
6.315789473684211 -6.315789473684211 0 2901.759541464665 5751.519082929331 0
6.315789473684211 -5.789473684210526 0 -42480.03205796791 -85012.06411593969 0
6.315789473684211 -5.263157894736842 0 17558727811718.14 35116520342043.387 0
6.315789473684211 -4.7368421052631575 0 1.115391232013199e+25 2.2304976408644108e+25 0
6.315789473684211 -4.2105263157894735 0 5.161932255484557e+50 1.0323975087056048e+51 0
6.315789473684211 -3.6842105263157894 0 6.05515588975046e+102 1.2110298456890445e+103 0
6.315789473684211 -3.1578947368421053 0 7.466537019975722e+191 1.4933756748077158e+192 0
6.315789473684211 -2.631578947368421 0 -inf -inf 0
6.315789473684211 -2.1052631578947367 0 -inf -inf 0
6.315789473684211 -1.5789473684210527 0 nan nan 0
6.315789473684211 -1.0526315789473684 0 nan nan 0
6.315789473684211 -0.5263157894736842 0 nan nan 0
6.315789473684211 -0.0 0 nan nan 0
6.315789473684211 0.0 0 nan nan 0
6.315789473684211 0.5263157894736842 1 nan nan 0.40934224504055844
6.315789473684211 1.0526315789473684 1 nan nan 0.40934224504055844
6.315789473684211 1.5789473684210527 1 nan nan 0.40934224504055844
6.315789473684211 2.1052631578947367 0 nan nan 0
6.315789473684211 2.631578947368421 0 nan nan 0
6.315789473684211 3.1578947368421053 0 nan nan 0
6.315789473684211 3.6842105263157894 0 nan nan 0
6.315789473684211 4.2105263157894735 0 nan nan 0
6.315789473684211 4.7368421052631575 0 nan nan 0
6.315789473684211 5.263157894736842 0 nan nan 0
6.315789473684211 5.789473684210526 0 nan nan 0
6.315789473684211 6.315789473684211 0 nan nan 0
6.315789473684211 6.842105263157895 0 nan nan 0
6.315789473684211 7.368421052631579 0 nan nan 0
6.315789473684211 7.894736842105263 0 nan nan 0
6.315789473684211 8.421052631578947 0 nan nan 0
6.315789473684211 8.947368421052632 0 nan nan 0
6.315789473684211 9.473684210526315 0 nan nan 0
7.894736842105264 -9.473684210526315 0 -18.652823383270977 -89.30564676654198 0
7.894736842105264 -8.947368421052632 0 -59.44952364696419 -170.89904729392845 0
7.894736842105264 -8.421052631578947 0 509.1053771500492 966.2107543000984 0
7.894736842105264 -7.894736842105263 0 161.97288898539358 271.9457779707874 0
7.894736842105264 -7.368421052631579 0 -620.2188607990124 -1292.437721598025 0
7.894736842105264 -6.842105263157895 0 133.88509209657 215.77018419313987 0
7.894736842105264 -6.315789473684211 0 3286.8926518731996 6521.785303746399 0
7.894736842105264 -5.789473684210526 0 -37827.915359110935 -75707.83071821688 0
7.894736842105264 -5.263157894736842 0 -550351577139930.06 -1100673769207626.1 0
7.894736842105264 -4.7368421052631575 0 -1.1995238432904345e+31 -2.398741379552473e+31 0
7.894736842105264 -4.2105263157894735 0 1.3021824895575905e+62 2.604392873755607e+62 0
7.894736842105264 -3.6842105263157894 0 -9.979615194479482e+134 -1.9959208431716517e+135 0
7.894736842105264 -3.1578947368421053 0 -2.8209789220926123e+253 -5.642215782400414e+253 0
7.894736842105264 -2.631578947368421 0 nan nan 0
7.894736842105264 -2.1052631578947367 0 nan nan 0
7.894736842105264 -1.5789473684210527 0 nan nan 0
7.894736842105264 -1.0526315789473684 0 nan nan 0
7.894736842105264 -0.5263157894736842 0 nan nan 0
7.894736842105264 -0.0 0 nan nan 0
7.894736842105264 0.0 0 nan nan 0
7.894736842105264 0.5263157894736842 0 nan nan 0
7.894736842105264 1.0526315789473684 0 nan nan 0
7.894736842105264 1.5789473684210527 1 nan nan -0.39807719594238516
7.894736842105264 2.1052631578947367 1 nan nan -0.39807719594238516
7.894736842105264 2.631578947368421 1 nan nan -0.39807719594238516
7.894736842105264 3.1578947368421053 0 nan nan 0
7.894736842105264 3.6842105263157894 0 nan nan 0
7.894736842105264 4.2105263157894735 0 nan nan 0
7.894736842105264 4.7368421052631575 0 nan nan 0
7.894736842105264 5.263157894736842 0 nan nan 0
7.894736842105264 5.789473684210526 0 nan nan 0
7.894736842105264 6.315789473684211 0 nan nan 0
7.894736842105264 6.842105263157895 0 nan nan 0
7.894736842105264 7.368421052631579 0 nan nan 0
7.894736842105264 7.894736842105263 0 nan nan 0
7.894736842105264 8.421052631578947 0 nan nan 0
7.894736842105264 8.947368421052632 0 nan nan 0
7.894736842105264 9.473684210526315 0 nan nan 0
9.473684210526315 -9.473684210526315 0 -18.715357675589186 -89.43071535117838 0
9.473684210526315 -8.947368421052632 0 -60.13509075388164 -172.27018150776325 0
9.473684210526315 -8.421052631578947 0 507.8613028465045 963.7226056930092 0
9.473684210526315 -7.894736842105263 0 162.12855433696916 272.2571086739382 0
9.473684210526315 -7.368421052631579 0 -618.5869349041758 -1289.1738698083516 0
9.473684210526315 -6.842105263157895 0 148.04351658367756 244.08703316735512 0
9.473684210526315 -6.315789473684211 0 3576.3067670119754 7100.6135340239525 0
9.473684210526315 -5.789473684210526 0 -32676.2235635706 -65404.44712714682 0
9.473684210526315 -5.263157894736842 0 1.8052668582608348e+16 3.61043726471689e+16 0
9.473684210526315 -4.7368421052631575 0 -1.2325388640236392e+38 -2.4647629903962234e+38 0
9.473684210526315 -4.2105263157894735 0 3.2555112054140283e+75 6.511092148606906e+75 0
9.473684210526315 -3.6842105263157894 0 -2.5512696885128183e+175 -5.102533763698268e+175 0
9.473684210526315 -3.1578947368421053 0 -inf -inf 0
9.473684210526315 -2.631578947368421 0 nan nan 0
9.473684210526315 -2.1052631578947367 0 nan nan 0
9.473684210526315 -1.5789473684210527 0 nan nan 0
9.473684210526315 -1.0526315789473684 0 nan nan 0
9.473684210526315 -0.5263157894736842 0 nan nan 0
9.473684210526315 -0.0 0 nan nan 0
9.473684210526315 0.0 0 nan nan 0
9.473684210526315 0.5263157894736842 0 nan nan 0
9.473684210526315 1.0526315789473684 0 nan nan 0
9.473684210526315 1.5789473684210527 0 nan nan 0
9.473684210526315 2.1052631578947367 0 nan nan 0
9.473684210526315 2.631578947368421 1 nan nan -2.296250601978689
9.473684210526315 3.1578947368421053 1 nan nan -2.296250601978689
9.473684210526315 3.6842105263157894 1 nan nan -2.296250601978689
9.473684210526315 4.2105263157894735 0 nan nan 0
9.473684210526315 4.7368421052631575 0 nan nan 0
9.473684210526315 5.263157894736842 0 nan nan 0
9.473684210526315 5.789473684210526 0 nan nan 0
9.473684210526315 6.315789473684211 0 nan nan 0
9.473684210526315 6.842105263157895 0 nan nan 0
9.473684210526315 7.368421052631579 0 nan nan 0
9.473684210526315 7.894736842105263 0 nan nan 0
9.473684210526315 8.421052631578947 0 nan nan 0
9.473684210526315 8.947368421052632 0 nan nan 0
9.473684210526315 9.473684210526315 0 nan nan 0
11.052631578947368 -9.473684210526315 0 -18.748877285513775 -89.49775457102757 0
11.052631578947368 -8.947368421052632 0 -60.55306372852002 -173.10612745704006 0
11.052631578947368 -8.421052631578947 0 506.84063581328076 961.6812716265616 0
11.052631578947368 -7.894736842105263 0 162.14904740634304 272.29809481268614 0
11.052631578947368 -7.368421052631579 0 -617.0776057573388 -1286.1552115146776 0
11.052631578947368 -6.842105263157895 0 157.52154707118797 263.04309414237605 0
11.052631578947368 -6.315789473684211 0 3784.258914473959 7516.517828947918 0
11.052631578947368 -5.789473684210526 0 -27974.42349332681 -56000.84698664815 0
11.052631578947368 -5.263157894736842 0 -6.106792398727672e+17 -1.2213258484825329e+18 0
11.052631578947368 -4.7368421052631575 0 1.2444769188438097e+46 2.488636051568527e+46 0
11.052631578947368 -4.2105263157894735 0 -4.647324163000186e+91 -9.294747878434466e+91 0
11.052631578947368 -3.6842105263157894 0 -1.5677027074863764e+225 -3.135401965698632e+225 0
11.052631578947368 -3.1578947368421053 0 nan nan 0
11.052631578947368 -2.631578947368421 0 nan nan 0
11.052631578947368 -2.1052631578947367 0 nan nan 0
11.052631578947368 -1.5789473684210527 0 nan nan 0
11.052631578947368 -1.0526315789473684 0 nan nan 0
11.052631578947368 -0.5263157894736842 0 nan nan 0
11.052631578947368 -0.0 0 nan nan 0
11.052631578947368 0.0 0 nan nan 0
11.052631578947368 0.5263157894736842 0 nan nan 0
11.052631578947368 1.0526315789473684 0 nan nan 0
11.052631578947368 1.5789473684210527 0 nan nan 0
11.052631578947368 2.1052631578947367 0 nan nan 0
11.052631578947368 2.631578947368421 0 nan nan 0
11.052631578947368 3.1578947368421053 1 nan nan -5.329887637955579
11.052631578947368 3.6842105263157894 1 nan nan -5.329887637955579
11.052631578947368 4.2105263157894735 1 nan nan -5.329887637955579
11.052631578947368 4.7368421052631575 0 nan nan 0
11.052631578947368 5.263157894736842 0 nan nan 0
11.052631578947368 5.789473684210526 0 nan nan 0
11.052631578947368 6.315789473684211 0 nan nan 0
11.052631578947368 6.842105263157895 0 nan nan 0
11.052631578947368 7.368421052631579 0 nan nan 0
11.052631578947368 7.894736842105263 0 nan nan 0
11.052631578947368 8.421052631578947 0 nan nan 0
11.052631578947368 8.947368421052632 0 nan nan 0
11.052631578947368 9.473684210526315 0 nan nan 0
12.631578947368421 -9.473684210526315 0 -18.766418596865144 -89.53283719373029 0
12.631578947368421 -8.947368421052632 0 -60.80165166716067 -173.60330333432125 0
12.631578947368421 -8.421052631578947 0 506.08050859002776 960.1610171800556 0
12.631578947368421 -7.894736842105263 0 162.0933457237085 272.18669144741693 0
12.631578947368421 -7.368421052631579 0 -615.8753933338783 -1283.750786667756 0
12.631578947368421 -6.842105263157895 0 163.73174887479925 275.4634977495982 0
12.631578947368421 -6.315789473684211 0 3928.1011603758006 7804.202320751602 0
12.631578947368421 -5.789473684210526 0 -23911.921885480293 -47875.84377096497 0
12.631578947368421 -5.263157894736842 0 2.1059014179390353e+19 4.211690312630764e+19 0
12.631578947368421 -4.7368421052631575 0 1.258200474418969e+55 2.516079658310367e+55 0
12.631578947368421 -4.2105263157894735 0 1.4801319612134057e+111 2.9602956290034024e+111 0
12.631578947368421 -3.6842105263157894 0 3.691005175198655e+285 7.382002229413292e+285 0
12.631578947368421 -3.1578947368421053 0 nan nan 0
12.631578947368421 -2.631578947368421 0 nan nan 0
12.631578947368421 -2.1052631578947367 0 nan nan 0
12.631578947368421 -1.5789473684210527 0 nan nan 0
12.631578947368421 -1.0526315789473684 0 nan nan 0
12.631578947368421 -0.5263157894736842 0 nan nan 0
12.631578947368421 -0.0 0 nan nan 0
12.631578947368421 0.0 0 nan nan 0
12.631578947368421 0.5263157894736842 0 nan nan 0
12.631578947368421 1.0526315789473684 0 nan nan 0
12.631578947368421 1.5789473684210527 0 nan nan 0
12.631578947368421 2.1052631578947367 0 nan nan 0
12.631578947368421 2.631578947368421 1 nan nan -9.191339380065017
12.631578947368421 3.1578947368421053 1 nan nan -9.191339380065017
12.631578947368421 3.6842105263157894 1 nan nan -9.191339380065017
12.631578947368421 4.2105263157894735 0 nan nan 0
12.631578947368421 4.7368421052631575 0 nan nan 0
12.631578947368421 5.263157894736842 0 nan nan 0
12.631578947368421 5.789473684210526 0 nan nan 0
12.631578947368421 6.315789473684211 0 nan nan 0
12.631578947368421 6.842105263157895 0 nan nan 0
12.631578947368421 7.368421052631579 0 nan nan 0
12.631578947368421 7.894736842105263 0 nan nan 0
12.631578947368421 8.421052631578947 0 nan nan 0
12.631578947368421 8.947368421052632 0 nan nan 0
12.631578947368421 9.473684210526315 0 nan nan 0
14.210526315789474 -9.473684210526315 0 -18.7753800751356 -89.5507601502712 0
14.210526315789474 -8.947368421052632 0 -60.946251656091 -173.89250331218193 0
14.210526315789474 -8.421052631578947 0 505.5492362952167 959.0984725904334 0
14.210526315789474 -7.894736842105263 0 162.00817472689872 272.0163494537976 0
14.210526315789474 -7.368421052631579 0 -614.9972107446998 -1281.9944214894 0
14.210526315789474 -6.842105263157895 0 167.71907218510648 283.4381443702132 0
14.210526315789474 -6.315789473684211 0 4024.3950280112067 7996.790056022412 0
14.210526315789474 -5.789473684210526 0 -20910.90271850406 -41873.80543700651 0
14.210526315789474 -5.263157894736842 0 -7.361629393040098e+20 -1.472286546956367e+21 0
14.210526315789474 -4.7368421052631575 0 -1.2897385212661384e+65 -2.579147698537936e+65 0
14.210526315789474 -4.2105263157894735 0 4.563648008324089e+134 9.127393776617493e+134 0
14.210526315789474 -3.6842105263157894 0 -inf -inf 0
14.210526315789474 -3.1578947368421053 0 nan nan 0
14.210526315789474 -2.631578947368421 0 nan nan 0
14.210526315789474 -2.1052631578947367 0 nan nan 0
14.210526315789474 -1.5789473684210527 0 nan nan 0
14.210526315789474 -1.0526315789473684 0 nan nan 0
14.210526315789474 -0.5263157894736842 0 nan nan 0
14.210526315789474 -0.0 0 nan nan 0
14.210526315789474 0.0 0 nan nan 0
14.210526315789474 0.5263157894736842 0 nan nan 0
14.210526315789474 1.0526315789473684 0 nan nan 0
14.210526315789474 1.5789473684210527 0 nan nan 0
14.210526315789474 2.1052631578947367 0 nan nan 0
14.210526315789474 2.631578947368421 0 nan nan 0
14.210526315789474 3.1578947368421053 0 nan nan 0
14.210526315789474 3.6842105263157894 0 nan nan 0
14.210526315789474 4.2105263157894735 0 nan nan 0
14.210526315789474 4.7368421052631575 0 nan nan 0
14.210526315789474 5.263157894736842 0 nan nan 0
14.210526315789474 5.789473684210526 0 nan nan 0
14.210526315789474 6.315789473684211 0 nan nan 0
14.210526315789474 6.842105263157895 0 nan nan 0
14.210526315789474 7.368421052631579 0 nan nan 0
14.210526315789474 7.894736842105263 0 nan nan 0
14.210526315789474 8.421052631578947 0 nan nan 0
14.210526315789474 8.947368421052632 0 nan nan 0
14.210526315789474 9.473684210526315 0 nan nan 0
15.789473684210527 -9.473684210526315 0 -18.77984575931254 -89.55969151862506 0
15.789473684210527 -8.947368421052632 0 -61.02868119200417 -174.05736238400834 0
15.789473684210527 -8.421052631578947 0 505.19471114225394 958.3894222845079 0
15.789473684210527 -7.894736842105263 0 161.92195167173304 271.8439033434662 0
15.789473684210527 -7.368421052631579 0 -614.3926472960007 -1280.7852945920017 0
15.789473684210527 -6.842105263157895 0 170.22973208589065 288.4594641717815 0
15.789473684210527 -6.315789473684211 0 4087.042573680756 8122.085147361513 0
15.789473684210527 -5.789473684210526 0 -18473.95655852544 -36999.913117046366 0
15.789473684210527 -5.263157894736842 0 2.5908279400888357e+22 5.181517470791187e+22 0
15.789473684210527 -4.7368421052631575 0 -1.3512706050132707e+76 -2.702196153372691e+76 0
15.789473684210527 -4.2105263157894735 0 5.814831285610884e+162 1.1629787133354301e+163 0
15.789473684210527 -3.6842105263157894 0 -inf -inf 0
15.789473684210527 -3.1578947368421053 0 nan nan 0
15.789473684210527 -2.631578947368421 0 nan nan 0
15.789473684210527 -2.1052631578947367 0 nan nan 0
15.789473684210527 -1.5789473684210527 0 nan nan 0
15.789473684210527 -1.0526315789473684 0 nan nan 0
15.789473684210527 -0.5263157894736842 0 nan nan 0
15.789473684210527 -0.0 0 nan nan 0
15.789473684210527 0.0 0 nan nan 0
15.789473684210527 0.5263157894736842 0 nan nan 0
15.789473684210527 1.0526315789473684 0 nan nan 0
15.789473684210527 1.5789473684210527 0 nan nan 0
15.789473684210527 2.1052631578947367 0 nan nan 0
15.789473684210527 2.631578947368421 0 nan nan 0
15.789473684210527 3.1578947368421053 0 nan nan 0
15.789473684210527 3.6842105263157894 0 nan nan 0
15.789473684210527 4.2105263157894735 0 nan nan 0
15.789473684210527 4.7368421052631575 0 nan nan 0
15.789473684210527 5.263157894736842 0 nan nan 0
15.789473684210527 5.789473684210526 0 nan nan 0
15.789473684210527 6.315789473684211 0 nan nan 0
15.789473684210527 6.842105263157895 0 nan nan 0
15.789473684210527 7.368421052631579 0 nan nan 0
15.789473684210527 7.894736842105263 0 nan nan 0
15.789473684210527 8.421052631578947 0 nan nan 0
15.789473684210527 8.947368421052632 0 nan nan 0
15.789473684210527 9.473684210526315 0 nan nan 0
17.36842105263158 -9.473684210526315 0 -18.782012419415537 -89.5640248388311 0
17.36842105263158 -8.947368421052632 0 -61.074802447451866 -174.14960489490375 0
17.36842105263158 -8.421052631578947 0 504.9665184887943 957.9330369775885 0
17.36842105263158 -7.894736842105263 0 161.84822488805403 271.6964497761081 0
17.36842105263158 -7.368421052631579 0 -613.9947080258139 -1279.9894160516274 0
17.36842105263158 -6.842105263157895 0 171.78094917518263 291.5618983503648 0
17.36842105263158 -6.315789473684211 0 4126.779826284605 8201.559652569209 0
17.36842105263158 -5.789473684210526 0 -17089.853099784603 -34231.706199584936 0
17.36842105263158 -5.263157894736842 0 -9.181483615081159e+23 -1.8362476777202396e+24 0
17.36842105263158 -4.7368421052631575 0 1.454514212544508e+88 2.9086570044384843e+88 0
17.36842105263158 -4.2105263157894735 0 -1.3206009919199718e+196 -2.641230273031444e+196 0
17.36842105263158 -3.6842105263157894 0 nan nan 0
17.36842105263158 -3.1578947368421053 0 nan nan 0
17.36842105263158 -2.631578947368421 0 nan nan 0
17.36842105263158 -2.1052631578947367 0 nan nan 0
17.36842105263158 -1.5789473684210527 0 nan nan 0
17.36842105263158 -1.0526315789473684 0 nan nan 0
17.36842105263158 -0.5263157894736842 0 nan nan 0
17.36842105263158 -0.0 0 nan nan 0
17.36842105263158 0.0 0 nan nan 0
17.36842105263158 0.5263157894736842 0 nan nan 0
17.36842105263158 1.0526315789473684 0 nan nan 0
17.36842105263158 1.5789473684210527 0 nan nan 0
17.36842105263158 2.1052631578947367 0 nan nan 0
17.36842105263158 2.631578947368421 0 nan nan 0
17.36842105263158 3.1578947368421053 0 nan nan 0
17.36842105263158 3.6842105263157894 0 nan nan 0
17.36842105263158 4.2105263157894735 0 nan nan 0
17.36842105263158 4.7368421052631575 0 nan nan 0
17.36842105263158 5.263157894736842 0 nan nan 0
17.36842105263158 5.789473684210526 0 nan nan 0
17.36842105263158 6.315789473684211 0 nan nan 0
17.36842105263158 6.842105263157895 0 nan nan 0
17.36842105263158 7.368421052631579 0 nan nan 0
17.36842105263158 7.894736842105263 0 nan nan 0
17.36842105263158 8.421052631578947 0 nan nan 0
17.36842105263158 8.947368421052632 0 nan nan 0
17.36842105263158 9.473684210526315 0 nan nan 0
18.94736842105263 -9.473684210526315 0 -18.79391872188847 -89.5878374437769 0
18.94736842105263 -8.947368421052632 0 -61.10754800025542 -174.2150960005109 0
18.94736842105263 -8.421052631578947 0 504.81992764408176 957.6398552881635 0
18.94736842105263 -7.894736842105263 0 161.79047996927227 271.58095993854465 0
18.94736842105263 -7.368421052631579 0 -613.7500549191313 -1279.5001098382631 0
18.94736842105263 -6.842105263157895 0 172.7228675900913 293.44573518018274 0
18.94736842105263 -6.315789473684211 0 4151.409069288364 8250.818138576728 0
18.94736842105263 -5.789473684210526 0 -15680.596849199323 -31413.19369836498 0
18.94736842105263 -5.263157894736842 0 3.2544589856563473e+25 6.508744142964792e+25 0
18.94736842105263 -4.7368421052631575 0 1.6136969615568785e+101 3.22698185400501e+101 0
18.94736842105263 -4.2105263157894735 0 2.3095318700734138e+235 4.6191132136742196e+235 0
18.94736842105263 -3.6842105263157894 0 nan nan 0
18.94736842105263 -3.1578947368421053 0 nan nan 0
18.94736842105263 -2.631578947368421 0 nan nan 0
18.94736842105263 -2.1052631578947367 0 nan nan 0
18.94736842105263 -1.5789473684210527 0 nan nan 0
18.94736842105263 -1.0526315789473684 0 nan nan 0
18.94736842105263 -0.5263157894736842 0 nan nan 0
18.94736842105263 -0.0 0 nan nan 0
18.94736842105263 0.0 0 nan nan 0
18.94736842105263 0.5263157894736842 0 nan nan 0
18.94736842105263 1.0526315789473684 0 nan nan 0
18.94736842105263 1.5789473684210527 0 nan nan 0
18.94736842105263 2.1052631578947367 0 nan nan 0
18.94736842105263 2.631578947368421 0 nan nan 0
18.94736842105263 3.1578947368421053 0 nan nan 0
18.94736842105263 3.6842105263157894 0 nan nan 0
18.94736842105263 4.2105263157894735 0 nan nan 0
18.94736842105263 4.7368421052631575 0 nan nan 0
18.94736842105263 5.263157894736842 0 nan nan 0
18.94736842105263 5.789473684210526 0 nan nan 0
18.94736842105263 6.315789473684211 0 nan nan 0
18.94736842105263 6.842105263157895 0 nan nan 0
18.94736842105263 7.368421052631579 0 nan nan 0
18.94736842105263 7.894736842105263 0 nan nan 0
18.94736842105263 8.421052631578947 0 nan nan 0
18.94736842105263 8.947368421052632 0 nan nan 0
18.94736842105263 9.473684210526315 0 nan nan 0
20.526315789473685 -9.473684210526315 0 -18.913362407875226 -89.82672481575045 0
20.526315789473685 -8.947368421052632 0 -61.14945229065877 -174.29890458131754 0
20.526315789473685 -8.421052631578947 0 504.6504512638345 957.300902527669 0
20.526315789473685 -7.894736842105263 0 161.80078631609524 271.60157263219037 0
20.526315789473685 -7.368421052631579 0 -613.4588969683941 -1278.9177939367878 0
20.526315789473685 -6.842105263157895 0 173.44916323663873 294.8983264732771 0
20.526315789473685 -6.315789473684211 0 4166.676920663979 8281.35384132796 0
20.526315789473685 -5.789473684210526 0 -15441.550286621241 -30935.100573303513 0
20.526315789473685 -5.263157894736842 0 -1.1605879213271277e+27 -2.3211138589876323e+27 0
20.526315789473685 -4.7368421052631575 0 -1.8489902083487646e+115 -3.697508263768332e+115 0
20.526315789473685 -4.2105263157894735 0 1.3466232941043025e+281 2.6932754348356167e+281 0
20.526315789473685 -3.6842105263157894 0 nan nan 0
20.526315789473685 -3.1578947368421053 0 nan nan 0
20.526315789473685 -2.631578947368421 0 nan nan 0
20.526315789473685 -2.1052631578947367 0 nan nan 0
20.526315789473685 -1.5789473684210527 0 nan nan 0
20.526315789473685 -1.0526315789473684 0 nan nan 0
20.526315789473685 -0.5263157894736842 0 nan nan 0
20.526315789473685 -0.0 0 nan nan 0
20.526315789473685 0.0 0 nan nan 0
20.526315789473685 0.5263157894736842 0 nan nan 0
20.526315789473685 1.0526315789473684 0 nan nan 0
20.526315789473685 1.5789473684210527 0 nan nan 0
20.526315789473685 2.1052631578947367 0 nan nan 0
20.526315789473685 2.631578947368421 0 nan nan 0
20.526315789473685 3.1578947368421053 0 nan nan 0
20.526315789473685 3.6842105263157894 0 nan nan 0
20.526315789473685 4.2105263157894735 0 nan nan 0
20.526315789473685 4.7368421052631575 0 nan nan 0
20.526315789473685 5.263157894736842 0 nan nan 0
20.526315789473685 5.789473684210526 0 nan nan 0
20.526315789473685 6.315789473684211 0 nan nan 0
20.526315789473685 6.842105263157895 0 nan nan 0
20.526315789473685 7.368421052631579 0 nan nan 0
20.526315789473685 7.894736842105263 0 nan nan 0
20.526315789473685 8.421052631578947 0 nan nan 0
20.526315789473685 8.947368421052632 0 nan nan 0
20.526315789473685 9.473684210526315 0 nan nan 0
22.105263157894736 -9.473684210526315 0 -19.37880456484273 -90.75760912968546 0
22.105263157894736 -8.947368421052632 0 -60.97963068360024 -173.9592613672005 0
22.105263157894736 -8.421052631578947 0 506.70987813443924 961.4197562688786 0
22.105263157894736 -7.894736842105263 0 163.98129281806803 275.96258563613605 0
22.105263157894736 -7.368421052631579 0 -614.5150796861432 -1281.0301593722868 0
22.105263157894736 -6.842105263157895 0 173.6318950697327 295.2637901394656 0
22.105263157894736 -6.315789473684211 0 4178.004743947108 8304.009487894218 0
22.105263157894736 -5.789473684210526 0 -14292.793309334538 -28637.586618567555 0
22.105263157894736 -5.263157894736842 0 4.116783381354664e+28 8.233346918700033e+28 0
22.105263157894736 -4.7368421052631575 0 -2.1905017619188838e+130 -4.3804441634806217e+130 0
22.105263157894736 -4.2105263157894735 0 inf inf 0
22.105263157894736 -3.6842105263157894 0 nan nan 0
22.105263157894736 -3.1578947368421053 0 nan nan 0
22.105263157894736 -2.631578947368421 0 nan nan 0
22.105263157894736 -2.1052631578947367 0 nan nan 0
22.105263157894736 -1.5789473684210527 0 nan nan 0
22.105263157894736 -1.0526315789473684 0 nan nan 0
22.105263157894736 -0.5263157894736842 0 nan nan 0
22.105263157894736 -0.0 0 nan nan 0
22.105263157894736 0.0 0 nan nan 0
22.105263157894736 0.5263157894736842 0 nan nan 0
22.105263157894736 1.0526315789473684 0 nan nan 0
22.105263157894736 1.5789473684210527 0 nan nan 0
22.105263157894736 2.1052631578947367 0 nan nan 0
22.105263157894736 2.631578947368421 0 nan nan 0
22.105263157894736 3.1578947368421053 0 nan nan 0
22.105263157894736 3.6842105263157894 0 nan nan 0
22.105263157894736 4.2105263157894735 0 nan nan 0
22.105263157894736 4.7368421052631575 0 nan nan 0
22.105263157894736 5.263157894736842 0 nan nan 0
22.105263157894736 5.789473684210526 0 nan nan 0
22.105263157894736 6.315789473684211 0 nan nan 0
22.105263157894736 6.842105263157895 0 nan nan 0
22.105263157894736 7.368421052631579 0 nan nan 0
22.105263157894736 7.894736842105263 0 nan nan 0
22.105263157894736 8.421052631578947 0 nan nan 0
22.105263157894736 8.947368421052632 0 nan nan 0
22.105263157894736 9.473684210526315 0 nan nan 0
23.68421052631579 -9.473684210526315 0 -17.890065246629007 -87.78013049325801 0
23.68421052631579 -8.947368421052632 0 -52.99709529115982 -157.99419058231962 0
23.68421052631579 -8.421052631578947 0 510.4393240922968 968.8786481845934 0
23.68421052631579 -7.894736842105263 0 131.1607928837485 210.32158576749714 0
23.68421052631579 -7.368421052631579 0 -593.774516186215 -1239.54903237243 0
23.68421052631579 -6.842105263157895 0 156.16718017117256 260.33436034234546 0
23.68421052631579 -6.315789473684211 0 4168.331266052056 8284.662532104112 0
23.68421052631579 -5.789473684210526 0 -14051.549858828905 -28155.099717816294 0
23.68421052631579 -5.263157894736842 0 -1.470414073546449e+30 -2.9407496318956473e+30 0
23.68421052631579 -4.7368421052631575 0 2.68412469857715e+146 5.367563986635066e+146 0
23.68421052631579 -4.2105263157894735 0 nan nan 0
23.68421052631579 -3.6842105263157894 0 nan nan 0
23.68421052631579 -3.1578947368421053 0 nan nan 0
23.68421052631579 -2.631578947368421 0 nan nan 0
23.68421052631579 -2.1052631578947367 0 nan nan 0
23.68421052631579 -1.5789473684210527 0 nan nan 0
23.68421052631579 -1.0526315789473684 0 nan nan 0
23.68421052631579 -0.5263157894736842 0 nan nan 0
23.68421052631579 -0.0 0 nan nan 0
23.68421052631579 0.0 0 nan nan 0
23.68421052631579 0.5263157894736842 0 nan nan 0
23.68421052631579 1.0526315789473684 0 nan nan 0
23.68421052631579 1.5789473684210527 0 nan nan 0
23.68421052631579 2.1052631578947367 0 nan nan 0
23.68421052631579 2.631578947368421 0 nan nan 0
23.68421052631579 3.1578947368421053 0 nan nan 0
23.68421052631579 3.6842105263157894 0 nan nan 0
23.68421052631579 4.2105263157894735 0 nan nan 0
23.68421052631579 4.7368421052631575 0 nan nan 0
23.68421052631579 5.263157894736842 0 nan nan 0
23.68421052631579 5.789473684210526 0 nan nan 0
23.68421052631579 6.315789473684211 0 nan nan 0
23.68421052631579 6.842105263157895 0 nan nan 0
23.68421052631579 7.368421052631579 0 nan nan 0
23.68421052631579 7.894736842105263 0 nan nan 0
23.68421052631579 8.421052631578947 0 nan nan 0
23.68421052631579 8.947368421052632 0 nan nan 0
23.68421052631579 9.473684210526315 0 nan nan 0
25.263157894736842 -9.473684210526315 0 -30.66478424744747 -113.32956849489497 0
25.263157894736842 -8.947368421052632 0 -97.59940981015879 -247.19881962031775 0
25.263157894736842 -8.421052631578947 0 462.27507595213837 872.5501519042766 0
25.263157894736842 -7.894736842105263 0 307.58845329548774 563.1769065909757 0
25.263157894736842 -7.368421052631579 0 -788.2341735621551 -1628.4683471243102 0
25.263157894736842 -6.842105263157895 0 313.42555917633416 574.8511183526689 0
25.263157894736842 -6.315789473684211 0 4193.2779032835 8334.555806567003 0
25.263157894736842 -5.789473684210526 0 46057.628103972354 92063.25620797664 0
25.263157894736842 -5.263157894736842 0 5.441623346319437e+31 1.0882956155421778e+32 0
25.263157894736842 -4.7368421052631575 0 3.4300567994292e+163 6.859237709219911e+163 0
25.263157894736842 -4.2105263157894735 0 nan nan 0
25.263157894736842 -3.6842105263157894 0 nan nan 0
25.263157894736842 -3.1578947368421053 0 nan nan 0
25.263157894736842 -2.631578947368421 0 nan nan 0
25.263157894736842 -2.1052631578947367 0 nan nan 0
25.263157894736842 -1.5789473684210527 0 nan nan 0
25.263157894736842 -1.0526315789473684 0 nan nan 0
25.263157894736842 -0.5263157894736842 0 nan nan 0
25.263157894736842 -0.0 0 nan nan 0
25.263157894736842 0.0 0 nan nan 0
25.263157894736842 0.5263157894736842 0 nan nan 0
25.263157894736842 1.0526315789473684 0 nan nan 0
25.263157894736842 1.5789473684210527 0 nan nan 0
25.263157894736842 2.1052631578947367 0 nan nan 0
25.263157894736842 2.631578947368421 0 nan nan 0
25.263157894736842 3.1578947368421053 0 nan nan 0
25.263157894736842 3.6842105263157894 0 nan nan 0
25.263157894736842 4.2105263157894735 0 nan nan 0
25.263157894736842 4.7368421052631575 0 nan nan 0
25.263157894736842 5.263157894736842 0 nan nan 0
25.263157894736842 5.789473684210526 0 nan nan 0
25.263157894736842 6.315789473684211 0 nan nan 0
25.263157894736842 6.842105263157895 0 nan nan 0
25.263157894736842 7.368421052631579 0 nan nan 0
25.263157894736842 7.894736842105263 0 nan nan 0
25.263157894736842 8.421052631578947 0 nan nan 0
25.263157894736842 8.947368421052632 0 nan nan 0
25.263157894736842 9.473684210526315 0 nan nan 0
26.842105263157894 -9.473684210526315 0 -39.39485238729469 -130.78970477458938 0
26.842105263157894 -8.947368421052632 0 -137.47385308455893 -326.94770616911785 0
26.842105263157894 -8.421052631578947 0 429.96418871482615 807.9283774296523 0
26.842105263157894 -7.894736842105263 0 411.9183437936972 771.8366875873944 0
26.842105263157894 -7.368421052631579 0 -735.5596269722361 -1523.119253944472 0
26.842105263157894 -6.842105263157895 0 74.49810618514461 96.99621237028867 0
26.842105263157894 -6.315789473684211 0 2931.275156804778 5810.550313609558 0
26.842105263157894 -5.789473684210526 0 -343582.82967130665 -687217.659344836 0
26.842105263157894 -5.263157894736842 0 -1.5480884433365749e+33 -3.096094241430645e+33 0
26.842105263157894 -4.7368421052631575 0 -4.38816559228513e+181 -8.775210634970353e+181 0
26.842105263157894 -4.2105263157894735 0 nan nan 0
26.842105263157894 -3.6842105263157894 0 nan nan 0
26.842105263157894 -3.1578947368421053 0 nan nan 0
26.842105263157894 -2.631578947368421 0 nan nan 0
26.842105263157894 -2.1052631578947367 0 nan nan 0
26.842105263157894 -1.5789473684210527 0 nan nan 0
26.842105263157894 -1.0526315789473684 0 nan nan 0
26.842105263157894 -0.5263157894736842 0 nan nan 0
26.842105263157894 -0.0 0 nan nan 0
26.842105263157894 0.0 0 nan nan 0
26.842105263157894 0.5263157894736842 0 nan nan 0
26.842105263157894 1.0526315789473684 0 nan nan 0
26.842105263157894 1.5789473684210527 0 nan nan 0
26.842105263157894 2.1052631578947367 0 nan nan 0
26.842105263157894 2.631578947368421 0 nan nan 0
26.842105263157894 3.1578947368421053 0 nan nan 0
26.842105263157894 3.6842105263157894 0 nan nan 0
26.842105263157894 4.2105263157894735 0 nan nan 0
26.842105263157894 4.7368421052631575 0 nan nan 0
26.842105263157894 5.263157894736842 0 nan nan 0
26.842105263157894 5.789473684210526 0 nan nan 0
26.842105263157894 6.315789473684211 0 nan nan 0
26.842105263157894 6.842105263157895 0 nan nan 0
26.842105263157894 7.368421052631579 0 nan nan 0
26.842105263157894 7.894736842105263 0 nan nan 0
26.842105263157894 8.421052631578947 0 nan nan 0
26.842105263157894 8.947368421052632 0 nan nan 0
26.842105263157894 9.473684210526315 0 nan nan 0
28.42105263157895 -9.473684210526315 0 39.62366237497482 27.247324749949673 0
28.42105263157895 -8.947368421052632 0 308.274416998116 564.548833996232 0
28.42105263157895 -8.421052631578947 0 497.4667412115309 942.9334824230618 0
28.42105263157895 -7.894736842105263 0 -913.7478421749439 -1879.4956843498878 0
28.42105263157895 -7.368421052631579 0 708.3122360373487 1364.6244720746972 0
28.42105263157895 -6.842105263157895 0 -1816.5685283004466 -3685.1370566008923 0
28.42105263157895 -6.315789473684211 0 5301.125129670273 10550.250259340548 0
28.42105263157895 -5.789473684210526 0 -3502281.525239142 -7004615.050467817 0
28.42105263157895 -5.263157894736842 0 4.4016486633564715e+35 8.803062346767512e+35 0
28.42105263157895 -4.7368421052631575 0 -1.4375103065126772e+201 -2.874653534444351e+201 0
28.42105263157895 -4.2105263157894735 0 nan nan 0
28.42105263157895 -3.6842105263157894 0 nan nan 0
28.42105263157895 -3.1578947368421053 0 nan nan 0
28.42105263157895 -2.631578947368421 0 nan nan 0
28.42105263157895 -2.1052631578947367 0 nan nan 0
28.42105263157895 -1.5789473684210527 0 nan nan 0
28.42105263157895 -1.0526315789473684 0 nan nan 0
28.42105263157895 -0.5263157894736842 0 nan nan 0
28.42105263157895 -0.0 0 nan nan 0
28.42105263157895 0.0 0 nan nan 0
28.42105263157895 0.5263157894736842 0 nan nan 0
28.42105263157895 1.0526315789473684 0 nan nan 0
28.42105263157895 1.5789473684210527 0 nan nan 0
28.42105263157895 2.1052631578947367 0 nan nan 0
28.42105263157895 2.631578947368421 0 nan nan 0
28.42105263157895 3.1578947368421053 0 nan nan 0
28.42105263157895 3.6842105263157894 0 nan nan 0
28.42105263157895 4.2105263157894735 0 nan nan 0
28.42105263157895 4.7368421052631575 0 nan nan 0
28.42105263157895 5.263157894736842 0 nan nan 0
28.42105263157895 5.789473684210526 0 nan nan 0
28.42105263157895 6.315789473684211 0 nan nan 0
28.42105263157895 6.842105263157895 0 nan nan 0
28.42105263157895 7.368421052631579 0 nan nan 0
28.42105263157895 7.894736842105263 0 nan nan 0
28.42105263157895 8.421052631578947 0 nan nan 0
28.42105263157895 8.947368421052632 0 nan nan 0
28.42105263157895 9.473684210526315 0 nan nan 0
