-28.42105263157895 -9.473684210526315 0 -201.27124117202075 -454.54248234404156 0
-28.42105263157895 -8.947368421052632 0 115.23263371711536 178.46526743423073 0
-28.42105263157895 -8.421052631578947 0 311.1664933479367 570.3329866958734 0
-28.42105263157895 -7.894736842105263 0 448.8371643121546 845.6743286243092 0
-28.42105263157895 -7.368421052631579 0 190.32435104448774 328.6487020889755 0
-28.42105263157895 -6.842105263157895 0 -261.8207502901556 -575.6415005803113 0
-28.42105263157895 -6.315789473684211 0 -196.9826220975601 -445.9652441951202 0
-28.42105263157895 -5.789473684210526 0 10.490937023912087 -31.01812595217583 0
-28.42105263157895 -5.263157894736842 0 105.43217146643674 158.86434293287348 0
-28.42105263157895 -4.7368421052631575 0 154.1215528230811 256.24310564616223 0
-28.42105263157895 -4.2105263157894735 0 175.1214495849398 298.2428991698796 0
-28.42105263157895 -3.6842105263157894 0 179.65312371796915 307.30624743593836 0
-28.42105263157895 -3.1578947368421053 0 174.96383024035237 297.92766048070473 0
-28.42105263157895 -2.631578947368421 0 167.9653847931357 283.9307695862715 0
-28.42105263157895 -2.1052631578947367 0 162.16070294172573 272.32140588345146 0
-28.42105263157895 -1.5789473684210527 0 158.9015913793654 265.8031827587308 0
-28.42105263157895 -1.0526315789473684 0 158.0154870979968 264.03097419599374 0
-28.42105263157895 -0.5263157894736842 0 158.7864614120144 265.57292282403034 0
-28.42105263157895 -0.0 0 160.41964758643113 268.8392951728636 0
-28.42105263157895 0.0 0 162.31834774061633 272.6366954812349 0
-28.42105263157895 0.5263157894736842 0 164.1145244505966 276.2290489011953 0
-28.42105263157895 1.0526315789473684 0 165.63597830033441 279.27195660066974 0
-28.42105263157895 1.5789473684210527 0 166.83547588156608 281.67095176313325 0
-28.42105263157895 2.1052631578947367 0 167.73591289373303 283.4718257874665 0
-28.42105263157895 2.631578947368421 0 168.3872252003453 284.77445040069114 0
-28.42105263157895 3.1578947368421053 0 168.84617769829683 285.6923553965938 0
-28.42105263157895 3.6842105263157894 0 169.16280075349698 286.3256015069942 0
-28.42105263157895 4.2105263157894735 0 169.378042855708 286.7560857114162 0
-28.42105263157895 4.7368421052631575 0 169.52262747241434 287.0452549448288 0
-28.42105263157895 5.263157894736842 0 169.6189321572194 287.23786431443887 0
-28.42105263157895 5.789473684210526 0 169.68259424100637 287.36518848201274 0
-28.42105263157895 6.315789473684211 0 169.71548943716422 287.43097887432845 0
-28.42105263157895 6.842105263157895 0 169.561536554292 287.12307310858404 0
-28.42105263157895 7.368421052631579 0 168.0571153110802 284.1142306221604 0
-28.42105263157895 7.894736842105263 0 160.64212666738618 269.28425333477236 0
-28.42105263157895 8.421052631578947 0 169.80156648232898 287.60313296465796 0
-28.42105263157895 8.947368421052632 0 334.01208918398635 616.0241783679727 0
-28.42105263157895 9.473684210526315 0 459.9761480097523 867.9522960195046 0
-26.842105263157894 -9.473684210526315 0 -633.8815293234691 -1319.7630586469381 0
-26.842105263157894 -8.947368421052632 0 -93.95132499747561 -239.90264999495162 0
-26.842105263157894 -8.421052631578947 0 476.71734297974666 901.4346859594934 0
-26.842105263157894 -7.894736842105263 0 66.54844840494133 81.09689680988271 0
-26.842105263157894 -7.368421052631579 0 399.53967374638563 747.0793474927716 0
-26.842105263157894 -6.842105263157895 0 929.662728543491 1807.325457086982 0
-26.842105263157894 -6.315789473684211 0 -316.8854562370052 -685.7709124740104 0
-26.842105263157894 -5.789473684210526 0 -126.03669466980898 -304.073389339618 0
-26.842105263157894 -5.263157894736842 0 103.08257610723392 154.1651522144679 0
-26.842105263157894 -4.7368421052631575 0 130.92511856852585 209.8502371370517 0
-26.842105263157894 -4.2105263157894735 0 270.5089776484908 489.01795529698165 0
-26.842105263157894 -3.6842105263157894 0 307.88785098233734 563.7757019646746 0
-26.842105263157894 -3.1578947368421053 0 379.9662611848132 707.9325223696263 0
-26.842105263157894 -2.631578947368421 0 385.49376377689293 718.9875275537859 0
-26.842105263157894 -2.1052631578947367 0 403.9159439006345 755.8318878012687 0
-26.842105263157894 -1.5789473684210527 0 399.791883862729 747.5837677254767 0
-26.842105263157894 -1.0526315789473684 0 406.99920191165273 761.998403823732 0
-26.842105263157894 -0.5263157894736842 0 412.0118144864414 772.0236289716635 0
-26.842105263157894 -0.0 0 422.63916578128647 793.2783315631654 0
-26.842105263157894 0.0 0 434.13019755786604 816.2603951141793 0
-26.842105263157894 0.5263157894736842 0 446.9852700059655 841.9705400119055 0
-26.842105263157894 1.0526315789473684 0 459.28452338556286 866.5690467709014 0
-26.842105263157894 1.5789473684210527 0 470.6212198688909 889.2424397373806 0
-26.842105263157894 2.1052631578947367 0 480.31489300274967 908.6297860058162 0
-26.842105263157894 2.631578947368421 0 488.3417647128491 924.6835294252353 0
-26.842105263157894 3.1578947368421053 0 494.65838384478786 937.3167676899996 0
-26.842105263157894 3.6842105263157894 0 499.53481154593396 947.0696230914423 0
-26.842105263157894 4.2105263157894735 0 503.143834750261 954.2876695009227 0
-26.842105263157894 4.7368421052631575 0 505.80213960366046 959.6042792069479 0
-26.842105263157894 5.263157894736842 0 507.67900030156125 963.358000603474 0
-26.842105263157894 5.789473684210526 0 509.02405869355556 966.0481173867879 0
-26.842105263157894 6.315789473684211 0 509.983582061334 967.9671641229714 0
-26.842105263157894 6.842105263157895 0 511.18428459654547 970.3685691928115 0
-26.842105263157894 7.368421052631579 0 515.7679570202149 979.5359140406865 0
-26.842105263157894 7.894736842105263 0 502.419388304252 952.8387766083009 0
-26.842105263157894 8.421052631578947 0 363.15906068109297 674.3181213623299 0
-26.842105263157894 8.947368421052632 0 536.9727011144097 1021.9454022286574 0
-26.842105263157894 9.473684210526315 0 1126.4456378870213 2200.8912757738426 0
-25.263157894736842 -9.473684210526315 0 1950.2702096885464 3848.540419377093 0
-25.263157894736842 -8.947368421052632 0 -8273.492427140609 -16598.98485428122 0
-25.263157894736842 -8.421052631578947 0 -14238.416195765341 -28528.832391530683 0
-25.263157894736842 -7.894736842105263 0 4741.598218538149 9431.196437076298 0
-25.263157894736842 -7.368421052631579 0 1603.766593408138 3155.533186816276 0
-25.263157894736842 -6.842105263157895 0 3785.317259952458 7518.634519904916 0
-25.263157894736842 -6.315789473684211 0 6171.779749543352 12291.559499086705 0
-25.263157894736842 -5.789473684210526 0 -4313.140593615974 -8678.281187231949 0
-25.263157894736842 -5.263157894736842 0 2574.9164205688817 5097.832841137763 0
-25.263157894736842 -4.7368421052631575 0 -2149.9560341649703 -4351.912068329941 0
-25.263157894736842 -4.2105263157894735 0 1750.6315865511851 3449.26317310237 0
-25.263157894736842 -3.6842105263157894 0 2.1936811420197273 -47.61263771595986 0
-25.263157894736842 -3.1578947368421053 0 1687.3420481814946 3322.6840963629897 0
-25.263157894736842 -2.631578947368421 0 3549.581124442262 7047.162248884524 0
-25.263157894736842 -2.1052631578947367 0 2263.5768431357487 4475.1536862714 0
-25.263157894736842 -1.5789473684210527 0 7061.221668517088 14070.443337029037 0
-25.263157894736842 -1.0526315789473684 0 763.7753319932749 1475.5506639845485 0
-25.263157894736842 -0.5263157894736842 0 7140.880007767695 14229.760015568372 0
-25.263157894736842 -0.0 0 -2810.969040229348 -5673.938080476379 0
-25.263157894736842 0.0 0 6575.713103145552 13099.42620630897 0
-25.263157894736842 0.5263157894736842 0 -5190.599334599797 -10433.198669191606 0
-25.263157894736842 1.0526315789473684 0 7769.617656603839 15487.235313174097 0
-25.263157894736842 1.5789473684210527 0 -7030.851271698613 -14113.702543339743 0
-25.263157894736842 2.1052631578947367 0 9804.93950964056 19557.879019199914 0
-25.263157894736842 2.631578947368421 0 -9257.651654685153 -18567.30330926714 0
-25.263157894736842 3.1578947368421053 0 12469.917406937031 24887.83481374839 0
-25.263157894736842 3.6842105263157894 0 -12178.911809930976 -24409.823619713356 0
-25.263157894736842 4.2105263157894735 0 15895.461120107091 31738.92224004111 0
-25.263157894736842 4.7368421052631575 0 -16010.253158627647 -32072.506317055573 0
-25.263157894736842 5.263157894736842 0 20314.442090227538 40576.88418022606 0
-25.263157894736842 5.789473684210526 0 -21005.765340825474 -42063.530681389035 0
-25.263157894736842 6.315789473684211 0 26031.052996760176 52010.1059932217 0
-25.263157894736842 6.842105263157895 0 -27468.87581015911 -54989.75161997664 0
-25.263157894736842 7.368421052631579 0 32889.775229206774 65727.55045800432 0
-25.263157894736842 7.894736842105263 0 -32668.56540461003 -65389.130808682705 0
-25.263157894736842 8.421052631578947 0 43599.90960483528 87147.81920930553 0
-25.263157894736842 8.947368421052632 0 -24170.076944834917 -48392.153889268506 0
-25.263157894736842 9.473684210526315 0 7157.204559497026 14262.409118937667 0
-23.68421052631579 -9.473684210526315 0 649.0213811663666 1246.0427623327328 0
-23.68421052631579 -8.947368421052632 0 11511.986143874083 22971.972287748158 0
-23.68421052631579 -8.421052631578947 0 -139980.18703398044 -280012.3740679608 0
-23.68421052631579 -7.894736842105263 0 -413570.76885893365 -827193.537717867 0
-23.68421052631579 -7.368421052631579 0 1146235.0875579373 2292418.175115874 0
-23.68421052631579 -6.842105263157895 0 538558.2971389954 1077064.5942779907 0
-23.68421052631579 -6.315789473684211 0 255911.6407483558 511771.2814967116 0
-23.68421052631579 -5.789473684210526 0 47316.40628431603 94580.81256863206 0
-23.68421052631579 -5.263157894736842 0 -77867.66691156676 -155787.33382313352 0
-23.68421052631579 -4.7368421052631575 0 -5792.860363488956 -11637.72072697791 0
-23.68421052631579 -4.2105263157894735 0 34901.60388661093 69751.20777322176 0
-23.68421052631579 -3.6842105263157894 0 2626583.935611901 5253115.871223791 0
-23.68421052631579 -3.1578947368421053 0 -33657488.117183894 -67315028.23436767 0
-23.68421052631579 -2.631578947368421 0 11300448183.17107 22600896314.34211 0
-23.68421052631579 -2.1052631578947367 0 -19897987825.086205 -39795975702.17231 0
-23.68421052631579 -1.5789473684210527 0 6059031173719.384 12118062347386.742 0
-23.68421052631579 -1.0526315789473684 0 -72878451145582.52 -145756902291216.78 0
-23.68421052631579 -0.5263157894736842 0 -1714539383296707.8 -3429078766593461.0 0
-23.68421052631579 -0.0 0 5.441445047861164e+16 1.0882890095722302e+17 0
-23.68421052631579 0.0 0 2.0182001754672591e+18 4.0364003509345106e+18 0
-23.68421052631579 0.5263157894736842 0 -9.56246162062208e+19 -1.912492324124413e+20 0
-23.68421052631579 1.0526315789473684 0 -5.161953478377867e+21 -1.032390695675572e+22 0
-23.68421052631579 1.5789473684210527 0 3.39503107445928e+23 6.790062148918551e+23 0
-23.68421052631579 2.1052631578947367 0 2.5186297381405235e+25 5.037259476281039e+25 0
-23.68421052631579 2.631578947368421 0 -2.2157856681066842e+27 -4.4315713362133617e+27 0
-23.68421052631579 3.1578947368421053 0 -2.1912590325038685e+29 -4.382518065007731e+29 0
-23.68421052631579 3.6842105263157894 0 2.532030406006971e+31 5.064060812013936e+31 0
-23.68421052631579 4.2105263157894735 0 3.2890909863980976e+33 6.578181972796187e+33 0
-23.68421052631579 4.7368421052631575 0 -4.950315419895709e+35 -9.900630839791405e+35 0
-23.68421052631579 5.263157894736842 0 -8.388529240479817e+37 -1.6777058480959607e+38 0
-23.68421052631579 5.789473684210526 0 1.6385750773869584e+40 3.277150154773912e+40 0
-23.68421052631579 6.315789473684211 0 3.610621922696839e+42 7.221243845393668e+42 0
-23.68421052631579 6.842105263157895 0 -9.147497442787916e+44 -1.8294994885575807e+45 0
-23.68421052631579 7.368421052631579 0 -2.6292177606435097e+47 -5.258435521287012e+47 0
-23.68421052631579 7.894736842105263 0 8.417055226925213e+49 1.6834110453850403e+50 0
-23.68421052631579 8.421052631578947 0 2.5969915270801366e+52 5.193983054160267e+52 0
-23.68421052631579 8.947368421052632 0 -4.763580040027178e+54 -9.527160080054343e+54 0
-23.68421052631579 9.473684210526315 0 -3.5260189744104784e+56 -7.052037948820947e+56 0
-22.105263157894736 -9.473684210526315 0 14.659734581383972 -22.680530837232155 0
-22.105263157894736 -8.947368421052632 0 6155.100573059491 12258.201146118976 0
-22.105263157894736 -8.421052631578947 0 -25140.42411557439 -50332.84823114874 0
-22.105263157894736 -7.894736842105263 0 1989113.7397002543 3978175.4794005062 0
-22.105263157894736 -7.368421052631579 0 -11168416.319138728 -22336884.63827744 0
-22.105263157894736 -6.842105263157895 0 6841396.468876065 13682740.937752118 0
-22.105263157894736 -6.315789473684211 0 -11783240.283211462 -23566532.56642291 0
-22.105263157894736 -5.789473684210526 0 88766390.20483343 177532728.40966678 0
-22.105263157894736 -5.263157894736842 0 -1388727370.824082 -2777454793.6481624 0
-22.105263157894736 -4.7368421052631575 0 78546062363.56847 157092124675.13687 0
-22.105263157894736 -4.2105263157894735 0 24727956697066.625 49455913394081.22 0
-22.105263157894736 -3.6842105263157894 0 -2.6538839896499786e+17 -5.307767979299953e+17 0
-22.105263157894736 -3.1578947368421053 0 -1.0730494006041221e+23 -2.1460988012082433e+23 0
-22.105263157894736 -2.631578947368421 0 1.7311178723449558e+30 3.46223574468991e+30 0
-22.105263157894736 -2.1052631578947367 0 8.36653594729766e+38 1.673307189459531e+39 0
-22.105263157894736 -1.5789473684210527 0 -5.852313157719493e+48 -1.170462631543898e+49 0
-22.105263157894736 -1.0526315789473684 0 -1.6891253791067655e+59 -3.3782507582135284e+59 0
-22.105263157894736 -0.5263157894736842 0 6.2104920082459796e+69 1.242098401649195e+70 0
-22.105263157894736 -0.0 0 2.6363563030133623e+80 5.272712606026722e+80 0
-22.105263157894736 0.0 0 -1.2756280225795527e+91 -2.551256045159104e+91 0
-22.105263157894736 0.5263157894736842 0 -7.02895855066948e+101 -1.4057917101338953e+102 0
-22.105263157894736 1.0526315789473684 0 4.432398286873424e+112 8.864796573746843e+112 0
-22.105263157894736 1.5789473684210527 0 3.214511865636007e+123 6.42902373127201e+123 0
-22.105263157894736 2.1052631578947367 0 -2.6915380104926573e+134 -5.3830760209853114e+134 0
-22.105263157894736 2.631578947368421 0 -2.6106227722343516e+145 -5.2212455444687e+145 0
-22.105263157894736 3.1578947368421053 0 2.9390193690261886e+156 5.8780387380523725e+156 0
-22.105263157894736 3.6842105263157894 0 3.8470851905870854e+167 7.694170381174166e+167 0
-22.105263157894736 4.2105263157894735 0 -5.860011813699449e+178 -1.172002362739889e+179 0
-22.105263157894736 4.7368421052631575 0 -1.0396482952096423e+190 -2.0792965904192834e+190 0
-22.105263157894736 5.263157894736842 0 2.1489155911073396e+201 4.2978311822146775e+201 0
-22.105263157894736 5.789473684210526 0 5.1773196002092405e+212 1.0354639200418478e+213 0
-22.105263157894736 6.315789473684211 0 -1.4539557144295973e+224 -2.907911428859194e+224 0
-22.105263157894736 6.842105263157895 0 -4.7597325282645244e+235 -9.519465056529046e+235 0
-22.105263157894736 7.368421052631579 0 1.812386240807053e+247 3.624772481614105e+247 0
-22.105263157894736 7.894736842105263 0 7.95967839130667e+258 1.5919356782613335e+259 0
-22.105263157894736 8.421052631578947 0 -3.9328789023399792e+270 -7.865757804679957e+270 0
-22.105263157894736 8.947368421052632 0 -2.2178138254775333e+282 -4.435627650955066e+282 0
-22.105263157894736 9.473684210526315 0 8.319596242267606e+293 1.6639192484535208e+294 0
-20.526315789473685 -9.473684210526315 0 -181.6785422751979 -415.3570845503959 0
-20.526315789473685 -8.947368421052632 0 1860.1551598316225 3668.310319663244 0
-20.526315789473685 -8.421052631578947 0 -14788.150143678802 -29628.30028735759 0
-20.526315789473685 -7.894736842105263 0 -600034.7707044679 -1200121.541408935 0
-20.526315789473685 -7.368421052631579 0 32589537.75314025 65179023.50628045 0
-20.526315789473685 -6.842105263157895 0 190202615.31320268 380405178.626405 0
-20.526315789473685 -6.315789473684211 0 -2164202157.4088125 -4328404366.817619 0
-20.526315789473685 -5.789473684210526 0 -21843120260.345936 -43686240572.69182 0
-20.526315789473685 -5.263157894736842 0 6078531026698.259 12157062053344.498 0
-20.526315789473685 -4.7368421052631575 0 3.116929131191371e+16 6.233858262382727e+16 0
-20.526315789473685 -4.2105263157894735 0 -1.0627364954354863e+22 -2.1254729908709696e+22 0
-20.526315789473685 -3.6842105263157894 0 -5.9403405839440256e+29 -1.1880681167888034e+30 0
-20.526315789473685 -3.1578947368421053 0 1.2809072806983542e+40 2.561814561396704e+40 0
-20.526315789473685 -2.631578947368421 0 2.2476203667805408e+53 4.495240733561074e+53 0
-20.526315789473685 -2.1052631578947367 0 -5.9085099411812385e+69 -1.1817019882362456e+70 0
-20.526315789473685 -1.5789473684210527 0 -3.646992616928977e+89 -7.29398523385794e+89 0
-20.526315789473685 -1.0526315789473684 0 6.925353328320414e+112 1.3850706656640801e+113 0
-20.526315789473685 -0.5263157894736842 0 4.3816205050111724e+139 8.763241010022328e+139 0
-20.526315789473685 -0.0 0 -8.242010182277337e+169 -1.6484020364554644e+170 0
-20.526315789473685 0.0 0 -3.4060698153133636e+203 -6.812139630626715e+203 0
-20.526315789473685 0.5263157894736842 0 1.919639039471405e+240 3.8392780789428025e+240 0
-20.526315789473685 1.0526315789473684 0 7.853361376621572e+279 1.5706722753243114e+280 0
-20.526315789473685 1.5789473684210527 0 -inf -inf 0
-20.526315789473685 2.1052631578947367 0 -inf -inf 0
-20.526315789473685 2.631578947368421 0 nan nan 0
-20.526315789473685 3.1578947368421053 0 nan nan 0
-20.526315789473685 3.6842105263157894 0 nan nan 0
-20.526315789473685 4.2105263157894735 0 nan nan 0
-20.526315789473685 4.7368421052631575 0 nan nan 0
-20.526315789473685 5.263157894736842 0 nan nan 0
-20.526315789473685 5.789473684210526 0 nan nan 0
-20.526315789473685 6.315789473684211 0 nan nan 0
-20.526315789473685 6.842105263157895 0 nan nan 0
-20.526315789473685 7.368421052631579 0 nan nan 0
-20.526315789473685 7.894736842105263 0 nan nan 0
-20.526315789473685 8.421052631578947 0 nan nan 0
-20.526315789473685 8.947368421052632 0 nan nan 0
-20.526315789473685 9.473684210526315 0 nan nan 0
-18.94736842105263 -9.473684210526315 0 -212.82344312585008 -477.64688625170027 0
-18.94736842105263 -8.947368421052632 0 671.565402337643 1291.1308046752863 0
-18.94736842105263 -8.421052631578947 0 -6458.27019263131 -12968.540385262617 0
-18.94736842105263 -7.894736842105263 0 255331.39526580946 510610.790531619 0
-18.94736842105263 -7.368421052631579 0 -16364198.34397548 -32728448.687950946 0
-18.94736842105263 -6.842105263157895 0 56270542.67504462 112541033.35008915 0
-18.94736842105263 -6.315789473684211 0 -509024447.91338694 -1018048947.8267721 0
-18.94736842105263 -5.789473684210526 0 81362129870.21965 162724259688.43906 0
-18.94736842105263 -5.263157894736842 0 249148640325694.38 498297280651336.06 0
-18.94736842105263 -4.7368421052631575 0 -9.379693671561436e+19 -1.875938734312284e+20 0
-18.94736842105263 -4.2105263157894735 0 -6.873167381306988e+27 -1.3746334762613954e+28 0
-18.94736842105263 -3.6842105263157894 0 2.069182500699875e+38 4.138365001399742e+38 0
-18.94736842105263 -3.1578947368421053 0 5.236298515205069e+51 1.047259703041012e+52 0
-18.94736842105263 -2.631578947368421 0 -2.1583256126927373e+68 -4.316651225385468e+68 0
-18.94736842105263 -2.1052631578947367 0 -2.32536288237929e+88 -4.650725764758571e+88 0
-18.94736842105263 -1.5789473684210527 0 9.384992100211523e+111 1.876998420042301e+112 0
-18.94736842105263 -1.0526315789473684 0 1.7552029250836947e+139 3.5104058501673825e+139 0
-18.94736842105263 -0.5263157894736842 0 -1.8288797002036302e+170 -3.6577594004072523e+170 0
-18.94736842105263 -0.0 0 -1.3185998908891354e+205 -2.637199781778265e+205 0
-18.94736842105263 0.0 0 7.526782568152012e+243 1.5053565136303993e+244 0
-18.94736842105263 0.5263157894736842 0 2.943687850085735e+286 5.8873757001714586e+286 0
-18.94736842105263 1.0526315789473684 0 -inf -inf 0
-18.94736842105263 1.5789473684210527 0 -inf -inf 0
-18.94736842105263 2.1052631578947367 0 nan nan 0
-18.94736842105263 2.631578947368421 0 nan nan 0
-18.94736842105263 3.1578947368421053 0 nan nan 0
-18.94736842105263 3.6842105263157894 0 nan nan 0
-18.94736842105263 4.2105263157894735 0 nan nan 0
-18.94736842105263 4.7368421052631575 0 nan nan 0
-18.94736842105263 5.263157894736842 0 nan nan 0
-18.94736842105263 5.789473684210526 0 nan nan 0
-18.94736842105263 6.315789473684211 0 nan nan 0
-18.94736842105263 6.842105263157895 0 nan nan 0
-18.94736842105263 7.368421052631579 0 nan nan 0
-18.94736842105263 7.894736842105263 0 nan nan 0
-18.94736842105263 8.421052631578947 0 nan nan 0
-18.94736842105263 8.947368421052632 0 nan nan 0
-18.94736842105263 9.473684210526315 0 nan nan 0
-17.36842105263158 -9.473684210526315 0 -112.69162991538899 -277.38325983077794 0
-17.36842105263158 -8.947368421052632 0 -787.0680091990106 -1626.1360183980216 0
-17.36842105263158 -8.421052631578947 0 -12265.78642219303 -24583.572844386093 0
-17.36842105263158 -7.894736842105263 0 -153183.51937279 -306419.0387455791 0
-17.36842105263158 -7.368421052631579 0 -258568699.0137625 -517137450.0275247 0
-17.36842105263158 -6.842105263157895 0 -139158783147.8666 -278317566347.7331 0
-17.36842105263158 -6.315789473684211 0 -414789343088670.4 -829578686177392.2 0
-17.36842105263158 -5.789473684210526 0 3.926777581274474e+18 7.853555162548943e+18 0
-17.36842105263158 -5.263157894736842 0 1.789993524525966e+22 3.5799870490519305e+22 0
-17.36842105263158 -4.7368421052631575 0 -1.515517049165421e+26 -3.031034098330841e+26 0
-17.36842105263158 -4.2105263157894735 0 1.4841685247834154e+34 2.968337049566826e+34 0
-17.36842105263158 -3.6842105263157894 0 7.900211856087231e+47 1.5800423712174436e+48 0
-17.36842105263158 -3.1578947368421053 0 -5.877226376884645e+64 -1.175445275376927e+65 0
-17.36842105263158 -2.631578947368421 0 -1.5222178705891442e+85 -3.044435741178284e+85 0
-17.36842105263158 -2.1052631578947367 0 1.3976265344829457e+109 2.7952530689658863e+109 0
-17.36842105263158 -1.5789473684210527 0 6.689645903534808e+136 1.337929180706959e+137 0
-17.36842105263158 -1.0526315789473684 0 -1.7742996443726424e+168 -3.548599288745278e+168 0
-17.36842105263158 -0.5263157894736842 0 -2.6237747982587487e+203 -5.247549596517486e+203 0
-17.36842105263158 -0.0 0 2.7930660300937944e+242 5.586132060187577e+242 0
-17.36842105263158 0.0 0 1.871531529368548e+285 3.743063058737089e+285 0
-17.36842105263158 0.5263157894736842 0 -inf -inf 0
-17.36842105263158 1.0526315789473684 0 -inf -inf 0
-17.36842105263158 1.5789473684210527 0 nan nan 0
-17.36842105263158 2.1052631578947367 0 nan nan 0
-17.36842105263158 2.631578947368421 0 nan nan 0
-17.36842105263158 3.1578947368421053 0 nan nan 0
-17.36842105263158 3.6842105263157894 0 nan nan 0
-17.36842105263158 4.2105263157894735 0 nan nan 0
-17.36842105263158 4.7368421052631575 0 nan nan 0
-17.36842105263158 5.263157894736842 0 nan nan 0
-17.36842105263158 5.789473684210526 0 nan nan 0
-17.36842105263158 6.315789473684211 0 nan nan 0
-17.36842105263158 6.842105263157895 0 nan nan 0
-17.36842105263158 7.368421052631579 0 nan nan 0
-17.36842105263158 7.894736842105263 0 nan nan 0
-17.36842105263158 8.421052631578947 0 nan nan 0
-17.36842105263158 8.947368421052632 0 nan nan 0
-17.36842105263158 9.473684210526315 0 nan nan 0
-15.789473684210527 -9.473684210526315 0 11.699748840457701 -28.600502319084598 0
-15.789473684210527 -8.947368421052632 0 -1898.906394801496 -3849.812789602991 0
-15.789473684210527 -8.421052631578947 0 -267490.664126642 -535033.3282532841 0
-15.789473684210527 -7.894736842105263 0 97064139.05617547 194128226.11235094 0
-15.789473684210527 -7.368421052631579 0 99442838511.90977 198885676971.81958 0
-15.789473684210527 -6.842105263157895 0 3475641148411743.5 6951282296823438.0 0
-15.789473684210527 -6.315789473684211 0 -2.3029940240995312e+21 -4.6059880481990645e+21 0
-15.789473684210527 -5.789473684210526 0 1.0334033100103395e+28 2.06680662002068e+28 0
-15.789473684210527 -5.263157894736842 0 7.224447938990284e+35 1.4448895877980577e+36 0
-15.789473684210527 -4.7368421052631575 0 -2.1996256938851274e+44 -4.399251387770258e+44 0
-15.789473684210527 -4.2105263157894735 0 -1.528825706034943e+52 -3.057651412069888e+52 0
-15.789473684210527 -3.6842105263157894 0 2.1197647500560616e+63 4.239529500112126e+63 0
-15.789473684210527 -3.1578947368421053 0 -2.879041697862408e+78 -5.758083395724803e+78 0
-15.789473684210527 -2.631578947368421 0 4.214171019649177e+103 8.428342039298343e+103 0
-15.789473684210527 -2.1052631578947367 0 3.2678890520643726e+131 6.535778104128734e+131 0
-15.789473684210527 -1.5789473684210527 0 -7.784062658955614e+163 -1.5568125317911197e+164 0
-15.789473684210527 -1.0526315789473684 0 -1.9321405831649588e+199 -3.864281166329911e+199 0
-15.789473684210527 -0.5263157894736842 1 1.51673642775737e+239 3.033472855514733e+239 0
-15.789473684210527 -0.0 1 4.220920500497455e+281 8.441841000994893e+281 0
-15.789473684210527 0.0 1 -inf -inf 0
-15.789473684210527 0.5263157894736842 1 nan nan 0
-15.789473684210527 1.0526315789473684 0 nan nan 0
-15.789473684210527 1.5789473684210527 0 nan nan 0
-15.789473684210527 2.1052631578947367 0 nan nan 0
-15.789473684210527 2.631578947368421 0 nan nan 0
-15.789473684210527 3.1578947368421053 0 nan nan 0
-15.789473684210527 3.6842105263157894 0 nan nan 0
-15.789473684210527 4.2105263157894735 0 nan nan 0
-15.789473684210527 4.7368421052631575 0 nan nan 0
-15.789473684210527 5.263157894736842 0 nan nan 0
-15.789473684210527 5.789473684210526 0 nan nan 0
-15.789473684210527 6.315789473684211 0 nan nan 0
-15.789473684210527 6.842105263157895 0 nan nan 0
-15.789473684210527 7.368421052631579 0 nan nan 0
-15.789473684210527 7.894736842105263 0 nan nan 0
-15.789473684210527 8.421052631578947 0 nan nan 0
-15.789473684210527 8.947368421052632 0 nan nan 0
-15.789473684210527 9.473684210526315 0 nan nan 0
-14.210526315789474 -9.473684210526315 0 158.2752400517574 264.5504801035148 0
-14.210526315789474 -8.947368421052632 0 -990.485454618716 -2032.9709092374287 0
-14.210526315789474 -8.421052631578947 0 277755.2565515015 555458.5131030042 0
-14.210526315789474 -7.894736842105263 0 -1569807435.473508 -3139614922.9470167 0
-14.210526315789474 -7.368421052631579 0 -167464854864219.66 -334929709728491.44 0
-14.210526315789474 -6.842105263157895 0 1.8950638959878077e+18 3.790127791975617e+18 0
-14.210526315789474 -6.315789473684211 0 7.881500651762542e+26 1.576300130352509e+27 0
-14.210526315789474 -5.789473684210526 0 7.578615345012293e+34 1.5157230690024592e+35 0
-14.210526315789474 -5.263157894736842 0 1.476840651085836e+44 2.9536813021716737e+44 0
-14.210526315789474 -4.7368421052631575 0 -2.6074364280185765e+54 -5.214872856037156e+54 0
-14.210526315789474 -4.2105263157894735 0 -6.909803488764747e+64 -1.38196069775295e+65 0
-14.210526315789474 -3.6842105263157894 0 -1.943188431755453e+75 -3.886376863510908e+75 0
-14.210526315789474 -3.1578947368421053 0 1.2084815300447787e+93 2.4169630600895523e+93 0
-14.210526315789474 -2.631578947368421 0 -3.521792830710867e+123 -7.043585661421724e+123 0
-14.210526315789474 -2.1052631578947367 0 -6.873425840640237e+154 -1.374685168128045e+155 0
-14.210526315789474 -1.5789473684210527 0 6.241316196901341e+192 1.2482632393802658e+193 0
-14.210526315789474 -1.0526315789473684 1 1.1952273411355436e+232 2.3904546822710833e+232 0
-14.210526315789474 -0.5263157894736842 1 -2.914690890820542e+277 -5.829381781641071e+277 0
-14.210526315789474 -0.0 1 nan nan 0
-14.210526315789474 0.0 1 nan nan 0
-14.210526315789474 0.5263157894736842 1 nan nan 0
-14.210526315789474 1.0526315789473684 1 nan nan 0
-14.210526315789474 1.5789473684210527 0 nan nan 0
-14.210526315789474 2.1052631578947367 0 nan nan 0
-14.210526315789474 2.631578947368421 0 nan nan 0
-14.210526315789474 3.1578947368421053 0 nan nan 0
-14.210526315789474 3.6842105263157894 0 nan nan 0
-14.210526315789474 4.2105263157894735 0 nan nan 0
-14.210526315789474 4.7368421052631575 0 nan nan 0
-14.210526315789474 5.263157894736842 0 nan nan 0
-14.210526315789474 5.789473684210526 0 nan nan 0
-14.210526315789474 6.315789473684211 0 nan nan 0
-14.210526315789474 6.842105263157895 0 nan nan 0
-14.210526315789474 7.368421052631579 0 nan nan 0
-14.210526315789474 7.894736842105263 0 nan nan 0
-14.210526315789474 8.421052631578947 0 nan nan 0
-14.210526315789474 8.947368421052632 0 nan nan 0
-14.210526315789474 9.473684210526315 0 nan nan 0
-12.631578947368421 -9.473684210526315 0 285.4051930574266 518.8103861148531 0
-12.631578947368421 -8.947368421052632 0 685.71441654573 1319.4288330914587 0
-12.631578947368421 -8.421052631578947 0 -602419.9682103952 -1204891.9364207927 0
-12.631578947368421 -7.894736842105263 0 28734448991.539886 57468897931.079796 0
-12.631578947368421 -7.368421052631579 0 -1.727112021178522e+18 -3.454224042357046e+18 0
-12.631578947368421 -6.842105263157895 0 1.515129886651348e+24 3.0302597733026964e+24 0
-12.631578947368421 -6.315789473684211 0 -5.790886264285517e+33 -1.158177252857104e+34 0
-12.631578947368421 -5.789473684210526 0 4.563028319995398e+42 9.126056639990798e+42 0
-12.631578947368421 -5.263157894736842 0 2.0156233239730324e+53 4.0312466479460665e+53 0
-12.631578947368421 -4.7368421052631575 0 -6.682796423107681e+62 -1.336559284621537e+63 0
-12.631578947368421 -4.2105263157894735 0 1.815989358064516e+75 3.6319787161290335e+75 0
-12.631578947368421 -3.6842105263157894 0 -3.0195230062789386e+87 -6.039046012557879e+87 0
-12.631578947368421 -3.1578947368421053 0 9.554088262491755e+107 1.910817652498347e+108 0
-12.631578947368421 -2.631578947368421 0 -3.9388287554485e+143 -7.87765751089699e+143 0
-12.631578947368421 -2.1052631578947367 0 4.860213237589203e+179 9.720426475178388e+179 0
-12.631578947368421 -1.5789473684210527 0 -8.97585970107786e+223 -1.7951719402155684e+224 0
-12.631578947368421 -1.0526315789473684 1 8.460406188356297e+267 1.692081237671257e+268 0
-12.631578947368421 -0.5263157894736842 1 nan nan 0
-12.631578947368421 -0.0 1 nan nan 0
-12.631578947368421 0.0 1 nan nan 0
-12.631578947368421 0.5263157894736842 1 nan nan 0
-12.631578947368421 1.0526315789473684 1 nan nan 0
-12.631578947368421 1.5789473684210527 0 nan nan 0
-12.631578947368421 2.1052631578947367 0 nan nan 0
-12.631578947368421 2.631578947368421 0 nan nan 0
-12.631578947368421 3.1578947368421053 0 nan nan 0
-12.631578947368421 3.6842105263157894 0 nan nan 0
-12.631578947368421 4.2105263157894735 0 nan nan 0
-12.631578947368421 4.7368421052631575 0 nan nan 0
-12.631578947368421 5.263157894736842 0 nan nan 0
-12.631578947368421 5.789473684210526 0 nan nan 0
-12.631578947368421 6.315789473684211 0 nan nan 0
-12.631578947368421 6.842105263157895 0 nan nan 0
-12.631578947368421 7.368421052631579 0 nan nan 0
-12.631578947368421 7.894736842105263 0 nan nan 0
-12.631578947368421 8.421052631578947 0 nan nan 0
-12.631578947368421 8.947368421052632 0 nan nan 0
-12.631578947368421 9.473684210526315 0 nan nan 0
-11.052631578947368 -9.473684210526315 0 344.836579588894 637.673159177788 0
-11.052631578947368 -8.947368421052632 0 1642.3510107776253 3232.702021555251 0
-11.052631578947368 -8.421052631578947 0 435204.7675072233 870357.5350144487 0
-11.052631578947368 -7.894736842105263 0 3446414156.102516 6892828260.205035 0
-11.052631578947368 -7.368421052631579 0 5.663580898375788e+22 1.132716179675158e+23 0
-11.052631578947368 -6.842105263157895 0 1.9920449286219541e+30 3.98408985724391e+30 0
-11.052631578947368 -6.315789473684211 0 1.5388564167083807e+40 3.077712833416763e+40 0
-11.052631578947368 -5.789473684210526 0 1.812897749499784e+50 3.625795498999568e+50 0
-11.052631578947368 -5.263157894736842 0 -7.442371509126959e+62 -1.4884743018253928e+63 0
-11.052631578947368 -4.7368421052631575 0 5.605515633648101e+74 1.121103126729621e+75 0
-11.052631578947368 -4.2105263157894735 0 2.299707423536683e+88 4.599414847073368e+88 0
-11.052631578947368 -3.6842105263157894 0 1.7609419194052275e+103 3.5218838388104566e+103 0
-11.052631578947368 -3.1578947368421053 0 -7.733959995705135e+123 -1.5467919991410235e+124 0
-11.052631578947368 -2.631578947368421 0 -3.2084237653031275e+164 -6.416847530606247e+164 0
-11.052631578947368 -2.1052631578947367 0 -6.540815624191868e+205 -1.308163124838371e+206 0
-11.052631578947368 -1.5789473684210527 1 -1.5479024374280922e+257 -3.0958048748561776e+257 0
-11.052631578947368 -1.0526315789473684 1 -inf -inf 0
-11.052631578947368 -0.5263157894736842 1 nan nan 0
-11.052631578947368 -0.0 1 nan nan 0
-11.052631578947368 0.0 1 nan nan 0
-11.052631578947368 0.5263157894736842 1 nan nan 0
-11.052631578947368 1.0526315789473684 1 nan nan 0
-11.052631578947368 1.5789473684210527 1 nan nan 0
-11.052631578947368 2.1052631578947367 0 nan nan 0
-11.052631578947368 2.631578947368421 0 nan nan 0
-11.052631578947368 3.1578947368421053 0 nan nan 0
-11.052631578947368 3.6842105263157894 0 nan nan 0
-11.052631578947368 4.2105263157894735 0 nan nan 0
-11.052631578947368 4.7368421052631575 0 nan nan 0
-11.052631578947368 5.263157894736842 0 nan nan 0
-11.052631578947368 5.789473684210526 0 nan nan 0
-11.052631578947368 6.315789473684211 0 nan nan 0
-11.052631578947368 6.842105263157895 0 nan nan 0
-11.052631578947368 7.368421052631579 0 nan nan 0
-11.052631578947368 7.894736842105263 0 nan nan 0
-11.052631578947368 8.421052631578947 0 nan nan 0
-11.052631578947368 8.947368421052632 0 nan nan 0
-11.052631578947368 9.473684210526315 0 nan nan 0
-9.473684210526315 -9.473684210526315 0 320.966046001751 589.9320920035021 0
-9.473684210526315 -8.947368421052632 0 1427.2950793559316 2802.5901587118633 0
-9.473684210526315 -8.421052631578947 0 -198247.72672574615 -396547.4534514928 0
-9.473684210526315 -7.894736842105263 0 -11176940699.189209 -22353881450.378433 0
-9.473684210526315 -7.368421052631579 0 2.645373875420032e+27 5.290747750840067e+27 0
-9.473684210526315 -6.842105263157895 0 -4.649449885194962e+36 -9.298899770389926e+36 0
-9.473684210526315 -6.315789473684211 0 -3.9330555105425955e+47 -7.866111021085196e+47 0
-9.473684210526315 -5.789473684210526 0 -6.091900424257417e+57 -1.2183800848514833e+58 0
-9.473684210526315 -5.263157894736842 0 -4.824156616374193e+72 -9.64831323274839e+72 0
-9.473684210526315 -4.7368421052631575 0 2.044681830586286e+85 4.0893636611725755e+85 0
-9.473684210526315 -4.2105263157894735 0 4.2748723472652186e+101 8.549744694530441e+101 0
-9.473684210526315 -3.6842105263157894 0 -5.324649217219393e+118 -1.0649298434438789e+119 0
-9.473684210526315 -3.1578947368421053 0 2.8493519934860617e+141 5.69870398697211e+141 0
-9.473684210526315 -2.631578947368421 0 2.473507265435322e+186 4.947014530870638e+186 0
-9.473684210526315 -2.1052631578947367 0 6.664638413578543e+232 1.3329276827157061e+233 0
-9.473684210526315 -1.5789473684210527 1 -2.249735856587667e+291 -4.499471713175325e+291 0
-9.473684210526315 -1.0526315789473684 1 -inf -inf 0
-9.473684210526315 -0.5263157894736842 1 nan nan 0
-9.473684210526315 -0.0 1 nan nan 0
-9.473684210526315 0.0 1 nan nan 0
-9.473684210526315 0.5263157894736842 1 nan nan 0
-9.473684210526315 1.0526315789473684 1 nan nan 0
-9.473684210526315 1.5789473684210527 1 nan nan 0
-9.473684210526315 2.1052631578947367 0 nan nan 0
-9.473684210526315 2.631578947368421 0 nan nan 0
-9.473684210526315 3.1578947368421053 0 nan nan 0
-9.473684210526315 3.6842105263157894 0 nan nan 0
-9.473684210526315 4.2105263157894735 0 nan nan 0
-9.473684210526315 4.7368421052631575 0 nan nan 0
-9.473684210526315 5.263157894736842 0 nan nan 0
-9.473684210526315 5.789473684210526 0 nan nan 0
-9.473684210526315 6.315789473684211 0 nan nan 0
-9.473684210526315 6.842105263157895 0 nan nan 0
-9.473684210526315 7.368421052631579 0 nan nan 0
-9.473684210526315 7.894736842105263 0 nan nan 0
-9.473684210526315 8.421052631578947 0 nan nan 0
-9.473684210526315 8.947368421052632 0 nan nan 0
-9.473684210526315 9.473684210526315 0 nan nan 0
-7.894736842105264 -9.473684210526315 0 246.39800341421815 440.7960068284363 0
-7.894736842105264 -8.947368421052632 0 862.9835129857819 1673.967025971564 0
-7.894736842105264 -8.421052631578947 0 70302.14380719888 140552.28761439785 0
-7.894736842105264 -7.894736842105263 0 7343129023.500351 14686257995.000711 0
-7.894736842105264 -7.368421052631579 0 -7.339939695180685e+31 -1.4679879390361378e+32 0
-7.894736842105264 -6.842105263157895 0 -9.304945131495754e+42 -1.8609890262991512e+43 0
-7.894736842105264 -6.315789473684211 0 4.0182738932445696e+54 8.036547786489145e+54 0
-7.894736842105264 -5.789473684210526 0 2.740434018025162e+65 5.480868036050324e+65 0
-7.894736842105264 -5.263157894736842 0 7.804193500202033e+82 1.5608387000404076e+83 0
-7.894736842105264 -4.7368421052631575 0 -5.010164496381518e+96 -1.0020328992763046e+97 0
-7.894736842105264 -4.2105263157894735 0 -9.711218015750415e+115 -1.942243603150084e+116 0
-7.894736842105264 -3.6842105263157894 0 8.179447412439011e+135 1.635889482487803e+136 0
-7.894736842105264 -3.1578947368421053 0 4.271362815867254e+161 8.542725631734488e+161 0
-7.894736842105264 -2.631578947368421 0 -1.0527776035072552e+209 -2.105555207014508e+209 0
-7.894736842105264 -2.1052631578947367 0 -1.0714811530027084e+264 -2.142962306005413e+264 0
-7.894736842105264 -1.5789473684210527 1 inf inf 0
-7.894736842105264 -1.0526315789473684 1 nan nan 0
-7.894736842105264 -0.5263157894736842 1 nan nan 0
-7.894736842105264 -0.0 1 nan nan 0
-7.894736842105264 0.0 1 nan nan 0
-7.894736842105264 0.5263157894736842 1 nan nan 0
-7.894736842105264 1.0526315789473684 1 nan nan 0
-7.894736842105264 1.5789473684210527 1 nan nan 0
-7.894736842105264 2.1052631578947367 0 nan nan 0
-7.894736842105264 2.631578947368421 0 nan nan 0
-7.894736842105264 3.1578947368421053 0 nan nan 0
-7.894736842105264 3.6842105263157894 0 nan nan 0
-7.894736842105264 4.2105263157894735 0 nan nan 0
-7.894736842105264 4.7368421052631575 0 nan nan 0
-7.894736842105264 5.263157894736842 0 nan nan 0
-7.894736842105264 5.789473684210526 0 nan nan 0
-7.894736842105264 6.315789473684211 0 nan nan 0
-7.894736842105264 6.842105263157895 0 nan nan 0
-7.894736842105264 7.368421052631579 0 nan nan 0
-7.894736842105264 7.894736842105263 0 nan nan 0
-7.894736842105264 8.421052631578947 0 nan nan 0
-7.894736842105264 8.947368421052632 0 nan nan 0
-7.894736842105264 9.473684210526315 0 nan nan 0
-6.315789473684211 -9.473684210526315 0 163.45818228263988 274.91636456527976 0
-6.315789473684211 -8.947368421052632 0 421.52770427399815 791.0554085479962 0
-6.315789473684211 -8.421052631578947 0 -26293.840392542515 -52639.680785085045 0
-6.315789473684211 -7.894736842105263 0 -7195333656.949886 -14390667365.89978 0
-6.315789473684211 -7.368421052631579 0 -7.785753467291725e+35 -1.5571506934583458e+36 0
-6.315789473684211 -6.842105263157895 0 8.887587467217635e+48 1.7775174934435279e+49 0
-6.315789473684211 -6.315789473684211 0 -1.48811810413445e+61 -2.976236208268902e+61 0
-6.315789473684211 -5.789473684210526 0 4.043413244204532e+72 8.086826488409062e+72 0
-6.315789473684211 -5.263157894736842 0 2.703884581971865e+93 5.407769163943735e+93 0
-6.315789473684211 -4.7368421052631575 0 -3.42951805564398e+107 -6.859036111287966e+107 0
-6.315789473684211 -4.2105263157894735 0 1.990000929886727e+131 3.980001859773457e+131 0
-6.315789473684211 -3.6842105263157894 0 3.8095936681233226e+155 7.619187336246648e+155 0
-6.315789473684211 -3.1578947368421053 0 -6.472474411380798e+186 -1.2944948822761564e+187 0
-6.315789473684211 -2.631578947368421 0 2.4122124177834037e+242 4.824424835566802e+242 0
-6.315789473684211 -2.1052631578947367 0 inf inf 0
-6.315789473684211 -1.5789473684210527 1 nan nan 0
-6.315789473684211 -1.0526315789473684 1 nan nan 0
-6.315789473684211 -0.5263157894736842 1 nan nan 0
-6.315789473684211 -0.0 1 nan nan 0
-6.315789473684211 0.0 1 nan nan 0
-6.315789473684211 0.5263157894736842 1 nan nan 0
-6.315789473684211 1.0526315789473684 1 nan nan 0
-6.315789473684211 1.5789473684210527 1 nan nan 0
-6.315789473684211 2.1052631578947367 0 nan nan 0
-6.315789473684211 2.631578947368421 0 nan nan 0
-6.315789473684211 3.1578947368421053 0 nan nan 0
-6.315789473684211 3.6842105263157894 0 nan nan 0
-6.315789473684211 4.2105263157894735 0 nan nan 0
-6.315789473684211 4.7368421052631575 0 nan nan 0
-6.315789473684211 5.263157894736842 0 nan nan 0
-6.315789473684211 5.789473684210526 0 nan nan 0
-6.315789473684211 6.315789473684211 0 nan nan 0
-6.315789473684211 6.842105263157895 0 nan nan 0
-6.315789473684211 7.368421052631579 0 nan nan 0
-6.315789473684211 7.894736842105263 0 nan nan 0
-6.315789473684211 8.421052631578947 0 nan nan 0
-6.315789473684211 8.947368421052632 0 nan nan 0
-6.315789473684211 9.473684210526315 0 nan nan 0
-4.7368421052631575 -9.473684210526315 0 95.68433821537462 139.36867643074925 0
-4.7368421052631575 -8.947368421052632 0 212.81039446497883 373.6207889299577 0
-4.7368421052631575 -8.421052631578947 0 7921.958765163865 15791.917530327733 0
-4.7368421052631575 -7.894736842105263 0 2882620273.8248405 5765240495.649682 0
-4.7368421052631575 -7.368421052631579 0 3.0023075898737425e+39 6.004615179747489e+39 0
-4.7368421052631575 -6.842105263157895 0 3.390168462345529e+54 6.780336924691061e+54 0
-4.7368421052631575 -6.315789473684211 0 2.963943229400516e+67 5.927886458801037e+67 0
-4.7368421052631575 -5.789473684210526 0 -5.5512937183541016e+79 -1.1102587436708202e+80 0
-4.7368421052631575 -5.263157894736842 0 -9.667461708520683e+104 -1.9334923417041384e+105 0
-4.7368421052631575 -4.7368421052631575 0 1.2016230940713885e+122 2.40324618814278e+122 0
-4.7368421052631575 -4.2105263157894735 0 -2.645189470281552e+149 -5.290378940563108e+149 0
-4.7368421052631575 -3.6842105263157894 0 1.3568990953568633e+181 2.7137981907137277e+181 0
-4.7368421052631575 -3.1578947368421053 0 -7.185975655357025e+222 -1.4371951310714015e+223 0
-4.7368421052631575 -2.631578947368421 0 -9.062364065838165e+294 -1.812472813167631e+295 0
-4.7368421052631575 -2.1052631578947367 0 nan nan 0
-4.7368421052631575 -1.5789473684210527 1 nan nan 0
-4.7368421052631575 -1.0526315789473684 1 nan nan 0
-4.7368421052631575 -0.5263157894736842 1 nan nan 0
-4.7368421052631575 -0.0 1 nan nan 0
-4.7368421052631575 0.0 1 nan nan 0
-4.7368421052631575 0.5263157894736842 1 nan nan 0
-4.7368421052631575 1.0526315789473684 1 nan nan 0
-4.7368421052631575 1.5789473684210527 1 nan nan 0
-4.7368421052631575 2.1052631578947367 0 nan nan 0
-4.7368421052631575 2.631578947368421 0 nan nan 0
-4.7368421052631575 3.1578947368421053 0 nan nan 0
-4.7368421052631575 3.6842105263157894 0 nan nan 0
-4.7368421052631575 4.2105263157894735 0 nan nan 0
-4.7368421052631575 4.7368421052631575 0 nan nan 0
-4.7368421052631575 5.263157894736842 0 nan nan 0
-4.7368421052631575 5.789473684210526 0 nan nan 0
-4.7368421052631575 6.315789473684211 0 nan nan 0
-4.7368421052631575 6.842105263157895 0 nan nan 0
-4.7368421052631575 7.368421052631579 0 nan nan 0
-4.7368421052631575 7.894736842105263 0 nan nan 0
-4.7368421052631575 8.421052631578947 0 nan nan 0
-4.7368421052631575 8.947368421052632 0 nan nan 0
-4.7368421052631575 9.473684210526315 0 nan nan 0
-3.1578947368421053 -9.473684210526315 0 47.29895380374939 42.5979076074988 0
-3.1578947368421053 -8.947368421052632 0 162.46856940186083 272.9371388037219 0
-3.1578947368421053 -8.421052631578947 0 -4200.485213923345 -8452.97042784669 0
-3.1578947368421053 -7.894736842105263 0 -820478946.7832355 -1640957945.566471 0
-3.1578947368421053 -7.368421052631579 0 4.1645208345589143e+42 8.329041669117832e+42 0
-3.1578947368421053 -6.842105263157895 0 -4.247780887878862e+59 -8.495561775757728e+59 0
-3.1578947368421053 -6.315789473684211 0 2.811402659176631e+72 5.622805318353267e+72 0
-3.1578947368421053 -5.789473684210526 0 -2.3303086539691933e+87 -4.6606173079383865e+87 0
-3.1578947368421053 -5.263157894736842 0 -2.3034641848311754e+117 -4.606928369662354e+117 0
-3.1578947368421053 -4.7368421052631575 0 9.800951429636873e+139 1.9601902859273768e+140 0
-3.1578947368421053 -4.2105263157894735 0 -3.3194939464719232e+174 -6.6389878929438535e+174 0
-3.1578947368421053 -3.6842105263157894 0 7.077025044785637e+217 1.415405008957128e+218 0
-3.1578947368421053 -3.1578947368421053 0 -2.4653096840791976e+278 -4.9306193681583833e+278 0
-3.1578947368421053 -2.631578947368421 0 inf inf 0
-3.1578947368421053 -2.1052631578947367 0 nan nan 0
-3.1578947368421053 -1.5789473684210527 1 nan nan 0
-3.1578947368421053 -1.0526315789473684 1 nan nan 0
-3.1578947368421053 -0.5263157894736842 1 nan nan 0
-3.1578947368421053 -0.0 1 nan nan 0
-3.1578947368421053 0.0 1 nan nan 0
-3.1578947368421053 0.5263157894736842 1 nan nan 0
-3.1578947368421053 1.0526315789473684 1 nan nan 0
-3.1578947368421053 1.5789473684210527 1 nan nan 0
-3.1578947368421053 2.1052631578947367 0 nan nan 0
-3.1578947368421053 2.631578947368421 0 nan nan 0
-3.1578947368421053 3.1578947368421053 0 nan nan 0
-3.1578947368421053 3.6842105263157894 0 nan nan 0
-3.1578947368421053 4.2105263157894735 0 nan nan 0
-3.1578947368421053 4.7368421052631575 0 nan nan 0
-3.1578947368421053 5.263157894736842 0 nan nan 0
-3.1578947368421053 5.789473684210526 0 nan nan 0
-3.1578947368421053 6.315789473684211 0 nan nan 0
-3.1578947368421053 6.842105263157895 0 nan nan 0
-3.1578947368421053 7.368421052631579 0 nan nan 0
-3.1578947368421053 7.894736842105263 0 nan nan 0
-3.1578947368421053 8.421052631578947 0 nan nan 0
-3.1578947368421053 8.947368421052632 0 nan nan 0
-3.1578947368421053 9.473684210526315 0 nan nan 0
-1.5789473684210527 -9.473684210526315 0 13.984921261348473 -24.030157477303057 0
-1.5789473684210527 -8.947368421052632 0 184.26600926314754 316.5320185262948 0
-1.5789473684210527 -8.421052631578947 0 738.8163954773802 1425.6327909547604 0
-1.5789473684210527 -7.894736842105263 0 51924846.137906894 103849640.27581382 0
-1.5789473684210527 -7.368421052631579 0 -2.6095265427446764e+45 -5.219053085489355e+45 0
-1.5789473684210527 -6.842105263157895 0 -1.684831463393233e+64 -3.3696629267864666e+64 0
-1.5789473684210527 -6.315789473684211 0 -1.150392401730134e+78 -2.30078480346027e+78 0
-1.5789473684210527 -5.789473684210526 0 7.038140945419267e+95 1.4076281890838534e+96 0
-1.5789473684210527 -5.263157894736842 0 -1.7112129154914584e+132 -3.4224258309829194e+132 0
-1.5789473684210527 -4.7368421052631575 0 6.801486898685388e+161 1.360297379737079e+162 0
-1.5789473684210527 -4.2105263157894735 0 7.306909944402986e+208 1.4613819888805991e+209 0
-1.5789473684210527 -3.6842105263157894 0 -8.681320397731789e+269 -1.7362640795463582e+270 0
-1.5789473684210527 -3.1578947368421053 0 -inf -inf 0
-1.5789473684210527 -2.631578947368421 0 nan nan 0
-1.5789473684210527 -2.1052631578947367 0 nan nan 0
-1.5789473684210527 -1.5789473684210527 1 nan nan 0
-1.5789473684210527 -1.0526315789473684 1 nan nan 0
-1.5789473684210527 -0.5263157894736842 1 nan nan 0
-1.5789473684210527 -0.0 1 nan nan 0
-1.5789473684210527 0.0 1 nan nan 0
-1.5789473684210527 0.5263157894736842 1 nan nan 0
-1.5789473684210527 1.0526315789473684 1 nan nan 0
-1.5789473684210527 1.5789473684210527 1 nan nan 0
-1.5789473684210527 2.1052631578947367 0 nan nan 0
-1.5789473684210527 2.631578947368421 0 nan nan 0
-1.5789473684210527 3.1578947368421053 0 nan nan 0
-1.5789473684210527 3.6842105263157894 0 nan nan 0
-1.5789473684210527 4.2105263157894735 0 nan nan 0
-1.5789473684210527 4.7368421052631575 0 nan nan 0
-1.5789473684210527 5.263157894736842 0 nan nan 0
-1.5789473684210527 5.789473684210526 0 nan nan 0
-1.5789473684210527 6.315789473684211 0 nan nan 0
-1.5789473684210527 6.842105263157895 0 nan nan 0
-1.5789473684210527 7.368421052631579 0 nan nan 0
-1.5789473684210527 7.894736842105263 0 nan nan 0
-1.5789473684210527 8.421052631578947 0 nan nan 0
-1.5789473684210527 8.947368421052632 0 nan nan 0
-1.5789473684210527 9.473684210526315 0 nan nan 0
-0.0 -9.473684210526315 0 -9.1235697510865 -70.24713950217306 0
-0.0 -8.947368421052632 0 225.52637337437994 399.0527467487604 0
-0.0 -8.421052631578947 0 -953.1613952994563 -1958.3227905989131 0
-0.0 -7.894736842105263 0 -9380273.725191535 -18760599.450383067 0
-0.0 -7.368421052631579 0 -7.684979464830467e+47 -1.5369958929660943e+48 0
-0.0 -6.842105263157895 0 1.7713845483611283e+68 3.5427690967222575e+68 0
-0.0 -6.315789473684211 0 3.5861381821000376e+82 7.172276364200082e+82 0
-0.0 -5.789473684210526 0 3.055879417413369e+105 6.111758834826738e+105 0
-0.0 -5.263157894736842 0 2.5280184873685914e+150 5.0560369747371865e+150 0
-0.0 -4.7368421052631575 0 -9.864615983239835e+187 -1.9729231966479694e+188 0
-0.0 -4.2105263157894735 0 4.887088946031684e+255 9.774177892063381e+255 0
-0.0 -3.6842105263157894 0 nan nan 0
-0.0 -3.1578947368421053 0 nan nan 0
-0.0 -2.631578947368421 0 nan nan 0
-0.0 -2.1052631578947367 0 nan nan 0
-0.0 -1.5789473684210527 0 nan nan 0
-0.0 -1.0526315789473684 1 nan nan 0
-0.0 -0.5263157894736842 1 nan nan 0
-0.0 -0.0 1 nan nan 0
-0.0 0.0 1 nan nan 0
-0.0 0.5263157894736842 1 nan nan 0
-0.0 1.0526315789473684 1 nan nan 0
-0.0 1.5789473684210527 0 nan nan 0
-0.0 2.1052631578947367 0 nan nan 0
-0.0 2.631578947368421 0 nan nan 0
-0.0 3.1578947368421053 0 nan nan 0
-0.0 3.6842105263157894 0 nan nan 0
-0.0 4.2105263157894735 0 nan nan 0
-0.0 4.7368421052631575 0 nan nan 0
-0.0 5.263157894736842 0 nan nan 0
-0.0 5.789473684210526 0 nan nan 0
-0.0 6.315789473684211 0 nan nan 0
-0.0 6.842105263157895 0 nan nan 0
-0.0 7.368421052631579 0 nan nan 0
-0.0 7.894736842105263 0 nan nan 0
-0.0 8.421052631578947 0 nan nan 0
-0.0 8.947368421052632 0 nan nan 0
-0.0 9.473684210526315 0 nan nan 0
0.0 -9.473684210526315 0 -25.08775092734054 -102.17550185468109 0
0.0 -8.947368421052632 0 263.3454101141915 474.6908202283827 0
0.0 -8.421052631578947 0 -340.39432533012143 -732.7886506602429 0
0.0 -7.894736842105263 0 -10700631.057651589 -21401314.11530318 0
0.0 -7.368421052631579 0 1.1665240177760296e+50 2.3330480355520613e+50 0
0.0 -6.842105263157895 0 4.609030636921364e+71 9.21806127384273e+71 0
0.0 -6.315789473684211 0 -1.537610963973196e+87 -3.0752219279463954e+87 0
0.0 -5.789473684210526 0 -2.8199960595458646e+116 -5.639992119091729e+116 0
0.0 -5.263157894736842 0 -1.2139146219246957e+173 -2.4278292438493933e+173 0
0.0 -4.7368421052631575 0 2.681959031936566e+221 5.363918063873138e+221 0
0.0 -4.2105263157894735 0 inf inf 0
0.0 -3.6842105263157894 0 nan nan 0
0.0 -3.1578947368421053 0 nan nan 0
0.0 -2.631578947368421 0 nan nan 0
0.0 -2.1052631578947367 0 nan nan 0
0.0 -1.5789473684210527 0 nan nan 0
0.0 -1.0526315789473684 1 nan nan 0
0.0 -0.5263157894736842 1 nan nan 0
0.0 -0.0 1 nan nan 0
0.0 0.0 1 nan nan 0
0.0 0.5263157894736842 1 nan nan 0
0.0 1.0526315789473684 1 nan nan 0
0.0 1.5789473684210527 0 nan nan 0
0.0 2.1052631578947367 0 nan nan 0
0.0 2.631578947368421 0 nan nan 0
0.0 3.1578947368421053 0 nan nan 0
0.0 3.6842105263157894 0 nan nan 0
0.0 4.2105263157894735 0 nan nan 0
0.0 4.7368421052631575 0 nan nan 0
0.0 5.263157894736842 0 nan nan 0
0.0 5.789473684210526 0 nan nan 0
0.0 6.315789473684211 0 nan nan 0
0.0 6.842105263157895 0 nan nan 0
0.0 7.368421052631579 0 nan nan 0
0.0 7.894736842105263 0 nan nan 0
0.0 8.421052631578947 0 nan nan 0
0.0 8.947368421052632 0 nan nan 0
0.0 9.473684210526315 0 nan nan 0
1.5789473684210527 -9.473684210526315 0 -35.67218948765626 -123.34437897531257 0
1.5789473684210527 -8.947368421052632 0 291.0745668915227 530.1491337830455 0
1.5789473684210527 -8.421052631578947 0 -534.2802678009048 -1120.5605356018102 0
1.5789473684210527 -7.894736842105263 0 -5338707.5963238655 -10677467.192647733 0
1.5789473684210527 -7.368421052631579 0 9.082857879587762e+51 1.8165715759175543e+52 0
1.5789473684210527 -6.842105263157895 0 -2.254521108790769e+74 -4.509042217581539e+74 0
1.5789473684210527 -6.315789473684211 0 7.176865216570249e+91 1.4353730433140518e+92 0
1.5789473684210527 -5.789473684210526 0 -6.879848435322199e+128 -1.3759696870644398e+129 0
1.5789473684210527 -5.263157894736842 0 -3.602082356295833e+201 -7.204164712591673e+201 0
1.5789473684210527 -4.7368421052631575 0 1.9884400637300323e+264 3.9768801274600696e+264 0
1.5789473684210527 -4.2105263157894735 0 inf inf 0
1.5789473684210527 -3.6842105263157894 0 nan nan 0
1.5789473684210527 -3.1578947368421053 0 nan nan 0
1.5789473684210527 -2.631578947368421 0 nan nan 0
1.5789473684210527 -2.1052631578947367 0 nan nan 0
1.5789473684210527 -1.5789473684210527 0 nan nan 0
1.5789473684210527 -1.0526315789473684 1 nan nan -0.11361369566610838
1.5789473684210527 -0.5263157894736842 1 nan nan -0.11361369566610838
1.5789473684210527 -0.0 1 nan nan -0.11361369566610838
1.5789473684210527 0.0 1 nan nan -0.11361369566610838
1.5789473684210527 0.5263157894736842 1 nan nan -0.11361369566610838
1.5789473684210527 1.0526315789473684 0 nan nan 0
1.5789473684210527 1.5789473684210527 0 nan nan 0
1.5789473684210527 2.1052631578947367 0 nan nan 0
1.5789473684210527 2.631578947368421 0 nan nan 0
1.5789473684210527 3.1578947368421053 0 nan nan 0
1.5789473684210527 3.6842105263157894 0 nan nan 0
1.5789473684210527 4.2105263157894735 0 nan nan 0
1.5789473684210527 4.7368421052631575 0 nan nan 0
1.5789473684210527 5.263157894736842 0 nan nan 0
1.5789473684210527 5.789473684210526 0 nan nan 0
1.5789473684210527 6.315789473684211 0 nan nan 0
1.5789473684210527 6.842105263157895 0 nan nan 0
1.5789473684210527 7.368421052631579 0 nan nan 0
1.5789473684210527 7.894736842105263 0 nan nan 0
1.5789473684210527 8.421052631578947 0 nan nan 0
1.5789473684210527 8.947368421052632 0 nan nan 0
1.5789473684210527 9.473684210526315 0 nan nan 0
3.1578947368421053 -9.473684210526315 0 -42.1672542424361 -136.3345084848722 0
3.1578947368421053 -8.947368421052632 0 308.9358554864971 565.8717109729939 0
3.1578947368421053 -8.421052631578947 0 -467.60463152262054 -987.2092630452413 0
3.1578947368421053 -7.894736842105263 0 -2976123.16742622 -5952298.334852439 0
3.1578947368421053 -7.368421052631579 0 -3.849936773127962e+53 -7.699873546255932e+53 0
3.1578947368421053 -6.842105263157895 0 -2.4191584798289236e+76 -4.838316959657847e+76 0
3.1578947368421053 -6.315789473684211 0 -4.27255814902526e+96 -8.54511629805053e+96 0
3.1578947368421053 -5.789473684210526 0 4.855399958992506e+142 9.710799917985012e+142 0
3.1578947368421053 -5.263157894736842 0 -1.5282450566287418e+237 -3.0564901132574862e+237 0
3.1578947368421053 -4.7368421052631575 0 -inf -inf 0
3.1578947368421053 -4.2105263157894735 0 nan nan 0
3.1578947368421053 -3.6842105263157894 0 nan nan 0
3.1578947368421053 -3.1578947368421053 0 nan nan 0
3.1578947368421053 -2.631578947368421 0 nan nan 0
3.1578947368421053 -2.1052631578947367 0 nan nan 0
3.1578947368421053 -1.5789473684210527 0 nan nan 0
3.1578947368421053 -1.0526315789473684 1 nan nan 0.12052180425506656
3.1578947368421053 -0.5263157894736842 1 nan nan 0.12052180425506656
3.1578947368421053 -0.0 1 nan nan 0.12052180425506656
3.1578947368421053 0.0 1 nan nan 0.12052180425506656
3.1578947368421053 0.5263157894736842 1 nan nan 0.12052180425506656
3.1578947368421053 1.0526315789473684 0 nan nan 0
3.1578947368421053 1.5789473684210527 0 nan nan 0
3.1578947368421053 2.1052631578947367 0 nan nan 0
3.1578947368421053 2.631578947368421 0 nan nan 0
3.1578947368421053 3.1578947368421053 0 nan nan 0
3.1578947368421053 3.6842105263157894 0 nan nan 0
3.1578947368421053 4.2105263157894735 0 nan nan 0
3.1578947368421053 4.7368421052631575 0 nan nan 0
3.1578947368421053 5.263157894736842 0 nan nan 0
3.1578947368421053 5.789473684210526 0 nan nan 0
3.1578947368421053 6.315789473684211 0 nan nan 0
3.1578947368421053 6.842105263157895 0 nan nan 0
3.1578947368421053 7.368421052631579 0 nan nan 0
3.1578947368421053 7.894736842105263 0 nan nan 0
3.1578947368421053 8.421052631578947 0 nan nan 0
3.1578947368421053 8.947368421052632 0 nan nan 0
3.1578947368421053 9.473684210526315 0 nan nan 0
4.7368421052631575 -9.473684210526315 0 -45.726296543839865 -143.45259308767976 0
4.7368421052631575 -8.947368421052632 0 319.27574431963365 586.5514886392664 0
4.7368421052631575 -8.421052631578947 0 -477.6309665937804 -1007.2619331875616 0
4.7368421052631575 -7.894736842105263 0 -1942999.6687469732 -3886051.3374939463 0
4.7368421052631575 -7.368421052631579 0 -8.227207626032002e+54 -1.6454415252064022e+55 0
4.7368421052631575 -6.842105263157895 0 3.4990232540384166e+77 6.998046508076833e+77 0
4.7368421052631575 -6.315789473684211 0 4.1691909253625065e+101 8.338381850725024e+101 0
4.7368421052631575 -5.789473684210526 0 9.892506027846486e+157 1.9785012055692973e+158 0
4.7368421052631575 -5.263157894736842 0 2.4620010003240394e+281 4.924002000648083e+281 0
4.7368421052631575 -4.7368421052631575 0 nan nan 0
4.7368421052631575 -4.2105263157894735 0 nan nan 0
4.7368421052631575 -3.6842105263157894 0 nan nan 0
4.7368421052631575 -3.1578947368421053 0 nan nan 0
4.7368421052631575 -2.631578947368421 0 nan nan 0
4.7368421052631575 -2.1052631578947367 0 nan nan 0
4.7368421052631575 -1.5789473684210527 0 nan nan 0
4.7368421052631575 -1.0526315789473684 0 nan nan 0
4.7368421052631575 -0.5263157894736842 1 nan nan 0.4312468207253465
4.7368421052631575 -0.0 1 nan nan 0.4312468207253465
4.7368421052631575 0.0 1 nan nan 0.4312468207253465
4.7368421052631575 0.5263157894736842 1 nan nan 0.4312468207253465
4.7368421052631575 1.0526315789473684 1 nan nan 0.4312468207253465
4.7368421052631575 1.5789473684210527 0 nan nan 0
4.7368421052631575 2.1052631578947367 0 nan nan 0
4.7368421052631575 2.631578947368421 0 nan nan 0
4.7368421052631575 3.1578947368421053 0 nan nan 0
4.7368421052631575 3.6842105263157894 0 nan nan 0
4.7368421052631575 4.2105263157894735 0 nan nan 0
4.7368421052631575 4.7368421052631575 0 nan nan 0
4.7368421052631575 5.263157894736842 0 nan nan 0
4.7368421052631575 5.789473684210526 0 nan nan 0
4.7368421052631575 6.315789473684211 0 nan nan 0
4.7368421052631575 6.842105263157895 0 nan nan 0
4.7368421052631575 7.368421052631579 0 nan nan 0
4.7368421052631575 7.894736842105263 0 nan nan 0
4.7368421052631575 8.421052631578947 0 nan nan 0
4.7368421052631575 8.947368421052632 0 nan nan 0
4.7368421052631575 9.473684210526315 0 nan nan 0
6.315789473684211 -9.473684210526315 0 -47.36229177137262 -146.72458354274525 0
6.315789473684211 -8.947368421052632 0 324.5812764678758 597.1625529357516 0
6.315789473684211 -8.421052631578947 0 -465.08945392166333 -982.1789078433271 0
6.315789473684211 -7.894736842105263 0 -1184600.2473089772 -2369252.494617955 0
6.315789473684211 -7.368421052631579 0 1.0282403907521435e+56 2.0564807815042897e+56 0
6.315789473684211 -6.842105263157895 0 2.0406993512473914e+78 4.0813987024947836e+78 0
6.315789473684211 -6.315789473684211 0 -7.826430348439284e+106 -1.565286069687859e+107 0
6.315789473684211 -5.789473684210526 0 -5.42309138694177e+174 -1.084618277388354e+175 0
6.315789473684211 -5.263157894736842 0 -inf -inf 0
6.315789473684211 -4.7368421052631575 0 nan nan 0
6.315789473684211 -4.2105263157894735 0 nan nan 0
6.315789473684211 -3.6842105263157894 0 nan nan 0
6.315789473684211 -3.1578947368421053 0 nan nan 0
6.315789473684211 -2.631578947368421 0 nan nan 0
6.315789473684211 -2.1052631578947367 0 nan nan 0
6.315789473684211 -1.5789473684210527 0 nan nan 0
6.315789473684211 -1.0526315789473684 0 nan nan 0
6.315789473684211 -0.5263157894736842 0 nan nan 0
6.315789473684211 -0.0 0 nan nan 0
6.315789473684211 0.0 0 nan nan 0
6.315789473684211 0.5263157894736842 1 nan nan 0.39759199928405253
6.315789473684211 1.0526315789473684 1 nan nan 0.39759199928405253
6.315789473684211 1.5789473684210527 1 nan nan 0.39759199928405253
6.315789473684211 2.1052631578947367 0 nan nan 0
6.315789473684211 2.631578947368421 0 nan nan 0
6.315789473684211 3.1578947368421053 0 nan nan 0
6.315789473684211 3.6842105263157894 0 nan nan 0
6.315789473684211 4.2105263157894735 0 nan nan 0
6.315789473684211 4.7368421052631575 0 nan nan 0
6.315789473684211 5.263157894736842 0 nan nan 0
6.315789473684211 5.789473684210526 0 nan nan 0
6.315789473684211 6.315789473684211 0 nan nan 0
6.315789473684211 6.842105263157895 0 nan nan 0
6.315789473684211 7.368421052631579 0 nan nan 0
6.315789473684211 7.894736842105263 0 nan nan 0
6.315789473684211 8.421052631578947 0 nan nan 0
6.315789473684211 8.947368421052632 0 nan nan 0
6.315789473684211 9.473684210526315 0 nan nan 0
7.894736842105264 -9.473684210526315 0 -47.8717882880187 -147.74357657603744 0
7.894736842105264 -8.947368421052632 0 326.8219339448258 601.6438678896509 0
7.894736842105264 -8.421052631578947 0 -459.91235076386283 -971.8247015277263 0
7.894736842105264 -7.894736842105263 0 -772163.0121870681 -1544378.024374136 0
7.894736842105264 -7.368421052631579 0 5.655229068582999e+56 1.1310458137166016e+57 0
7.894736842105264 -6.842105263157895 0 -4.846032879592185e+78 -9.69206575918437e+78 0
7.894736842105264 -6.315789473684211 0 3.1664321313972044e+112 6.332864262794417e+112 0
7.894736842105264 -5.789473684210526 0 -7.123355761902674e+192 -1.4246711523805347e+193 0
7.894736842105264 -5.263157894736842 0 -inf -inf 0
7.894736842105264 -4.7368421052631575 0 nan nan 0
7.894736842105264 -4.2105263157894735 0 nan nan 0
7.894736842105264 -3.6842105263157894 0 nan nan 0
7.894736842105264 -3.1578947368421053 0 nan nan 0
7.894736842105264 -2.631578947368421 0 nan nan 0
7.894736842105264 -2.1052631578947367 0 nan nan 0
7.894736842105264 -1.5789473684210527 0 nan nan 0
7.894736842105264 -1.0526315789473684 0 nan nan 0
7.894736842105264 -0.5263157894736842 0 nan nan 0
7.894736842105264 -0.0 0 nan nan 0
7.894736842105264 0.0 0 nan nan 0
7.894736842105264 0.5263157894736842 0 nan nan 0
7.894736842105264 1.0526315789473684 0 nan nan 0
7.894736842105264 1.5789473684210527 1 nan nan -0.41922825072725056
7.894736842105264 2.1052631578947367 1 nan nan -0.41922825072725056
7.894736842105264 2.631578947368421 1 nan nan -0.41922825072725056
7.894736842105264 3.1578947368421053 0 nan nan 0
7.894736842105264 3.6842105263157894 0 nan nan 0
7.894736842105264 4.2105263157894735 0 nan nan 0
7.894736842105264 4.7368421052631575 0 nan nan 0
7.894736842105264 5.263157894736842 0 nan nan 0
7.894736842105264 5.789473684210526 0 nan nan 0
7.894736842105264 6.315789473684211 0 nan nan 0
7.894736842105264 6.842105263157895 0 nan nan 0
7.894736842105264 7.368421052631579 0 nan nan 0
7.894736842105264 7.894736842105263 0 nan nan 0
7.894736842105264 8.421052631578947 0 nan nan 0
7.894736842105264 8.947368421052632 0 nan nan 0
7.894736842105264 9.473684210526315 0 nan nan 0
9.473684210526315 -9.473684210526315 0 -47.8084748326353 -147.61694966527057 0
9.473684210526315 -8.947368421052632 0 327.35749790576796 602.714995811536 0
9.473684210526315 -8.421052631578947 0 -454.3208938274091 -960.6417876548182 0
9.473684210526315 -7.894736842105263 0 -483132.75718005287 -966317.5143601059 0
9.473684210526315 -7.368421052631579 0 -2.2748701392780055e+57 -4.549740278556019e+57 0
9.473684210526315 -6.842105263157895 0 5.5692301130626716e+78 1.1138460226125342e+79 0
9.473684210526315 -6.315789473684211 0 -2.9853189024913653e+118 -5.970637804982739e+118 0
9.473684210526315 -5.789473684210526 0 1.936669301768834e+212 3.873338603537668e+212 0
9.473684210526315 -5.263157894736842 0 -inf -inf 0
9.473684210526315 -4.7368421052631575 0 nan nan 0
9.473684210526315 -4.2105263157894735 0 nan nan 0
9.473684210526315 -3.6842105263157894 0 nan nan 0
9.473684210526315 -3.1578947368421053 0 nan nan 0
9.473684210526315 -2.631578947368421 0 nan nan 0
9.473684210526315 -2.1052631578947367 0 nan nan 0
9.473684210526315 -1.5789473684210527 0 nan nan 0
9.473684210526315 -1.0526315789473684 0 nan nan 0
9.473684210526315 -0.5263157894736842 0 nan nan 0
9.473684210526315 -0.0 0 nan nan 0
9.473684210526315 0.0 0 nan nan 0
9.473684210526315 0.5263157894736842 0 nan nan 0
9.473684210526315 1.0526315789473684 0 nan nan 0
9.473684210526315 1.5789473684210527 0 nan nan 0
9.473684210526315 2.1052631578947367 0 nan nan 0
9.473684210526315 2.631578947368421 1 nan nan -2.3260000141198587
9.473684210526315 3.1578947368421053 1 nan nan -2.3260000141198587
9.473684210526315 3.6842105263157894 1 nan nan -2.3260000141198587
9.473684210526315 4.2105263157894735 0 nan nan 0
9.473684210526315 4.7368421052631575 0 nan nan 0
9.473684210526315 5.263157894736842 0 nan nan 0
9.473684210526315 5.789473684210526 0 nan nan 0
9.473684210526315 6.315789473684211 0 nan nan 0
9.473684210526315 6.842105263157895 0 nan nan 0
9.473684210526315 7.368421052631579 0 nan nan 0
9.473684210526315 7.894736842105263 0 nan nan 0
9.473684210526315 8.421052631578947 0 nan nan 0
9.473684210526315 8.947368421052632 0 nan nan 0
9.473684210526315 9.473684210526315 0 nan nan 0
11.052631578947368 -9.473684210526315 0 -47.51341773846161 -147.02683547692325 0
11.052631578947368 -8.947368421052632 0 327.04594319824247 602.0918863964849 0
11.052631578947368 -8.421052631578947 0 -450.37090355909197 -952.7418071181837 0
11.052631578947368 -7.894736842105263 0 -317965.49652148323 -635982.9930429665 0
11.052631578947368 -7.368421052631579 0 -2.247586583641468e+57 -4.495173167282944e+57 0
11.052631578947368 -6.842105263157895 0 -1.4915820152339747e+79 -2.983164030467949e+79 0
11.052631578947368 -6.315789473684211 0 6.915231386154139e+124 1.3830462772308297e+125 0
11.052631578947368 -5.789473684210526 0 9.330598414011265e+232 1.866119682802253e+233 0
11.052631578947368 -5.263157894736842 0 nan nan 0
11.052631578947368 -4.7368421052631575 0 nan nan 0
11.052631578947368 -4.2105263157894735 0 nan nan 0
11.052631578947368 -3.6842105263157894 0 nan nan 0
11.052631578947368 -3.1578947368421053 0 nan nan 0
11.052631578947368 -2.631578947368421 0 nan nan 0
11.052631578947368 -2.1052631578947367 0 nan nan 0
11.052631578947368 -1.5789473684210527 0 nan nan 0
11.052631578947368 -1.0526315789473684 0 nan nan 0
11.052631578947368 -0.5263157894736842 0 nan nan 0
11.052631578947368 -0.0 0 nan nan 0
11.052631578947368 0.0 0 nan nan 0
11.052631578947368 0.5263157894736842 0 nan nan 0
11.052631578947368 1.0526315789473684 0 nan nan 0
11.052631578947368 1.5789473684210527 0 nan nan 0
11.052631578947368 2.1052631578947367 0 nan nan 0
11.052631578947368 2.631578947368421 0 nan nan 0
11.052631578947368 3.1578947368421053 1 nan nan -5.363347843888855
11.052631578947368 3.6842105263157894 1 nan nan -5.363347843888855
11.052631578947368 4.2105263157894735 1 nan nan -5.363347843888855
11.052631578947368 4.7368421052631575 0 nan nan 0
11.052631578947368 5.263157894736842 0 nan nan 0
11.052631578947368 5.789473684210526 0 nan nan 0
11.052631578947368 6.315789473684211 0 nan nan 0
11.052631578947368 6.842105263157895 0 nan nan 0
11.052631578947368 7.368421052631579 0 nan nan 0
11.052631578947368 7.894736842105263 0 nan nan 0
11.052631578947368 8.421052631578947 0 nan nan 0
11.052631578947368 8.947368421052632 0 nan nan 0
11.052631578947368 9.473684210526315 0 nan nan 0
12.631578947368421 -9.473684210526315 0 -47.17137660575437 -146.34275321150875 0
12.631578947368421 -8.947368421052632 0 326.38975630663623 600.7795126132728 0
12.631578947368421 -8.421052631578947 0 -447.3055455289217 -946.6110910578429 0
12.631578947368421 -7.894736842105263 0 -202165.24305322647 -404382.48610645294 0
12.631578947368421 -7.368421052631579 0 3.462144347781908e+57 6.924288695563828e+57 0
12.631578947368421 -6.842105263157895 0 3.9381221692985965e+79 7.87624433859719e+79 0
12.631578947368421 -6.315789473684211 0 -4.0763026905182415e+131 -8.152605381036497e+131 0
12.631578947368421 -5.789473684210526 0 -6.809495600784312e+254 -1.3618991201568625e+255 0
12.631578947368421 -5.263157894736842 0 nan nan 0
12.631578947368421 -4.7368421052631575 0 nan nan 0
12.631578947368421 -4.2105263157894735 0 nan nan 0
12.631578947368421 -3.6842105263157894 0 nan nan 0
12.631578947368421 -3.1578947368421053 0 nan nan 0
12.631578947368421 -2.631578947368421 0 nan nan 0
12.631578947368421 -2.1052631578947367 0 nan nan 0
12.631578947368421 -1.5789473684210527 0 nan nan 0
12.631578947368421 -1.0526315789473684 0 nan nan 0
12.631578947368421 -0.5263157894736842 0 nan nan 0
12.631578947368421 -0.0 0 nan nan 0
12.631578947368421 0.0 0 nan nan 0
12.631578947368421 0.5263157894736842 0 nan nan 0
12.631578947368421 1.0526315789473684 0 nan nan 0
12.631578947368421 1.5789473684210527 0 nan nan 0
12.631578947368421 2.1052631578947367 0 nan nan 0
12.631578947368421 2.631578947368421 1 nan nan -9.219286638741288
12.631578947368421 3.1578947368421053 1 nan nan -9.219286638741288
12.631578947368421 3.6842105263157894 1 nan nan -9.219286638741288
12.631578947368421 4.2105263157894735 0 nan nan 0
12.631578947368421 4.7368421052631575 0 nan nan 0
12.631578947368421 5.263157894736842 0 nan nan 0
12.631578947368421 5.789473684210526 0 nan nan 0
12.631578947368421 6.315789473684211 0 nan nan 0
12.631578947368421 6.842105263157895 0 nan nan 0
12.631578947368421 7.368421052631579 0 nan nan 0
12.631578947368421 7.894736842105263 0 nan nan 0
12.631578947368421 8.421052631578947 0 nan nan 0
12.631578947368421 8.947368421052632 0 nan nan 0
12.631578947368421 9.473684210526315 0 nan nan 0
14.210526315789474 -9.473684210526315 0 -46.86688807238036 -145.73377614476072 0
14.210526315789474 -8.947368421052632 0 325.66093851233023 599.3218770246605 0
14.210526315789474 -8.421052631578947 0 -445.066684026751 -942.1333680535018 0
14.210526315789474 -7.894736842105263 0 -132437.0713687536 -264926.14273750724 0
14.210526315789474 -7.368421052631579 0 -1.1973810420567207e+57 -2.3947620841134453e+57 0
14.210526315789474 -6.842105263157895 0 -1.201658662088931e+80 -2.4033173241778617e+80 0
14.210526315789474 -6.315789473684211 0 6.256057060696324e+138 1.251211412139267e+139 0
14.210526315789474 -5.789473684210526 0 -6.582627138001514e+277 -1.3165254276003027e+278 0
14.210526315789474 -5.263157894736842 0 nan nan 0
14.210526315789474 -4.7368421052631575 0 nan nan 0
14.210526315789474 -4.2105263157894735 0 nan nan 0
14.210526315789474 -3.6842105263157894 0 nan nan 0
14.210526315789474 -3.1578947368421053 0 nan nan 0
14.210526315789474 -2.631578947368421 0 nan nan 0
14.210526315789474 -2.1052631578947367 0 nan nan 0
14.210526315789474 -1.5789473684210527 0 nan nan 0
14.210526315789474 -1.0526315789473684 0 nan nan 0
14.210526315789474 -0.5263157894736842 0 nan nan 0
14.210526315789474 -0.0 0 nan nan 0
14.210526315789474 0.0 0 nan nan 0
14.210526315789474 0.5263157894736842 0 nan nan 0
14.210526315789474 1.0526315789473684 0 nan nan 0
14.210526315789474 1.5789473684210527 0 nan nan 0
14.210526315789474 2.1052631578947367 0 nan nan 0
14.210526315789474 2.631578947368421 0 nan nan 0
14.210526315789474 3.1578947368421053 0 nan nan 0
14.210526315789474 3.6842105263157894 0 nan nan 0
14.210526315789474 4.2105263157894735 0 nan nan 0
14.210526315789474 4.7368421052631575 0 nan nan 0
14.210526315789474 5.263157894736842 0 nan nan 0
14.210526315789474 5.789473684210526 0 nan nan 0
14.210526315789474 6.315789473684211 0 nan nan 0
14.210526315789474 6.842105263157895 0 nan nan 0
14.210526315789474 7.368421052631579 0 nan nan 0
14.210526315789474 7.894736842105263 0 nan nan 0
14.210526315789474 8.421052631578947 0 nan nan 0
14.210526315789474 8.947368421052632 0 nan nan 0
14.210526315789474 9.473684210526315 0 nan nan 0
15.789473684210527 -9.473684210526315 0 -46.629401944996715 -145.2588038899934 0
15.789473684210527 -8.947368421052632 0 324.99170468697514 597.9834093739502 0
15.789473684210527 -8.421052631578947 0 -443.43906195701805 -938.8781239140358 0
15.789473684210527 -7.894736842105263 0 -84114.84832799232 -168281.69665598468 0
15.789473684210527 -7.368421052631579 0 1.5504642861955008e+57 3.100928572391005e+57 0
15.789473684210527 -6.842105263157895 0 3.7759743472947604e+80 7.551948694589518e+80 0
15.789473684210527 -6.315789473684211 0 -2.536616550871501e+146 -5.0732331017430105e+146 0
15.789473684210527 -5.789473684210526 0 7.442989999768302e+301 1.4885979999536604e+302 0
15.789473684210527 -5.263157894736842 0 nan nan 0
15.789473684210527 -4.7368421052631575 0 nan nan 0
15.789473684210527 -4.2105263157894735 0 nan nan 0
15.789473684210527 -3.6842105263157894 0 nan nan 0
15.789473684210527 -3.1578947368421053 0 nan nan 0
15.789473684210527 -2.631578947368421 0 nan nan 0
15.789473684210527 -2.1052631578947367 0 nan nan 0
15.789473684210527 -1.5789473684210527 0 nan nan 0
15.789473684210527 -1.0526315789473684 0 nan nan 0
15.789473684210527 -0.5263157894736842 0 nan nan 0
15.789473684210527 -0.0 0 nan nan 0
15.789473684210527 0.0 0 nan nan 0
15.789473684210527 0.5263157894736842 0 nan nan 0
15.789473684210527 1.0526315789473684 0 nan nan 0
15.789473684210527 1.5789473684210527 0 nan nan 0
15.789473684210527 2.1052631578947367 0 nan nan 0
15.789473684210527 2.631578947368421 0 nan nan 0
15.789473684210527 3.1578947368421053 0 nan nan 0
15.789473684210527 3.6842105263157894 0 nan nan 0
15.789473684210527 4.2105263157894735 0 nan nan 0
15.789473684210527 4.7368421052631575 0 nan nan 0
15.789473684210527 5.263157894736842 0 nan nan 0
15.789473684210527 5.789473684210526 0 nan nan 0
15.789473684210527 6.315789473684211 0 nan nan 0
15.789473684210527 6.842105263157895 0 nan nan 0
15.789473684210527 7.368421052631579 0 nan nan 0
15.789473684210527 7.894736842105263 0 nan nan 0
15.789473684210527 8.421052631578947 0 nan nan 0
15.789473684210527 8.947368421052632 0 nan nan 0
15.789473684210527 9.473684210526315 0 nan nan 0
17.36842105263158 -9.473684210526315 0 -46.48592099034543 -144.9718419806909 0
17.36842105263158 -8.947368421052632 0 324.4733756266563 596.9467512533128 0
17.36842105263158 -8.421052631578947 0 -442.29248938323326 -936.5849787664667 0
17.36842105263158 -7.894736842105263 0 -53925.73113291123 -107903.46226582247 0
17.36842105263158 -7.368421052631579 0 -9.675520216211158e+56 -1.9351040432422337e+57 0
17.36842105263158 -6.842105263157895 0 -1.239449617318065e+81 -2.4788992346361292e+81 0
17.36842105263158 -6.315789473684211 0 2.742249569694808e+154 5.484499139389625e+154 0
17.36842105263158 -5.789473684210526 0 inf inf 0
17.36842105263158 -5.263157894736842 0 nan nan 0
17.36842105263158 -4.7368421052631575 0 nan nan 0
17.36842105263158 -4.2105263157894735 0 nan nan 0
17.36842105263158 -3.6842105263157894 0 nan nan 0
17.36842105263158 -3.1578947368421053 0 nan nan 0
17.36842105263158 -2.631578947368421 0 nan nan 0
17.36842105263158 -2.1052631578947367 0 nan nan 0
17.36842105263158 -1.5789473684210527 0 nan nan 0
17.36842105263158 -1.0526315789473684 0 nan nan 0
17.36842105263158 -0.5263157894736842 0 nan nan 0
17.36842105263158 -0.0 0 nan nan 0
17.36842105263158 0.0 0 nan nan 0
17.36842105263158 0.5263157894736842 0 nan nan 0
17.36842105263158 1.0526315789473684 0 nan nan 0
17.36842105263158 1.5789473684210527 0 nan nan 0
17.36842105263158 2.1052631578947367 0 nan nan 0
17.36842105263158 2.631578947368421 0 nan nan 0
17.36842105263158 3.1578947368421053 0 nan nan 0
17.36842105263158 3.6842105263157894 0 nan nan 0
17.36842105263158 4.2105263157894735 0 nan nan 0
17.36842105263158 4.7368421052631575 0 nan nan 0
17.36842105263158 5.263157894736842 0 nan nan 0
17.36842105263158 5.789473684210526 0 nan nan 0
17.36842105263158 6.315789473684211 0 nan nan 0
17.36842105263158 6.842105263157895 0 nan nan 0
17.36842105263158 7.368421052631579 0 nan nan 0
17.36842105263158 7.894736842105263 0 nan nan 0
17.36842105263158 8.421052631578947 0 nan nan 0
17.36842105263158 8.947368421052632 0 nan nan 0
17.36842105263158 9.473684210526315 0 nan nan 0
18.94736842105263 -9.473684210526315 0 -46.58361778175338 -145.16723556350672 0
18.94736842105263 -8.947368421052632 0 324.55025480475626 597.1005096095124 0
18.94736842105263 -8.421052631578947 0 -441.54981369780046 -935.0996273956007 0
18.94736842105263 -7.894736842105263 0 -33232.292670940886 -66516.58534188177 0
18.94736842105263 -7.368421052631579 0 9.45318525742244e+56 1.8906370514844896e+57 0
18.94736842105263 -6.842105263157895 0 4.135153581760462e+81 8.27030716352092e+81 0
18.94736842105263 -6.315789473684211 0 -7.948853365884786e+162 -1.5897706731769598e+163 0
18.94736842105263 -5.789473684210526 0 nan nan 0
18.94736842105263 -5.263157894736842 0 nan nan 0
18.94736842105263 -4.7368421052631575 0 nan nan 0
18.94736842105263 -4.2105263157894735 0 nan nan 0
18.94736842105263 -3.6842105263157894 0 nan nan 0
18.94736842105263 -3.1578947368421053 0 nan nan 0
18.94736842105263 -2.631578947368421 0 nan nan 0
18.94736842105263 -2.1052631578947367 0 nan nan 0
18.94736842105263 -1.5789473684210527 0 nan nan 0
18.94736842105263 -1.0526315789473684 0 nan nan 0
18.94736842105263 -0.5263157894736842 0 nan nan 0
18.94736842105263 -0.0 0 nan nan 0
18.94736842105263 0.0 0 nan nan 0
18.94736842105263 0.5263157894736842 0 nan nan 0
18.94736842105263 1.0526315789473684 0 nan nan 0
18.94736842105263 1.5789473684210527 0 nan nan 0
18.94736842105263 2.1052631578947367 0 nan nan 0
18.94736842105263 2.631578947368421 0 nan nan 0
18.94736842105263 3.1578947368421053 0 nan nan 0
18.94736842105263 3.6842105263157894 0 nan nan 0
18.94736842105263 4.2105263157894735 0 nan nan 0
18.94736842105263 4.7368421052631575 0 nan nan 0
18.94736842105263 5.263157894736842 0 nan nan 0
18.94736842105263 5.789473684210526 0 nan nan 0
18.94736842105263 6.315789473684211 0 nan nan 0
18.94736842105263 6.842105263157895 0 nan nan 0
18.94736842105263 7.368421052631579 0 nan nan 0
18.94736842105263 7.894736842105263 0 nan nan 0
18.94736842105263 8.421052631578947 0 nan nan 0
18.94736842105263 8.947368421052632 0 nan nan 0
18.94736842105263 9.473684210526315 0 nan nan 0
20.526315789473685 -9.473684210526315 0 -47.17223484335143 -146.3444696867029 0
20.526315789473685 -8.947368421052632 0 327.07755769666267 602.1551153933251 0
20.526315789473685 -8.421052631578947 0 -442.8122717695037 -937.624543539008 0
20.526315789473685 -7.894736842105263 0 -19978.925062252438 -40009.85012450487 0
20.526315789473685 -7.368421052631579 0 -7.399562744209745e+56 -1.47991254884195e+57 0
20.526315789473685 -6.842105263157895 0 -1.4020576791039428e+82 -2.8041153582078853e+82 0
20.526315789473685 -6.315789473684211 0 6.199522409713061e+171 1.2399044819426143e+172 0
20.526315789473685 -5.789473684210526 0 nan nan 0
20.526315789473685 -5.263157894736842 0 nan nan 0
20.526315789473685 -4.7368421052631575 0 nan nan 0
20.526315789473685 -4.2105263157894735 0 nan nan 0
20.526315789473685 -3.6842105263157894 0 nan nan 0
20.526315789473685 -3.1578947368421053 0 nan nan 0
20.526315789473685 -2.631578947368421 0 nan nan 0
20.526315789473685 -2.1052631578947367 0 nan nan 0
20.526315789473685 -1.5789473684210527 0 nan nan 0
20.526315789473685 -1.0526315789473684 0 nan nan 0
20.526315789473685 -0.5263157894736842 0 nan nan 0
20.526315789473685 -0.0 0 nan nan 0
20.526315789473685 0.0 0 nan nan 0
20.526315789473685 0.5263157894736842 0 nan nan 0
20.526315789473685 1.0526315789473684 0 nan nan 0
20.526315789473685 1.5789473684210527 0 nan nan 0
20.526315789473685 2.1052631578947367 0 nan nan 0
20.526315789473685 2.631578947368421 0 nan nan 0
20.526315789473685 3.1578947368421053 0 nan nan 0
20.526315789473685 3.6842105263157894 0 nan nan 0
20.526315789473685 4.2105263157894735 0 nan nan 0
20.526315789473685 4.7368421052631575 0 nan nan 0
20.526315789473685 5.263157894736842 0 nan nan 0
20.526315789473685 5.789473684210526 0 nan nan 0
20.526315789473685 6.315789473684211 0 nan nan 0
20.526315789473685 6.842105263157895 0 nan nan 0
20.526315789473685 7.368421052631579 0 nan nan 0
20.526315789473685 7.894736842105263 0 nan nan 0
20.526315789473685 8.421052631578947 0 nan nan 0
20.526315789473685 8.947368421052632 0 nan nan 0
20.526315789473685 9.473684210526315 0 nan nan 0
22.105263157894736 -9.473684210526315 0 -46.50829218603438 -145.0165843720688 0
22.105263157894736 -8.947368421052632 0 323.2702052365793 594.5404104731588 0
22.105263157894736 -8.421052631578947 0 -430.097404480461 -912.1948089609217 0
22.105263157894736 -7.894736842105263 0 -11001.49372396638 -22054.987447932755 0
22.105263157894736 -7.368421052631579 0 6.521648233870365e+56 1.3043296467740734e+57 0
22.105263157894736 -6.842105263157895 0 4.80714787414889e+82 9.61429574829778e+82 0
22.105263157894736 -6.315789473684211 0 -1.304345123637076e+181 -2.608690247274156e+181 0
22.105263157894736 -5.789473684210526 0 nan nan 0
22.105263157894736 -5.263157894736842 0 nan nan 0
22.105263157894736 -4.7368421052631575 0 nan nan 0
22.105263157894736 -4.2105263157894735 0 nan nan 0
22.105263157894736 -3.6842105263157894 0 nan nan 0
22.105263157894736 -3.1578947368421053 0 nan nan 0
22.105263157894736 -2.631578947368421 0 nan nan 0
22.105263157894736 -2.1052631578947367 0 nan nan 0
22.105263157894736 -1.5789473684210527 0 nan nan 0
22.105263157894736 -1.0526315789473684 0 nan nan 0
22.105263157894736 -0.5263157894736842 0 nan nan 0
22.105263157894736 -0.0 0 nan nan 0
22.105263157894736 0.0 0 nan nan 0
22.105263157894736 0.5263157894736842 0 nan nan 0
22.105263157894736 1.0526315789473684 0 nan nan 0
22.105263157894736 1.5789473684210527 0 nan nan 0
22.105263157894736 2.1052631578947367 0 nan nan 0
22.105263157894736 2.631578947368421 0 nan nan 0
22.105263157894736 3.1578947368421053 0 nan nan 0
22.105263157894736 3.6842105263157894 0 nan nan 0
22.105263157894736 4.2105263157894735 0 nan nan 0
22.105263157894736 4.7368421052631575 0 nan nan 0
22.105263157894736 5.263157894736842 0 nan nan 0
22.105263157894736 5.789473684210526 0 nan nan 0
22.105263157894736 6.315789473684211 0 nan nan 0
22.105263157894736 6.842105263157895 0 nan nan 0
22.105263157894736 7.368421052631579 0 nan nan 0
22.105263157894736 7.894736842105263 0 nan nan 0
22.105263157894736 8.421052631578947 0 nan nan 0
22.105263157894736 8.947368421052632 0 nan nan 0
22.105263157894736 9.473684210526315 0 nan nan 0
23.68421052631579 -9.473684210526315 0 -62.251846720635946 -176.50369344127188 0
23.68421052631579 -8.947368421052632 0 404.4724885119147 756.9449770238293 0
23.68421052631579 -8.421052631578947 0 -452.3770466519799 -956.75409330396 0
23.68421052631579 -7.894736842105263 0 -4980.6525517913105 -10013.305103582623 0
23.68421052631579 -7.368421052631579 0 -5.6683121740794755e+56 -1.1336624348158954e+57 0
23.68421052631579 -6.842105263157895 0 -1.5049630429961994e+83 -3.009926085992399e+83 0
23.68421052631579 -6.315789473684211 0 7.385781413211626e+190 1.4771562826423275e+191 0
23.68421052631579 -5.789473684210526 0 nan nan 0
23.68421052631579 -5.263157894736842 0 nan nan 0
23.68421052631579 -4.7368421052631575 0 nan nan 0
23.68421052631579 -4.2105263157894735 0 nan nan 0
23.68421052631579 -3.6842105263157894 0 nan nan 0
23.68421052631579 -3.1578947368421053 0 nan nan 0
23.68421052631579 -2.631578947368421 0 nan nan 0
23.68421052631579 -2.1052631578947367 0 nan nan 0
23.68421052631579 -1.5789473684210527 0 nan nan 0
23.68421052631579 -1.0526315789473684 0 nan nan 0
23.68421052631579 -0.5263157894736842 0 nan nan 0
23.68421052631579 -0.0 0 nan nan 0
23.68421052631579 0.0 0 nan nan 0
23.68421052631579 0.5263157894736842 0 nan nan 0
23.68421052631579 1.0526315789473684 0 nan nan 0
23.68421052631579 1.5789473684210527 0 nan nan 0
23.68421052631579 2.1052631578947367 0 nan nan 0
23.68421052631579 2.631578947368421 0 nan nan 0
23.68421052631579 3.1578947368421053 0 nan nan 0
23.68421052631579 3.6842105263157894 0 nan nan 0
23.68421052631579 4.2105263157894735 0 nan nan 0
23.68421052631579 4.7368421052631575 0 nan nan 0
23.68421052631579 5.263157894736842 0 nan nan 0
23.68421052631579 5.789473684210526 0 nan nan 0
23.68421052631579 6.315789473684211 0 nan nan 0
23.68421052631579 6.842105263157895 0 nan nan 0
23.68421052631579 7.368421052631579 0 nan nan 0
23.68421052631579 7.894736842105263 0 nan nan 0
23.68421052631579 8.421052631578947 0 nan nan 0
23.68421052631579 8.947368421052632 0 nan nan 0
23.68421052631579 9.473684210526315 0 nan nan 0
25.263157894736842 -9.473684210526315 0 -127.7096920969014 -307.4193841938029 0
25.263157894736842 -8.947368421052632 0 151.262778858268 250.52555771653556 0
25.263157894736842 -8.421052631578947 0 358.6248465132645 665.2496930265272 0
25.263157894736842 -7.894736842105263 0 7957.740580891231 15863.481161782445 0
25.263157894736842 -7.368421052631579 0 1.0047537344896266e+57 2.009507468979254e+57 0
25.263157894736842 -6.842105263157895 0 9.57666697217813e+83 1.9153333944356262e+84 0
25.263157894736842 -6.315789473684211 0 -1.13221611281071e+201 -2.2644322256214235e+201 0
25.263157894736842 -5.789473684210526 0 nan nan 0
25.263157894736842 -5.263157894736842 0 nan nan 0
25.263157894736842 -4.7368421052631575 0 nan nan 0
25.263157894736842 -4.2105263157894735 0 nan nan 0
25.263157894736842 -3.6842105263157894 0 nan nan 0
25.263157894736842 -3.1578947368421053 0 nan nan 0
25.263157894736842 -2.631578947368421 0 nan nan 0
25.263157894736842 -2.1052631578947367 0 nan nan 0
25.263157894736842 -1.5789473684210527 0 nan nan 0
25.263157894736842 -1.0526315789473684 0 nan nan 0
25.263157894736842 -0.5263157894736842 0 nan nan 0
25.263157894736842 -0.0 0 nan nan 0
25.263157894736842 0.0 0 nan nan 0
25.263157894736842 0.5263157894736842 0 nan nan 0
25.263157894736842 1.0526315789473684 0 nan nan 0
25.263157894736842 1.5789473684210527 0 nan nan 0
25.263157894736842 2.1052631578947367 0 nan nan 0
25.263157894736842 2.631578947368421 0 nan nan 0
25.263157894736842 3.1578947368421053 0 nan nan 0
25.263157894736842 3.6842105263157894 0 nan nan 0
25.263157894736842 4.2105263157894735 0 nan nan 0
25.263157894736842 4.7368421052631575 0 nan nan 0
25.263157894736842 5.263157894736842 0 nan nan 0
25.263157894736842 5.789473684210526 0 nan nan 0
25.263157894736842 6.315789473684211 0 nan nan 0
25.263157894736842 6.842105263157895 0 nan nan 0
25.263157894736842 7.368421052631579 0 nan nan 0
25.263157894736842 7.894736842105263 0 nan nan 0
25.263157894736842 8.421052631578947 0 nan nan 0
25.263157894736842 8.947368421052632 0 nan nan 0
25.263157894736842 9.473684210526315 0 nan nan 0
26.842105263157894 -9.473684210526315 0 -14.580297461310593 -81.16059492262119 0
26.842105263157894 -8.947368421052632 0 -847.1001352561312 -1746.2002705122634 0
26.842105263157894 -8.421052631578947 0 5580.79495977767 11109.589919555337 0
26.842105263157894 -7.894736842105263 0 31067.85911769133 62083.71823538262 0
26.842105263157894 -7.368421052631579 0 -1.6220195889055337e+56 -3.2440391778110686e+56 0
26.842105263157894 -6.842105263157895 0 -2.8822986879048753e+84 -5.764597375809752e+84 0
26.842105263157894 -6.315789473684211 0 3.311095096112967e+211 6.622190192225943e+211 0
26.842105263157894 -5.789473684210526 0 nan nan 0
26.842105263157894 -5.263157894736842 0 nan nan 0
26.842105263157894 -4.7368421052631575 0 nan nan 0
26.842105263157894 -4.2105263157894735 0 nan nan 0
26.842105263157894 -3.6842105263157894 0 nan nan 0
26.842105263157894 -3.1578947368421053 0 nan nan 0
26.842105263157894 -2.631578947368421 0 nan nan 0
26.842105263157894 -2.1052631578947367 0 nan nan 0
26.842105263157894 -1.5789473684210527 0 nan nan 0
26.842105263157894 -1.0526315789473684 0 nan nan 0
26.842105263157894 -0.5263157894736842 0 nan nan 0
26.842105263157894 -0.0 0 nan nan 0
26.842105263157894 0.0 0 nan nan 0
26.842105263157894 0.5263157894736842 0 nan nan 0
26.842105263157894 1.0526315789473684 0 nan nan 0
26.842105263157894 1.5789473684210527 0 nan nan 0
26.842105263157894 2.1052631578947367 0 nan nan 0
26.842105263157894 2.631578947368421 0 nan nan 0
26.842105263157894 3.1578947368421053 0 nan nan 0
26.842105263157894 3.6842105263157894 0 nan nan 0
26.842105263157894 4.2105263157894735 0 nan nan 0
26.842105263157894 4.7368421052631575 0 nan nan 0
26.842105263157894 5.263157894736842 0 nan nan 0
26.842105263157894 5.789473684210526 0 nan nan 0
26.842105263157894 6.315789473684211 0 nan nan 0
26.842105263157894 6.842105263157895 0 nan nan 0
26.842105263157894 7.368421052631579 0 nan nan 0
26.842105263157894 7.894736842105263 0 nan nan 0
26.842105263157894 8.421052631578947 0 nan nan 0
26.842105263157894 8.947368421052632 0 nan nan 0
26.842105263157894 9.473684210526315 0 nan nan 0
28.42105263157895 -9.473684210526315 0 112.5681158224053 173.13623164481058 0
28.42105263157895 -8.947368421052632 0 2719.075604988406 5386.151209976812 0
28.42105263157895 -8.421052631578947 0 63103.45401801794 126154.90803603588 0
28.42105263157895 -7.894736842105263 0 -1413843.535928327 -2827739.0718566533 0
28.42105263157895 -7.368421052631579 0 8.932423897364353e+56 1.786484779472871e+57 0
28.42105263157895 -6.842105263157895 0 -1.687450286396525e+86 -3.37490057279305e+86 0
28.42105263157895 -6.315789473684211 0 -3.321007342943482e+222 -6.642014685886973e+222 0
28.42105263157895 -5.789473684210526 0 nan nan 0
28.42105263157895 -5.263157894736842 0 nan nan 0
28.42105263157895 -4.7368421052631575 0 nan nan 0
28.42105263157895 -4.2105263157894735 0 nan nan 0
28.42105263157895 -3.6842105263157894 0 nan nan 0
28.42105263157895 -3.1578947368421053 0 nan nan 0
28.42105263157895 -2.631578947368421 0 nan nan 0
28.42105263157895 -2.1052631578947367 0 nan nan 0
28.42105263157895 -1.5789473684210527 0 nan nan 0
28.42105263157895 -1.0526315789473684 0 nan nan 0
28.42105263157895 -0.5263157894736842 0 nan nan 0
28.42105263157895 -0.0 0 nan nan 0
28.42105263157895 0.0 0 nan nan 0
28.42105263157895 0.5263157894736842 0 nan nan 0
28.42105263157895 1.0526315789473684 0 nan nan 0
28.42105263157895 1.5789473684210527 0 nan nan 0
28.42105263157895 2.1052631578947367 0 nan nan 0
28.42105263157895 2.631578947368421 0 nan nan 0
28.42105263157895 3.1578947368421053 0 nan nan 0
28.42105263157895 3.6842105263157894 0 nan nan 0
28.42105263157895 4.2105263157894735 0 nan nan 0
28.42105263157895 4.7368421052631575 0 nan nan 0
28.42105263157895 5.263157894736842 0 nan nan 0
28.42105263157895 5.789473684210526 0 nan nan 0
28.42105263157895 6.315789473684211 0 nan nan 0
28.42105263157895 6.842105263157895 0 nan nan 0
28.42105263157895 7.368421052631579 0 nan nan 0
28.42105263157895 7.894736842105263 0 nan nan 0
28.42105263157895 8.421052631578947 0 nan nan 0
28.42105263157895 8.947368421052632 0 nan nan 0
28.42105263157895 9.473684210526315 0 nan nan 0
