-27.857142857142858 -9.285714285714286 0.0 -1 -3.8004779702270715 0.0 0.0 
-27.857142857142858 -8.571428571428571 0.0 -2 -5.154915868966915 0.0 0.0 
-27.857142857142858 -7.857142857142858 0.0 -3 -7.771249291117476 0.0 0.0 
-27.857142857142858 -7.142857142857143 0.0 -4 -9.098631631951537 0.0 0.0 
-27.857142857142858 -6.428571428571429 0.0 -5 -11.130584014493039 0.0 0.0 
-27.857142857142858 -5.714285714285714 0.0 -5 -12.336647620125845 0.0 0.0 
-27.857142857142858 -5.0 0.0 -6 -13.883593240689862 0.0 0.0 
-27.857142857142858 -4.285714285714286 0.0 -7 -14.854811531072233 0.0 0.0 
-27.857142857142858 -3.5714285714285716 0.0 -8 -15.932742847045683 0.0 0.0 
-27.857142857142858 -2.857142857142857 0.0 -8 -16.570420203389258 0.0 0.0 
-27.857142857142858 -2.142857142857143 0.0 -8 -17.167404915838425 0.0 0.0 
-27.857142857142858 -1.4285714285714286 0.0 -9 -17.39686009204706 0.0 0.0 
-27.857142857142858 -0.7142857142857143 0.0 -9 -17.493282454272553 0.0 0.0 
-27.857142857142858 -0.0 0.0 -9 -17.267063263926616 0.0 0.0 
-27.857142857142858 0.0 0.0 -9 -16.862986501766486 0.0 0.0 
-27.857142857142858 0.7142857142857143 0.0 -9 -16.17895764419956 0.0 0.0 
-27.857142857142858 1.4285714285714286 0.0 -8 -15.31562856196768 0.0 0.0 
-27.857142857142858 2.142857142857143 0.0 -8 -14.231825758999028 0.0 0.0 
-27.857142857142858 2.857142857142857 0.0 -7 -13.00665321206154 0.0 0.0 
-27.857142857142858 3.5714285714285716 0.0 -7 -11.637453870995015 0.0 0.0 
-27.857142857142858 4.285714285714286 0.0 -6 -10.189631848688675 0.0 0.0 
-27.857142857142858 5.0 0.0 -5 -8.677971416616755 0.0 0.0 
-27.857142857142858 5.714285714285714 0.0 -4 -7.15259737088263 0.0 0.0 
-27.857142857142858 6.428571428571429 0.0 -3 -5.628796737874802 0.0 0.0 
-27.857142857142858 7.142857142857143 0.0 -3 -4.139267951138716 0.0 0.0 
-27.857142857142858 7.857142857142858 0.0 -2 -2.6869352969260296 0.0 0.0 
-27.857142857142858 8.571428571428571 0.0 -1 -1.245979023987231 0.0 0.0 
-27.857142857142858 9.285714285714286 0.0 0 0.5441791039026498 0.0 0.0 
-25.714285714285715 -9.285714285714286 0.0 0 -4.398285175707603 0.0 0.0 
-25.714285714285715 -8.571428571428571 0.0 -1 -4.988249327126888 0.0 0.0 
-25.714285714285715 -7.857142857142858 0.0 -2 -8.435825658557254 0.0 0.0 
-25.714285714285715 -7.142857142857143 0.0 -3 -9.055772411875168 0.0 0.0 
-25.714285714285715 -6.428571428571429 0.0 -4 -11.635324255519986 0.0 0.0 
-25.714285714285715 -5.714285714285714 0.0 -5 -12.21711303127854 0.0 0.0 
-25.714285714285715 -5.0 0.0 -6 -14.110338738908151 0.0 0.0 
-25.714285714285715 -4.285714285714286 0.0 -6 -14.555930610395794 0.0 0.0 
-25.714285714285715 -3.5714285714285716 0.0 -7 -15.841370605741105 0.0 0.0 
-25.714285714285715 -2.857142857142857 0.0 -8 -16.04975392800914 0.0 0.0 
-25.714285714285715 -2.142857142857143 0.0 -8 -16.75884403669569 0.0 0.0 
-25.714285714285715 -1.4285714285714286 0.0 -8 -16.64288663262667 0.0 0.0 
-25.714285714285715 -0.7142857142857143 0.0 -8 -16.791377526896227 0.0 0.0 
-25.714285714285715 -0.0 0.0 -9 -16.290744418410327 0.0 0.0 
-25.714285714285715 0.0 0.0 -8 -15.897224925491829 0.0 0.0 
-25.714285714285715 0.7142857142857143 0.0 -8 -14.995323014685631 0.0 0.0 
-25.714285714285715 1.4285714285714286 0.0 -8 -14.120665656835923 0.0 0.0 
-25.714285714285715 2.142857142857143 0.0 -8 -12.867348672185773 0.0 0.0 
-25.714285714285715 2.857142857142857 0.0 -7 -11.628668080517036 0.0 0.0 
-25.714285714285715 3.5714285714285716 0.0 -6 -10.149018884036796 0.0 0.0 
-25.714285714285715 4.285714285714286 0.0 -6 -8.718821087363388 0.0 0.0 
-25.714285714285715 5.0 0.0 -5 -7.177305115043782 0.0 0.0 
-25.714285714285715 5.714285714285714 0.0 -4 -5.736439827394837 0.0 0.0 
-25.714285714285715 6.428571428571429 0.0 -3 -4.292366743423347 0.0 0.0 
-25.714285714285715 7.142857142857143 0.0 -3 -2.988236314158457 0.0 0.0 
-25.714285714285715 7.857142857142858 0.0 -2 -1.732685033592293 0.0 0.0 
-25.714285714285715 8.571428571428571 0.0 -1 -0.49254440205834427 0.0 0.0 
-25.714285714285715 9.285714285714286 0.0 0 2.345255309372952 0.0 0.0 
-23.57142857142857 -9.285714285714286 0.0 0 -6.049169119297064 0.0 0.0 
-23.57142857142857 -8.571428571428571 0.0 -1 -5.794356075609282 0.0 0.0 
-23.57142857142857 -7.857142857142858 0.0 -2 -10.654275377194327 0.0 0.0 
-23.57142857142857 -7.142857142857143 0.0 -3 -10.605747591308408 0.0 0.0 
-23.57142857142857 -6.428571428571429 0.0 -4 -14.149626752942734 0.0 0.0 
-23.57142857142857 -5.714285714285714 0.0 -5 -14.201350838983966 0.0 0.0 
-23.57142857142857 -5.0 0.0 -6 -16.755542868155622 0.0 0.0 
-23.57142857142857 -4.285714285714286 0.0 -7 -16.78411502377432 0.0 0.0 
-23.57142857142857 -3.5714285714285716 0.0 -8 -18.51044360312759 0.0 0.0 
-23.57142857142857 -2.857142857142857 0.0 -9 -18.37811062768284 0.0 0.0 
-23.57142857142857 -2.142857142857143 0.0 -9 -19.364763662914697 0.0 0.0 
-23.57142857142857 -1.4285714285714286 0.0 -10 -18.954857806423192 0.0 0.0 
-23.57142857142857 -0.7142857142857143 0.0 -10 -19.24503128390683 0.0 0.0 
-23.57142857142857 -0.0 0.0 -10 -18.461851281317003 0.0 0.0 
-23.57142857142857 0.0 0.0 -10 -18.09152448992853 0.0 0.0 
-23.57142857142857 0.7142857142857143 0.0 -10 -16.89295668095548 0.0 0.0 
-23.57142857142857 1.4285714285714286 0.0 -9 -15.933895500482611 0.0 0.0 
-23.57142857142857 2.142857142857143 0.0 -9 -14.367925066393541 0.0 0.0 
-23.57142857142857 2.857142857142857 0.0 -8 -12.976867653269064 0.0 0.0 
-23.57142857142857 3.5714285714285716 0.0 -8 -11.194906233525948 0.0 0.0 
-23.57142857142857 4.285714285714286 0.0 -7 -9.598072416447032 0.0 0.0 
-23.57142857142857 5.0 0.0 -6 -7.806387600177681 0.0 0.0 
-23.57142857142857 5.714285714285714 0.0 -5 -6.229250859920282 0.0 0.0 
-23.57142857142857 6.428571428571429 0.0 -4 -4.585400580667134 0.0 0.0 
-23.57142857142857 7.142857142857143 0.0 -3 -3.1457705647386356 0.0 0.0 
-23.57142857142857 7.857142857142858 0.0 -2 -1.7374583006205464 0.0 0.0 
-23.57142857142857 8.571428571428571 0.0 -1 -0.6986418579943745 0.0 0.0 
-23.57142857142857 9.285714285714286 0.0 0 3.011346551906463 0.0 0.0 
-21.428571428571427 -9.285714285714286 0.0 1 -7.329496718130291 0.0 0.0 
-21.428571428571427 -8.571428571428571 0.0 0 -6.294840398884978 0.0 0.0 
-21.428571428571427 -7.857142857142858 0.0 -2 -12.483097140733891 0.0 0.0 
-21.428571428571427 -7.142857142857143 0.0 -3 -11.785450592914241 0.0 0.0 
-21.428571428571427 -6.428571428571429 0.0 -5 -16.21725426336006 0.0 0.0 
-21.428571428571427 -5.714285714285714 0.0 -6 -15.759261658602714 0.0 0.0 
-21.428571428571427 -5.0 0.0 -7 -18.91997770819414 0.0 0.0 
-21.428571428571427 -4.285714285714286 0.0 -8 -18.56999130747447 0.0 0.0 
-21.428571428571427 -3.5714285714285716 0.0 -9 -20.718186223236057 0.0 0.0 
-21.428571428571427 -2.857142857142857 0.0 -10 -20.30809341986797 0.0 0.0 
-21.428571428571427 -2.142857142857143 0.0 -10 -21.586244472273993 0.0 0.0 
-21.428571428571427 -1.4285714285714286 0.0 -11 -20.964072726738852 0.0 0.0 
-21.428571428571427 -0.7142857142857143 0.0 -11 -21.43862707774232 0.0 0.0 
-21.428571428571427 -0.0 0.0 -12 -20.465483156706323 0.0 0.0 
-21.428571428571427 0.0 0.0 -12 -20.16729059582594 0.0 0.0 
-21.428571428571427 0.7142857142857143 0.0 -11 -18.75503645266947 0.0 0.0 
-21.428571428571427 1.4285714285714286 0.0 -11 -17.75517290954868 0.0 0.0 
-21.428571428571427 2.142857142857143 0.0 -10 -15.930903773603188 0.0 0.0 
-21.428571428571427 2.857142857142857 0.0 -9 -14.404632048146931 0.0 0.0 
-21.428571428571427 3.5714285714285716 0.0 -9 -12.34258823529339 0.0 0.0 
-21.428571428571427 4.285714285714286 0.0 -7 -10.570608929757652 0.0 0.0 
-21.428571428571427 5.0 0.0 -6 -8.525326565759672 0.0 0.0 
-21.428571428571427 5.714285714285714 0.0 -5 -6.797968591799122 0.0 0.0 
-21.428571428571427 6.428571428571429 0.0 -4 -4.980411816461877 0.0 0.0 
-21.428571428571427 7.142857142857143 0.0 -3 -3.4564182248626905 0.0 0.0 
-21.428571428571427 7.857142857142858 0.0 -2 -1.9089494127948412 0.0 0.0 
-21.428571428571427 8.571428571428571 0.0 -1 -1.092981396965301 0.0 0.0 
-21.428571428571427 9.285714285714286 0.0 0 2.870530788018132 0.0 0.0 
-19.285714285714285 -9.285714285714286 0.0 2 -8.278875393099838 0.0 0.0 
-19.285714285714285 -8.571428571428571 0.0 0 -6.713196059595359 0.0 0.0 
-19.285714285714285 -7.857142857142858 0.0 -2 -14.069548756119612 0.0 0.0 
-19.285714285714285 -7.142857142857143 0.0 -4 -12.90844426166171 0.0 0.0 
-19.285714285714285 -6.428571428571429 0.0 -5 -18.135917308796202 0.0 0.0 
-19.285714285714285 -5.714285714285714 0.0 -7 -17.329192044215525 0.0 0.0 
-19.285714285714285 -5.0 0.0 -8 -21.057350601062048 0.0 0.0 
-19.285714285714285 -4.285714285714286 0.0 -9 -20.4696104746524 0.0 0.0 
-19.285714285714285 -3.5714285714285716 0.0 -10 -23.038761500429874 0.0 0.0 
-19.285714285714285 -2.857142857142857 0.0 -11 -22.478721768106055 0.0 0.0 
-19.285714285714285 -2.142857142857143 0.0 -12 -24.073495166678708 0.0 0.0 
-19.285714285714285 -1.4285714285714286 0.0 -13 -23.35080758755154 0.0 0.0 
-19.285714285714285 -0.7142857142857143 0.0 -13 -24.04028730559444 0.0 0.0 
-19.285714285714285 -0.0 0.0 -13 -22.959503263342746 0.0 0.0 
-19.285714285714285 0.0 0.0 -13 -22.74502211184316 0.0 0.0 
-19.285714285714285 0.7142857142857143 0.0 -13 -21.148971374049488 0.0 0.0 
-19.285714285714285 1.4285714285714286 0.0 -13 -20.06528892727008 0.0 0.0 
-19.285714285714285 2.142857142857143 0.0 -12 -17.94651985265819 0.0 0.0 
-19.285714285714285 2.857142857142857 0.0 -11 -16.1947066606095 0.0 0.0 
-19.285714285714285 3.5714285714285716 0.0 -10 -13.772860495545327 0.0 0.0 
-19.285714285714285 4.285714285714286 0.0 -8 -11.728116006209508 0.0 0.0 
-19.285714285714285 5.0 0.0 -7 -9.359638999380543 0.0 0.0 
-19.285714285714285 5.714285714285714 0.0 -6 -7.417628246045469 0.0 0.0 
-19.285714285714285 6.428571428571429 0.0 -4 -5.397642293338115 0.0 0.0 
-19.285714285714285 7.142857142857143 0.0 -3 -3.790611440776616 0.0 0.0 
-19.285714285714285 7.857142857142858 0.0 -2 -2.104501064459667 0.0 0.0 
-19.285714285714285 8.571428571428571 0.0 -1 -1.3690796026083378 0.0 0.0 
-19.285714285714285 9.285714285714286 0.0 0 2.374771059321735 0.0 0.0 
-17.142857142857142 -9.285714285714286 0.0 2 -8.958490937365807 0.0 0.0 
-17.142857142857142 -8.571428571428571 0.0 0 -7.161520517238601 0.0 0.0 
-17.142857142857142 -7.857142857142858 0.0 -2 -15.455223243000864 0.0 0.0 
-17.142857142857142 -7.142857142857143 0.0 -4 -14.074613067435171 0.0 0.0 
-17.142857142857142 -6.428571428571429 0.0 -6 -19.96373180401471 0.0 0.0 
-17.142857142857142 -5.714285714285714 0.0 -8 -19.00059117290894 0.0 0.0 
-17.142857142857142 -5.0 0.0 -9 -23.218805653576336 0.0 0.0 
-17.142857142857142 -4.285714285714286 0.0 -11 -22.54557862971268 0.0 0.0 
-17.142857142857142 -3.5714285714285716 0.0 -12 -25.49606884679421 0.0 0.0 
-17.142857142857142 -2.857142857142857 0.0 -13 -24.907549306613575 0.0 0.0 
-17.142857142857142 -2.142857142857143 0.0 -14 -26.806543142758684 0.0 0.0 
-17.142857142857142 -1.4285714285714286 0.0 -15 -26.083331713494072 0.0 0.0 
-17.142857142857142 -0.7142857142857143 0.0 -15 -26.988418630899524 0.0 0.0 
-17.142857142857142 -0.0 0.0 -15 -25.86732027841466 0.0 0.0 
-17.142857142857142 0.0 0.0 -15 -25.717145652194795 0.0 0.0 
-17.142857142857142 0.7142857142857143 0.0 -15 -23.9457150200393 0.0 0.0 
-17.142857142857142 1.4285714285714286 0.0 -14 -22.71164579147343 0.0 0.0 
-17.142857142857142 2.142857142857143 0.0 -14 -20.2402849876486 0.0 0.0 
-17.142857142857142 2.857142857142857 0.0 -12 -18.14933908225761 0.0 0.0 
-17.142857142857142 3.5714285714285716 0.0 -11 -15.274589625962168 0.0 0.0 
-17.142857142857142 4.285714285714286 0.0 -9 -12.844629130934537 0.0 0.0 
-17.142857142857142 5.0 0.0 -8 -10.07976619894925 0.0 0.0 
-17.142857142857142 5.714285714285714 0.0 -6 -7.8601615315232545 0.0 0.0 
-17.142857142857142 6.428571428571429 0.0 -5 -5.612802940529725 0.0 0.0 
-17.142857142857142 7.142857142857143 0.0 -3 -3.920299133849877 0.0 0.0 
-17.142857142857142 7.857142857142858 0.0 -2 -2.1604641711725234 0.0 0.0 
-17.142857142857142 8.571428571428571 0.0 -1 -1.430597118149906 0.0 0.0 
-17.142857142857142 9.285714285714286 0.0 0 1.8972985430875438 0.0 0.0 
-15.0 -9.285714285714286 0.0 2 -9.625282200855288 0.0 0.0 
-15.0 -8.571428571428571 0.0 0 -7.828312615951669 0.0 0.0 
-15.0 -7.857142857142858 0.0 -2 -16.906887675585654 0.0 0.0 
-15.0 -7.142857142857143 0.0 -5 -15.496781887677713 0.0 0.0 
-15.0 -6.428571428571429 0.0 -7 -21.950315446559998 0.0 0.0 
-15.0 -5.714285714285714 0.0 -9 -20.972281962753733 0.0 0.0 
-15.0 -5.0 0.0 -10 -25.613384913948497 0.0 0.0 
-15.0 -4.285714285714286 0.0 -12 -24.95297295701409 0.0 0.0 
-15.0 -3.5714285714285716 0.0 -13 -28.24045743264083 0.0 0.0 
-15.0 -2.857142857142857 0.0 -15 -27.701176927742242 0.0 0.0 
-15.0 -2.142857142857143 0.0 -16 -29.884322147356215 0.0 0.0 
-15.0 -1.4285714285714286 0.0 -17 -29.232180025832346 0.0 0.0 
-15.0 1.4285714285714286 0.0 -17 -25.767416724201354 0.0 0.0 
-15.0 2.142857142857143 0.0 -15 -22.873120804820605 0.0 0.0 
-15.0 2.857142857142857 0.0 -14 -20.28816383228178 0.0 0.0 
-15.0 3.5714285714285716 0.0 -12 -16.830513782182503 0.0 0.0 
-15.0 4.285714285714286 0.0 -10 -13.855114043481555 0.0 0.0 
-15.0 5.0 0.0 -8 -10.59332050901213 0.0 0.0 
-15.0 5.714285714285714 0.0 -6 -8.011775888896045 0.0 0.0 
-15.0 6.428571428571429 0.0 -5 -5.514894882689222 0.0 0.0 
-15.0 7.142857142857143 0.0 -3 -3.733337917046337 0.0 0.0 
-15.0 7.857142857142858 0.0 -2 -1.9819538032580684 0.0 0.0 
-15.0 8.571428571428571 0.0 -1 -1.277036449906424 0.0 0.0 
-15.0 9.285714285714286 0.0 0 1.5791501534217562 0.0 0.0 
-12.857142857142858 -9.285714285714286 0.0 2 -10.481481002128076 0.0 0.0 
-12.857142857142858 -8.571428571428571 0.0 -1 -8.759538073748347 0.0 0.0 
-12.857142857142858 -7.857142857142858 0.0 -3 -18.62299680349602 0.0 0.0 
-12.857142857142858 -7.142857142857143 0.0 -6 -17.243519539975022 0.0 0.0 
-12.857142857142858 -6.428571428571429 0.0 -8 -24.252806103381438 0.0 0.0 
-12.857142857142858 -5.714285714285714 0.0 -10 -23.29234972569583 0.0 0.0 
-12.857142857142858 -5.0 0.0 -12 -28.335705157349512 0.0 0.0 
-12.857142857142858 -4.285714285714286 0.0 -14 -27.702912290162182 0.0 0.0 
-12.857142857142858 -3.5714285714285716 0.0 -15 -31.310419056906603 0.0 0.0 
-12.857142857142858 -2.857142857142857 0.0 -17 -30.84193832343636 0.0 0.0 
-12.857142857142858 -2.142857142857143 0.0 -18 -33.32222214717942 0.0 0.0 
-12.857142857142858 2.142857142857143 0.0 -18 -25.93368375175671 0.0 0.0 
-12.857142857142858 2.857142857142857 0.0 -16 -22.682232067414525 0.0 0.0 
-12.857142857142858 3.5714285714285716 0.0 -13 -18.418991745153328 0.0 0.0 
-12.857142857142858 4.285714285714286 0.0 -11 -14.70852312527102 0.0 0.0 
-12.857142857142858 5.0 0.0 -9 -10.78603570160198 0.0 0.0 
-12.857142857142858 5.714285714285714 0.0 -6 -7.757765231454394 0.0 0.0 
-12.857142857142858 6.428571428571429 0.0 -4 -4.983028761574807 0.0 0.0 
-12.857142857142858 7.142857142857143 0.0 -3 -3.142129254054828 0.0 0.0 
-12.857142857142858 7.857142857142858 0.0 -2 -1.4806104860295894 0.0 0.0 
-12.857142857142858 8.571428571428571 0.0 -1 -0.9085038730784363 0.0 0.0 
-12.857142857142858 9.285714285714286 0.0 0 1.4247834780091042 0.0 0.0 
-10.714285714285714 -9.285714285714286 0.0 2 -11.598028499210969 0.0 0.0 
-10.714285714285714 -8.571428571428571 0.0 -1 -9.907427876582625 0.0 0.0 
-10.714285714285714 -7.857142857142858 0.0 -4 -20.689545183831772 0.0 0.0 
-10.714285714285714 -7.142857142857143 0.0 -7 -19.296824548975707 0.0 0.0 
-10.714285714285714 -6.428571428571429 0.0 -9 -26.92832418985414 0.0 0.0 
-10.714285714285714 -5.714285714285714 0.0 -12 -25.930324034526038 0.0 0.0 
-10.714285714285714 -5.0 0.0 -13 -31.399618832373214 0.0 0.0 
-10.714285714285714 -4.285714285714286 0.0 -15 -30.746459836369933 0.0 0.0 
-10.714285714285714 -3.5714285714285716 0.0 -17 -34.691730037243495 0.0 0.0 
-10.714285714285714 -2.857142857142857 0.0 -19 -34.274320784983445 0.0 0.0 
-10.714285714285714 -2.142857142857143 0.0 -20 -37.095842896124665 0.0 0.0 
-10.714285714285714 2.142857142857143 0.0 -21 -29.611940158228172 0.0 0.0 
-10.714285714285714 2.857142857142857 0.0 -18 -25.432793670387838 0.0 0.0 
-10.714285714285714 3.5714285714285716 0.0 -15 -20.044217695146397 0.0 0.0 
-10.714285714285714 4.285714285714286 0.0 -12 -15.308979830827278 0.0 0.0 
-10.714285714285714 5.0 0.0 -9 -10.506791096224436 0.0 0.0 
-10.714285714285714 5.714285714285714 0.0 -6 -6.9220945352115475 0.0 0.0 
-10.714285714285714 6.428571428571429 0.0 -4 -3.8546410144790935 0.0 0.0 
-10.714285714285714 7.142857142857143 0.0 -2 -2.014819103351098 0.0 0.0 
-10.714285714285714 7.857142857142858 0.0 -1 -0.559893991264784 0.0 0.0 
-10.714285714285714 8.571428571428571 0.0 0 -0.2851041680770757 0.0 0.0 
-10.714285714285714 9.285714285714286 0.0 0 1.3841227796801503 0.0 0.0 
-8.571428571428571 -9.285714285714286 0.0 2 -12.965024249251277 0.0 0.0 
-8.571428571428571 -8.571428571428571 0.0 -1 -11.2391034127296 0.0 0.0 
-8.571428571428571 -7.857142857142858 0.0 -4 -23.131711882701186 0.0 0.0 
-8.571428571428571 -7.142857142857143 0.0 -8 -21.647198067800154 0.0 0.0 
-8.571428571428571 -6.428571428571429 0.0 -10 -29.996960468219584 0.0 0.0 
-8.571428571428571 -5.714285714285714 0.0 -13 -28.8682350675058 0.0 0.0 
-8.571428571428571 -5.0 0.0 -15 -34.80398435979747 0.0 0.0 
-8.571428571428571 -4.285714285714286 0.0 -17 -34.044606775923654 0.0 0.0 
-8.571428571428571 -3.5714285714285716 0.0 -19 -38.34919852528262 0.0 0.0 
-8.571428571428571 -2.857142857142857 0.0 -21 -37.942581045002335 0.0 0.0 
-8.571428571428571 -2.142857142857143 0.0 -22 -41.17196516595018 0.0 0.0 
-8.571428571428571 2.142857142857143 0.0 -24 -34.191609284352154 0.0 0.0 
-8.571428571428571 2.857142857142857 0.0 -21 -28.675676863677516 0.0 0.0 
-8.571428571428571 3.5714285714285716 0.0 -17 -21.670516367265524 0.0 0.0 
-8.571428571428571 4.285714285714286 0.0 -13 -15.472505663421817 0.0 0.0 
-8.571428571428571 5.0 0.0 -9 -9.48708710008434 0.0 0.0 
-8.571428571428571 5.714285714285714 0.0 -5 -5.211389995539416 0.0 0.0 
-8.571428571428571 6.428571428571429 0.0 -3 -1.8667017601232958 0.0 0.0 
-8.571428571428571 7.142857142857143 0.0 -1 -0.14887411101494608 0.0 0.0 
-8.571428571428571 7.857142857142858 0.0 0 0.9252005131489656 0.0 0.0 
-8.571428571428571 8.571428571428571 0.0 0 0.6859946213957638 0.0 0.0 
-8.571428571428571 9.285714285714286 0.0 0 1.4364155745806135 0.0 0.0 
-6.428571428571429 -9.285714285714286 0.0 3 -14.58326178234127 0.0 0.0 
-6.428571428571429 -8.571428571428571 0.0 -2 -12.792378265502073 0.0 0.0 
-6.428571428571429 -7.857142857142858 0.0 -5 -26.000629702665783 0.0 0.0 
-6.428571428571429 -7.142857142857143 0.0 -9 -24.348750859363733 0.0 0.0 
-6.428571428571429 -6.428571428571429 0.0 -12 -33.50725496718971 0.0 0.0 
-6.428571428571429 -5.714285714285714 0.0 -15 -32.1398708883984 0.0 0.0 
-6.428571428571429 -5.0 0.0 -17 -38.56031856185507 0.0 0.0 
-6.428571428571429 -4.285714285714286 0.0 -19 -37.588026873173426 0.0 0.0 
-6.428571428571429 -3.5714285714285716 0.0 -21 -42.2479845665342 0.0 0.0 
-6.428571428571429 -2.857142857142857 0.0 -23 -41.77301259727669 0.0 0.0 
-6.428571428571429 -2.142857142857143 0.0 -24 -45.43751454916266 0.0 0.0 
-6.428571428571429 2.142857142857143 0.0 -29 -40.13061840277855 0.0 0.0 
-6.428571428571429 2.857142857142857 0.0 -24 -32.62048867069399 0.0 0.0 
-6.428571428571429 3.5714285714285716 0.0 -19 -23.207553851595357 0.0 0.0 
-6.428571428571429 4.285714285714286 0.0 -13 -14.871219374030284 0.0 0.0 
-6.428571428571429 5.0 0.0 -8 -7.2792702972819106 0.0 0.0 
-6.428571428571429 5.714285714285714 0.0 -4 -2.180420384282457 0.0 0.0 
-6.428571428571429 6.428571428571429 0.0 -1 1.359290855485638 0.0 0.0 
-6.428571428571429 7.142857142857143 0.0 0 2.7351155259660196 0.0 0.0 
-6.428571428571429 7.857142857142858 0.0 1 3.159805602840391 0.0 0.0 
-6.428571428571429 8.571428571428571 0.0 1 2.1186348106197292 0.0 0.0 
-6.428571428571429 9.285714285714286 0.0 0 1.5794025362448614 0.0 0.0 
-4.285714285714286 -9.285714285714286 0.0 3 -16.508140182577645 0.0 0.0 
-4.285714285714286 -8.571428571428571 0.0 -2 -14.660976277568853 0.0 0.0 
-4.285714285714286 -7.857142857142858 0.0 -6 -29.405844224442482 0.0 0.0 
-4.285714285714286 -7.142857142857143 0.0 -11 -27.514538237159627 0.0 0.0 
-4.285714285714286 -6.428571428571429 0.0 -13 -37.550962956538164 0.0 0.0 
-4.285714285714286 -5.714285714285714 0.0 -17 -35.81561215789424 0.0 0.0 
-4.285714285714286 -5.0 0.0 -19 -42.70542287569441 0.0 0.0 
-4.285714285714286 -4.285714285714286 0.0 -21 -41.37743076538344 0.0 0.0 
-4.285714285714286 -3.5714285714285716 0.0 -23 -46.34779282197206 0.0 0.0 
-4.285714285714286 -2.857142857142857 0.0 -25 -45.67658952549565 0.0 0.0 
-4.285714285714286 -2.142857142857143 0.0 -27 -49.72407054829398 0.0 0.0 
-4.285714285714286 2.142857142857143 0.0 -35 -48.221061323891895 0.0 0.0 
-4.285714285714286 2.857142857142857 0.0 -29 -37.60669281176162 0.0 0.0 
-4.285714285714286 3.5714285714285716 0.0 -21 -24.458871709296247 0.0 0.0 
-4.285714285714286 4.285714285714286 0.0 -13 -12.919337891077621 0.0 0.0 
-4.285714285714286 5.0 0.0 -6 -3.1505459777927474 0.0 0.0 
-4.285714285714286 5.714285714285714 0.0 -1 2.8419113219359184 0.0 0.0 
-4.285714285714286 6.428571428571429 0.0 1 6.3299301758320805 0.0 0.0 
-4.285714285714286 7.142857142857143 0.0 3 6.978644123135936 0.0 0.0 
-4.285714285714286 7.857142857142858 0.0 3 6.348725232712923 0.0 0.0 
-4.285714285714286 8.571428571428571 0.0 2 4.127444792632603 0.0 0.0 
-4.285714285714286 9.285714285714286 0.0 1 1.8083798758649405 0.0 0.0 
-2.142857142857143 -9.285714285714286 0.0 3 -18.84639396417831 0.0 0.0 
-2.142857142857143 -8.571428571428571 0.0 -3 -16.98607725375276 0.0 0.0 
-2.142857142857143 -7.857142857142858 0.0 -7 -33.52323356067288 0.0 0.0 
-2.142857142857143 -7.142857142857143 0.0 -13 -31.302150810376958 0.0 0.0 
-2.142857142857143 -6.428571428571429 0.0 -16 -42.27142269119311 0.0 0.0 
-2.142857142857143 -5.714285714285714 0.0 -19 -39.984769838532486 0.0 0.0 
-2.142857142857143 -5.0 0.0 -21 -47.29427206363884 0.0 0.0 
-2.142857142857143 -4.285714285714286 0.0 -24 -45.419287747666736 0.0 0.0 
-2.142857142857143 -3.5714285714285716 0.0 -25 -50.616926927866515 0.0 0.0 
-2.142857142857143 -2.857142857142857 0.0 -27 -49.56029833902019 0.0 0.0 
-2.142857142857143 -2.142857142857143 0.0 -29 -53.79073948691256 0.0 0.0 
-2.142857142857143 2.142857142857143 0.0 -45 -59.88803821987501 0.0 0.0 
-2.142857142857143 2.857142857142857 0.0 -36 -44.170868508959174 0.0 0.0 
-2.142857142857143 3.5714285714285716 0.0 -24 -24.984532466897207 0.0 0.0 
-2.142857142857143 4.285714285714286 0.0 -12 -8.52541876117689 0.0 0.0 
-2.142857142857143 5.0 0.0 -3 4.116985697235215 0.0 0.0 
-2.142857142857143 5.714285714285714 0.0 3 10.846231206877889 0.0 0.0 
-2.142857142857143 6.428571428571429 0.0 6 13.691421688857876 0.0 0.0 
-2.142857142857143 7.142857142857143 0.0 7 12.947422708338134 0.0 0.0 
-2.142857142857143 7.857142857142858 0.0 6 10.691394868765098 0.0 0.0 
-2.142857142857143 8.571428571428571 0.0 5 6.822774159789928 0.0 0.0 
-2.142857142857143 9.285714285714286 0.0 2 2.1045237921422397 0.0 0.0 
-0.0 -9.285714285714286 0.0 3 -21.75836490961182 0.0 0.0 
-0.0 -8.571428571428571 0.0 -4 -19.96088641066751 0.0 0.0 
-0.0 -7.857142857142858 0.0 -9 -38.6180851260584 0.0 0.0 
-0.0 -7.142857142857143 0.0 -15 -35.93034019656535 0.0 0.0 
-0.0 -6.428571428571429 0.0 -18 -47.86428221258584 0.0 0.0 
-0.0 -5.714285714285714 0.0 -22 -44.766037969880045 0.0 0.0 
-0.0 -5.0 0.0 -24 -52.40231924428464 0.0 0.0 
-0.0 -4.285714285714286 0.0 -26 -49.72280579585757 0.0 0.0 
-0.0 -3.5714285714285716 0.0 -27 -55.053244100858464 0.0 0.0 
-0.0 -2.857142857142857 0.0 -29 -53.42645059916322 0.0 0.0 
-0.0 -2.142857142857143 0.0 -31 -57.48655215442707 0.0 0.0 
-0.0 2.142857142857143 0.0 -59 -77.81025161753796 0.0 0.0 
-0.0 2.857142857142857 0.0 -45 -53.15123405841795 0.0 0.0 
-0.0 3.5714285714285716 0.0 -27 -23.778325693549426 0.0 0.0 
-0.0 4.285714285714286 0.0 -9 0.4255648133978376 0.0 0.0 
-0.0 5.0 0.0 3 16.58292901835042 0.0 0.0 
-0.0 5.714285714285714 0.0 10 23.26774023112706 0.0 0.0 
-0.0 6.428571428571429 0.0 13 24.15236239876941 0.0 0.0 
-0.0 7.142857142857143 0.0 13 20.93585859699789 0.0 0.0 
-0.0 7.857142857142858 0.0 11 16.30909233461305 0.0 0.0 
-0.0 8.571428571428571 0.0 8 10.285933846451547 0.0 0.0 
-0.0 9.285714285714286 0.0 3 2.4493645981430774 0.0 0.0 
0.0 -9.285714285714286 0.0 3 -25.480794141086495 0.0 0.0 
0.0 -8.571428571428571 0.0 -6 -23.878255853252995 0.0 0.0 
0.0 -7.857142857142858 0.0 -12 -45.092114594061115 0.0 0.0 
0.0 -7.142857142857143 0.0 -18 -41.719360636570805 0.0 0.0 
0.0 -6.428571428571429 0.0 -21 -54.603751190255 0.0 0.0 
0.0 -5.714285714285714 0.0 -25 -50.301057628578576 0.0 0.0 
0.0 -5.0 0.0 -27 -58.123252608232875 0.0 0.0 
0.0 -4.285714285714286 0.0 -29 -54.290256260781874 0.0 0.0 
0.0 -3.5714285714285716 0.0 -30 -59.64080724993351 0.0 0.0 
0.0 -2.857142857142857 0.0 -32 -57.5541735149814 0.0 0.0 
0.0 -2.142857142857143 0.0 -34 -61.63895618208311 0.0 0.0 
0.0 2.142857142857143 0.0 -83 -107.3237048183407 0.0 0.0 
0.0 2.857142857142857 0.0 -60 -65.70435546615425 0.0 0.0 
0.0 3.5714285714285716 0.0 -30 -18.55635861707858 0.0 0.0 
0.0 4.285714285714286 0.0 -2 18.219894577169036 0.0 0.0 
0.0 5.0 0.0 14 37.687766643798 0.0 0.0 
0.0 5.714285714285714 0.0 22 42.06878139645474 0.0 0.0 
0.0 6.428571428571429 0.0 22 38.16452166680003 0.0 0.0 
0.0 7.142857142857143 0.0 20 30.900444366078286 0.0 0.0 
0.0 7.857142857142858 0.0 16 23.113303415252663 0.0 0.0 
0.0 8.571428571428571 0.0 11 14.569633211894569 0.0 0.0 
0.0 9.285714285714286 0.0 5 2.870589399081532 0.0 0.0 
2.142857142857143 -9.285714285714286 0.0 2 -30.374338729639152 0.0 0.0 
2.142857142857143 -8.571428571428571 0.0 -9 -29.20946941539845 0.0 0.0 
2.142857142857143 -7.857142857142858 0.0 -15 -53.61653368056784 0.0 0.0 
2.142857142857143 -7.142857142857143 0.0 -23 -49.18777321522305 0.0 0.0 
2.142857142857143 -6.428571428571429 0.0 -26 -62.928043107241905 0.0 0.0 
2.142857142857143 -5.714285714285714 0.0 -29 -56.85352937660177 0.0 0.0 
2.142857142857143 -5.0 0.0 -30 -64.72824612756027 0.0 0.0 
2.142857142857143 -4.285714285714286 0.0 -32 -59.34277726907554 0.0 0.0 
2.142857142857143 -3.5714285714285716 0.0 -33 -64.50371926137456 0.0 0.0 
2.142857142857143 -2.857142857142857 0.0 -33 -63.323112901614586 0.0 0.0 
2.142857142857143 -2.142857142857143 0.0 -30 -52.383780737824 0.0 0.0 
2.142857142857143 1.4285714285714286 0.0 -146 131.99402463690856 0.0 0.0 
2.142857142857143 2.142857142857143 0.0 -132 4669.942327902095 0.0 0.0 
2.142857142857143 2.857142857142857 0.0 -96 602.307972214125 0.0 0.0 
2.142857142857143 3.5714285714285716 0.0 -38 3902.3620667859823 0.0 0.0 
2.142857142857143 4.285714285714286 0.0 2 1064.8899324105848 0.0 0.0 
2.142857142857143 5.0 0.0 28 3370.9387914001045 0.0 0.0 
2.142857142857143 5.714285714285714 0.0 31 1351.628801104687 0.0 0.0 
2.142857142857143 6.428571428571429 0.0 30 2984.815924796234 0.0 0.0 
2.142857142857143 7.142857142857143 0.0 24 1620.1439314435313 0.0 0.0 
2.142857142857143 7.857142857142858 0.0 27 2904.623739187811 0.0 0.0 
2.142857142857143 8.571428571428571 0.0 29 2256.7390370874623 0.0 0.0 
2.142857142857143 9.285714285714286 0.0 3 3896.836747043221 0.0 0.0 
4.285714285714286 -9.285714285714286 0.0 -2 288.6490318327211 0.0 0.0 
4.285714285714286 -8.571428571428571 0.0 -24 275.9785636183152 0.0 0.0 
4.285714285714286 -7.857142857142858 0.0 -40 453.84638245914493 0.0 0.0 
4.285714285714286 -7.142857142857143 0.0 -58 490.0281734629498 0.0 0.0 
4.285714285714286 -6.428571428571429 0.0 -74 674.4456978698634 0.0 0.0 
4.285714285714286 -5.714285714285714 0.0 -97 775.013976576335 0.0 0.0 
4.285714285714286 -5.0 0.0 -130 996.5977944868708 0.0 0.0 
4.285714285714286 -4.285714285714286 0.0 -194 1174.1374728337585 0.0 0.0 
4.285714285714286 -3.5714285714285716 0.0 -324 1411.9827091989957 0.0 0.0 
4.285714285714286 -2.857142857142857 0.0 -650 1349.1457594546346 0.0 0.0 
4.285714285714286 -2.142857142857143 0.0 -1573 -157.28579647167498 0.0 0.0 
4.285714285714286 -1.4285714285714286 0.0 -1268 -67.63818306481016 0.0 0.0 
4.285714285714286 1.4285714285714286 0.0 694 -15113.100066828458 0.0 0.0 
4.285714285714286 2.142857142857143 0.0 92 -14000.754611840868 0.0 0.0 
4.285714285714286 2.857142857142857 0.0 380 -13102.08584316095 0.0 0.0 
4.285714285714286 3.5714285714285716 0.0 123 -12552.605941249902 0.0 0.0 
4.285714285714286 4.285714285714286 0.0 365 -11879.311668362749 0.0 0.0 
4.285714285714286 5.0 0.0 131 -11779.593005984265 0.0 0.0 
4.285714285714286 5.714285714285714 0.0 211 -11464.054149506861 0.0 0.0 
4.285714285714286 6.428571428571429 0.0 -37 -11775.52344427706 0.0 0.0 
4.285714285714286 7.142857142857143 0.0 -69 -12065.453978187976 0.0 0.0 
4.285714285714286 7.857142857142858 0.0 -338 -13438.911824256551 0.0 0.0 
4.285714285714286 8.571428571428571 0.0 -283 -15655.719826868619 0.0 0.0 
4.285714285714286 9.285714285714286 0.0 717 -19558.707058336262 0.0 0.0 
6.428571428571429 -9.285714285714286 0.0 -184 -761.6678032156527 0.0 0.0 
6.428571428571429 -8.571428571428571 0.0 -211 -1019.0192458290804 0.0 0.0 
6.428571428571429 -7.857142857142858 0.0 -235 -1521.9514115655136 0.0 0.0 
6.428571428571429 -7.142857142857143 0.0 -243 -1910.6990817757187 0.0 0.0 
6.428571428571429 -6.428571428571429 0.0 -259 -2571.1492973572217 0.0 0.0 
6.428571428571429 -5.714285714285714 0.0 -260 -3278.5416962119975 0.0 0.0 
6.428571428571429 -5.0 0.0 -242 -4338.299308139576 0.0 0.0 
6.428571428571429 -4.285714285714286 0.0 -126 -5621.467510709637 0.0 0.0 
6.428571428571429 -3.5714285714285716 0.0 256 -7200.115338612726 0.0 0.0 
6.428571428571429 -2.857142857142857 0.0 1355 -8298.102954096054 0.0 0.0 
6.428571428571429 -2.142857142857143 0.0 3658 -7957.615055806916 0.0 0.0 
6.428571428571429 -1.4285714285714286 0.0 9825 3167.016395026818 0.0 0.0 
6.428571428571429 -0.7142857142857143 0.0 8185 3902.372311482567 0.0 0.0 
6.428571428571429 -0.0 0.0 9422 10867.854412390216 0.0 0.0 
6.428571428571429 0.0 0.0 4988 11242.131207037279 0.0 0.0 
6.428571428571429 2.142857142857143 0.0 -1693 -7450.063596883853 0.0 0.0 
6.428571428571429 2.857142857142857 0.0 -1114 -4476.0731681590105 0.0 0.0 
6.428571428571429 3.5714285714285716 0.0 -806 -5698.577694321551 0.0 0.0 
6.428571428571429 4.285714285714286 0.0 -371 -4027.4669056059493 0.0 0.0 
6.428571428571429 5.0 0.0 -169 -5071.31440722501 0.0 0.0 
6.428571428571429 5.714285714285714 0.0 160 -4151.342050960943 0.0 0.0 
6.428571428571429 6.428571428571429 0.0 583 -4469.9579608232825 0.0 0.0 
6.428571428571429 7.142857142857143 0.0 1282 -2876.580373141318 0.0 0.0 
6.428571428571429 7.857142857142858 0.0 2043 -1112.7721775161272 0.0 0.0 
6.428571428571429 8.571428571428571 0.0 1842 1147.4222456856814 0.0 0.0 
6.428571428571429 9.285714285714286 0.0 -4864 -12375.981861336208 0.0 0.0 
8.571428571428571 -9.285714285714286 0.0 489 -3592.4741772192565 0.0 0.0 
8.571428571428571 -8.571428571428571 0.0 711 -2805.301181063928 0.0 0.0 
8.571428571428571 -7.857142857142858 0.0 948 -4890.176764996189 0.0 0.0 
8.571428571428571 -7.142857142857143 0.0 1224 -4312.980218131442 0.0 0.0 
8.571428571428571 -6.428571428571429 0.0 1613 -5662.16957571473 0.0 0.0 
8.571428571428571 -5.714285714285714 0.0 2121 -4978.477511188559 0.0 0.0 
8.571428571428571 -5.0 0.0 2798 -5313.558409664631 0.0 0.0 
8.571428571428571 -4.285714285714286 0.0 3577 -3766.3706314574074 0.0 0.0 
8.571428571428571 -3.5714285714285716 0.0 4253 -2596.8885974909017 0.0 0.0 
8.571428571428571 -2.857142857142857 0.0 4255 -567.5355257906358 0.0 0.0 
8.571428571428571 -2.142857142857143 0.0 2352 -2480.254047789533 0.0 0.0 
8.571428571428571 -1.4285714285714286 0.0 963 -2632.653199155894 0.0 0.0 
8.571428571428571 -0.7142857142857143 0.0 -621 -5065.690586364529 0.0 0.0 
8.571428571428571 -0.0 0.0 40 -4622.176519624678 0.0 0.0 
8.571428571428571 0.0 0.0 6761 10438.731956168434 0.0 0.0 
8.571428571428571 0.7142857142857143 0.0 2837 8267.708339200532 0.0 0.0 
8.571428571428571 1.4285714285714286 0.0 -3115 -1948.3665091375856 0.0 0.0 
8.571428571428571 3.5714285714285716 0.0 -51 19595.37382969424 0.0 0.0 
8.571428571428571 4.285714285714286 0.0 270 7103.42644041527 0.0 0.0 
8.571428571428571 5.0 0.0 471 16380.093972596025 0.0 0.0 
8.571428571428571 5.714285714285714 0.0 269 6679.037750290913 0.0 0.0 
8.571428571428571 6.428571428571429 0.0 154 14252.508263465837 0.0 0.0 
8.571428571428571 7.142857142857143 0.0 -460 6353.54763492726 0.0 0.0 
8.571428571428571 7.857142857142858 0.0 -697 12367.407485551827 0.0 0.0 
8.571428571428571 8.571428571428571 0.0 453 10966.879583523007 0.0 0.0 
8.571428571428571 9.285714285714286 0.0 -1304 15182.107045081084 0.0 0.0 
10.714285714285714 -9.285714285714286 0.0 2269 -3506.9109908391315 0.0 0.0 
10.714285714285714 -8.571428571428571 0.0 2306 -721.9916138243348 0.0 0.0 
10.714285714285714 -7.857142857142858 0.0 2504 -3266.869184918844 0.0 0.0 
10.714285714285714 -7.142857142857143 0.0 2432 -709.6222181711742 0.0 0.0 
10.714285714285714 -6.428571428571429 0.0 2513 -1848.706780239636 0.0 0.0 
10.714285714285714 -5.714285714285714 0.0 2280 540.8502094238652 0.0 0.0 
10.714285714285714 -5.0 0.0 1962 81.9078717356565 0.0 0.0 
10.714285714285714 -4.285714285714286 0.0 1263 1804.1747481362124 0.0 0.0 
10.714285714285714 -3.5714285714285716 0.0 561 1389.3293844340449 0.0 0.0 
10.714285714285714 -2.857142857142857 0.0 140 3373.416311855068 0.0 0.0 
10.714285714285714 -2.142857142857143 0.0 -233 3764.78608499558 0.0 0.0 
10.714285714285714 -1.4285714285714286 0.0 -168 6489.0609907537155 0.0 0.0 
10.714285714285714 -0.7142857142857143 0.0 -830 7533.600957536652 0.0 0.0 
10.714285714285714 -0.0 0.0 -3678 5274.916754795411 0.0 0.0 
10.714285714285714 0.0 0.0 -5096 5434.3455483536245 0.0 0.0 
10.714285714285714 0.7142857142857143 0.0 -7784 4049.9841959068726 0.0 0.0 
10.714285714285714 1.4285714285714286 0.0 -19505 -22503.251206445482 0.0 0.0 
10.714285714285714 2.142857142857143 0.0 -8106 -16379.369146918474 0.0 0.0 
10.714285714285714 5.0 0.0 68 -143102.98621147324 0.0 0.0 
10.714285714285714 5.714285714285714 0.0 674 383665.63549544587 0.0 0.0 
10.714285714285714 6.428571428571429 0.0 -658 -164945.22265420997 0.0 0.0 
10.714285714285714 7.142857142857143 0.0 63 394031.5929871854 0.0 0.0 
10.714285714285714 7.857142857142858 0.0 -1918 -190190.53032032694 0.0 0.0 
10.714285714285714 8.571428571428571 0.0 787 427077.3358565473 0.0 0.0 
10.714285714285714 9.285714285714286 0.0 2774 -220663.836151912 0.0 0.0 
12.857142857142858 -9.285714285714286 0.0 2404 2281.1269822808354 0.0 0.0 
12.857142857142858 -8.571428571428571 0.0 1390 4710.50468209755 0.0 0.0 
12.857142857142858 -7.857142857142858 0.0 936 4853.810765201372 0.0 0.0 
12.857142857142858 -7.142857142857143 0.0 -20 7315.161077984653 0.0 0.0 
12.857142857142858 -6.428571428571429 0.0 -616 8063.124296438168 0.0 0.0 
12.857142857142858 -5.714285714285714 0.0 -1574 10592.752351575484 0.0 0.0 
12.857142857142858 -5.0 0.0 -2244 11857.785002286462 0.0 0.0 
12.857142857142858 -4.285714285714286 0.0 -3141 14568.481817314914 0.0 0.0 
12.857142857142858 -3.5714285714285716 0.0 -3917 16163.720094505501 0.0 0.0 
12.857142857142858 -2.857142857142857 0.0 -4864 19037.99320970314 0.0 0.0 
12.857142857142858 -2.142857142857143 0.0 -5938 20843.276020448513 0.0 0.0 
12.857142857142858 -1.4285714285714286 0.0 -7186 23827.628177929102 0.0 0.0 
12.857142857142858 -0.7142857142857143 0.0 -8186 27040.958835923662 0.0 0.0 
12.857142857142858 -0.0 0.0 -10157 30234.970366287635 0.0 0.0 
12.857142857142858 0.0 0.0 -11810 34852.74116993051 0.0 0.0 
12.857142857142858 0.7142857142857143 0.0 -13487 45293.83193502196 0.0 0.0 
12.857142857142858 1.4285714285714286 0.0 -31846 32197.46422691933 0.0 0.0 
12.857142857142858 2.142857142857143 0.0 -104470 -76774.71020506555 0.0 0.0 
12.857142857142858 4.285714285714286 0.0 66943 343554.96449772303 0.0 0.0 
12.857142857142858 5.0 0.0 -36444 -390907.6268512561 0.0 0.0 
12.857142857142858 5.714285714285714 0.0 27085 468123.20398309804 0.0 0.0 
12.857142857142858 6.428571428571429 0.0 -8461 -610348.0119540854 0.0 0.0 
12.857142857142858 7.142857142857143 0.0 21679 622377.4050937594 0.0 0.0 
12.857142857142858 7.857142857142858 0.0 7634 -815952.1130810486 0.0 0.0 
12.857142857142858 8.571428571428571 0.0 72428 810718.714619479 0.0 0.0 
12.857142857142858 9.285714285714286 0.0 118142 -930351.0414098871 0.0 0.0 
15.0 -9.285714285714286 0.0 -1887 16509.26022122836 0.0 0.0 
15.0 -8.571428571428571 0.0 -3878 11750.276378908571 0.0 0.0 
15.0 -7.857142857142858 0.0 -4992 20354.607985377363 0.0 0.0 
15.0 -7.142857142857143 0.0 -6478 16550.368951779823 0.0 0.0 
15.0 -6.428571428571429 0.0 -7428 22528.0490700816 0.0 0.0 
15.0 -5.714285714285714 0.0 -8784 19185.399123565643 0.0 0.0 
15.0 -5.0 0.0 -9648 23201.85805308508 0.0 0.0 
15.0 -4.285714285714286 0.0 -10852 19914.673963450863 0.0 0.0 
15.0 -3.5714285714285716 0.0 -11719 22372.958824048175 0.0 0.0 
15.0 -2.857142857142857 0.0 -12964 18734.526908512405 0.0 0.0 
15.0 -2.142857142857143 0.0 -14161 19708.262361570178 0.0 0.0 
15.0 -1.4285714285714286 0.0 -16053 14698.884602681515 0.0 0.0 
15.0 -0.7142857142857143 0.0 -18207 13662.474115488112 0.0 0.0 
15.0 -0.0 0.0 -22281 4735.901104286982 0.0 0.0 
15.0 0.0 0.0 -28490 -4138.483883942179 0.0 0.0 
15.0 0.7142857142857143 0.0 -35003 -18548.607251556 0.0 0.0 
15.0 1.4285714285714286 0.0 -48695 -43578.748193707754 0.0 0.0 
15.0 2.142857142857143 0.0 -180899 -324130.84520014055 0.0 0.0 
15.0 2.857142857142857 0.0 -50935 -182664.27441843925 0.0 0.0 
15.0 3.5714285714285716 0.0 91621 -964.1132223908062 0.0 0.0 
15.0 4.285714285714286 0.0 127010 -152441.22379437208 0.0 0.0 
15.0 5.0 0.0 40049 -58383.36759152301 0.0 0.0 
15.0 5.714285714285714 0.0 107141 -172883.00238445163 0.0 0.0 
15.0 6.428571428571429 0.0 32597 -130879.66246166218 0.0 0.0 
15.0 7.142857142857143 0.0 136984 -155887.34959182807 0.0 0.0 
15.0 7.857142857142858 0.0 114200 -120310.64528152504 0.0 0.0 
15.0 8.571428571428571 0.0 328684 109415.47798615712 0.0 0.0 
15.0 9.285714285714286 0.0 355832 718903.6714644936 0.0 0.0 
17.142857142857142 -9.285714285714286 0.0 -10308 13618.0688684367 0.0 0.0 
17.142857142857142 -8.571428571428571 0.0 -9841 186.54798431154632 0.0 0.0 
17.142857142857142 -7.857142857142858 0.0 -9430 12134.85649268149 0.0 0.0 
17.142857142857142 -7.142857142857143 0.0 -9339 -544.8359713611499 0.0 0.0 
17.142857142857142 -6.428571428571429 0.0 -8640 8079.822643227873 0.0 0.0 
17.142857142857142 -5.714285714285714 0.0 -8221 -4887.218157176617 0.0 0.0 
17.142857142857142 -5.0 0.0 -7346 1455.4438380929023 0.0 0.0 
17.142857142857142 -4.285714285714286 0.0 -6678 -12454.641691481484 0.0 0.0 
17.142857142857142 -3.5714285714285716 0.0 -5779 -9011.234635542944 0.0 0.0 
17.142857142857142 -2.857142857142857 0.0 -4960 -25481.947410399236 0.0 0.0 
17.142857142857142 -2.142857142857143 0.0 -3817 -27212.7914094589 0.0 0.0 
17.142857142857142 -1.4285714285714286 0.0 -2320 -49424.65417833005 0.0 0.0 
17.142857142857142 -0.7142857142857143 0.0 776 -61339.47335164416 0.0 0.0 
17.142857142857142 -0.0 0.0 7094 -94018.040078324 0.0 0.0 
17.142857142857142 0.0 0.0 21217 -122640.30272970568 0.0 0.0 
17.142857142857142 0.7142857142857143 0.0 59311 -139299.90524680167 0.0 0.0 
17.142857142857142 1.4285714285714286 0.0 147487 46349.1265008754 0.0 0.0 
17.142857142857142 2.142857142857143 0.0 169389 141776.48370012402 0.0 0.0 
17.142857142857142 2.857142857142857 0.0 61500 -44524.294212515495 0.0 0.0 
17.142857142857142 3.5714285714285716 0.0 42583 -90076.11299593534 0.0 0.0 
17.142857142857142 4.285714285714286 0.0 74541 -7460.343711842594 0.0 0.0 
17.142857142857142 5.0 0.0 50485 -60503.522576703625 0.0 0.0 
17.142857142857142 5.714285714285714 0.0 91750 36660.99817979432 0.0 0.0 
17.142857142857142 6.428571428571429 0.0 67733 23813.036040236235 0.0 0.0 
17.142857142857142 7.142857142857143 0.0 85256 119361.2589097315 0.0 0.0 
17.142857142857142 7.857142857142858 0.0 -5702 41999.07734342707 0.0 0.0 
17.142857142857142 8.571428571428571 0.0 -81655 -70234.83563060217 0.0 0.0 
17.142857142857142 9.285714285714286 0.0 -21188 79849.08206896394 0.0 0.0 
19.285714285714285 -9.285714285714286 0.0 -9434 -10809.466532257078 0.0 0.0 
19.285714285714285 -8.571428571428571 0.0 -4742 -18297.511326340187 0.0 0.0 
19.285714285714285 -7.857142857142858 0.0 -1433 -14762.373505058571 0.0 0.0 
19.285714285714285 -7.142857142857143 0.0 1946 -25123.590264914616 0.0 0.0 
19.285714285714285 -6.428571428571429 0.0 4727 -21152.28385880732 0.0 0.0 
19.285714285714285 -5.714285714285714 0.0 8628 -34345.57386013142 0.0 0.0 
19.285714285714285 -5.0 0.0 11913 -31096.72538112083 0.0 0.0 
19.285714285714285 -4.285714285714286 0.0 17153 -46300.19044237387 0.0 0.0 
19.285714285714285 -3.5714285714285716 0.0 22248 -44436.682174312824 0.0 0.0 
19.285714285714285 -2.857142857142857 0.0 30540 -59325.08952119105 0.0 0.0 
19.285714285714285 -2.142857142857143 0.0 39745 -55740.199816563494 0.0 0.0 
19.285714285714285 -1.4285714285714286 0.0 53823 -60786.820289524476 0.0 0.0 
19.285714285714285 -0.7142857142857143 0.0 68534 -40061.90500320266 0.0 0.0 
19.285714285714285 -0.0 0.0 84101 -12340.654391640302 0.0 0.0 
19.285714285714285 0.0 0.0 80719 23435.17882073077 0.0 0.0 
19.285714285714285 0.7142857142857143 0.0 41722 -27985.365980312323 0.0 0.0 
19.285714285714285 1.4285714285714286 0.0 15975 -61016.89916126325 0.0 0.0 
19.285714285714285 2.142857142857143 0.0 39162 -4270.121684225196 0.0 0.0 
19.285714285714285 2.857142857142857 0.0 44685 20122.125023857923 0.0 0.0 
19.285714285714285 3.5714285714285716 0.0 36242 16790.662710015848 0.0 0.0 
19.285714285714285 4.285714285714286 0.0 33834 39229.27993038117 0.0 0.0 
19.285714285714285 5.0 0.0 17508 32384.735554708153 0.0 0.0 
19.285714285714285 5.714285714285714 0.0 6229 39083.258270637234 0.0 0.0 
19.285714285714285 6.428571428571429 0.0 -16312 14661.531683105022 0.0 0.0 
19.285714285714285 7.142857142857143 0.0 -12877 30469.782491770533 0.0 0.0 
19.285714285714285 7.857142857142858 0.0 -9937 38754.56190368573 0.0 0.0 
19.285714285714285 8.571428571428571 0.0 -14351 5903.201859969497 0.0 0.0 
19.285714285714285 9.285714285714286 0.0 27622 85537.85052193986 0.0 0.0 
21.428571428571427 -9.285714285714286 0.0 6340 -29988.615235277655 0.0 0.0 
21.428571428571427 -8.571428571428571 0.0 12781 -22171.164249031794 0.0 0.0 
21.428571428571427 -7.857142857142858 0.0 17127 -33534.542848181445 0.0 0.0 
21.428571428571427 -7.142857142857143 0.0 22572 -31808.17850839319 0.0 0.0 
21.428571428571427 -6.428571428571429 0.0 26516 -36230.62692586029 0.0 0.0 
21.428571428571427 -5.714285714285714 0.0 32832 -36737.26704122683 0.0 0.0 
21.428571428571427 -5.0 0.0 37262 -35360.69488698121 0.0 0.0 
21.428571428571427 -4.285714285714286 0.0 44146 -33716.42072377387 0.0 0.0 
21.428571428571427 -3.5714285714285716 0.0 47975 -25729.24071236021 0.0 0.0 
21.428571428571427 -2.857142857142857 0.0 52671 -18128.36002949097 0.0 0.0 
21.428571428571427 -2.142857142857143 0.0 51152 -5970.667329960852 0.0 0.0 
21.428571428571427 -1.4285714285714286 0.0 46651 505.50043924155034 0.0 0.0 
21.428571428571427 -0.7142857142857143 0.0 33988 -65.35568403929938 0.0 0.0 
21.428571428571427 -0.0 0.0 23673 -4865.0088423995985 0.0 0.0 
21.428571428571427 0.0 0.0 23241 9933.773246363762 0.0 0.0 
21.428571428571427 0.7142857142857143 0.0 26364 28297.985800882663 0.0 0.0 
21.428571428571427 1.4285714285714286 0.0 16678 21661.90994303685 0.0 0.0 
21.428571428571427 2.142857142857143 0.0 9748 19018.21913598135 0.0 0.0 
21.428571428571427 2.857142857142857 0.0 4864 23224.2499925641 0.0 0.0 
21.428571428571427 3.5714285714285716 0.0 -2761 19226.117884066163 0.0 0.0 
21.428571428571427 4.285714285714286 0.0 -6477 19994.26062370433 0.0 0.0 
21.428571428571427 5.0 0.0 -10937 14780.600138956575 0.0 0.0 
21.428571428571427 5.714285714285714 0.0 -9025 16947.2224823485 0.0 0.0 
21.428571428571427 6.428571428571429 0.0 -10545 7978.464271066117 0.0 0.0 
21.428571428571427 7.142857142857143 0.0 -5968 6248.220794673933 0.0 0.0 
21.428571428571427 7.857142857142858 0.0 2084 16863.43253599795 0.0 0.0 
21.428571428571427 8.571428571428571 0.0 -3544 132.58163582840007 0.0 0.0 
21.428571428571427 9.285714285714286 0.0 13693 39489.74514705916 0.0 0.0 
23.57142857142857 -9.285714285714286 0.0 26029 -29048.29672593093 0.0 0.0 
23.57142857142857 -8.571428571428571 0.0 29715 -4232.180991816807 0.0 0.0 
23.57142857142857 -7.857142857142858 0.0 32989 -25875.268651739185 0.0 0.0 
23.57142857142857 -7.142857142857143 0.0 34645 -6929.451779456875 0.0 0.0 
23.57142857142857 -6.428571428571429 0.0 36389 -17494.163642145548 0.0 0.0 
23.57142857142857 -5.714285714285714 0.0 36915 -1254.9852301322098 0.0 0.0 
23.57142857142857 -5.0 0.0 35826 -5848.4318439545095 0.0 0.0 
23.57142857142857 -4.285714285714286 0.0 33294 7342.062222373272 0.0 0.0 
23.57142857142857 -3.5714285714285716 0.0 28300 3637.4899566286913 0.0 0.0 
23.57142857142857 -2.857142857142857 0.0 22835 12154.672544218567 0.0 0.0 
23.57142857142857 -2.142857142857143 0.0 16667 7818.1748810988665 0.0 0.0 
23.57142857142857 -1.4285714285714286 0.0 12854 15527.650379790919 0.0 0.0 
23.57142857142857 -0.7142857142857143 0.0 9294 14322.264741523235 0.0 0.0 
23.57142857142857 -0.0 0.0 4861 16047.461184874679 0.0 0.0 
23.57142857142857 0.0 0.0 152 9328.058251750692 0.0 0.0 
23.57142857142857 0.7142857142857143 0.0 -1098 14100.853376192434 0.0 0.0 
23.57142857142857 1.4285714285714286 0.0 -3479 12052.004929232953 0.0 0.0 
23.57142857142857 2.142857142857143 0.0 -5822 11350.248808119839 0.0 0.0 
23.57142857142857 2.857142857142857 0.0 -6586 8757.04172320543 0.0 0.0 
23.57142857142857 3.5714285714285716 0.0 -6735 7360.185257129757 0.0 0.0 
23.57142857142857 4.285714285714286 0.0 -5044 5606.077837198684 0.0 0.0 
23.57142857142857 5.0 0.0 -3232 4702.183315303603 0.0 0.0 
23.57142857142857 5.714285714285714 0.0 560 6677.023317405112 0.0 0.0 
23.57142857142857 6.428571428571429 0.0 2496 8525.59034111956 0.0 0.0 
23.57142857142857 7.142857142857143 0.0 2247 6205.521229135865 0.0 0.0 
23.57142857142857 7.857142857142858 0.0 3449 10418.696514719159 0.0 0.0 
23.57142857142857 8.571428571428571 0.0 -1581 -146.42641963534493 0.0 0.0 
23.57142857142857 9.285714285714286 0.0 6739 18894.119496645544 0.0 0.0 
25.714285714285715 -9.285714285714286 0.0 32932 -9456.143831676025 0.0 0.0 
25.714285714285715 -8.571428571428571 0.0 28999 17704.486845979998 0.0 0.0 
25.714285714285715 -7.857142857142858 0.0 29940 -2231.8702978870933 0.0 0.0 
25.714285714285715 -7.142857142857143 0.0 25083 17586.315598076166 0.0 0.0 
25.714285714285715 -6.428571428571429 0.0 23857 4258.36999676509 0.0 0.0 
25.714285714285715 -5.714285714285714 0.0 18848 18252.07642685566 0.0 0.0 
25.714285714285715 -5.0 0.0 15997 7997.454789696192 0.0 0.0 
25.714285714285715 -4.285714285714286 0.0 11259 17272.022282866656 0.0 0.0 
25.714285714285715 -3.5714285714285716 0.0 8238 9182.638825044774 0.0 0.0 
25.714285714285715 -2.857142857142857 0.0 4603 15084.613754036574 0.0 0.0 
25.714285714285715 -2.142857142857143 0.0 2135 8204.850465573052 0.0 0.0 
25.714285714285715 -1.4285714285714286 0.0 -365 11173.216777227432 0.0 0.0 
25.714285714285715 -0.7142857142857143 0.0 -1198 7053.966270727022 0.0 0.0 
25.714285714285715 -0.0 0.0 -2076 10164.255239689663 0.0 0.0 
25.714285714285715 0.0 0.0 -2988 5817.148769174548 0.0 0.0 
25.714285714285715 0.7142857142857143 0.0 -3532 6452.465792141304 0.0 0.0 
25.714285714285715 1.4285714285714286 0.0 -2952 3922.5684823426436 0.0 0.0 
25.714285714285715 2.142857142857143 0.0 -2211 4527.6141531648445 0.0 0.0 
25.714285714285715 2.857142857142857 0.0 -616 3419.165716079013 0.0 0.0 
25.714285714285715 3.5714285714285716 0.0 699 4526.036947144437 0.0 0.0 
25.714285714285715 4.285714285714286 0.0 2152 4566.0051429861105 0.0 0.0 
25.714285714285715 5.0 0.0 2356 4925.828802299923 0.0 0.0 
25.714285714285715 5.714285714285714 0.0 2399 4250.69041548721 0.0 0.0 
25.714285714285715 6.428571428571429 0.0 2057 4863.352728345475 0.0 0.0 
25.714285714285715 7.142857142857143 0.0 1125 3008.5667178472822 0.0 0.0 
25.714285714285715 7.857142857142858 0.0 1737 5339.578808293958 0.0 0.0 
25.714285714285715 8.571428571428571 0.0 -564 171.94504219911823 0.0 0.0 
25.714285714285715 9.285714285714286 0.0 3286 8918.474007587305 0.0 0.0 
27.857142857142858 -9.285714285714286 0.0 26846 13037.749917949997 0.0 0.0 
27.857142857142858 -8.571428571428571 0.0 17979 22306.05327524284 0.0 0.0 
27.857142857142858 -7.857142857142858 0.0 19328 14657.225539845494 0.0 0.0 
27.857142857142858 -7.142857142857143 0.0 12680 18317.67154498291 0.0 0.0 
27.857142857142858 -6.428571428571429 0.0 12436 12793.637135048994 0.0 0.0 
27.857142857142858 -5.714285714285714 0.0 7362 13849.601681907174 0.0 0.0 
27.857142857142858 -5.0 0.0 6557 9656.789046081458 0.0 0.0 
27.857142857142858 -4.285714285714286 0.0 2939 9375.623748763668 0.0 0.0 
27.857142857142858 -3.5714285714285716 0.0 2384 6393.598557417365 0.0 0.0 
27.857142857142858 -2.857142857142857 0.0 275 5982.113982307107 0.0 0.0 
27.857142857142858 -2.142857142857143 0.0 263 4286.7742944131805 0.0 0.0 
27.857142857142858 -1.4285714285714286 0.0 -1006 3572.777937153287 0.0 0.0 
27.857142857142858 -0.7142857142857143 0.0 -844 2114.9474107695314 0.0 0.0 
27.857142857142858 -0.0 0.0 -1116 1874.8525451721052 0.0 0.0 
27.857142857142858 0.0 0.0 -330 1468.4682389787356 0.0 0.0 
27.857142857142858 0.7142857142857143 0.0 11 1518.6906655151329 0.0 0.0 
27.857142857142858 1.4285714285714286 0.0 1029 1724.6341151716692 0.0 0.0 
27.857142857142858 2.142857142857143 0.0 1460 2010.439703032081 0.0 0.0 
27.857142857142858 2.857142857142857 0.0 2068 2263.5502678096873 0.0 0.0 
27.857142857142858 3.5714285714285716 0.0 1992 2236.667801876437 0.0 0.0 
27.857142857142858 4.285714285714286 0.0 2047 2310.9039932713263 0.0 0.0 
27.857142857142858 5.0 0.0 1626 2100.7291012043856 0.0 0.0 
27.857142857142858 5.714285714285714 0.0 1338 1753.722988121648 0.0 0.0 
27.857142857142858 6.428571428571429 0.0 1117 1787.414788019083 0.0 0.0 
27.857142857142858 7.142857142857143 0.0 753 1059.8984305499428 0.0 0.0 
27.857142857142858 7.857142857142858 0.0 1131 2097.652195579197 0.0 0.0 
27.857142857142858 8.571428571428571 0.0 32 -290.75654367499243 0.0 0.0 
27.857142857142858 9.285714285714286 0.0 1799 3310.0968418772027 0.0 0.0 
