-28.42105263157895 -9.473684210526315 0 -2.7424994337077154e+30 -5.484998867415432e+30 0 0
-28.42105263157895 -8.947368421052632 0 -6.675546219326963e+31 -1.335109243865393e+32 0 0
-28.42105263157895 -8.421052631578947 0 1.2238681179956439e+33 2.4477362359912887e+33 0 0
-28.42105263157895 -7.894736842105263 0 7.447506350713612e+34 1.489501270142723e+35 0 0
-28.42105263157895 -7.368421052631579 0 -1.6393206007548684e+37 -3.2786412015097373e+37 0 0
-28.42105263157895 -6.842105263157895 0 -4.857016060822404e+39 -9.714032121644809e+39 0 0
-28.42105263157895 -6.315789473684211 0 5.346397467592907e+41 1.0692794935185815e+42 0 0
-28.42105263157895 -5.789473684210526 0 7.332450139701051e+42 1.4664900279402105e+43 0 0
-28.42105263157895 -5.263157894736842 0 -3.367867691123099e+43 -6.735735382246199e+43 0 0
-28.42105263157895 -4.7368421052631575 0 9.61681908345163e+43 1.9233638166903266e+44 0 0
-28.42105263157895 -4.2105263157894735 0 -6.485466029059502e+43 -1.2970932058119009e+44 0 0
-28.42105263157895 -3.6842105263157894 0 -3.092054791497691e+44 -6.184109582995386e+44 0 0
-28.42105263157895 -3.1578947368421053 0 -8.271149093848372e+45 -1.6542298187696756e+46 0 0
-28.42105263157895 -2.631578947368421 0 -2.7415577462290452e+47 -5.483115492458106e+47 0 0
-28.42105263157895 -2.1052631578947367 0 -6.597730058040035e+51 -1.3195460116080072e+52 0 0
-28.42105263157895 -1.5789473684210527 0 3.404530126549542e+55 6.809060253099081e+55 0 0
-28.42105263157895 -1.0526315789473684 0 -5.669843054912379e+61 -1.1339686109824758e+62 0 0
-28.42105263157895 -0.5263157894736842 0 -1.5345264220423827e+67 -3.0690528440848007e+67 0 0
-28.42105263157895 -0.0 0 -1.314553409941577e+78 -2.6291068198831565e+78 0 0
-28.42105263157895 0.0 0 3.339864183935565e+88 6.679728367871138e+88 0 0
-28.42105263157895 0.5263157894736842 0 2.0808867141928776e+100 4.161773428385761e+100 0 0
-28.42105263157895 1.0526315789473684 0 -1.2504586710216733e+113 -2.500917342043349e+113 0 0
-28.42105263157895 1.5789473684210527 0 -1.3454752319154347e+127 -2.690950463830871e+127 0 0
-28.42105263157895 2.1052631578947367 0 1.6654665033098214e+142 3.3309330066196455e+142 0 0
-28.42105263157895 2.631578947368421 0 3.5203059357563983e+158 7.040611871512803e+158 0 0
-28.42105263157895 3.1578947368421053 0 -8.901164163047995e+175 -1.7802328326096012e+176 0 0
-28.42105263157895 3.6842105263157894 0 -3.791788433651452e+194 -7.583576867302914e+194 0 0
-28.42105263157895 4.2105263157894735 0 1.3156250772483627e+214 2.631250154496729e+214 0 0
-28.42105263157895 4.7368421052631575 0 -1.5277776513888575e+236 -3.0555553027777137e+236 0 0
-28.42105263157895 5.263157894736842 0 5.013320880478379e+259 1.0026641760956754e+260 0 0
-28.42105263157895 5.789473684210526 0 2.572016980223446e+284 5.144033960446892e+284 0 0
-28.42105263157895 6.315789473684211 0 -inf -inf 0 0
-28.42105263157895 6.842105263157895 0 nan nan 0 0
-28.42105263157895 7.368421052631579 0 nan nan 0 0
-28.42105263157895 7.894736842105263 0 nan nan 0 0
-28.42105263157895 8.421052631578947 0 nan nan 0 0
-28.42105263157895 8.947368421052632 0 nan nan 0 0
-28.42105263157895 9.473684210526315 0 nan nan 0 0
-26.842105263157894 -9.473684210526315 0 nan nan 0 0
-26.842105263157894 -8.947368421052632 0 nan nan 0 0
-26.842105263157894 -8.421052631578947 0 nan nan 0 0
-26.842105263157894 -7.894736842105263 0 nan nan 0 0
-26.842105263157894 -7.368421052631579 0 nan nan 0 0
-26.842105263157894 -6.842105263157895 0 nan nan 0 0
-26.842105263157894 -6.315789473684211 0 nan nan 0 0
-26.842105263157894 -5.789473684210526 0 nan nan 0 0
-26.842105263157894 -5.263157894736842 0 nan nan 0 0
-26.842105263157894 -4.7368421052631575 0 nan nan 0 0
-26.842105263157894 -4.2105263157894735 0 nan nan 0 0
-26.842105263157894 -3.6842105263157894 0 nan nan 0 0
-26.842105263157894 -3.1578947368421053 0 nan nan 0 0
-26.842105263157894 -2.631578947368421 0 nan nan 0 0
-26.842105263157894 -2.1052631578947367 0 nan nan 0 0
-26.842105263157894 -1.5789473684210527 0 nan nan 0 0
-26.842105263157894 -1.0526315789473684 0 nan nan 0 0
-26.842105263157894 -0.5263157894736842 0 nan nan 0 0
-26.842105263157894 -0.0 0 nan nan 0 0
-26.842105263157894 0.0 0 nan nan 0 0
-26.842105263157894 0.5263157894736842 0 nan nan 0 0
-26.842105263157894 1.0526315789473684 0 nan nan 0 0
-26.842105263157894 1.5789473684210527 0 nan nan 0 0
-26.842105263157894 2.1052631578947367 0 nan nan 0 0
-26.842105263157894 2.631578947368421 0 nan nan 0 0
-26.842105263157894 3.1578947368421053 0 nan nan 0 0
-26.842105263157894 3.6842105263157894 0 nan nan 0 0
-26.842105263157894 4.2105263157894735 0 nan nan 0 0
-26.842105263157894 4.7368421052631575 0 nan nan 0 0
-26.842105263157894 5.263157894736842 0 nan nan 0 0
-26.842105263157894 5.789473684210526 0 nan nan 0 0
-26.842105263157894 6.315789473684211 0 nan nan 0 0
-26.842105263157894 6.842105263157895 0 nan nan 0 0
-26.842105263157894 7.368421052631579 0 nan nan 0 0
-26.842105263157894 7.894736842105263 0 nan nan 0 0
-26.842105263157894 8.421052631578947 0 nan nan 0 0
-26.842105263157894 8.947368421052632 0 nan nan 0 0
-26.842105263157894 9.473684210526315 0 nan nan 0 0
-25.263157894736842 -9.473684210526315 0 nan nan 0 0
-25.263157894736842 -8.947368421052632 0 nan nan 0 0
-25.263157894736842 -8.421052631578947 0 nan nan 0 0
-25.263157894736842 -7.894736842105263 0 nan nan 0 0
-25.263157894736842 -7.368421052631579 0 nan nan 0 0
-25.263157894736842 -6.842105263157895 0 nan nan 0 0
-25.263157894736842 -6.315789473684211 0 nan nan 0 0
-25.263157894736842 -5.789473684210526 0 nan nan 0 0
-25.263157894736842 -5.263157894736842 0 nan nan 0 0
-25.263157894736842 -4.7368421052631575 0 nan nan 0 0
-25.263157894736842 -4.2105263157894735 0 nan nan 0 0
-25.263157894736842 -3.6842105263157894 0 nan nan 0 0
-25.263157894736842 -3.1578947368421053 0 nan nan 0 0
-25.263157894736842 -2.631578947368421 0 nan nan 0 0
-25.263157894736842 -2.1052631578947367 0 nan nan 0 0
-25.263157894736842 -1.5789473684210527 0 nan nan 0 0
-25.263157894736842 -1.0526315789473684 0 nan nan 0 0
-25.263157894736842 -0.5263157894736842 0 nan nan 0 0
-25.263157894736842 -0.0 0 nan nan 0 0
-25.263157894736842 0.0 0 nan nan 0 0
-25.263157894736842 0.5263157894736842 0 nan nan 0 0
-25.263157894736842 1.0526315789473684 0 nan nan 0 0
-25.263157894736842 1.5789473684210527 0 nan nan 0 0
-25.263157894736842 2.1052631578947367 0 nan nan 0 0
-25.263157894736842 2.631578947368421 0 nan nan 0 0
-25.263157894736842 3.1578947368421053 0 nan nan 0 0
-25.263157894736842 3.6842105263157894 0 nan nan 0 0
-25.263157894736842 4.2105263157894735 0 nan nan 0 0
-25.263157894736842 4.7368421052631575 0 nan nan 0 0
-25.263157894736842 5.263157894736842 0 nan nan 0 0
-25.263157894736842 5.789473684210526 0 nan nan 0 0
-25.263157894736842 6.315789473684211 0 nan nan 0 0
-25.263157894736842 6.842105263157895 0 nan nan 0 0
-25.263157894736842 7.368421052631579 0 nan nan 0 0
-25.263157894736842 7.894736842105263 0 nan nan 0 0
-25.263157894736842 8.421052631578947 0 nan nan 0 0
-25.263157894736842 8.947368421052632 0 nan nan 0 0
-25.263157894736842 9.473684210526315 0 nan nan 0 0
-23.68421052631579 -9.473684210526315 0 nan nan 0 0
-23.68421052631579 -8.947368421052632 0 nan nan 0 0
-23.68421052631579 -8.421052631578947 0 nan nan 0 0
-23.68421052631579 -7.894736842105263 0 nan nan 0 0
-23.68421052631579 -7.368421052631579 0 nan nan 0 0
-23.68421052631579 -6.842105263157895 0 nan nan 0 0
-23.68421052631579 -6.315789473684211 0 nan nan 0 0
-23.68421052631579 -5.789473684210526 0 nan nan 0 0
-23.68421052631579 -5.263157894736842 0 nan nan 0 0
-23.68421052631579 -4.7368421052631575 0 nan nan 0 0
-23.68421052631579 -4.2105263157894735 0 nan nan 0 0
-23.68421052631579 -3.6842105263157894 0 nan nan 0 0
-23.68421052631579 -3.1578947368421053 0 nan nan 0 0
-23.68421052631579 -2.631578947368421 0 nan nan 0 0
-23.68421052631579 -2.1052631578947367 0 nan nan 0 0
-23.68421052631579 -1.5789473684210527 0 nan nan 0 0
-23.68421052631579 -1.0526315789473684 0 nan nan 0 0
-23.68421052631579 -0.5263157894736842 0 nan nan 0 0
-23.68421052631579 -0.0 0 nan nan 0 0
-23.68421052631579 0.0 0 nan nan 0 0
-23.68421052631579 0.5263157894736842 0 nan nan 0 0
-23.68421052631579 1.0526315789473684 0 nan nan 0 0
-23.68421052631579 1.5789473684210527 0 nan nan 0 0
-23.68421052631579 2.1052631578947367 0 nan nan 0 0
-23.68421052631579 2.631578947368421 0 nan nan 0 0
-23.68421052631579 3.1578947368421053 0 nan nan 0 0
-23.68421052631579 3.6842105263157894 0 nan nan 0 0
-23.68421052631579 4.2105263157894735 0 nan nan 0 0
-23.68421052631579 4.7368421052631575 0 nan nan 0 0
-23.68421052631579 5.263157894736842 0 nan nan 0 0
-23.68421052631579 5.789473684210526 0 nan nan 0 0
-23.68421052631579 6.315789473684211 0 nan nan 0 0
-23.68421052631579 6.842105263157895 0 nan nan 0 0
-23.68421052631579 7.368421052631579 0 nan nan 0 0
-23.68421052631579 7.894736842105263 0 nan nan 0 0
-23.68421052631579 8.421052631578947 0 nan nan 0 0
-23.68421052631579 8.947368421052632 0 nan nan 0 0
-23.68421052631579 9.473684210526315 0 nan nan 0 0
-22.105263157894736 -9.473684210526315 0 nan nan 0 0
-22.105263157894736 -8.947368421052632 0 nan nan 0 0
-22.105263157894736 -8.421052631578947 0 nan nan 0 0
-22.105263157894736 -7.894736842105263 0 nan nan 0 0
-22.105263157894736 -7.368421052631579 0 nan nan 0 0
-22.105263157894736 -6.842105263157895 0 nan nan 0 0
-22.105263157894736 -6.315789473684211 0 nan nan 0 0
-22.105263157894736 -5.789473684210526 0 nan nan 0 0
-22.105263157894736 -5.263157894736842 0 nan nan 0 0
-22.105263157894736 -4.7368421052631575 0 nan nan 0 0
-22.105263157894736 -4.2105263157894735 0 nan nan 0 0
-22.105263157894736 -3.6842105263157894 0 nan nan 0 0
-22.105263157894736 -3.1578947368421053 0 nan nan 0 0
-22.105263157894736 -2.631578947368421 0 nan nan 0 0
-22.105263157894736 -2.1052631578947367 0 nan nan 0 0
-22.105263157894736 -1.5789473684210527 0 nan nan 0 0
-22.105263157894736 -1.0526315789473684 0 nan nan 0 0
-22.105263157894736 -0.5263157894736842 0 nan nan 0 0
-22.105263157894736 -0.0 0 nan nan 0 0
-22.105263157894736 0.0 0 nan nan 0 0
-22.105263157894736 0.5263157894736842 0 nan nan 0 0
-22.105263157894736 1.0526315789473684 0 nan nan 0 0
-22.105263157894736 1.5789473684210527 0 nan nan 0 0
-22.105263157894736 2.1052631578947367 0 nan nan 0 0
-22.105263157894736 2.631578947368421 0 nan nan 0 0
-22.105263157894736 3.1578947368421053 0 nan nan 0 0
-22.105263157894736 3.6842105263157894 0 nan nan 0 0
-22.105263157894736 4.2105263157894735 0 nan nan 0 0
-22.105263157894736 4.7368421052631575 0 nan nan 0 0
-22.105263157894736 5.263157894736842 0 nan nan 0 0
-22.105263157894736 5.789473684210526 0 nan nan 0 0
-22.105263157894736 6.315789473684211 0 nan nan 0 0
-22.105263157894736 6.842105263157895 0 nan nan 0 0
-22.105263157894736 7.368421052631579 0 nan nan 0 0
-22.105263157894736 7.894736842105263 0 nan nan 0 0
-22.105263157894736 8.421052631578947 0 nan nan 0 0
-22.105263157894736 8.947368421052632 0 nan nan 0 0
-22.105263157894736 9.473684210526315 0 nan nan 0 0
-20.526315789473685 -9.473684210526315 0 nan nan 0 0
-20.526315789473685 -8.947368421052632 0 nan nan 0 0
-20.526315789473685 -8.421052631578947 0 nan nan 0 0
-20.526315789473685 -7.894736842105263 0 nan nan 0 0
-20.526315789473685 -7.368421052631579 0 nan nan 0 0
-20.526315789473685 -6.842105263157895 0 nan nan 0 0
-20.526315789473685 -6.315789473684211 0 nan nan 0 0
-20.526315789473685 -5.789473684210526 0 nan nan 0 0
-20.526315789473685 -5.263157894736842 0 nan nan 0 0
-20.526315789473685 -4.7368421052631575 0 nan nan 0 0
-20.526315789473685 -4.2105263157894735 0 nan nan 0 0
-20.526315789473685 -3.6842105263157894 0 nan nan 0 0
-20.526315789473685 -3.1578947368421053 0 nan nan 0 0
-20.526315789473685 -2.631578947368421 0 nan nan 0 0
-20.526315789473685 -2.1052631578947367 0 nan nan 0 0
-20.526315789473685 -1.5789473684210527 0 nan nan 0 0
-20.526315789473685 -1.0526315789473684 0 nan nan 0 0
-20.526315789473685 -0.5263157894736842 0 nan nan 0 0
-20.526315789473685 -0.0 0 nan nan 0 0
-20.526315789473685 0.0 0 nan nan 0 0
-20.526315789473685 0.5263157894736842 0 nan nan 0 0
-20.526315789473685 1.0526315789473684 0 nan nan 0 0
-20.526315789473685 1.5789473684210527 0 nan nan 0 0
-20.526315789473685 2.1052631578947367 0 nan nan 0 0
-20.526315789473685 2.631578947368421 0 nan nan 0 0
-20.526315789473685 3.1578947368421053 0 nan nan 0 0
-20.526315789473685 3.6842105263157894 0 nan nan 0 0
-20.526315789473685 4.2105263157894735 0 nan nan 0 0
-20.526315789473685 4.7368421052631575 0 nan nan 0 0
-20.526315789473685 5.263157894736842 0 nan nan 0 0
-20.526315789473685 5.789473684210526 0 nan nan 0 0
-20.526315789473685 6.315789473684211 0 nan nan 0 0
-20.526315789473685 6.842105263157895 0 nan nan 0 0
-20.526315789473685 7.368421052631579 0 nan nan 0 0
-20.526315789473685 7.894736842105263 0 nan nan 0 0
-20.526315789473685 8.421052631578947 0 nan nan 0 0
-20.526315789473685 8.947368421052632 0 nan nan 0 0
-20.526315789473685 9.473684210526315 0 nan nan 0 0
-18.94736842105263 -9.473684210526315 0 nan nan 0 0
-18.94736842105263 -8.947368421052632 0 nan nan 0 0
-18.94736842105263 -8.421052631578947 0 nan nan 0 0
-18.94736842105263 -7.894736842105263 0 nan nan 0 0
-18.94736842105263 -7.368421052631579 0 nan nan 0 0
-18.94736842105263 -6.842105263157895 0 nan nan 0 0
-18.94736842105263 -6.315789473684211 0 nan nan 0 0
-18.94736842105263 -5.789473684210526 0 nan nan 0 0
-18.94736842105263 -5.263157894736842 0 nan nan 0 0
-18.94736842105263 -4.7368421052631575 0 nan nan 0 0
-18.94736842105263 -4.2105263157894735 0 nan nan 0 0
-18.94736842105263 -3.6842105263157894 0 nan nan 0 0
-18.94736842105263 -3.1578947368421053 0 nan nan 0 0
-18.94736842105263 -2.631578947368421 0 nan nan 0 0
-18.94736842105263 -2.1052631578947367 0 nan nan 0 0
-18.94736842105263 -1.5789473684210527 0 nan nan 0 0
-18.94736842105263 -1.0526315789473684 0 nan nan 0 0
-18.94736842105263 -0.5263157894736842 0 nan nan 0 0
-18.94736842105263 -0.0 0 nan nan 0 0
-18.94736842105263 0.0 0 nan nan 0 0
-18.94736842105263 0.5263157894736842 0 nan nan 0 0
-18.94736842105263 1.0526315789473684 0 nan nan 0 0
-18.94736842105263 1.5789473684210527 0 nan nan 0 0
-18.94736842105263 2.1052631578947367 0 nan nan 0 0
-18.94736842105263 2.631578947368421 0 nan nan 0 0
-18.94736842105263 3.1578947368421053 0 nan nan 0 0
-18.94736842105263 3.6842105263157894 0 nan nan 0 0
-18.94736842105263 4.2105263157894735 0 nan nan 0 0
-18.94736842105263 4.7368421052631575 0 nan nan 0 0
-18.94736842105263 5.263157894736842 0 nan nan 0 0
-18.94736842105263 5.789473684210526 0 nan nan 0 0
-18.94736842105263 6.315789473684211 0 nan nan 0 0
-18.94736842105263 6.842105263157895 0 nan nan 0 0
-18.94736842105263 7.368421052631579 0 nan nan 0 0
-18.94736842105263 7.894736842105263 0 nan nan 0 0
-18.94736842105263 8.421052631578947 0 nan nan 0 0
-18.94736842105263 8.947368421052632 0 nan nan 0 0
-18.94736842105263 9.473684210526315 0 nan nan 0 0
-17.36842105263158 -9.473684210526315 0 nan nan 0 0
-17.36842105263158 -8.947368421052632 0 nan nan 0 0
-17.36842105263158 -8.421052631578947 0 nan nan 0 0
-17.36842105263158 -7.894736842105263 0 nan nan 0 0
-17.36842105263158 -7.368421052631579 0 nan nan 0 0
-17.36842105263158 -6.842105263157895 0 nan nan 0 0
-17.36842105263158 -6.315789473684211 0 nan nan 0 0
-17.36842105263158 -5.789473684210526 0 nan nan 0 0
-17.36842105263158 -5.263157894736842 0 nan nan 0 0
-17.36842105263158 -4.7368421052631575 0 nan nan 0 0
-17.36842105263158 -4.2105263157894735 0 nan nan 0 0
-17.36842105263158 -3.6842105263157894 0 nan nan 0 0
-17.36842105263158 -3.1578947368421053 0 nan nan 0 0
-17.36842105263158 -2.631578947368421 0 nan nan 0 0
-17.36842105263158 -2.1052631578947367 0 nan nan 0 0
-17.36842105263158 -1.5789473684210527 0 nan nan 0 0
-17.36842105263158 -1.0526315789473684 0 nan nan 0 0
-17.36842105263158 -0.5263157894736842 0 nan nan 0 0
-17.36842105263158 -0.0 0 nan nan 0 0
-17.36842105263158 0.0 0 nan nan 0 0
-17.36842105263158 0.5263157894736842 0 nan nan 0 0
-17.36842105263158 1.0526315789473684 0 nan nan 0 0
-17.36842105263158 1.5789473684210527 0 nan nan 0 0
-17.36842105263158 2.1052631578947367 0 nan nan 0 0
-17.36842105263158 2.631578947368421 0 nan nan 0 0
-17.36842105263158 3.1578947368421053 0 nan nan 0 0
-17.36842105263158 3.6842105263157894 0 nan nan 0 0
-17.36842105263158 4.2105263157894735 0 nan nan 0 0
-17.36842105263158 4.7368421052631575 0 nan nan 0 0
-17.36842105263158 5.263157894736842 0 nan nan 0 0
-17.36842105263158 5.789473684210526 0 nan nan 0 0
-17.36842105263158 6.315789473684211 0 nan nan 0 0
-17.36842105263158 6.842105263157895 0 nan nan 0 0
-17.36842105263158 7.368421052631579 0 nan nan 0 0
-17.36842105263158 7.894736842105263 0 nan nan 0 0
-17.36842105263158 8.421052631578947 0 nan nan 0 0
-17.36842105263158 8.947368421052632 0 nan nan 0 0
-17.36842105263158 9.473684210526315 0 nan nan 0 0
-15.789473684210527 -9.473684210526315 0 nan nan 0 0
-15.789473684210527 -8.947368421052632 0 nan nan 0 0
-15.789473684210527 -8.421052631578947 0 nan nan 0 0
-15.789473684210527 -7.894736842105263 0 nan nan 0 0
-15.789473684210527 -7.368421052631579 0 nan nan 0 0
-15.789473684210527 -6.842105263157895 0 nan nan 0 0
-15.789473684210527 -6.315789473684211 0 nan nan 0 0
-15.789473684210527 -5.789473684210526 0 nan nan 0 0
-15.789473684210527 -5.263157894736842 0 nan nan 0 0
-15.789473684210527 -4.7368421052631575 0 nan nan 0 0
-15.789473684210527 -4.2105263157894735 0 nan nan 0 0
-15.789473684210527 -3.6842105263157894 0 nan nan 0 0
-15.789473684210527 -3.1578947368421053 0 nan nan 0 0
-15.789473684210527 -2.631578947368421 0 nan nan 0 0
-15.789473684210527 -2.1052631578947367 0 nan nan 0 0
-15.789473684210527 -1.5789473684210527 0 nan nan 0 0
-15.789473684210527 -1.0526315789473684 0 nan nan 0 0
-15.789473684210527 -0.5263157894736842 1 nan nan 0 0
-15.789473684210527 -0.0 1 nan nan 0 0
-15.789473684210527 0.0 1 nan nan 0 0
-15.789473684210527 0.5263157894736842 1 nan nan 0 0
-15.789473684210527 1.0526315789473684 0 nan nan 0 0
-15.789473684210527 1.5789473684210527 0 nan nan 0 0
-15.789473684210527 2.1052631578947367 0 nan nan 0 0
-15.789473684210527 2.631578947368421 0 nan nan 0 0
-15.789473684210527 3.1578947368421053 0 nan nan 0 0
-15.789473684210527 3.6842105263157894 0 nan nan 0 0
-15.789473684210527 4.2105263157894735 0 nan nan 0 0
-15.789473684210527 4.7368421052631575 0 nan nan 0 0
-15.789473684210527 5.263157894736842 0 nan nan 0 0
-15.789473684210527 5.789473684210526 0 nan nan 0 0
-15.789473684210527 6.315789473684211 0 nan nan 0 0
-15.789473684210527 6.842105263157895 0 nan nan 0 0
-15.789473684210527 7.368421052631579 0 nan nan 0 0
-15.789473684210527 7.894736842105263 0 nan nan 0 0
-15.789473684210527 8.421052631578947 0 nan nan 0 0
-15.789473684210527 8.947368421052632 0 nan nan 0 0
-15.789473684210527 9.473684210526315 0 nan nan 0 0
-14.210526315789474 -9.473684210526315 0 nan nan 0 0
-14.210526315789474 -8.947368421052632 0 nan nan 0 0
-14.210526315789474 -8.421052631578947 0 nan nan 0 0
-14.210526315789474 -7.894736842105263 0 nan nan 0 0
-14.210526315789474 -7.368421052631579 0 nan nan 0 0
-14.210526315789474 -6.842105263157895 0 nan nan 0 0
-14.210526315789474 -6.315789473684211 0 nan nan 0 0
-14.210526315789474 -5.789473684210526 0 nan nan 0 0
-14.210526315789474 -5.263157894736842 0 nan nan 0 0
-14.210526315789474 -4.7368421052631575 0 nan nan 0 0
-14.210526315789474 -4.2105263157894735 0 nan nan 0 0
-14.210526315789474 -3.6842105263157894 0 nan nan 0 0
-14.210526315789474 -3.1578947368421053 0 nan nan 0 0
-14.210526315789474 -2.631578947368421 0 nan nan 0 0
-14.210526315789474 -2.1052631578947367 0 nan nan 0 0
-14.210526315789474 -1.5789473684210527 0 nan nan 0 0
-14.210526315789474 -1.0526315789473684 1 nan nan 0 0
-14.210526315789474 -0.5263157894736842 1 nan nan 0 0
-14.210526315789474 -0.0 1 nan nan 0 0
-14.210526315789474 0.0 1 nan nan 0 0
-14.210526315789474 0.5263157894736842 1 nan nan 0 0
-14.210526315789474 1.0526315789473684 1 nan nan 0 0
-14.210526315789474 1.5789473684210527 0 nan nan 0 0
-14.210526315789474 2.1052631578947367 0 nan nan 0 0
-14.210526315789474 2.631578947368421 0 nan nan 0 0
-14.210526315789474 3.1578947368421053 0 nan nan 0 0
-14.210526315789474 3.6842105263157894 0 nan nan 0 0
-14.210526315789474 4.2105263157894735 0 nan nan 0 0
-14.210526315789474 4.7368421052631575 0 nan nan 0 0
-14.210526315789474 5.263157894736842 0 nan nan 0 0
-14.210526315789474 5.789473684210526 0 nan nan 0 0
-14.210526315789474 6.315789473684211 0 nan nan 0 0
-14.210526315789474 6.842105263157895 0 nan nan 0 0
-14.210526315789474 7.368421052631579 0 nan nan 0 0
-14.210526315789474 7.894736842105263 0 nan nan 0 0
-14.210526315789474 8.421052631578947 0 nan nan 0 0
-14.210526315789474 8.947368421052632 0 nan nan 0 0
-14.210526315789474 9.473684210526315 0 nan nan 0 0
-12.631578947368421 -9.473684210526315 0 nan nan 0 0
-12.631578947368421 -8.947368421052632 0 nan nan 0 0
-12.631578947368421 -8.421052631578947 0 nan nan 0 0
-12.631578947368421 -7.894736842105263 0 nan nan 0 0
-12.631578947368421 -7.368421052631579 0 nan nan 0 0
-12.631578947368421 -6.842105263157895 0 nan nan 0 0
-12.631578947368421 -6.315789473684211 0 nan nan 0 0
-12.631578947368421 -5.789473684210526 0 nan nan 0 0
-12.631578947368421 -5.263157894736842 0 nan nan 0 0
-12.631578947368421 -4.7368421052631575 0 nan nan 0 0
-12.631578947368421 -4.2105263157894735 0 nan nan 0 0
-12.631578947368421 -3.6842105263157894 0 nan nan 0 0
-12.631578947368421 -3.1578947368421053 0 nan nan 0 0
-12.631578947368421 -2.631578947368421 0 nan nan 0 0
-12.631578947368421 -2.1052631578947367 0 nan nan 0 0
-12.631578947368421 -1.5789473684210527 0 nan nan 0 0
-12.631578947368421 -1.0526315789473684 1 nan nan 0 0
-12.631578947368421 -0.5263157894736842 1 nan nan 0 0
-12.631578947368421 -0.0 1 nan nan 0 0
-12.631578947368421 0.0 1 nan nan 0 0
-12.631578947368421 0.5263157894736842 1 nan nan 0 0
-12.631578947368421 1.0526315789473684 1 nan nan 0 0
-12.631578947368421 1.5789473684210527 0 nan nan 0 0
-12.631578947368421 2.1052631578947367 0 nan nan 0 0
-12.631578947368421 2.631578947368421 0 nan nan 0 0
-12.631578947368421 3.1578947368421053 0 nan nan 0 0
-12.631578947368421 3.6842105263157894 0 nan nan 0 0
-12.631578947368421 4.2105263157894735 0 nan nan 0 0
-12.631578947368421 4.7368421052631575 0 nan nan 0 0
-12.631578947368421 5.263157894736842 0 nan nan 0 0
-12.631578947368421 5.789473684210526 0 nan nan 0 0
-12.631578947368421 6.315789473684211 0 nan nan 0 0
-12.631578947368421 6.842105263157895 0 nan nan 0 0
-12.631578947368421 7.368421052631579 0 nan nan 0 0
-12.631578947368421 7.894736842105263 0 nan nan 0 0
-12.631578947368421 8.421052631578947 0 nan nan 0 0
-12.631578947368421 8.947368421052632 0 nan nan 0 0
-12.631578947368421 9.473684210526315 0 nan nan 0 0
-11.052631578947368 -9.473684210526315 0 nan nan 0 0
-11.052631578947368 -8.947368421052632 0 nan nan 0 0
-11.052631578947368 -8.421052631578947 0 nan nan 0 0
-11.052631578947368 -7.894736842105263 0 nan nan 0 0
-11.052631578947368 -7.368421052631579 0 nan nan 0 0
-11.052631578947368 -6.842105263157895 0 nan nan 0 0
-11.052631578947368 -6.315789473684211 0 nan nan 0 0
-11.052631578947368 -5.789473684210526 0 nan nan 0 0
-11.052631578947368 -5.263157894736842 0 nan nan 0 0
-11.052631578947368 -4.7368421052631575 0 nan nan 0 0
-11.052631578947368 -4.2105263157894735 0 nan nan 0 0
-11.052631578947368 -3.6842105263157894 0 nan nan 0 0
-11.052631578947368 -3.1578947368421053 0 nan nan 0 0
-11.052631578947368 -2.631578947368421 0 nan nan 0 0
-11.052631578947368 -2.1052631578947367 0 nan nan 0 0
-11.052631578947368 -1.5789473684210527 1 nan nan 0 0
-11.052631578947368 -1.0526315789473684 1 nan nan 0 0
-11.052631578947368 -0.5263157894736842 1 nan nan 0 0
-11.052631578947368 -0.0 1 nan nan 0 0
-11.052631578947368 0.0 1 nan nan 0 0
-11.052631578947368 0.5263157894736842 1 nan nan 0 0
-11.052631578947368 1.0526315789473684 1 nan nan 0 0
-11.052631578947368 1.5789473684210527 1 nan nan 0 0
-11.052631578947368 2.1052631578947367 0 nan nan 0 0
-11.052631578947368 2.631578947368421 0 nan nan 0 0
-11.052631578947368 3.1578947368421053 0 nan nan 0 0
-11.052631578947368 3.6842105263157894 0 nan nan 0 0
-11.052631578947368 4.2105263157894735 0 nan nan 0 0
-11.052631578947368 4.7368421052631575 0 nan nan 0 0
-11.052631578947368 5.263157894736842 0 nan nan 0 0
-11.052631578947368 5.789473684210526 0 nan nan 0 0
-11.052631578947368 6.315789473684211 0 nan nan 0 0
-11.052631578947368 6.842105263157895 0 nan nan 0 0
-11.052631578947368 7.368421052631579 0 nan nan 0 0
-11.052631578947368 7.894736842105263 0 nan nan 0 0
-11.052631578947368 8.421052631578947 0 nan nan 0 0
-11.052631578947368 8.947368421052632 0 nan nan 0 0
-11.052631578947368 9.473684210526315 0 nan nan 0 0
-9.473684210526315 -9.473684210526315 0 nan nan 0 0
-9.473684210526315 -8.947368421052632 0 nan nan 0 0
-9.473684210526315 -8.421052631578947 0 nan nan 0 0
-9.473684210526315 -7.894736842105263 0 nan nan 0 0
-9.473684210526315 -7.368421052631579 0 nan nan 0 0
-9.473684210526315 -6.842105263157895 0 nan nan 0 0
-9.473684210526315 -6.315789473684211 0 nan nan 0 0
-9.473684210526315 -5.789473684210526 0 nan nan 0 0
-9.473684210526315 -5.263157894736842 0 nan nan 0 0
-9.473684210526315 -4.7368421052631575 0 nan nan 0 0
-9.473684210526315 -4.2105263157894735 0 nan nan 0 0
-9.473684210526315 -3.6842105263157894 0 nan nan 0 0
-9.473684210526315 -3.1578947368421053 0 nan nan 0 0
-9.473684210526315 -2.631578947368421 0 nan nan 0 0
-9.473684210526315 -2.1052631578947367 0 nan nan 0 0
-9.473684210526315 -1.5789473684210527 1 nan nan 0 0
-9.473684210526315 -1.0526315789473684 1 nan nan 0 0
-9.473684210526315 -0.5263157894736842 1 nan nan 0 0
-9.473684210526315 -0.0 1 nan nan 0 0
-9.473684210526315 0.0 1 nan nan 0 0
-9.473684210526315 0.5263157894736842 1 nan nan 0 0
-9.473684210526315 1.0526315789473684 1 nan nan 0 0
-9.473684210526315 1.5789473684210527 1 nan nan 0 0
-9.473684210526315 2.1052631578947367 0 nan nan 0 0
-9.473684210526315 2.631578947368421 0 nan nan 0 0
-9.473684210526315 3.1578947368421053 0 nan nan 0 0
-9.473684210526315 3.6842105263157894 0 nan nan 0 0
-9.473684210526315 4.2105263157894735 0 nan nan 0 0
-9.473684210526315 4.7368421052631575 0 nan nan 0 0
-9.473684210526315 5.263157894736842 0 nan nan 0 0
-9.473684210526315 5.789473684210526 0 nan nan 0 0
-9.473684210526315 6.315789473684211 0 nan nan 0 0
-9.473684210526315 6.842105263157895 0 nan nan 0 0
-9.473684210526315 7.368421052631579 0 nan nan 0 0
-9.473684210526315 7.894736842105263 0 nan nan 0 0
-9.473684210526315 8.421052631578947 0 nan nan 0 0
-9.473684210526315 8.947368421052632 0 nan nan 0 0
-9.473684210526315 9.473684210526315 0 nan nan 0 0
-7.894736842105264 -9.473684210526315 0 nan nan 0 0
-7.894736842105264 -8.947368421052632 0 nan nan 0 0
-7.894736842105264 -8.421052631578947 0 nan nan 0 0
-7.894736842105264 -7.894736842105263 0 nan nan 0 0
-7.894736842105264 -7.368421052631579 0 nan nan 0 0
-7.894736842105264 -6.842105263157895 0 nan nan 0 0
-7.894736842105264 -6.315789473684211 0 nan nan 0 0
-7.894736842105264 -5.789473684210526 0 nan nan 0 0
-7.894736842105264 -5.263157894736842 0 nan nan 0 0
-7.894736842105264 -4.7368421052631575 0 nan nan 0 0
-7.894736842105264 -4.2105263157894735 0 nan nan 0 0
-7.894736842105264 -3.6842105263157894 0 nan nan 0 0
-7.894736842105264 -3.1578947368421053 0 nan nan 0 0
-7.894736842105264 -2.631578947368421 0 nan nan 0 0
-7.894736842105264 -2.1052631578947367 0 nan nan 0 0
-7.894736842105264 -1.5789473684210527 1 nan nan 0 0
-7.894736842105264 -1.0526315789473684 1 nan nan 0 0
-7.894736842105264 -0.5263157894736842 1 nan nan 0 0
-7.894736842105264 -0.0 1 nan nan 0 0
-7.894736842105264 0.0 1 nan nan 0 0
-7.894736842105264 0.5263157894736842 1 nan nan 0 0
-7.894736842105264 1.0526315789473684 1 nan nan 0 0
-7.894736842105264 1.5789473684210527 1 nan nan 0 0
-7.894736842105264 2.1052631578947367 0 nan nan 0 0
-7.894736842105264 2.631578947368421 0 nan nan 0 0
-7.894736842105264 3.1578947368421053 0 nan nan 0 0
-7.894736842105264 3.6842105263157894 0 nan nan 0 0
-7.894736842105264 4.2105263157894735 0 nan nan 0 0
-7.894736842105264 4.7368421052631575 0 nan nan 0 0
-7.894736842105264 5.263157894736842 0 nan nan 0 0
-7.894736842105264 5.789473684210526 0 nan nan 0 0
-7.894736842105264 6.315789473684211 0 nan nan 0 0
-7.894736842105264 6.842105263157895 0 nan nan 0 0
-7.894736842105264 7.368421052631579 0 nan nan 0 0
-7.894736842105264 7.894736842105263 0 nan nan 0 0
-7.894736842105264 8.421052631578947 0 nan nan 0 0
-7.894736842105264 8.947368421052632 0 nan nan 0 0
-7.894736842105264 9.473684210526315 0 nan nan 0 0
-6.315789473684211 -9.473684210526315 0 nan nan 0 0
-6.315789473684211 -8.947368421052632 0 nan nan 0 0
-6.315789473684211 -8.421052631578947 0 nan nan 0 0
-6.315789473684211 -7.894736842105263 0 nan nan 0 0
-6.315789473684211 -7.368421052631579 0 nan nan 0 0
-6.315789473684211 -6.842105263157895 0 nan nan 0 0
-6.315789473684211 -6.315789473684211 0 nan nan 0 0
-6.315789473684211 -5.789473684210526 0 nan nan 0 0
-6.315789473684211 -5.263157894736842 0 nan nan 0 0
-6.315789473684211 -4.7368421052631575 0 nan nan 0 0
-6.315789473684211 -4.2105263157894735 0 nan nan 0 0
-6.315789473684211 -3.6842105263157894 0 nan nan 0 0
-6.315789473684211 -3.1578947368421053 0 nan nan 0 0
-6.315789473684211 -2.631578947368421 0 nan nan 0 0
-6.315789473684211 -2.1052631578947367 0 nan nan 0 0
-6.315789473684211 -1.5789473684210527 1 nan nan 0 0
-6.315789473684211 -1.0526315789473684 1 nan nan 0 0
-6.315789473684211 -0.5263157894736842 1 nan nan 0 0
-6.315789473684211 -0.0 1 nan nan 0 0
-6.315789473684211 0.0 1 nan nan 0 0
-6.315789473684211 0.5263157894736842 1 nan nan 0 0
-6.315789473684211 1.0526315789473684 1 nan nan 0 0
-6.315789473684211 1.5789473684210527 1 nan nan 0 0
-6.315789473684211 2.1052631578947367 0 nan nan 0 0
-6.315789473684211 2.631578947368421 0 nan nan 0 0
-6.315789473684211 3.1578947368421053 0 nan nan 0 0
-6.315789473684211 3.6842105263157894 0 nan nan 0 0
-6.315789473684211 4.2105263157894735 0 nan nan 0 0
-6.315789473684211 4.7368421052631575 0 nan nan 0 0
-6.315789473684211 5.263157894736842 0 nan nan 0 0
-6.315789473684211 5.789473684210526 0 nan nan 0 0
-6.315789473684211 6.315789473684211 0 nan nan 0 0
-6.315789473684211 6.842105263157895 0 nan nan 0 0
-6.315789473684211 7.368421052631579 0 nan nan 0 0
-6.315789473684211 7.894736842105263 0 nan nan 0 0
-6.315789473684211 8.421052631578947 0 nan nan 0 0
-6.315789473684211 8.947368421052632 0 nan nan 0 0
-6.315789473684211 9.473684210526315 0 nan nan 0 0
-4.7368421052631575 -9.473684210526315 0 nan nan 0 0
-4.7368421052631575 -8.947368421052632 0 nan nan 0 0
-4.7368421052631575 -8.421052631578947 0 nan nan 0 0
-4.7368421052631575 -7.894736842105263 0 nan nan 0 0
-4.7368421052631575 -7.368421052631579 0 nan nan 0 0
-4.7368421052631575 -6.842105263157895 0 nan nan 0 0
-4.7368421052631575 -6.315789473684211 0 nan nan 0 0
-4.7368421052631575 -5.789473684210526 0 nan nan 0 0
-4.7368421052631575 -5.263157894736842 0 nan nan 0 0
-4.7368421052631575 -4.7368421052631575 0 nan nan 0 0
-4.7368421052631575 -4.2105263157894735 0 nan nan 0 0
-4.7368421052631575 -3.6842105263157894 0 nan nan 0 0
-4.7368421052631575 -3.1578947368421053 0 nan nan 0 0
-4.7368421052631575 -2.631578947368421 0 nan nan 0 0
-4.7368421052631575 -2.1052631578947367 0 nan nan 0 0
-4.7368421052631575 -1.5789473684210527 1 nan nan 0 0
-4.7368421052631575 -1.0526315789473684 1 nan nan 0 0
-4.7368421052631575 -0.5263157894736842 1 nan nan 0 0
-4.7368421052631575 -0.0 1 nan nan 0 0
-4.7368421052631575 0.0 1 nan nan 0 0
-4.7368421052631575 0.5263157894736842 1 nan nan 0 0
-4.7368421052631575 1.0526315789473684 1 nan nan 0 0
-4.7368421052631575 1.5789473684210527 1 nan nan 0 0
-4.7368421052631575 2.1052631578947367 0 nan nan 0 0
-4.7368421052631575 2.631578947368421 0 nan nan 0 0
-4.7368421052631575 3.1578947368421053 0 nan nan 0 0
-4.7368421052631575 3.6842105263157894 0 nan nan 0 0
-4.7368421052631575 4.2105263157894735 0 nan nan 0 0
-4.7368421052631575 4.7368421052631575 0 nan nan 0 0
-4.7368421052631575 5.263157894736842 0 nan nan 0 0
-4.7368421052631575 5.789473684210526 0 nan nan 0 0
-4.7368421052631575 6.315789473684211 0 nan nan 0 0
-4.7368421052631575 6.842105263157895 0 nan nan 0 0
-4.7368421052631575 7.368421052631579 0 nan nan 0 0
-4.7368421052631575 7.894736842105263 0 nan nan 0 0
-4.7368421052631575 8.421052631578947 0 nan nan 0 0
-4.7368421052631575 8.947368421052632 0 nan nan 0 0
-4.7368421052631575 9.473684210526315 0 nan nan 0 0
-3.1578947368421053 -9.473684210526315 0 nan nan 0 0
-3.1578947368421053 -8.947368421052632 0 nan nan 0 0
-3.1578947368421053 -8.421052631578947 0 nan nan 0 0
-3.1578947368421053 -7.894736842105263 0 nan nan 0 0
-3.1578947368421053 -7.368421052631579 0 nan nan 0 0
-3.1578947368421053 -6.842105263157895 0 nan nan 0 0
-3.1578947368421053 -6.315789473684211 0 nan nan 0 0
-3.1578947368421053 -5.789473684210526 0 nan nan 0 0
-3.1578947368421053 -5.263157894736842 0 nan nan 0 0
-3.1578947368421053 -4.7368421052631575 0 nan nan 0 0
-3.1578947368421053 -4.2105263157894735 0 nan nan 0 0
-3.1578947368421053 -3.6842105263157894 0 nan nan 0 0
-3.1578947368421053 -3.1578947368421053 0 nan nan 0 0
-3.1578947368421053 -2.631578947368421 0 nan nan 0 0
-3.1578947368421053 -2.1052631578947367 0 nan nan 0 0
-3.1578947368421053 -1.5789473684210527 1 nan nan 0 0
-3.1578947368421053 -1.0526315789473684 1 nan nan 0 0
-3.1578947368421053 -0.5263157894736842 1 nan nan 0 0
-3.1578947368421053 -0.0 1 nan nan 0 0
-3.1578947368421053 0.0 1 nan nan 0 0
-3.1578947368421053 0.5263157894736842 1 nan nan 0 0
-3.1578947368421053 1.0526315789473684 1 nan nan 0 0
-3.1578947368421053 1.5789473684210527 1 nan nan 0 0
-3.1578947368421053 2.1052631578947367 0 nan nan 0 0
-3.1578947368421053 2.631578947368421 0 nan nan 0 0
-3.1578947368421053 3.1578947368421053 0 nan nan 0 0
-3.1578947368421053 3.6842105263157894 0 nan nan 0 0
-3.1578947368421053 4.2105263157894735 0 nan nan 0 0
-3.1578947368421053 4.7368421052631575 0 nan nan 0 0
-3.1578947368421053 5.263157894736842 0 nan nan 0 0
-3.1578947368421053 5.789473684210526 0 nan nan 0 0
-3.1578947368421053 6.315789473684211 0 nan nan 0 0
-3.1578947368421053 6.842105263157895 0 nan nan 0 0
-3.1578947368421053 7.368421052631579 0 nan nan 0 0
-3.1578947368421053 7.894736842105263 0 nan nan 0 0
-3.1578947368421053 8.421052631578947 0 nan nan 0 0
-3.1578947368421053 8.947368421052632 0 nan nan 0 0
-3.1578947368421053 9.473684210526315 0 nan nan 0 0
-1.5789473684210527 -9.473684210526315 0 nan nan 0 0
-1.5789473684210527 -8.947368421052632 0 nan nan 0 0
-1.5789473684210527 -8.421052631578947 0 nan nan 0 0
-1.5789473684210527 -7.894736842105263 0 nan nan 0 0
-1.5789473684210527 -7.368421052631579 0 nan nan 0 0
-1.5789473684210527 -6.842105263157895 0 nan nan 0 0
-1.5789473684210527 -6.315789473684211 0 nan nan 0 0
-1.5789473684210527 -5.789473684210526 0 nan nan 0 0
-1.5789473684210527 -5.263157894736842 0 nan nan 0 0
-1.5789473684210527 -4.7368421052631575 0 nan nan 0 0
-1.5789473684210527 -4.2105263157894735 0 nan nan 0 0
-1.5789473684210527 -3.6842105263157894 0 nan nan 0 0
-1.5789473684210527 -3.1578947368421053 0 nan nan 0 0
-1.5789473684210527 -2.631578947368421 0 nan nan 0 0
-1.5789473684210527 -2.1052631578947367 0 nan nan 0 0
-1.5789473684210527 -1.5789473684210527 1 nan nan 0 0
-1.5789473684210527 -1.0526315789473684 1 nan nan 0 0
-1.5789473684210527 -0.5263157894736842 1 nan nan 0 0
-1.5789473684210527 -0.0 1 nan nan 0 0
-1.5789473684210527 0.0 1 nan nan 0 0
-1.5789473684210527 0.5263157894736842 1 nan nan 0 0
-1.5789473684210527 1.0526315789473684 1 nan nan 0 0
-1.5789473684210527 1.5789473684210527 1 nan nan 0 0
-1.5789473684210527 2.1052631578947367 0 nan nan 0 0
-1.5789473684210527 2.631578947368421 0 nan nan 0 0
-1.5789473684210527 3.1578947368421053 0 nan nan 0 0
-1.5789473684210527 3.6842105263157894 0 nan nan 0 0
-1.5789473684210527 4.2105263157894735 0 nan nan 0 0
-1.5789473684210527 4.7368421052631575 0 nan nan 0 0
-1.5789473684210527 5.263157894736842 0 nan nan 0 0
-1.5789473684210527 5.789473684210526 0 nan nan 0 0
-1.5789473684210527 6.315789473684211 0 nan nan 0 0
-1.5789473684210527 6.842105263157895 0 nan nan 0 0
-1.5789473684210527 7.368421052631579 0 nan nan 0 0
-1.5789473684210527 7.894736842105263 0 nan nan 0 0
-1.5789473684210527 8.421052631578947 0 nan nan 0 0
-1.5789473684210527 8.947368421052632 0 nan nan 0 0
-1.5789473684210527 9.473684210526315 0 nan nan 0 0
-0.0 -9.473684210526315 0 nan nan 0 0
-0.0 -8.947368421052632 0 nan nan 0 0
-0.0 -8.421052631578947 0 nan nan 0 0
-0.0 -7.894736842105263 0 nan nan 0 0
-0.0 -7.368421052631579 0 nan nan 0 0
-0.0 -6.842105263157895 0 nan nan 0 0
-0.0 -6.315789473684211 0 nan nan 0 0
-0.0 -5.789473684210526 0 nan nan 0 0
-0.0 -5.263157894736842 0 nan nan 0 0
-0.0 -4.7368421052631575 0 nan nan 0 0
-0.0 -4.2105263157894735 0 nan nan 0 0
-0.0 -3.6842105263157894 0 nan nan 0 0
-0.0 -3.1578947368421053 0 nan nan 0 0
-0.0 -2.631578947368421 0 nan nan 0 0
-0.0 -2.1052631578947367 0 nan nan 0 0
-0.0 -1.5789473684210527 0 nan nan 0 0
-0.0 -1.0526315789473684 1 nan nan 0 0
-0.0 -0.5263157894736842 1 nan nan 0 0
-0.0 -0.0 1 nan nan 0 0
-0.0 0.0 1 nan nan 0 0
-0.0 0.5263157894736842 1 nan nan 0 0
-0.0 1.0526315789473684 1 nan nan 0 0
-0.0 1.5789473684210527 0 nan nan 0 0
-0.0 2.1052631578947367 0 nan nan 0 0
-0.0 2.631578947368421 0 nan nan 0 0
-0.0 3.1578947368421053 0 nan nan 0 0
-0.0 3.6842105263157894 0 nan nan 0 0
-0.0 4.2105263157894735 0 nan nan 0 0
-0.0 4.7368421052631575 0 nan nan 0 0
-0.0 5.263157894736842 0 nan nan 0 0
-0.0 5.789473684210526 0 nan nan 0 0
-0.0 6.315789473684211 0 nan nan 0 0
-0.0 6.842105263157895 0 nan nan 0 0
-0.0 7.368421052631579 0 nan nan 0 0
-0.0 7.894736842105263 0 nan nan 0 0
-0.0 8.421052631578947 0 nan nan 0 0
-0.0 8.947368421052632 0 nan nan 0 0
-0.0 9.473684210526315 0 nan nan 0 0
0.0 -9.473684210526315 0 nan nan 0 0
0.0 -8.947368421052632 0 nan nan 0 0
0.0 -8.421052631578947 0 nan nan 0 0
0.0 -7.894736842105263 0 nan nan 0 0
0.0 -7.368421052631579 0 nan nan 0 0
0.0 -6.842105263157895 0 nan nan 0 0
0.0 -6.315789473684211 0 nan nan 0 0
0.0 -5.789473684210526 0 nan nan 0 0
0.0 -5.263157894736842 0 nan nan 0 0
0.0 -4.7368421052631575 0 nan nan 0 0
0.0 -4.2105263157894735 0 nan nan 0 0
0.0 -3.6842105263157894 0 nan nan 0 0
0.0 -3.1578947368421053 0 nan nan 0 0
0.0 -2.631578947368421 0 nan nan 0 0
0.0 -2.1052631578947367 0 nan nan 0 0
0.0 -1.5789473684210527 0 nan nan 0 0
0.0 -1.0526315789473684 1 nan nan 0 0
0.0 -0.5263157894736842 1 nan nan 0 0
0.0 -0.0 1 nan nan 0 0
0.0 0.0 1 nan nan 0 0
0.0 0.5263157894736842 1 nan nan 0 0
0.0 1.0526315789473684 1 nan nan 0 0
0.0 1.5789473684210527 0 nan nan 0 0
0.0 2.1052631578947367 0 nan nan 0 0
0.0 2.631578947368421 0 nan nan 0 0
0.0 3.1578947368421053 0 nan nan 0 0
0.0 3.6842105263157894 0 nan nan 0 0
0.0 4.2105263157894735 0 nan nan 0 0
0.0 4.7368421052631575 0 nan nan 0 0
0.0 5.263157894736842 0 nan nan 0 0
0.0 5.789473684210526 0 nan nan 0 0
0.0 6.315789473684211 0 nan nan 0 0
0.0 6.842105263157895 0 nan nan 0 0
0.0 7.368421052631579 0 nan nan 0 0
0.0 7.894736842105263 0 nan nan 0 0
0.0 8.421052631578947 0 nan nan 0 0
0.0 8.947368421052632 0 nan nan 0 0
0.0 9.473684210526315 0 nan nan 0 0
1.5789473684210527 -9.473684210526315 0 nan nan 0 0
1.5789473684210527 -8.947368421052632 0 nan nan 0 0
1.5789473684210527 -8.421052631578947 0 nan nan 0 0
1.5789473684210527 -7.894736842105263 0 nan nan 0 0
1.5789473684210527 -7.368421052631579 0 nan nan 0 0
1.5789473684210527 -6.842105263157895 0 nan nan 0 0
1.5789473684210527 -6.315789473684211 0 nan nan 0 0
1.5789473684210527 -5.789473684210526 0 nan nan 0 0
1.5789473684210527 -5.263157894736842 0 nan nan 0 0
1.5789473684210527 -4.7368421052631575 0 nan nan 0 0
1.5789473684210527 -4.2105263157894735 0 nan nan 0 0
1.5789473684210527 -3.6842105263157894 0 nan nan 0 0
1.5789473684210527 -3.1578947368421053 0 nan nan 0 0
1.5789473684210527 -2.631578947368421 0 nan nan 0 0
1.5789473684210527 -2.1052631578947367 0 nan nan 0 0
1.5789473684210527 -1.5789473684210527 0 nan nan 0 0
1.5789473684210527 -1.0526315789473684 1 nan nan 0 -0.11320369166660216
1.5789473684210527 -0.5263157894736842 1 nan nan 0 -0.11320369166660216
1.5789473684210527 -0.0 1 nan nan 0 -0.11320369166660216
1.5789473684210527 0.0 1 nan nan 0 -0.11320369166660216
1.5789473684210527 0.5263157894736842 1 nan nan 0 -0.11320369166660216
1.5789473684210527 1.0526315789473684 0 nan nan 0 0
1.5789473684210527 1.5789473684210527 0 nan nan 0 0
1.5789473684210527 2.1052631578947367 0 nan nan 0 0
1.5789473684210527 2.631578947368421 0 nan nan 0 0
1.5789473684210527 3.1578947368421053 0 nan nan 0 0
1.5789473684210527 3.6842105263157894 0 nan nan 0 0
1.5789473684210527 4.2105263157894735 0 nan nan 0 0
1.5789473684210527 4.7368421052631575 0 nan nan 0 0
1.5789473684210527 5.263157894736842 0 nan nan 0 0
1.5789473684210527 5.789473684210526 0 nan nan 0 0
1.5789473684210527 6.315789473684211 0 nan nan 0 0
1.5789473684210527 6.842105263157895 0 nan nan 0 0
1.5789473684210527 7.368421052631579 0 nan nan 0 0
1.5789473684210527 7.894736842105263 0 nan nan 0 0
1.5789473684210527 8.421052631578947 0 nan nan 0 0
1.5789473684210527 8.947368421052632 0 nan nan 0 0
1.5789473684210527 9.473684210526315 0 nan nan 0 0
3.1578947368421053 -9.473684210526315 0 nan nan 0 0
3.1578947368421053 -8.947368421052632 0 nan nan 0 0
3.1578947368421053 -8.421052631578947 0 nan nan 0 0
3.1578947368421053 -7.894736842105263 0 nan nan 0 0
3.1578947368421053 -7.368421052631579 0 nan nan 0 0
3.1578947368421053 -6.842105263157895 0 nan nan 0 0
3.1578947368421053 -6.315789473684211 0 nan nan 0 0
3.1578947368421053 -5.789473684210526 0 nan nan 0 0
3.1578947368421053 -5.263157894736842 0 nan nan 0 0
3.1578947368421053 -4.7368421052631575 0 nan nan 0 0
3.1578947368421053 -4.2105263157894735 0 nan nan 0 0
3.1578947368421053 -3.6842105263157894 0 nan nan 0 0
3.1578947368421053 -3.1578947368421053 0 nan nan 0 0
3.1578947368421053 -2.631578947368421 0 nan nan 0 0
3.1578947368421053 -2.1052631578947367 0 nan nan 0 0
3.1578947368421053 -1.5789473684210527 0 nan nan 0 0
3.1578947368421053 -1.0526315789473684 1 nan nan 0 0.11956965204608105
3.1578947368421053 -0.5263157894736842 1 nan nan 0 0.11956965204608105
3.1578947368421053 -0.0 1 nan nan 0 0.11956965204608105
3.1578947368421053 0.0 1 nan nan 0 0.11956965204608105
3.1578947368421053 0.5263157894736842 1 nan nan 0 0.11956965204608105
3.1578947368421053 1.0526315789473684 0 nan nan 0 0
3.1578947368421053 1.5789473684210527 0 nan nan 0 0
3.1578947368421053 2.1052631578947367 0 nan nan 0 0
3.1578947368421053 2.631578947368421 0 nan nan 0 0
3.1578947368421053 3.1578947368421053 0 nan nan 0 0
3.1578947368421053 3.6842105263157894 0 nan nan 0 0
3.1578947368421053 4.2105263157894735 0 nan nan 0 0
3.1578947368421053 4.7368421052631575 0 nan nan 0 0
3.1578947368421053 5.263157894736842 0 nan nan 0 0
3.1578947368421053 5.789473684210526 0 nan nan 0 0
3.1578947368421053 6.315789473684211 0 nan nan 0 0
3.1578947368421053 6.842105263157895 0 nan nan 0 0
3.1578947368421053 7.368421052631579 0 nan nan 0 0
3.1578947368421053 7.894736842105263 0 nan nan 0 0
3.1578947368421053 8.421052631578947 0 nan nan 0 0
3.1578947368421053 8.947368421052632 0 nan nan 0 0
3.1578947368421053 9.473684210526315 0 nan nan 0 0
4.7368421052631575 -9.473684210526315 0 nan nan 0 0
4.7368421052631575 -8.947368421052632 0 nan nan 0 0
4.7368421052631575 -8.421052631578947 0 nan nan 0 0
4.7368421052631575 -7.894736842105263 0 nan nan 0 0
4.7368421052631575 -7.368421052631579 0 nan nan 0 0
4.7368421052631575 -6.842105263157895 0 nan nan 0 0
4.7368421052631575 -6.315789473684211 0 nan nan 0 0
4.7368421052631575 -5.789473684210526 0 nan nan 0 0
4.7368421052631575 -5.263157894736842 0 nan nan 0 0
4.7368421052631575 -4.7368421052631575 0 nan nan 0 0
4.7368421052631575 -4.2105263157894735 0 nan nan 0 0
4.7368421052631575 -3.6842105263157894 0 nan nan 0 0
4.7368421052631575 -3.1578947368421053 0 nan nan 0 0
4.7368421052631575 -2.631578947368421 0 nan nan 0 0
4.7368421052631575 -2.1052631578947367 0 nan nan 0 0
4.7368421052631575 -1.5789473684210527 0 nan nan 0 0
4.7368421052631575 -1.0526315789473684 0 nan nan 0 0
4.7368421052631575 -0.5263157894736842 1 nan nan 0 0.424487742910742
4.7368421052631575 -0.0 1 nan nan 0 0.424487742910742
4.7368421052631575 0.0 1 nan nan 0 0.424487742910742
4.7368421052631575 0.5263157894736842 1 nan nan 0 0.424487742910742
4.7368421052631575 1.0526315789473684 1 nan nan 0 0.424487742910742
4.7368421052631575 1.5789473684210527 0 nan nan 0 0
4.7368421052631575 2.1052631578947367 0 nan nan 0 0
4.7368421052631575 2.631578947368421 0 nan nan 0 0
4.7368421052631575 3.1578947368421053 0 nan nan 0 0
4.7368421052631575 3.6842105263157894 0 nan nan 0 0
4.7368421052631575 4.2105263157894735 0 nan nan 0 0
4.7368421052631575 4.7368421052631575 0 nan nan 0 0
4.7368421052631575 5.263157894736842 0 nan nan 0 0
4.7368421052631575 5.789473684210526 0 nan nan 0 0
4.7368421052631575 6.315789473684211 0 nan nan 0 0
4.7368421052631575 6.842105263157895 0 nan nan 0 0
4.7368421052631575 7.368421052631579 0 nan nan 0 0
4.7368421052631575 7.894736842105263 0 nan nan 0 0
4.7368421052631575 8.421052631578947 0 nan nan 0 0
4.7368421052631575 8.947368421052632 0 nan nan 0 0
4.7368421052631575 9.473684210526315 0 nan nan 0 0
6.315789473684211 -9.473684210526315 0 nan nan 0 0
6.315789473684211 -8.947368421052632 0 nan nan 0 0
6.315789473684211 -8.421052631578947 0 nan nan 0 0
6.315789473684211 -7.894736842105263 0 nan nan 0 0
6.315789473684211 -7.368421052631579 0 nan nan 0 0
6.315789473684211 -6.842105263157895 0 nan nan 0 0
6.315789473684211 -6.315789473684211 0 nan nan 0 0
6.315789473684211 -5.789473684210526 0 nan nan 0 0
6.315789473684211 -5.263157894736842 0 nan nan 0 0
6.315789473684211 -4.7368421052631575 0 nan nan 0 0
6.315789473684211 -4.2105263157894735 0 nan nan 0 0
6.315789473684211 -3.6842105263157894 0 nan nan 0 0
6.315789473684211 -3.1578947368421053 0 nan nan 0 0
6.315789473684211 -2.631578947368421 0 nan nan 0 0
6.315789473684211 -2.1052631578947367 0 nan nan 0 0
6.315789473684211 -1.5789473684210527 0 nan nan 0 0
6.315789473684211 -1.0526315789473684 0 nan nan 0 0
6.315789473684211 -0.5263157894736842 0 nan nan 0 0
6.315789473684211 -0.0 0 nan nan 0 0
6.315789473684211 0.0 0 nan nan 0 0
6.315789473684211 0.5263157894736842 1 nan nan 0 0.37993734531033124
6.315789473684211 1.0526315789473684 1 nan nan 0 0.37993734531033124
6.315789473684211 1.5789473684210527 1 nan nan 0 0.37993734531033124
6.315789473684211 2.1052631578947367 0 nan nan 0 0
6.315789473684211 2.631578947368421 0 nan nan 0 0
6.315789473684211 3.1578947368421053 0 nan nan 0 0
6.315789473684211 3.6842105263157894 0 nan nan 0 0
6.315789473684211 4.2105263157894735 0 nan nan 0 0
6.315789473684211 4.7368421052631575 0 nan nan 0 0
6.315789473684211 5.263157894736842 0 nan nan 0 0
6.315789473684211 5.789473684210526 0 nan nan 0 0
6.315789473684211 6.315789473684211 0 nan nan 0 0
6.315789473684211 6.842105263157895 0 nan nan 0 0
6.315789473684211 7.368421052631579 0 nan nan 0 0
6.315789473684211 7.894736842105263 0 nan nan 0 0
6.315789473684211 8.421052631578947 0 nan nan 0 0
6.315789473684211 8.947368421052632 0 nan nan 0 0
6.315789473684211 9.473684210526315 0 nan nan 0 0
7.894736842105264 -9.473684210526315 0 nan nan 0 0
7.894736842105264 -8.947368421052632 0 nan nan 0 0
7.894736842105264 -8.421052631578947 0 nan nan 0 0
7.894736842105264 -7.894736842105263 0 nan nan 0 0
7.894736842105264 -7.368421052631579 0 nan nan 0 0
7.894736842105264 -6.842105263157895 0 nan nan 0 0
7.894736842105264 -6.315789473684211 0 nan nan 0 0
7.894736842105264 -5.789473684210526 0 nan nan 0 0
7.894736842105264 -5.263157894736842 0 nan nan 0 0
7.894736842105264 -4.7368421052631575 0 nan nan 0 0
7.894736842105264 -4.2105263157894735 0 nan nan 0 0
7.894736842105264 -3.6842105263157894 0 nan nan 0 0
7.894736842105264 -3.1578947368421053 0 nan nan 0 0
7.894736842105264 -2.631578947368421 0 nan nan 0 0
7.894736842105264 -2.1052631578947367 0 nan nan 0 0
7.894736842105264 -1.5789473684210527 0 nan nan 0 0
7.894736842105264 -1.0526315789473684 0 nan nan 0 0
7.894736842105264 -0.5263157894736842 0 nan nan 0 0
7.894736842105264 -0.0 0 nan nan 0 0
7.894736842105264 0.0 0 nan nan 0 0
7.894736842105264 0.5263157894736842 0 nan nan 0 0
7.894736842105264 1.0526315789473684 0 nan nan 0 0
7.894736842105264 1.5789473684210527 1 nan nan 0 -0.4509235401171653
7.894736842105264 2.1052631578947367 1 nan nan 0 -0.4509235401171653
7.894736842105264 2.631578947368421 1 nan nan 0 -0.4509235401171653
7.894736842105264 3.1578947368421053 0 nan nan 0 0
7.894736842105264 3.6842105263157894 0 nan nan 0 0
7.894736842105264 4.2105263157894735 0 nan nan 0 0
7.894736842105264 4.7368421052631575 0 nan nan 0 0
7.894736842105264 5.263157894736842 0 nan nan 0 0
7.894736842105264 5.789473684210526 0 nan nan 0 0
7.894736842105264 6.315789473684211 0 nan nan 0 0
7.894736842105264 6.842105263157895 0 nan nan 0 0
7.894736842105264 7.368421052631579 0 nan nan 0 0
7.894736842105264 7.894736842105263 0 nan nan 0 0
7.894736842105264 8.421052631578947 0 nan nan 0 0
7.894736842105264 8.947368421052632 0 nan nan 0 0
7.894736842105264 9.473684210526315 0 nan nan 0 0
9.473684210526315 -9.473684210526315 0 nan nan 0 0
9.473684210526315 -8.947368421052632 0 nan nan 0 0
9.473684210526315 -8.421052631578947 0 nan nan 0 0
9.473684210526315 -7.894736842105263 0 nan nan 0 0
9.473684210526315 -7.368421052631579 0 nan nan 0 0
9.473684210526315 -6.842105263157895 0 nan nan 0 0
9.473684210526315 -6.315789473684211 0 nan nan 0 0
9.473684210526315 -5.789473684210526 0 nan nan 0 0
9.473684210526315 -5.263157894736842 0 nan nan 0 0
9.473684210526315 -4.7368421052631575 0 nan nan 0 0
9.473684210526315 -4.2105263157894735 0 nan nan 0 0
9.473684210526315 -3.6842105263157894 0 nan nan 0 0
9.473684210526315 -3.1578947368421053 0 nan nan 0 0
9.473684210526315 -2.631578947368421 0 nan nan 0 0
9.473684210526315 -2.1052631578947367 0 nan nan 0 0
9.473684210526315 -1.5789473684210527 0 nan nan 0 0
9.473684210526315 -1.0526315789473684 0 nan nan 0 0
9.473684210526315 -0.5263157894736842 0 nan nan 0 0
9.473684210526315 -0.0 0 nan nan 0 0
9.473684210526315 0.0 0 nan nan 0 0
9.473684210526315 0.5263157894736842 0 nan nan 0 0
9.473684210526315 1.0526315789473684 0 nan nan 0 0
9.473684210526315 1.5789473684210527 0 nan nan 0 0
9.473684210526315 2.1052631578947367 0 nan nan 0 0
9.473684210526315 2.631578947368421 1 nan nan 0 -2.370451591620759
9.473684210526315 3.1578947368421053 1 nan nan 0 -2.370451591620759
9.473684210526315 3.6842105263157894 1 nan nan 0 -2.370451591620759
9.473684210526315 4.2105263157894735 0 nan nan 0 0
9.473684210526315 4.7368421052631575 0 nan nan 0 0
9.473684210526315 5.263157894736842 0 nan nan 0 0
9.473684210526315 5.789473684210526 0 nan nan 0 0
9.473684210526315 6.315789473684211 0 nan nan 0 0
9.473684210526315 6.842105263157895 0 nan nan 0 0
9.473684210526315 7.368421052631579 0 nan nan 0 0
9.473684210526315 7.894736842105263 0 nan nan 0 0
9.473684210526315 8.421052631578947 0 nan nan 0 0
9.473684210526315 8.947368421052632 0 nan nan 0 0
9.473684210526315 9.473684210526315 0 nan nan 0 0
11.052631578947368 -9.473684210526315 0 nan nan 0 0
11.052631578947368 -8.947368421052632 0 nan nan 0 0
11.052631578947368 -8.421052631578947 0 nan nan 0 0
11.052631578947368 -7.894736842105263 0 nan nan 0 0
11.052631578947368 -7.368421052631579 0 nan nan 0 0
11.052631578947368 -6.842105263157895 0 nan nan 0 0
11.052631578947368 -6.315789473684211 0 nan nan 0 0
11.052631578947368 -5.789473684210526 0 nan nan 0 0
11.052631578947368 -5.263157894736842 0 nan nan 0 0
11.052631578947368 -4.7368421052631575 0 nan nan 0 0
11.052631578947368 -4.2105263157894735 0 nan nan 0 0
11.052631578947368 -3.6842105263157894 0 nan nan 0 0
11.052631578947368 -3.1578947368421053 0 nan nan 0 0
11.052631578947368 -2.631578947368421 0 nan nan 0 0
11.052631578947368 -2.1052631578947367 0 nan nan 0 0
11.052631578947368 -1.5789473684210527 0 nan nan 0 0
11.052631578947368 -1.0526315789473684 0 nan nan 0 0
11.052631578947368 -0.5263157894736842 0 nan nan 0 0
11.052631578947368 -0.0 0 nan nan 0 0
11.052631578947368 0.0 0 nan nan 0 0
11.052631578947368 0.5263157894736842 0 nan nan 0 0
11.052631578947368 1.0526315789473684 0 nan nan 0 0
11.052631578947368 1.5789473684210527 0 nan nan 0 0
11.052631578947368 2.1052631578947367 0 nan nan 0 0
11.052631578947368 2.631578947368421 0 nan nan 0 0
11.052631578947368 3.1578947368421053 1 nan nan 0 -5.413140737670576
11.052631578947368 3.6842105263157894 1 nan nan 0 -5.413140737670576
11.052631578947368 4.2105263157894735 1 nan nan 0 -5.413140737670576
11.052631578947368 4.7368421052631575 0 nan nan 0 0
11.052631578947368 5.263157894736842 0 nan nan 0 0
11.052631578947368 5.789473684210526 0 nan nan 0 0
11.052631578947368 6.315789473684211 0 nan nan 0 0
11.052631578947368 6.842105263157895 0 nan nan 0 0
11.052631578947368 7.368421052631579 0 nan nan 0 0
11.052631578947368 7.894736842105263 0 nan nan 0 0
11.052631578947368 8.421052631578947 0 nan nan 0 0
11.052631578947368 8.947368421052632 0 nan nan 0 0
11.052631578947368 9.473684210526315 0 nan nan 0 0
12.631578947368421 -9.473684210526315 0 nan nan 0 0
12.631578947368421 -8.947368421052632 0 nan nan 0 0
12.631578947368421 -8.421052631578947 0 nan nan 0 0
12.631578947368421 -7.894736842105263 0 nan nan 0 0
12.631578947368421 -7.368421052631579 0 nan nan 0 0
12.631578947368421 -6.842105263157895 0 nan nan 0 0
12.631578947368421 -6.315789473684211 0 nan nan 0 0
12.631578947368421 -5.789473684210526 0 nan nan 0 0
12.631578947368421 -5.263157894736842 0 nan nan 0 0
12.631578947368421 -4.7368421052631575 0 nan nan 0 0
12.631578947368421 -4.2105263157894735 0 nan nan 0 0
12.631578947368421 -3.6842105263157894 0 nan nan 0 0
12.631578947368421 -3.1578947368421053 0 nan nan 0 0
12.631578947368421 -2.631578947368421 0 nan nan 0 0
12.631578947368421 -2.1052631578947367 0 nan nan 0 0
12.631578947368421 -1.5789473684210527 0 nan nan 0 0
12.631578947368421 -1.0526315789473684 0 nan nan 0 0
12.631578947368421 -0.5263157894736842 0 nan nan 0 0
12.631578947368421 -0.0 0 nan nan 0 0
12.631578947368421 0.0 0 nan nan 0 0
12.631578947368421 0.5263157894736842 0 nan nan 0 0
12.631578947368421 1.0526315789473684 0 nan nan 0 0
12.631578947368421 1.5789473684210527 0 nan nan 0 0
12.631578947368421 2.1052631578947367 0 nan nan 0 0
12.631578947368421 2.631578947368421 1 nan nan 0 -9.260524757804289
12.631578947368421 3.1578947368421053 1 nan nan 0 -9.260524757804289
12.631578947368421 3.6842105263157894 0 nan nan 0 0
12.631578947368421 4.2105263157894735 0 nan nan 0 0
12.631578947368421 4.7368421052631575 0 nan nan 0 0
12.631578947368421 5.263157894736842 0 nan nan 0 0
12.631578947368421 5.789473684210526 0 nan nan 0 0
12.631578947368421 6.315789473684211 0 nan nan 0 0
12.631578947368421 6.842105263157895 0 nan nan 0 0
12.631578947368421 7.368421052631579 0 nan nan 0 0
12.631578947368421 7.894736842105263 0 nan nan 0 0
12.631578947368421 8.421052631578947 0 nan nan 0 0
12.631578947368421 8.947368421052632 0 nan nan 0 0
12.631578947368421 9.473684210526315 0 nan nan 0 0
14.210526315789474 -9.473684210526315 0 nan nan 0 0
14.210526315789474 -8.947368421052632 0 nan nan 0 0
14.210526315789474 -8.421052631578947 0 nan nan 0 0
14.210526315789474 -7.894736842105263 0 nan nan 0 0
14.210526315789474 -7.368421052631579 0 nan nan 0 0
14.210526315789474 -6.842105263157895 0 nan nan 0 0
14.210526315789474 -6.315789473684211 0 nan nan 0 0
14.210526315789474 -5.789473684210526 0 nan nan 0 0
14.210526315789474 -5.263157894736842 0 nan nan 0 0
14.210526315789474 -4.7368421052631575 0 nan nan 0 0
14.210526315789474 -4.2105263157894735 0 nan nan 0 0
14.210526315789474 -3.6842105263157894 0 nan nan 0 0
14.210526315789474 -3.1578947368421053 0 nan nan 0 0
14.210526315789474 -2.631578947368421 0 nan nan 0 0
14.210526315789474 -2.1052631578947367 0 nan nan 0 0
14.210526315789474 -1.5789473684210527 0 nan nan 0 0
14.210526315789474 -1.0526315789473684 0 nan nan 0 0
14.210526315789474 -0.5263157894736842 0 nan nan 0 0
14.210526315789474 -0.0 0 nan nan 0 0
14.210526315789474 0.0 0 nan nan 0 0
14.210526315789474 0.5263157894736842 0 nan nan 0 0
14.210526315789474 1.0526315789473684 0 nan nan 0 0
14.210526315789474 1.5789473684210527 0 nan nan 0 0
14.210526315789474 2.1052631578947367 0 nan nan 0 0
14.210526315789474 2.631578947368421 0 nan nan 0 0
14.210526315789474 3.1578947368421053 0 nan nan 0 0
14.210526315789474 3.6842105263157894 0 nan nan 0 0
14.210526315789474 4.2105263157894735 0 nan nan 0 0
14.210526315789474 4.7368421052631575 0 nan nan 0 0
14.210526315789474 5.263157894736842 0 nan nan 0 0
14.210526315789474 5.789473684210526 0 nan nan 0 0
14.210526315789474 6.315789473684211 0 nan nan 0 0
14.210526315789474 6.842105263157895 0 nan nan 0 0
14.210526315789474 7.368421052631579 0 nan nan 0 0
14.210526315789474 7.894736842105263 0 nan nan 0 0
14.210526315789474 8.421052631578947 0 nan nan 0 0
14.210526315789474 8.947368421052632 0 nan nan 0 0
14.210526315789474 9.473684210526315 0 nan nan 0 0
15.789473684210527 -9.473684210526315 0 nan nan 0 0
15.789473684210527 -8.947368421052632 0 nan nan 0 0
15.789473684210527 -8.421052631578947 0 nan nan 0 0
15.789473684210527 -7.894736842105263 0 nan nan 0 0
15.789473684210527 -7.368421052631579 0 nan nan 0 0
15.789473684210527 -6.842105263157895 0 nan nan 0 0
15.789473684210527 -6.315789473684211 0 nan nan 0 0
15.789473684210527 -5.789473684210526 0 nan nan 0 0
15.789473684210527 -5.263157894736842 0 nan nan 0 0
15.789473684210527 -4.7368421052631575 0 nan nan 0 0
15.789473684210527 -4.2105263157894735 0 nan nan 0 0
15.789473684210527 -3.6842105263157894 0 nan nan 0 0
15.789473684210527 -3.1578947368421053 0 nan nan 0 0
15.789473684210527 -2.631578947368421 0 nan nan 0 0
15.789473684210527 -2.1052631578947367 0 nan nan 0 0
15.789473684210527 -1.5789473684210527 0 nan nan 0 0
15.789473684210527 -1.0526315789473684 0 nan nan 0 0
15.789473684210527 -0.5263157894736842 0 nan nan 0 0
15.789473684210527 -0.0 0 nan nan 0 0
15.789473684210527 0.0 0 nan nan 0 0
15.789473684210527 0.5263157894736842 0 nan nan 0 0
15.789473684210527 1.0526315789473684 0 nan nan 0 0
15.789473684210527 1.5789473684210527 0 nan nan 0 0
15.789473684210527 2.1052631578947367 0 nan nan 0 0
15.789473684210527 2.631578947368421 0 nan nan 0 0
15.789473684210527 3.1578947368421053 0 nan nan 0 0
15.789473684210527 3.6842105263157894 0 nan nan 0 0
15.789473684210527 4.2105263157894735 0 nan nan 0 0
15.789473684210527 4.7368421052631575 0 nan nan 0 0
15.789473684210527 5.263157894736842 0 nan nan 0 0
15.789473684210527 5.789473684210526 0 nan nan 0 0
15.789473684210527 6.315789473684211 0 nan nan 0 0
15.789473684210527 6.842105263157895 0 nan nan 0 0
15.789473684210527 7.368421052631579 0 nan nan 0 0
15.789473684210527 7.894736842105263 0 nan nan 0 0
15.789473684210527 8.421052631578947 0 nan nan 0 0
15.789473684210527 8.947368421052632 0 nan nan 0 0
15.789473684210527 9.473684210526315 0 nan nan 0 0
17.36842105263158 -9.473684210526315 0 nan nan 0 0
17.36842105263158 -8.947368421052632 0 nan nan 0 0
17.36842105263158 -8.421052631578947 0 nan nan 0 0
17.36842105263158 -7.894736842105263 0 nan nan 0 0
17.36842105263158 -7.368421052631579 0 nan nan 0 0
17.36842105263158 -6.842105263157895 0 nan nan 0 0
17.36842105263158 -6.315789473684211 0 nan nan 0 0
17.36842105263158 -5.789473684210526 0 nan nan 0 0
17.36842105263158 -5.263157894736842 0 nan nan 0 0
17.36842105263158 -4.7368421052631575 0 nan nan 0 0
17.36842105263158 -4.2105263157894735 0 nan nan 0 0
17.36842105263158 -3.6842105263157894 0 nan nan 0 0
17.36842105263158 -3.1578947368421053 0 nan nan 0 0
17.36842105263158 -2.631578947368421 0 nan nan 0 0
17.36842105263158 -2.1052631578947367 0 nan nan 0 0
17.36842105263158 -1.5789473684210527 0 nan nan 0 0
17.36842105263158 -1.0526315789473684 0 nan nan 0 0
17.36842105263158 -0.5263157894736842 0 nan nan 0 0
17.36842105263158 -0.0 0 nan nan 0 0
17.36842105263158 0.0 0 nan nan 0 0
17.36842105263158 0.5263157894736842 0 nan nan 0 0
17.36842105263158 1.0526315789473684 0 nan nan 0 0
17.36842105263158 1.5789473684210527 0 nan nan 0 0
17.36842105263158 2.1052631578947367 0 nan nan 0 0
17.36842105263158 2.631578947368421 0 nan nan 0 0
17.36842105263158 3.1578947368421053 0 nan nan 0 0
17.36842105263158 3.6842105263157894 0 nan nan 0 0
17.36842105263158 4.2105263157894735 0 nan nan 0 0
17.36842105263158 4.7368421052631575 0 nan nan 0 0
17.36842105263158 5.263157894736842 0 nan nan 0 0
17.36842105263158 5.789473684210526 0 nan nan 0 0
17.36842105263158 6.315789473684211 0 nan nan 0 0
17.36842105263158 6.842105263157895 0 nan nan 0 0
17.36842105263158 7.368421052631579 0 nan nan 0 0
17.36842105263158 7.894736842105263 0 nan nan 0 0
17.36842105263158 8.421052631578947 0 nan nan 0 0
17.36842105263158 8.947368421052632 0 nan nan 0 0
17.36842105263158 9.473684210526315 0 nan nan 0 0
18.94736842105263 -9.473684210526315 0 nan nan 0 0
18.94736842105263 -8.947368421052632 0 nan nan 0 0
18.94736842105263 -8.421052631578947 0 nan nan 0 0
18.94736842105263 -7.894736842105263 0 nan nan 0 0
18.94736842105263 -7.368421052631579 0 nan nan 0 0
18.94736842105263 -6.842105263157895 0 nan nan 0 0
18.94736842105263 -6.315789473684211 0 nan nan 0 0
18.94736842105263 -5.789473684210526 0 nan nan 0 0
18.94736842105263 -5.263157894736842 0 nan nan 0 0
18.94736842105263 -4.7368421052631575 0 nan nan 0 0
18.94736842105263 -4.2105263157894735 0 nan nan 0 0
18.94736842105263 -3.6842105263157894 0 nan nan 0 0
18.94736842105263 -3.1578947368421053 0 nan nan 0 0
18.94736842105263 -2.631578947368421 0 nan nan 0 0
18.94736842105263 -2.1052631578947367 0 nan nan 0 0
18.94736842105263 -1.5789473684210527 0 nan nan 0 0
18.94736842105263 -1.0526315789473684 0 nan nan 0 0
18.94736842105263 -0.5263157894736842 0 nan nan 0 0
18.94736842105263 -0.0 0 nan nan 0 0
18.94736842105263 0.0 0 nan nan 0 0
18.94736842105263 0.5263157894736842 0 nan nan 0 0
18.94736842105263 1.0526315789473684 0 nan nan 0 0
18.94736842105263 1.5789473684210527 0 nan nan 0 0
18.94736842105263 2.1052631578947367 0 nan nan 0 0
18.94736842105263 2.631578947368421 0 nan nan 0 0
18.94736842105263 3.1578947368421053 0 nan nan 0 0
18.94736842105263 3.6842105263157894 0 nan nan 0 0
18.94736842105263 4.2105263157894735 0 nan nan 0 0
18.94736842105263 4.7368421052631575 0 nan nan 0 0
18.94736842105263 5.263157894736842 0 nan nan 0 0
18.94736842105263 5.789473684210526 0 nan nan 0 0
18.94736842105263 6.315789473684211 0 nan nan 0 0
18.94736842105263 6.842105263157895 0 nan nan 0 0
18.94736842105263 7.368421052631579 0 nan nan 0 0
18.94736842105263 7.894736842105263 0 nan nan 0 0
18.94736842105263 8.421052631578947 0 nan nan 0 0
18.94736842105263 8.947368421052632 0 nan nan 0 0
18.94736842105263 9.473684210526315 0 nan nan 0 0
20.526315789473685 -9.473684210526315 0 nan nan 0 0
20.526315789473685 -8.947368421052632 0 nan nan 0 0
20.526315789473685 -8.421052631578947 0 nan nan 0 0
20.526315789473685 -7.894736842105263 0 nan nan 0 0
20.526315789473685 -7.368421052631579 0 nan nan 0 0
20.526315789473685 -6.842105263157895 0 nan nan 0 0
20.526315789473685 -6.315789473684211 0 nan nan 0 0
20.526315789473685 -5.789473684210526 0 nan nan 0 0
20.526315789473685 -5.263157894736842 0 nan nan 0 0
20.526315789473685 -4.7368421052631575 0 nan nan 0 0
20.526315789473685 -4.2105263157894735 0 nan nan 0 0
20.526315789473685 -3.6842105263157894 0 nan nan 0 0
20.526315789473685 -3.1578947368421053 0 nan nan 0 0
20.526315789473685 -2.631578947368421 0 nan nan 0 0
20.526315789473685 -2.1052631578947367 0 nan nan 0 0
20.526315789473685 -1.5789473684210527 0 nan nan 0 0
20.526315789473685 -1.0526315789473684 0 nan nan 0 0
20.526315789473685 -0.5263157894736842 0 nan nan 0 0
20.526315789473685 -0.0 0 nan nan 0 0
20.526315789473685 0.0 0 nan nan 0 0
20.526315789473685 0.5263157894736842 0 nan nan 0 0
20.526315789473685 1.0526315789473684 0 nan nan 0 0
20.526315789473685 1.5789473684210527 0 nan nan 0 0
20.526315789473685 2.1052631578947367 0 nan nan 0 0
20.526315789473685 2.631578947368421 0 nan nan 0 0
20.526315789473685 3.1578947368421053 0 nan nan 0 0
20.526315789473685 3.6842105263157894 0 nan nan 0 0
20.526315789473685 4.2105263157894735 0 nan nan 0 0
20.526315789473685 4.7368421052631575 0 nan nan 0 0
20.526315789473685 5.263157894736842 0 nan nan 0 0
20.526315789473685 5.789473684210526 0 nan nan 0 0
20.526315789473685 6.315789473684211 0 nan nan 0 0
20.526315789473685 6.842105263157895 0 nan nan 0 0
20.526315789473685 7.368421052631579 0 nan nan 0 0
20.526315789473685 7.894736842105263 0 nan nan 0 0
20.526315789473685 8.421052631578947 0 nan nan 0 0
20.526315789473685 8.947368421052632 0 nan nan 0 0
20.526315789473685 9.473684210526315 0 nan nan 0 0
22.105263157894736 -9.473684210526315 0 nan nan 0 0
22.105263157894736 -8.947368421052632 0 nan nan 0 0
22.105263157894736 -8.421052631578947 0 nan nan 0 0
22.105263157894736 -7.894736842105263 0 nan nan 0 0
22.105263157894736 -7.368421052631579 0 nan nan 0 0
22.105263157894736 -6.842105263157895 0 nan nan 0 0
22.105263157894736 -6.315789473684211 0 nan nan 0 0
22.105263157894736 -5.789473684210526 0 nan nan 0 0
22.105263157894736 -5.263157894736842 0 nan nan 0 0
22.105263157894736 -4.7368421052631575 0 nan nan 0 0
22.105263157894736 -4.2105263157894735 0 nan nan 0 0
22.105263157894736 -3.6842105263157894 0 nan nan 0 0
22.105263157894736 -3.1578947368421053 0 nan nan 0 0
22.105263157894736 -2.631578947368421 0 nan nan 0 0
22.105263157894736 -2.1052631578947367 0 nan nan 0 0
22.105263157894736 -1.5789473684210527 0 nan nan 0 0
22.105263157894736 -1.0526315789473684 0 nan nan 0 0
22.105263157894736 -0.5263157894736842 0 nan nan 0 0
22.105263157894736 -0.0 0 nan nan 0 0
22.105263157894736 0.0 0 nan nan 0 0
22.105263157894736 0.5263157894736842 0 nan nan 0 0
22.105263157894736 1.0526315789473684 0 nan nan 0 0
22.105263157894736 1.5789473684210527 0 nan nan 0 0
22.105263157894736 2.1052631578947367 0 nan nan 0 0
22.105263157894736 2.631578947368421 0 nan nan 0 0
22.105263157894736 3.1578947368421053 0 nan nan 0 0
22.105263157894736 3.6842105263157894 0 nan nan 0 0
22.105263157894736 4.2105263157894735 0 nan nan 0 0
22.105263157894736 4.7368421052631575 0 nan nan 0 0
22.105263157894736 5.263157894736842 0 nan nan 0 0
22.105263157894736 5.789473684210526 0 nan nan 0 0
22.105263157894736 6.315789473684211 0 nan nan 0 0
22.105263157894736 6.842105263157895 0 nan nan 0 0
22.105263157894736 7.368421052631579 0 nan nan 0 0
22.105263157894736 7.894736842105263 0 nan nan 0 0
22.105263157894736 8.421052631578947 0 nan nan 0 0
22.105263157894736 8.947368421052632 0 nan nan 0 0
22.105263157894736 9.473684210526315 0 nan nan 0 0
23.68421052631579 -9.473684210526315 0 nan nan 0 0
23.68421052631579 -8.947368421052632 0 nan nan 0 0
23.68421052631579 -8.421052631578947 0 nan nan 0 0
23.68421052631579 -7.894736842105263 0 nan nan 0 0
23.68421052631579 -7.368421052631579 0 nan nan 0 0
23.68421052631579 -6.842105263157895 0 nan nan 0 0
23.68421052631579 -6.315789473684211 0 nan nan 0 0
23.68421052631579 -5.789473684210526 0 nan nan 0 0
23.68421052631579 -5.263157894736842 0 nan nan 0 0
23.68421052631579 -4.7368421052631575 0 nan nan 0 0
23.68421052631579 -4.2105263157894735 0 nan nan 0 0
23.68421052631579 -3.6842105263157894 0 nan nan 0 0
23.68421052631579 -3.1578947368421053 0 nan nan 0 0
23.68421052631579 -2.631578947368421 0 nan nan 0 0
23.68421052631579 -2.1052631578947367 0 nan nan 0 0
23.68421052631579 -1.5789473684210527 0 nan nan 0 0
23.68421052631579 -1.0526315789473684 0 nan nan 0 0
23.68421052631579 -0.5263157894736842 0 nan nan 0 0
23.68421052631579 -0.0 0 nan nan 0 0
23.68421052631579 0.0 0 nan nan 0 0
23.68421052631579 0.5263157894736842 0 nan nan 0 0
23.68421052631579 1.0526315789473684 0 nan nan 0 0
23.68421052631579 1.5789473684210527 0 nan nan 0 0
23.68421052631579 2.1052631578947367 0 nan nan 0 0
23.68421052631579 2.631578947368421 0 nan nan 0 0
23.68421052631579 3.1578947368421053 0 nan nan 0 0
23.68421052631579 3.6842105263157894 0 nan nan 0 0
23.68421052631579 4.2105263157894735 0 nan nan 0 0
23.68421052631579 4.7368421052631575 0 nan nan 0 0
23.68421052631579 5.263157894736842 0 nan nan 0 0
23.68421052631579 5.789473684210526 0 nan nan 0 0
23.68421052631579 6.315789473684211 0 nan nan 0 0
23.68421052631579 6.842105263157895 0 nan nan 0 0
23.68421052631579 7.368421052631579 0 nan nan 0 0
23.68421052631579 7.894736842105263 0 nan nan 0 0
23.68421052631579 8.421052631578947 0 nan nan 0 0
23.68421052631579 8.947368421052632 0 nan nan 0 0
23.68421052631579 9.473684210526315 0 nan nan 0 0
25.263157894736842 -9.473684210526315 0 nan nan 0 0
25.263157894736842 -8.947368421052632 0 nan nan 0 0
25.263157894736842 -8.421052631578947 0 nan nan 0 0
25.263157894736842 -7.894736842105263 0 nan nan 0 0
25.263157894736842 -7.368421052631579 0 nan nan 0 0
25.263157894736842 -6.842105263157895 0 nan nan 0 0
25.263157894736842 -6.315789473684211 0 nan nan 0 0
25.263157894736842 -5.789473684210526 0 nan nan 0 0
25.263157894736842 -5.263157894736842 0 nan nan 0 0
25.263157894736842 -4.7368421052631575 0 nan nan 0 0
25.263157894736842 -4.2105263157894735 0 nan nan 0 0
25.263157894736842 -3.6842105263157894 0 nan nan 0 0
25.263157894736842 -3.1578947368421053 0 nan nan 0 0
25.263157894736842 -2.631578947368421 0 nan nan 0 0
25.263157894736842 -2.1052631578947367 0 nan nan 0 0
25.263157894736842 -1.5789473684210527 0 nan nan 0 0
25.263157894736842 -1.0526315789473684 0 nan nan 0 0
25.263157894736842 -0.5263157894736842 0 nan nan 0 0
25.263157894736842 -0.0 0 nan nan 0 0
25.263157894736842 0.0 0 nan nan 0 0
25.263157894736842 0.5263157894736842 0 nan nan 0 0
25.263157894736842 1.0526315789473684 0 nan nan 0 0
25.263157894736842 1.5789473684210527 0 nan nan 0 0
25.263157894736842 2.1052631578947367 0 nan nan 0 0
25.263157894736842 2.631578947368421 0 nan nan 0 0
25.263157894736842 3.1578947368421053 0 nan nan 0 0
25.263157894736842 3.6842105263157894 0 nan nan 0 0
25.263157894736842 4.2105263157894735 0 nan nan 0 0
25.263157894736842 4.7368421052631575 0 nan nan 0 0
25.263157894736842 5.263157894736842 0 nan nan 0 0
25.263157894736842 5.789473684210526 0 nan nan 0 0
25.263157894736842 6.315789473684211 0 nan nan 0 0
25.263157894736842 6.842105263157895 0 nan nan 0 0
25.263157894736842 7.368421052631579 0 nan nan 0 0
25.263157894736842 7.894736842105263 0 nan nan 0 0
25.263157894736842 8.421052631578947 0 nan nan 0 0
25.263157894736842 8.947368421052632 0 nan nan 0 0
25.263157894736842 9.473684210526315 0 nan nan 0 0
26.842105263157894 -9.473684210526315 0 nan nan 0 0
26.842105263157894 -8.947368421052632 0 nan nan 0 0
26.842105263157894 -8.421052631578947 0 nan nan 0 0
26.842105263157894 -7.894736842105263 0 nan nan 0 0
26.842105263157894 -7.368421052631579 0 nan nan 0 0
26.842105263157894 -6.842105263157895 0 nan nan 0 0
26.842105263157894 -6.315789473684211 0 nan nan 0 0
26.842105263157894 -5.789473684210526 0 nan nan 0 0
26.842105263157894 -5.263157894736842 0 nan nan 0 0
26.842105263157894 -4.7368421052631575 0 nan nan 0 0
26.842105263157894 -4.2105263157894735 0 nan nan 0 0
26.842105263157894 -3.6842105263157894 0 nan nan 0 0
26.842105263157894 -3.1578947368421053 0 nan nan 0 0
26.842105263157894 -2.631578947368421 0 nan nan 0 0
26.842105263157894 -2.1052631578947367 0 nan nan 0 0
26.842105263157894 -1.5789473684210527 0 nan nan 0 0
26.842105263157894 -1.0526315789473684 0 nan nan 0 0
26.842105263157894 -0.5263157894736842 0 nan nan 0 0
26.842105263157894 -0.0 0 nan nan 0 0
26.842105263157894 0.0 0 nan nan 0 0
26.842105263157894 0.5263157894736842 0 nan nan 0 0
26.842105263157894 1.0526315789473684 0 nan nan 0 0
26.842105263157894 1.5789473684210527 0 nan nan 0 0
26.842105263157894 2.1052631578947367 0 nan nan 0 0
26.842105263157894 2.631578947368421 0 nan nan 0 0
26.842105263157894 3.1578947368421053 0 nan nan 0 0
26.842105263157894 3.6842105263157894 0 nan nan 0 0
26.842105263157894 4.2105263157894735 0 nan nan 0 0
26.842105263157894 4.7368421052631575 0 nan nan 0 0
26.842105263157894 5.263157894736842 0 nan nan 0 0
26.842105263157894 5.789473684210526 0 nan nan 0 0
26.842105263157894 6.315789473684211 0 nan nan 0 0
26.842105263157894 6.842105263157895 0 nan nan 0 0
26.842105263157894 7.368421052631579 0 nan nan 0 0
26.842105263157894 7.894736842105263 0 nan nan 0 0
26.842105263157894 8.421052631578947 0 nan nan 0 0
26.842105263157894 8.947368421052632 0 nan nan 0 0
26.842105263157894 9.473684210526315 0 nan nan 0 0
28.42105263157895 -9.473684210526315 0 nan nan 0 0
28.42105263157895 -8.947368421052632 0 nan nan 0 0
28.42105263157895 -8.421052631578947 0 nan nan 0 0
28.42105263157895 -7.894736842105263 0 nan nan 0 0
28.42105263157895 -7.368421052631579 0 nan nan 0 0
28.42105263157895 -6.842105263157895 0 nan nan 0 0
28.42105263157895 -6.315789473684211 0 nan nan 0 0
28.42105263157895 -5.789473684210526 0 nan nan 0 0
28.42105263157895 -5.263157894736842 0 nan nan 0 0
28.42105263157895 -4.7368421052631575 0 nan nan 0 0
28.42105263157895 -4.2105263157894735 0 nan nan 0 0
28.42105263157895 -3.6842105263157894 0 nan nan 0 0
28.42105263157895 -3.1578947368421053 0 nan nan 0 0
28.42105263157895 -2.631578947368421 0 nan nan 0 0
28.42105263157895 -2.1052631578947367 0 nan nan 0 0
28.42105263157895 -1.5789473684210527 0 nan nan 0 0
28.42105263157895 -1.0526315789473684 0 nan nan 0 0
28.42105263157895 -0.5263157894736842 0 nan nan 0 0
28.42105263157895 -0.0 0 nan nan 0 0
28.42105263157895 0.0 0 nan nan 0 0
28.42105263157895 0.5263157894736842 0 nan nan 0 0
28.42105263157895 1.0526315789473684 0 nan nan 0 0
28.42105263157895 1.5789473684210527 0 nan nan 0 0
28.42105263157895 2.1052631578947367 0 nan nan 0 0
28.42105263157895 2.631578947368421 0 nan nan 0 0
28.42105263157895 3.1578947368421053 0 nan nan 0 0
28.42105263157895 3.6842105263157894 0 nan nan 0 0
28.42105263157895 4.2105263157894735 0 nan nan 0 0
28.42105263157895 4.7368421052631575 0 nan nan 0 0
28.42105263157895 5.263157894736842 0 nan nan 0 0
28.42105263157895 5.789473684210526 0 nan nan 0 0
28.42105263157895 6.315789473684211 0 nan nan 0 0
28.42105263157895 6.842105263157895 0 nan nan 0 0
28.42105263157895 7.368421052631579 0 nan nan 0 0
28.42105263157895 7.894736842105263 0 nan nan 0 0
28.42105263157895 8.421052631578947 0 nan nan 0 0
28.42105263157895 8.947368421052632 0 nan nan 0 0
28.42105263157895 9.473684210526315 0 nan nan 0 0
