-28.42105263157895 -9.473684210526315 0 22884734260.78881 45769468469.57762 0
-28.42105263157895 -8.947368421052632 0 -2.5938905580368174e+18 -5.187781116073638e+18 0
-28.42105263157895 -8.421052631578947 0 -2.9436783590335158e+29 -5.887356718067035e+29 0
-28.42105263157895 -7.894736842105263 0 -5.032511718557321e+40 -1.0065023437114645e+41 0
-28.42105263157895 -7.368421052631579 0 4.806564158740412e+52 9.61312831748083e+52 0
-28.42105263157895 -6.842105263157895 0 3.0850258203970817e+68 6.170051640794166e+68 0
-28.42105263157895 -6.315789473684211 0 -1.5472733764091496e+85 -3.0945467528183002e+85 0
-28.42105263157895 -5.789473684210526 0 -2.2537242314347325e+105 -4.5074484628694654e+105 0
-28.42105263157895 -5.263157894736842 0 -2.5112292652502313e+125 -5.0224585305004506e+125 0
-28.42105263157895 -4.7368421052631575 0 -5.369624311795969e+147 -1.0739248623592013e+148 0
-28.42105263157895 -4.2105263157894735 0 -6.368448851888044e+171 -1.2736897703776198e+172 0
-28.42105263157895 -3.6842105263157894 0 1.1155007330289905e+197 2.2310014660580006e+197 0
-28.42105263157895 -3.1578947368421053 0 2.249185548789325e+223 4.4983710975786895e+223 0
-28.42105263157895 -2.631578947368421 0 -3.303347159527228e+250 -6.606694319054515e+250 0
-28.42105263157895 -2.1052631578947367 0 -8.463934426843311e+278 -1.692786885368677e+279 0
-28.42105263157895 -1.5789473684210527 0 nan nan 0
-28.42105263157895 -1.0526315789473684 0 nan nan 0
-28.42105263157895 -0.5263157894736842 0 nan nan 0
-28.42105263157895 -0.0 0 nan nan 0
-28.42105263157895 0.0 0 nan nan 0
-28.42105263157895 0.5263157894736842 0 nan nan 0
-28.42105263157895 1.0526315789473684 0 nan nan 0
-28.42105263157895 1.5789473684210527 0 nan nan 0
-28.42105263157895 2.1052631578947367 0 nan nan 0
-28.42105263157895 2.631578947368421 0 nan nan 0
-28.42105263157895 3.1578947368421053 0 nan nan 0
-28.42105263157895 3.6842105263157894 0 nan nan 0
-28.42105263157895 4.2105263157894735 0 nan nan 0
-28.42105263157895 4.7368421052631575 0 nan nan 0
-28.42105263157895 5.263157894736842 0 nan nan 0
-28.42105263157895 5.789473684210526 0 nan nan 0
-28.42105263157895 6.315789473684211 0 nan nan 0
-28.42105263157895 6.842105263157895 0 nan nan 0
-28.42105263157895 7.368421052631579 0 nan nan 0
-28.42105263157895 7.894736842105263 0 nan nan 0
-28.42105263157895 8.421052631578947 0 nan nan 0
-28.42105263157895 8.947368421052632 0 nan nan 0
-28.42105263157895 9.473684210526315 0 nan nan 0
-26.842105263157894 -9.473684210526315 0 3.1014713923224064e+25 6.202942784644815e+25 0
-26.842105263157894 -8.947368421052632 0 -3.214905779534302e+41 -6.429811559068605e+41 0
-26.842105263157894 -8.421052631578947 0 2.8622298415018675e+65 5.724459683003736e+65 0
-26.842105263157894 -7.894736842105263 0 -7.913889717169371e+96 -1.5827779434338746e+97 0
-26.842105263157894 -7.368421052631579 0 -2.416560640017715e+137 -4.833121280035431e+137 0
-26.842105263157894 -6.842105263157895 0 6.573684576918062e+189 1.3147369153836127e+190 0
-26.842105263157894 -6.315789473684211 0 -2.1079726407924504e+257 -4.2159452815849024e+257 0
-26.842105263157894 -5.789473684210526 0 inf inf 0
-26.842105263157894 -5.263157894736842 0 nan nan 0
-26.842105263157894 -4.7368421052631575 0 nan nan 0
-26.842105263157894 -4.2105263157894735 0 nan nan 0
-26.842105263157894 -3.6842105263157894 0 nan nan 0
-26.842105263157894 -3.1578947368421053 0 nan nan 0
-26.842105263157894 -2.631578947368421 0 nan nan 0
-26.842105263157894 -2.1052631578947367 0 nan nan 0
-26.842105263157894 -1.5789473684210527 0 nan nan 0
-26.842105263157894 -1.0526315789473684 0 nan nan 0
-26.842105263157894 -0.5263157894736842 0 nan nan 0
-26.842105263157894 -0.0 0 nan nan 0
-26.842105263157894 0.0 0 nan nan 0
-26.842105263157894 0.5263157894736842 0 nan nan 0
-26.842105263157894 1.0526315789473684 0 nan nan 0
-26.842105263157894 1.5789473684210527 0 nan nan 0
-26.842105263157894 2.1052631578947367 0 nan nan 0
-26.842105263157894 2.631578947368421 0 nan nan 0
-26.842105263157894 3.1578947368421053 0 nan nan 0
-26.842105263157894 3.6842105263157894 0 nan nan 0
-26.842105263157894 4.2105263157894735 0 nan nan 0
-26.842105263157894 4.7368421052631575 0 nan nan 0
-26.842105263157894 5.263157894736842 0 nan nan 0
-26.842105263157894 5.789473684210526 0 nan nan 0
-26.842105263157894 6.315789473684211 0 nan nan 0
-26.842105263157894 6.842105263157895 0 nan nan 0
-26.842105263157894 7.368421052631579 0 nan nan 0
-26.842105263157894 7.894736842105263 0 nan nan 0
-26.842105263157894 8.421052631578947 0 nan nan 0
-26.842105263157894 8.947368421052632 0 nan nan 0
-26.842105263157894 9.473684210526315 0 nan nan 0
-25.263157894736842 -9.473684210526315 0 3.147345083212342e+45 6.294690166424686e+45 0
-25.263157894736842 -8.947368421052632 0 -1.0728305150973485e+72 -2.1456610301946974e+72 0
-25.263157894736842 -8.421052631578947 0 -3.004014512109358e+114 -6.008029024218717e+114 0
-25.263157894736842 -7.894736842105263 0 4.4488569631972495e+179 8.8977139263945e+179 0
-25.263157894736842 -7.368421052631579 0 1.757891949530723e+275 3.5157838990614464e+275 0
-25.263157894736842 -6.842105263157895 0 -inf -inf 0
-25.263157894736842 -6.315789473684211 0 nan nan 0
-25.263157894736842 -5.789473684210526 0 nan nan 0
-25.263157894736842 -5.263157894736842 0 nan nan 0
-25.263157894736842 -4.7368421052631575 0 nan nan 0
-25.263157894736842 -4.2105263157894735 0 nan nan 0
-25.263157894736842 -3.6842105263157894 0 nan nan 0
-25.263157894736842 -3.1578947368421053 0 nan nan 0
-25.263157894736842 -2.631578947368421 0 nan nan 0
-25.263157894736842 -2.1052631578947367 0 nan nan 0
-25.263157894736842 -1.5789473684210527 0 nan nan 0
-25.263157894736842 -1.0526315789473684 0 nan nan 0
-25.263157894736842 -0.5263157894736842 0 nan nan 0
-25.263157894736842 -0.0 0 nan nan 0
-25.263157894736842 0.0 0 nan nan 0
-25.263157894736842 0.5263157894736842 0 nan nan 0
-25.263157894736842 1.0526315789473684 0 nan nan 0
-25.263157894736842 1.5789473684210527 0 nan nan 0
-25.263157894736842 2.1052631578947367 0 nan nan 0
-25.263157894736842 2.631578947368421 0 nan nan 0
-25.263157894736842 3.1578947368421053 0 nan nan 0
-25.263157894736842 3.6842105263157894 0 nan nan 0
-25.263157894736842 4.2105263157894735 0 nan nan 0
-25.263157894736842 4.7368421052631575 0 nan nan 0
-25.263157894736842 5.263157894736842 0 nan nan 0
-25.263157894736842 5.789473684210526 0 nan nan 0
-25.263157894736842 6.315789473684211 0 nan nan 0
-25.263157894736842 6.842105263157895 0 nan nan 0
-25.263157894736842 7.368421052631579 0 nan nan 0
-25.263157894736842 7.894736842105263 0 nan nan 0
-25.263157894736842 8.421052631578947 0 nan nan 0
-25.263157894736842 8.947368421052632 0 nan nan 0
-25.263157894736842 9.473684210526315 0 nan nan 0
-23.68421052631579 -9.473684210526315 0 1.4862258266484937e+67 2.972451653296988e+67 0
-23.68421052631579 -8.947368421052632 0 1.1589293175754576e+111 2.3178586351509156e+111 0
-23.68421052631579 -8.421052631578947 0 -4.718084244165822e+177 -9.436168488331648e+177 0
-23.68421052631579 -7.894736842105263 0 -3.884518550359912e+275 -7.769037100719825e+275 0
-23.68421052631579 -7.368421052631579 0 nan nan 0
-23.68421052631579 -6.842105263157895 0 nan nan 0
-23.68421052631579 -6.315789473684211 0 nan nan 0
-23.68421052631579 -5.789473684210526 0 nan nan 0
-23.68421052631579 -5.263157894736842 0 nan nan 0
-23.68421052631579 -4.7368421052631575 0 nan nan 0
-23.68421052631579 -4.2105263157894735 0 nan nan 0
-23.68421052631579 -3.6842105263157894 0 nan nan 0
-23.68421052631579 -3.1578947368421053 0 nan nan 0
-23.68421052631579 -2.631578947368421 0 nan nan 0
-23.68421052631579 -2.1052631578947367 0 nan nan 0
-23.68421052631579 -1.5789473684210527 0 nan nan 0
-23.68421052631579 -1.0526315789473684 0 nan nan 0
-23.68421052631579 -0.5263157894736842 0 nan nan 0
-23.68421052631579 -0.0 0 nan nan 0
-23.68421052631579 0.0 0 nan nan 0
-23.68421052631579 0.5263157894736842 0 nan nan 0
-23.68421052631579 1.0526315789473684 0 nan nan 0
-23.68421052631579 1.5789473684210527 0 nan nan 0
-23.68421052631579 2.1052631578947367 0 nan nan 0
-23.68421052631579 2.631578947368421 0 nan nan 0
-23.68421052631579 3.1578947368421053 0 nan nan 0
-23.68421052631579 3.6842105263157894 0 nan nan 0
-23.68421052631579 4.2105263157894735 0 nan nan 0
-23.68421052631579 4.7368421052631575 0 nan nan 0
-23.68421052631579 5.263157894736842 0 nan nan 0
-23.68421052631579 5.789473684210526 0 nan nan 0
-23.68421052631579 6.315789473684211 0 nan nan 0
-23.68421052631579 6.842105263157895 0 nan nan 0
-23.68421052631579 7.368421052631579 0 nan nan 0
-23.68421052631579 7.894736842105263 0 nan nan 0
-23.68421052631579 8.421052631578947 0 nan nan 0
-23.68421052631579 8.947368421052632 0 nan nan 0
-23.68421052631579 9.473684210526315 0 nan nan 0
-22.105263157894736 -9.473684210526315 0 9.777189280350817e+94 1.9554378560701644e+95 0
-22.105263157894736 -8.947368421052632 0 4.6350458837695404e+167 9.270091767539081e+167 0
-22.105263157894736 -8.421052631578947 0 -1.5031396579726153e+270 -3.0062793159452316e+270 0
-22.105263157894736 -7.894736842105263 0 inf inf 0
-22.105263157894736 -7.368421052631579 0 nan nan 0
-22.105263157894736 -6.842105263157895 0 nan nan 0
-22.105263157894736 -6.315789473684211 0 nan nan 0
-22.105263157894736 -5.789473684210526 0 nan nan 0
-22.105263157894736 -5.263157894736842 0 nan nan 0
-22.105263157894736 -4.7368421052631575 0 nan nan 0
-22.105263157894736 -4.2105263157894735 0 nan nan 0
-22.105263157894736 -3.6842105263157894 0 nan nan 0
-22.105263157894736 -3.1578947368421053 0 nan nan 0
-22.105263157894736 -2.631578947368421 0 nan nan 0
-22.105263157894736 -2.1052631578947367 0 nan nan 0
-22.105263157894736 -1.5789473684210527 0 nan nan 0
-22.105263157894736 -1.0526315789473684 0 nan nan 0
-22.105263157894736 -0.5263157894736842 0 nan nan 0
-22.105263157894736 -0.0 0 nan nan 0
-22.105263157894736 0.0 0 nan nan 0
-22.105263157894736 0.5263157894736842 0 nan nan 0
-22.105263157894736 1.0526315789473684 0 nan nan 0
-22.105263157894736 1.5789473684210527 0 nan nan 0
-22.105263157894736 2.1052631578947367 0 nan nan 0
-22.105263157894736 2.631578947368421 0 nan nan 0
-22.105263157894736 3.1578947368421053 0 nan nan 0
-22.105263157894736 3.6842105263157894 0 nan nan 0
-22.105263157894736 4.2105263157894735 0 nan nan 0
-22.105263157894736 4.7368421052631575 0 nan nan 0
-22.105263157894736 5.263157894736842 0 nan nan 0
-22.105263157894736 5.789473684210526 0 nan nan 0
-22.105263157894736 6.315789473684211 0 nan nan 0
-22.105263157894736 6.842105263157895 0 nan nan 0
-22.105263157894736 7.368421052631579 0 nan nan 0
-22.105263157894736 7.894736842105263 0 nan nan 0
-22.105263157894736 8.421052631578947 0 nan nan 0
-22.105263157894736 8.947368421052632 0 nan nan 0
-22.105263157894736 9.473684210526315 0 nan nan 0
-20.526315789473685 -9.473684210526315 0 -9.763132753774556e+128 -1.9526265507549122e+129 0
-20.526315789473685 -8.947368421052632 0 2.1098913324980526e+246 4.219782664996105e+246 0
-20.526315789473685 -8.421052631578947 0 nan nan 0
-20.526315789473685 -7.894736842105263 0 nan nan 0
-20.526315789473685 -7.368421052631579 0 nan nan 0
-20.526315789473685 -6.842105263157895 0 nan nan 0
-20.526315789473685 -6.315789473684211 0 nan nan 0
-20.526315789473685 -5.789473684210526 0 nan nan 0
-20.526315789473685 -5.263157894736842 0 nan nan 0
-20.526315789473685 -4.7368421052631575 0 nan nan 0
-20.526315789473685 -4.2105263157894735 0 nan nan 0
-20.526315789473685 -3.6842105263157894 0 nan nan 0
-20.526315789473685 -3.1578947368421053 0 nan nan 0
-20.526315789473685 -2.631578947368421 0 nan nan 0
-20.526315789473685 -2.1052631578947367 0 nan nan 0
-20.526315789473685 -1.5789473684210527 0 nan nan 0
-20.526315789473685 -1.0526315789473684 0 nan nan 0
-20.526315789473685 -0.5263157894736842 0 nan nan 0
-20.526315789473685 -0.0 0 nan nan 0
-20.526315789473685 0.0 0 nan nan 0
-20.526315789473685 0.5263157894736842 0 nan nan 0
-20.526315789473685 1.0526315789473684 0 nan nan 0
-20.526315789473685 1.5789473684210527 0 nan nan 0
-20.526315789473685 2.1052631578947367 0 nan nan 0
-20.526315789473685 2.631578947368421 0 nan nan 0
-20.526315789473685 3.1578947368421053 0 nan nan 0
-20.526315789473685 3.6842105263157894 0 nan nan 0
-20.526315789473685 4.2105263157894735 0 nan nan 0
-20.526315789473685 4.7368421052631575 0 nan nan 0
-20.526315789473685 5.263157894736842 0 nan nan 0
-20.526315789473685 5.789473684210526 0 nan nan 0
-20.526315789473685 6.315789473684211 0 nan nan 0
-20.526315789473685 6.842105263157895 0 nan nan 0
-20.526315789473685 7.368421052631579 0 nan nan 0
-20.526315789473685 7.894736842105263 0 nan nan 0
-20.526315789473685 8.421052631578947 0 nan nan 0
-20.526315789473685 8.947368421052632 0 nan nan 0
-20.526315789473685 9.473684210526315 0 nan nan 0
-18.94736842105263 -9.473684210526315 0 6.514342018575968e+168 1.3028684037151942e+169 0
-18.94736842105263 -8.947368421052632 0 -inf -inf 0
-18.94736842105263 -8.421052631578947 0 nan nan 0
-18.94736842105263 -7.894736842105263 0 nan nan 0
-18.94736842105263 -7.368421052631579 0 nan nan 0
-18.94736842105263 -6.842105263157895 0 nan nan 0
-18.94736842105263 -6.315789473684211 0 nan nan 0
-18.94736842105263 -5.789473684210526 0 nan nan 0
-18.94736842105263 -5.263157894736842 0 nan nan 0
-18.94736842105263 -4.7368421052631575 0 nan nan 0
-18.94736842105263 -4.2105263157894735 0 nan nan 0
-18.94736842105263 -3.6842105263157894 0 nan nan 0
-18.94736842105263 -3.1578947368421053 0 nan nan 0
-18.94736842105263 -2.631578947368421 0 nan nan 0
-18.94736842105263 -2.1052631578947367 0 nan nan 0
-18.94736842105263 -1.5789473684210527 0 nan nan 0
-18.94736842105263 -1.0526315789473684 0 nan nan 0
-18.94736842105263 -0.5263157894736842 0 nan nan 0
-18.94736842105263 -0.0 0 nan nan 0
-18.94736842105263 0.0 0 nan nan 0
-18.94736842105263 0.5263157894736842 0 nan nan 0
-18.94736842105263 1.0526315789473684 0 nan nan 0
-18.94736842105263 1.5789473684210527 0 nan nan 0
-18.94736842105263 2.1052631578947367 0 nan nan 0
-18.94736842105263 2.631578947368421 0 nan nan 0
-18.94736842105263 3.1578947368421053 0 nan nan 0
-18.94736842105263 3.6842105263157894 0 nan nan 0
-18.94736842105263 4.2105263157894735 0 nan nan 0
-18.94736842105263 4.7368421052631575 0 nan nan 0
-18.94736842105263 5.263157894736842 0 nan nan 0
-18.94736842105263 5.789473684210526 0 nan nan 0
-18.94736842105263 6.315789473684211 0 nan nan 0
-18.94736842105263 6.842105263157895 0 nan nan 0
-18.94736842105263 7.368421052631579 0 nan nan 0
-18.94736842105263 7.894736842105263 0 nan nan 0
-18.94736842105263 8.421052631578947 0 nan nan 0
-18.94736842105263 8.947368421052632 0 nan nan 0
-18.94736842105263 9.473684210526315 0 nan nan 0
-17.36842105263158 -9.473684210526315 0 2.4083154554237585e+214 4.816630910847519e+214 0
-17.36842105263158 -8.947368421052632 0 -inf -inf 0
-17.36842105263158 -8.421052631578947 0 nan nan 0
-17.36842105263158 -7.894736842105263 0 nan nan 0
-17.36842105263158 -7.368421052631579 0 nan nan 0
-17.36842105263158 -6.842105263157895 0 nan nan 0
-17.36842105263158 -6.315789473684211 0 nan nan 0
-17.36842105263158 -5.789473684210526 0 nan nan 0
-17.36842105263158 -5.263157894736842 0 nan nan 0
-17.36842105263158 -4.7368421052631575 0 nan nan 0
-17.36842105263158 -4.2105263157894735 0 nan nan 0
-17.36842105263158 -3.6842105263157894 0 nan nan 0
-17.36842105263158 -3.1578947368421053 0 nan nan 0
-17.36842105263158 -2.631578947368421 0 nan nan 0
-17.36842105263158 -2.1052631578947367 0 nan nan 0
-17.36842105263158 -1.5789473684210527 0 nan nan 0
-17.36842105263158 -1.0526315789473684 0 nan nan 0
-17.36842105263158 -0.5263157894736842 0 nan nan 0
-17.36842105263158 -0.0 0 nan nan 0
-17.36842105263158 0.0 0 nan nan 0
-17.36842105263158 0.5263157894736842 0 nan nan 0
-17.36842105263158 1.0526315789473684 0 nan nan 0
-17.36842105263158 1.5789473684210527 0 nan nan 0
-17.36842105263158 2.1052631578947367 0 nan nan 0
-17.36842105263158 2.631578947368421 0 nan nan 0
-17.36842105263158 3.1578947368421053 0 nan nan 0
-17.36842105263158 3.6842105263157894 0 nan nan 0
-17.36842105263158 4.2105263157894735 0 nan nan 0
-17.36842105263158 4.7368421052631575 0 nan nan 0
-17.36842105263158 5.263157894736842 0 nan nan 0
-17.36842105263158 5.789473684210526 0 nan nan 0
-17.36842105263158 6.315789473684211 0 nan nan 0
-17.36842105263158 6.842105263157895 0 nan nan 0
-17.36842105263158 7.368421052631579 0 nan nan 0
-17.36842105263158 7.894736842105263 0 nan nan 0
-17.36842105263158 8.421052631578947 0 nan nan 0
-17.36842105263158 8.947368421052632 0 nan nan 0
-17.36842105263158 9.473684210526315 0 nan nan 0
-15.789473684210527 -9.473684210526315 0 -1.859504919429521e+265 -3.719009838859043e+265 0
-15.789473684210527 -8.947368421052632 0 nan nan 0
-15.789473684210527 -8.421052631578947 0 nan nan 0
-15.789473684210527 -7.894736842105263 0 nan nan 0
-15.789473684210527 -7.368421052631579 0 nan nan 0
-15.789473684210527 -6.842105263157895 0 nan nan 0
-15.789473684210527 -6.315789473684211 0 nan nan 0
-15.789473684210527 -5.789473684210526 0 nan nan 0
-15.789473684210527 -5.263157894736842 0 nan nan 0
-15.789473684210527 -4.7368421052631575 0 nan nan 0
-15.789473684210527 -4.2105263157894735 0 nan nan 0
-15.789473684210527 -3.6842105263157894 0 nan nan 0
-15.789473684210527 -3.1578947368421053 0 nan nan 0
-15.789473684210527 -2.631578947368421 0 nan nan 0
-15.789473684210527 -2.1052631578947367 0 nan nan 0
-15.789473684210527 -1.5789473684210527 0 nan nan 0
-15.789473684210527 -1.0526315789473684 0 nan nan 0
-15.789473684210527 -0.5263157894736842 1 nan nan 0
-15.789473684210527 -0.0 1 nan nan 0
-15.789473684210527 0.0 1 nan nan 0
-15.789473684210527 0.5263157894736842 1 nan nan 0
-15.789473684210527 1.0526315789473684 0 nan nan 0
-15.789473684210527 1.5789473684210527 0 nan nan 0
-15.789473684210527 2.1052631578947367 0 nan nan 0
-15.789473684210527 2.631578947368421 0 nan nan 0
-15.789473684210527 3.1578947368421053 0 nan nan 0
-15.789473684210527 3.6842105263157894 0 nan nan 0
-15.789473684210527 4.2105263157894735 0 nan nan 0
-15.789473684210527 4.7368421052631575 0 nan nan 0
-15.789473684210527 5.263157894736842 0 nan nan 0
-15.789473684210527 5.789473684210526 0 nan nan 0
-15.789473684210527 6.315789473684211 0 nan nan 0
-15.789473684210527 6.842105263157895 0 nan nan 0
-15.789473684210527 7.368421052631579 0 nan nan 0
-15.789473684210527 7.894736842105263 0 nan nan 0
-15.789473684210527 8.421052631578947 0 nan nan 0
-15.789473684210527 8.947368421052632 0 nan nan 0
-15.789473684210527 9.473684210526315 0 nan nan 0
-14.210526315789474 -9.473684210526315 0 -inf -inf 0
-14.210526315789474 -8.947368421052632 0 nan nan 0
-14.210526315789474 -8.421052631578947 0 nan nan 0
-14.210526315789474 -7.894736842105263 0 nan nan 0
-14.210526315789474 -7.368421052631579 0 nan nan 0
-14.210526315789474 -6.842105263157895 0 nan nan 0
-14.210526315789474 -6.315789473684211 0 nan nan 0
-14.210526315789474 -5.789473684210526 0 nan nan 0
-14.210526315789474 -5.263157894736842 0 nan nan 0
-14.210526315789474 -4.7368421052631575 0 nan nan 0
-14.210526315789474 -4.2105263157894735 0 nan nan 0
-14.210526315789474 -3.6842105263157894 0 nan nan 0
-14.210526315789474 -3.1578947368421053 0 nan nan 0
-14.210526315789474 -2.631578947368421 0 nan nan 0
-14.210526315789474 -2.1052631578947367 0 nan nan 0
-14.210526315789474 -1.5789473684210527 0 nan nan 0
-14.210526315789474 -1.0526315789473684 1 nan nan 0
-14.210526315789474 -0.5263157894736842 1 nan nan 0
-14.210526315789474 -0.0 1 nan nan 0
-14.210526315789474 0.0 1 nan nan 0
-14.210526315789474 0.5263157894736842 1 nan nan 0
-14.210526315789474 1.0526315789473684 1 nan nan 0
-14.210526315789474 1.5789473684210527 0 nan nan 0
-14.210526315789474 2.1052631578947367 0 nan nan 0
-14.210526315789474 2.631578947368421 0 nan nan 0
-14.210526315789474 3.1578947368421053 0 nan nan 0
-14.210526315789474 3.6842105263157894 0 nan nan 0
-14.210526315789474 4.2105263157894735 0 nan nan 0
-14.210526315789474 4.7368421052631575 0 nan nan 0
-14.210526315789474 5.263157894736842 0 nan nan 0
-14.210526315789474 5.789473684210526 0 nan nan 0
-14.210526315789474 6.315789473684211 0 nan nan 0
-14.210526315789474 6.842105263157895 0 nan nan 0
-14.210526315789474 7.368421052631579 0 nan nan 0
-14.210526315789474 7.894736842105263 0 nan nan 0
-14.210526315789474 8.421052631578947 0 nan nan 0
-14.210526315789474 8.947368421052632 0 nan nan 0
-14.210526315789474 9.473684210526315 0 nan nan 0
-12.631578947368421 -9.473684210526315 0 nan nan 0
-12.631578947368421 -8.947368421052632 0 nan nan 0
-12.631578947368421 -8.421052631578947 0 nan nan 0
-12.631578947368421 -7.894736842105263 0 nan nan 0
-12.631578947368421 -7.368421052631579 0 nan nan 0
-12.631578947368421 -6.842105263157895 0 nan nan 0
-12.631578947368421 -6.315789473684211 0 nan nan 0
-12.631578947368421 -5.789473684210526 0 nan nan 0
-12.631578947368421 -5.263157894736842 0 nan nan 0
-12.631578947368421 -4.7368421052631575 0 nan nan 0
-12.631578947368421 -4.2105263157894735 0 nan nan 0
-12.631578947368421 -3.6842105263157894 0 nan nan 0
-12.631578947368421 -3.1578947368421053 0 nan nan 0
-12.631578947368421 -2.631578947368421 0 nan nan 0
-12.631578947368421 -2.1052631578947367 0 nan nan 0
-12.631578947368421 -1.5789473684210527 0 nan nan 0
-12.631578947368421 -1.0526315789473684 1 nan nan 0
-12.631578947368421 -0.5263157894736842 1 nan nan 0
-12.631578947368421 -0.0 1 nan nan 0
-12.631578947368421 0.0 1 nan nan 0
-12.631578947368421 0.5263157894736842 1 nan nan 0
-12.631578947368421 1.0526315789473684 1 nan nan 0
-12.631578947368421 1.5789473684210527 0 nan nan 0
-12.631578947368421 2.1052631578947367 0 nan nan 0
-12.631578947368421 2.631578947368421 0 nan nan 0
-12.631578947368421 3.1578947368421053 0 nan nan 0
-12.631578947368421 3.6842105263157894 0 nan nan 0
-12.631578947368421 4.2105263157894735 0 nan nan 0
-12.631578947368421 4.7368421052631575 0 nan nan 0
-12.631578947368421 5.263157894736842 0 nan nan 0
-12.631578947368421 5.789473684210526 0 nan nan 0
-12.631578947368421 6.315789473684211 0 nan nan 0
-12.631578947368421 6.842105263157895 0 nan nan 0
-12.631578947368421 7.368421052631579 0 nan nan 0
-12.631578947368421 7.894736842105263 0 nan nan 0
-12.631578947368421 8.421052631578947 0 nan nan 0
-12.631578947368421 8.947368421052632 0 nan nan 0
-12.631578947368421 9.473684210526315 0 nan nan 0
-11.052631578947368 -9.473684210526315 0 nan nan 0
-11.052631578947368 -8.947368421052632 0 nan nan 0
-11.052631578947368 -8.421052631578947 0 nan nan 0
-11.052631578947368 -7.894736842105263 0 nan nan 0
-11.052631578947368 -7.368421052631579 0 nan nan 0
-11.052631578947368 -6.842105263157895 0 nan nan 0
-11.052631578947368 -6.315789473684211 0 nan nan 0
-11.052631578947368 -5.789473684210526 0 nan nan 0
-11.052631578947368 -5.263157894736842 0 nan nan 0
-11.052631578947368 -4.7368421052631575 0 nan nan 0
-11.052631578947368 -4.2105263157894735 0 nan nan 0
-11.052631578947368 -3.6842105263157894 0 nan nan 0
-11.052631578947368 -3.1578947368421053 0 nan nan 0
-11.052631578947368 -2.631578947368421 0 nan nan 0
-11.052631578947368 -2.1052631578947367 0 nan nan 0
-11.052631578947368 -1.5789473684210527 1 nan nan 0
-11.052631578947368 -1.0526315789473684 1 nan nan 0
-11.052631578947368 -0.5263157894736842 1 nan nan 0
-11.052631578947368 -0.0 1 nan nan 0
-11.052631578947368 0.0 1 nan nan 0
-11.052631578947368 0.5263157894736842 1 nan nan 0
-11.052631578947368 1.0526315789473684 1 nan nan 0
-11.052631578947368 1.5789473684210527 1 nan nan 0
-11.052631578947368 2.1052631578947367 0 nan nan 0
-11.052631578947368 2.631578947368421 0 nan nan 0
-11.052631578947368 3.1578947368421053 0 nan nan 0
-11.052631578947368 3.6842105263157894 0 nan nan 0
-11.052631578947368 4.2105263157894735 0 nan nan 0
-11.052631578947368 4.7368421052631575 0 nan nan 0
-11.052631578947368 5.263157894736842 0 nan nan 0
-11.052631578947368 5.789473684210526 0 nan nan 0
-11.052631578947368 6.315789473684211 0 nan nan 0
-11.052631578947368 6.842105263157895 0 nan nan 0
-11.052631578947368 7.368421052631579 0 nan nan 0
-11.052631578947368 7.894736842105263 0 nan nan 0
-11.052631578947368 8.421052631578947 0 nan nan 0
-11.052631578947368 8.947368421052632 0 nan nan 0
-11.052631578947368 9.473684210526315 0 nan nan 0
-9.473684210526315 -9.473684210526315 0 nan nan 0
-9.473684210526315 -8.947368421052632 0 nan nan 0
-9.473684210526315 -8.421052631578947 0 nan nan 0
-9.473684210526315 -7.894736842105263 0 nan nan 0
-9.473684210526315 -7.368421052631579 0 nan nan 0
-9.473684210526315 -6.842105263157895 0 nan nan 0
-9.473684210526315 -6.315789473684211 0 nan nan 0
-9.473684210526315 -5.789473684210526 0 nan nan 0
-9.473684210526315 -5.263157894736842 0 nan nan 0
-9.473684210526315 -4.7368421052631575 0 nan nan 0
-9.473684210526315 -4.2105263157894735 0 nan nan 0
-9.473684210526315 -3.6842105263157894 0 nan nan 0
-9.473684210526315 -3.1578947368421053 0 nan nan 0
-9.473684210526315 -2.631578947368421 0 nan nan 0
-9.473684210526315 -2.1052631578947367 0 nan nan 0
-9.473684210526315 -1.5789473684210527 1 nan nan 0
-9.473684210526315 -1.0526315789473684 1 nan nan 0
-9.473684210526315 -0.5263157894736842 1 nan nan 0
-9.473684210526315 -0.0 1 nan nan 0
-9.473684210526315 0.0 1 nan nan 0
-9.473684210526315 0.5263157894736842 1 nan nan 0
-9.473684210526315 1.0526315789473684 1 nan nan 0
-9.473684210526315 1.5789473684210527 1 nan nan 0
-9.473684210526315 2.1052631578947367 0 nan nan 0
-9.473684210526315 2.631578947368421 0 nan nan 0
-9.473684210526315 3.1578947368421053 0 nan nan 0
-9.473684210526315 3.6842105263157894 0 nan nan 0
-9.473684210526315 4.2105263157894735 0 nan nan 0
-9.473684210526315 4.7368421052631575 0 nan nan 0
-9.473684210526315 5.263157894736842 0 nan nan 0
-9.473684210526315 5.789473684210526 0 nan nan 0
-9.473684210526315 6.315789473684211 0 nan nan 0
-9.473684210526315 6.842105263157895 0 nan nan 0
-9.473684210526315 7.368421052631579 0 nan nan 0
-9.473684210526315 7.894736842105263 0 nan nan 0
-9.473684210526315 8.421052631578947 0 nan nan 0
-9.473684210526315 8.947368421052632 0 nan nan 0
-9.473684210526315 9.473684210526315 0 nan nan 0
-7.894736842105264 -9.473684210526315 0 nan nan 0
-7.894736842105264 -8.947368421052632 0 nan nan 0
-7.894736842105264 -8.421052631578947 0 nan nan 0
-7.894736842105264 -7.894736842105263 0 nan nan 0
-7.894736842105264 -7.368421052631579 0 nan nan 0
-7.894736842105264 -6.842105263157895 0 nan nan 0
-7.894736842105264 -6.315789473684211 0 nan nan 0
-7.894736842105264 -5.789473684210526 0 nan nan 0
-7.894736842105264 -5.263157894736842 0 nan nan 0
-7.894736842105264 -4.7368421052631575 0 nan nan 0
-7.894736842105264 -4.2105263157894735 0 nan nan 0
-7.894736842105264 -3.6842105263157894 0 nan nan 0
-7.894736842105264 -3.1578947368421053 0 nan nan 0
-7.894736842105264 -2.631578947368421 0 nan nan 0
-7.894736842105264 -2.1052631578947367 0 nan nan 0
-7.894736842105264 -1.5789473684210527 1 nan nan 0
-7.894736842105264 -1.0526315789473684 1 nan nan 0
-7.894736842105264 -0.5263157894736842 1 nan nan 0
-7.894736842105264 -0.0 1 nan nan 0
-7.894736842105264 0.0 1 nan nan 0
-7.894736842105264 0.5263157894736842 1 nan nan 0
-7.894736842105264 1.0526315789473684 1 nan nan 0
-7.894736842105264 1.5789473684210527 1 nan nan 0
-7.894736842105264 2.1052631578947367 0 nan nan 0
-7.894736842105264 2.631578947368421 0 nan nan 0
-7.894736842105264 3.1578947368421053 0 nan nan 0
-7.894736842105264 3.6842105263157894 0 nan nan 0
-7.894736842105264 4.2105263157894735 0 nan nan 0
-7.894736842105264 4.7368421052631575 0 nan nan 0
-7.894736842105264 5.263157894736842 0 nan nan 0
-7.894736842105264 5.789473684210526 0 nan nan 0
-7.894736842105264 6.315789473684211 0 nan nan 0
-7.894736842105264 6.842105263157895 0 nan nan 0
-7.894736842105264 7.368421052631579 0 nan nan 0
-7.894736842105264 7.894736842105263 0 nan nan 0
-7.894736842105264 8.421052631578947 0 nan nan 0
-7.894736842105264 8.947368421052632 0 nan nan 0
-7.894736842105264 9.473684210526315 0 nan nan 0
-6.315789473684211 -9.473684210526315 0 nan nan 0
-6.315789473684211 -8.947368421052632 0 nan nan 0
-6.315789473684211 -8.421052631578947 0 nan nan 0
-6.315789473684211 -7.894736842105263 0 nan nan 0
-6.315789473684211 -7.368421052631579 0 nan nan 0
-6.315789473684211 -6.842105263157895 0 nan nan 0
-6.315789473684211 -6.315789473684211 0 nan nan 0
-6.315789473684211 -5.789473684210526 0 nan nan 0
-6.315789473684211 -5.263157894736842 0 nan nan 0
-6.315789473684211 -4.7368421052631575 0 nan nan 0
-6.315789473684211 -4.2105263157894735 0 nan nan 0
-6.315789473684211 -3.6842105263157894 0 nan nan 0
-6.315789473684211 -3.1578947368421053 0 nan nan 0
-6.315789473684211 -2.631578947368421 0 nan nan 0
-6.315789473684211 -2.1052631578947367 0 nan nan 0
-6.315789473684211 -1.5789473684210527 1 nan nan 0
-6.315789473684211 -1.0526315789473684 1 nan nan 0
-6.315789473684211 -0.5263157894736842 1 nan nan 0
-6.315789473684211 -0.0 1 nan nan 0
-6.315789473684211 0.0 1 nan nan 0
-6.315789473684211 0.5263157894736842 1 nan nan 0
-6.315789473684211 1.0526315789473684 1 nan nan 0
-6.315789473684211 1.5789473684210527 1 nan nan 0
-6.315789473684211 2.1052631578947367 0 nan nan 0
-6.315789473684211 2.631578947368421 0 nan nan 0
-6.315789473684211 3.1578947368421053 0 nan nan 0
-6.315789473684211 3.6842105263157894 0 nan nan 0
-6.315789473684211 4.2105263157894735 0 nan nan 0
-6.315789473684211 4.7368421052631575 0 nan nan 0
-6.315789473684211 5.263157894736842 0 nan nan 0
-6.315789473684211 5.789473684210526 0 nan nan 0
-6.315789473684211 6.315789473684211 0 nan nan 0
-6.315789473684211 6.842105263157895 0 nan nan 0
-6.315789473684211 7.368421052631579 0 nan nan 0
-6.315789473684211 7.894736842105263 0 nan nan 0
-6.315789473684211 8.421052631578947 0 nan nan 0
-6.315789473684211 8.947368421052632 0 nan nan 0
-6.315789473684211 9.473684210526315 0 nan nan 0
-4.7368421052631575 -9.473684210526315 0 nan nan 0
-4.7368421052631575 -8.947368421052632 0 nan nan 0
-4.7368421052631575 -8.421052631578947 0 nan nan 0
-4.7368421052631575 -7.894736842105263 0 nan nan 0
-4.7368421052631575 -7.368421052631579 0 nan nan 0
-4.7368421052631575 -6.842105263157895 0 nan nan 0
-4.7368421052631575 -6.315789473684211 0 nan nan 0
-4.7368421052631575 -5.789473684210526 0 nan nan 0
-4.7368421052631575 -5.263157894736842 0 nan nan 0
-4.7368421052631575 -4.7368421052631575 0 nan nan 0
-4.7368421052631575 -4.2105263157894735 0 nan nan 0
-4.7368421052631575 -3.6842105263157894 0 nan nan 0
-4.7368421052631575 -3.1578947368421053 0 nan nan 0
-4.7368421052631575 -2.631578947368421 0 nan nan 0
-4.7368421052631575 -2.1052631578947367 0 nan nan 0
-4.7368421052631575 -1.5789473684210527 1 nan nan 0
-4.7368421052631575 -1.0526315789473684 1 nan nan 0
-4.7368421052631575 -0.5263157894736842 1 nan nan 0
-4.7368421052631575 -0.0 1 nan nan 0
-4.7368421052631575 0.0 1 nan nan 0
-4.7368421052631575 0.5263157894736842 1 nan nan 0
-4.7368421052631575 1.0526315789473684 1 nan nan 0
-4.7368421052631575 1.5789473684210527 1 nan nan 0
-4.7368421052631575 2.1052631578947367 0 nan nan 0
-4.7368421052631575 2.631578947368421 0 nan nan 0
-4.7368421052631575 3.1578947368421053 0 nan nan 0
-4.7368421052631575 3.6842105263157894 0 nan nan 0
-4.7368421052631575 4.2105263157894735 0 nan nan 0
-4.7368421052631575 4.7368421052631575 0 nan nan 0
-4.7368421052631575 5.263157894736842 0 nan nan 0
-4.7368421052631575 5.789473684210526 0 nan nan 0
-4.7368421052631575 6.315789473684211 0 nan nan 0
-4.7368421052631575 6.842105263157895 0 nan nan 0
-4.7368421052631575 7.368421052631579 0 nan nan 0
-4.7368421052631575 7.894736842105263 0 nan nan 0
-4.7368421052631575 8.421052631578947 0 nan nan 0
-4.7368421052631575 8.947368421052632 0 nan nan 0
-4.7368421052631575 9.473684210526315 0 nan nan 0
-3.1578947368421053 -9.473684210526315 0 nan nan 0
-3.1578947368421053 -8.947368421052632 0 nan nan 0
-3.1578947368421053 -8.421052631578947 0 nan nan 0
-3.1578947368421053 -7.894736842105263 0 nan nan 0
-3.1578947368421053 -7.368421052631579 0 nan nan 0
-3.1578947368421053 -6.842105263157895 0 nan nan 0
-3.1578947368421053 -6.315789473684211 0 nan nan 0
-3.1578947368421053 -5.789473684210526 0 nan nan 0
-3.1578947368421053 -5.263157894736842 0 nan nan 0
-3.1578947368421053 -4.7368421052631575 0 nan nan 0
-3.1578947368421053 -4.2105263157894735 0 nan nan 0
-3.1578947368421053 -3.6842105263157894 0 nan nan 0
-3.1578947368421053 -3.1578947368421053 0 nan nan 0
-3.1578947368421053 -2.631578947368421 0 nan nan 0
-3.1578947368421053 -2.1052631578947367 0 nan nan 0
-3.1578947368421053 -1.5789473684210527 1 nan nan 0
-3.1578947368421053 -1.0526315789473684 1 nan nan 0
-3.1578947368421053 -0.5263157894736842 1 nan nan 0
-3.1578947368421053 -0.0 1 nan nan 0
-3.1578947368421053 0.0 1 nan nan 0
-3.1578947368421053 0.5263157894736842 1 nan nan 0
-3.1578947368421053 1.0526315789473684 1 nan nan 0
-3.1578947368421053 1.5789473684210527 1 nan nan 0
-3.1578947368421053 2.1052631578947367 0 nan nan 0
-3.1578947368421053 2.631578947368421 0 nan nan 0
-3.1578947368421053 3.1578947368421053 0 nan nan 0
-3.1578947368421053 3.6842105263157894 0 nan nan 0
-3.1578947368421053 4.2105263157894735 0 nan nan 0
-3.1578947368421053 4.7368421052631575 0 nan nan 0
-3.1578947368421053 5.263157894736842 0 nan nan 0
-3.1578947368421053 5.789473684210526 0 nan nan 0
-3.1578947368421053 6.315789473684211 0 nan nan 0
-3.1578947368421053 6.842105263157895 0 nan nan 0
-3.1578947368421053 7.368421052631579 0 nan nan 0
-3.1578947368421053 7.894736842105263 0 nan nan 0
-3.1578947368421053 8.421052631578947 0 nan nan 0
-3.1578947368421053 8.947368421052632 0 nan nan 0
-3.1578947368421053 9.473684210526315 0 nan nan 0
-1.5789473684210527 -9.473684210526315 0 nan nan 0
-1.5789473684210527 -8.947368421052632 0 nan nan 0
-1.5789473684210527 -8.421052631578947 0 nan nan 0
-1.5789473684210527 -7.894736842105263 0 nan nan 0
-1.5789473684210527 -7.368421052631579 0 nan nan 0
-1.5789473684210527 -6.842105263157895 0 nan nan 0
-1.5789473684210527 -6.315789473684211 0 nan nan 0
-1.5789473684210527 -5.789473684210526 0 nan nan 0
-1.5789473684210527 -5.263157894736842 0 nan nan 0
-1.5789473684210527 -4.7368421052631575 0 nan nan 0
-1.5789473684210527 -4.2105263157894735 0 nan nan 0
-1.5789473684210527 -3.6842105263157894 0 nan nan 0
-1.5789473684210527 -3.1578947368421053 0 nan nan 0
-1.5789473684210527 -2.631578947368421 0 nan nan 0
-1.5789473684210527 -2.1052631578947367 0 nan nan 0
-1.5789473684210527 -1.5789473684210527 1 nan nan 0
-1.5789473684210527 -1.0526315789473684 1 nan nan 0
-1.5789473684210527 -0.5263157894736842 1 nan nan 0
-1.5789473684210527 -0.0 1 nan nan 0
-1.5789473684210527 0.0 1 nan nan 0
-1.5789473684210527 0.5263157894736842 1 nan nan 0
-1.5789473684210527 1.0526315789473684 1 nan nan 0
-1.5789473684210527 1.5789473684210527 1 nan nan 0
-1.5789473684210527 2.1052631578947367 0 nan nan 0
-1.5789473684210527 2.631578947368421 0 nan nan 0
-1.5789473684210527 3.1578947368421053 0 nan nan 0
-1.5789473684210527 3.6842105263157894 0 nan nan 0
-1.5789473684210527 4.2105263157894735 0 nan nan 0
-1.5789473684210527 4.7368421052631575 0 nan nan 0
-1.5789473684210527 5.263157894736842 0 nan nan 0
-1.5789473684210527 5.789473684210526 0 nan nan 0
-1.5789473684210527 6.315789473684211 0 nan nan 0
-1.5789473684210527 6.842105263157895 0 nan nan 0
-1.5789473684210527 7.368421052631579 0 nan nan 0
-1.5789473684210527 7.894736842105263 0 nan nan 0
-1.5789473684210527 8.421052631578947 0 nan nan 0
-1.5789473684210527 8.947368421052632 0 nan nan 0
-1.5789473684210527 9.473684210526315 0 nan nan 0
-0.0 -9.473684210526315 0 nan nan 0
-0.0 -8.947368421052632 0 nan nan 0
-0.0 -8.421052631578947 0 nan nan 0
-0.0 -7.894736842105263 0 nan nan 0
-0.0 -7.368421052631579 0 nan nan 0
-0.0 -6.842105263157895 0 nan nan 0
-0.0 -6.315789473684211 0 nan nan 0
-0.0 -5.789473684210526 0 nan nan 0
-0.0 -5.263157894736842 0 nan nan 0
-0.0 -4.7368421052631575 0 nan nan 0
-0.0 -4.2105263157894735 0 nan nan 0
-0.0 -3.6842105263157894 0 nan nan 0
-0.0 -3.1578947368421053 0 nan nan 0
-0.0 -2.631578947368421 0 nan nan 0
-0.0 -2.1052631578947367 0 nan nan 0
-0.0 -1.5789473684210527 0 nan nan 0
-0.0 -1.0526315789473684 1 nan nan 0
-0.0 -0.5263157894736842 1 nan nan 0
-0.0 -0.0 1 nan nan 0
-0.0 0.0 1 nan nan 0
-0.0 0.5263157894736842 1 nan nan 0
-0.0 1.0526315789473684 1 nan nan 0
-0.0 1.5789473684210527 0 nan nan 0
-0.0 2.1052631578947367 0 nan nan 0
-0.0 2.631578947368421 0 nan nan 0
-0.0 3.1578947368421053 0 nan nan 0
-0.0 3.6842105263157894 0 nan nan 0
-0.0 4.2105263157894735 0 nan nan 0
-0.0 4.7368421052631575 0 nan nan 0
-0.0 5.263157894736842 0 nan nan 0
-0.0 5.789473684210526 0 nan nan 0
-0.0 6.315789473684211 0 nan nan 0
-0.0 6.842105263157895 0 nan nan 0
-0.0 7.368421052631579 0 nan nan 0
-0.0 7.894736842105263 0 nan nan 0
-0.0 8.421052631578947 0 nan nan 0
-0.0 8.947368421052632 0 nan nan 0
-0.0 9.473684210526315 0 nan nan 0
0.0 -9.473684210526315 0 nan nan 0
0.0 -8.947368421052632 0 nan nan 0
0.0 -8.421052631578947 0 nan nan 0
0.0 -7.894736842105263 0 nan nan 0
0.0 -7.368421052631579 0 nan nan 0
0.0 -6.842105263157895 0 nan nan 0
0.0 -6.315789473684211 0 nan nan 0
0.0 -5.789473684210526 0 nan nan 0
0.0 -5.263157894736842 0 nan nan 0
0.0 -4.7368421052631575 0 nan nan 0
0.0 -4.2105263157894735 0 nan nan 0
0.0 -3.6842105263157894 0 nan nan 0
0.0 -3.1578947368421053 0 nan nan 0
0.0 -2.631578947368421 0 nan nan 0
0.0 -2.1052631578947367 0 nan nan 0
0.0 -1.5789473684210527 0 nan nan 0
0.0 -1.0526315789473684 1 nan nan 0
0.0 -0.5263157894736842 1 nan nan 0
0.0 -0.0 1 nan nan 0
0.0 0.0 1 nan nan 0
0.0 0.5263157894736842 1 nan nan 0
0.0 1.0526315789473684 1 nan nan 0
0.0 1.5789473684210527 0 nan nan 0
0.0 2.1052631578947367 0 nan nan 0
0.0 2.631578947368421 0 nan nan 0
0.0 3.1578947368421053 0 nan nan 0
0.0 3.6842105263157894 0 nan nan 0
0.0 4.2105263157894735 0 nan nan 0
0.0 4.7368421052631575 0 nan nan 0
0.0 5.263157894736842 0 nan nan 0
0.0 5.789473684210526 0 nan nan 0
0.0 6.315789473684211 0 nan nan 0
0.0 6.842105263157895 0 nan nan 0
0.0 7.368421052631579 0 nan nan 0
0.0 7.894736842105263 0 nan nan 0
0.0 8.421052631578947 0 nan nan 0
0.0 8.947368421052632 0 nan nan 0
0.0 9.473684210526315 0 nan nan 0
1.5789473684210527 -9.473684210526315 0 nan nan 0
1.5789473684210527 -8.947368421052632 0 nan nan 0
1.5789473684210527 -8.421052631578947 0 nan nan 0
1.5789473684210527 -7.894736842105263 0 nan nan 0
1.5789473684210527 -7.368421052631579 0 nan nan 0
1.5789473684210527 -6.842105263157895 0 nan nan 0
1.5789473684210527 -6.315789473684211 0 nan nan 0
1.5789473684210527 -5.789473684210526 0 nan nan 0
1.5789473684210527 -5.263157894736842 0 nan nan 0
1.5789473684210527 -4.7368421052631575 0 nan nan 0
1.5789473684210527 -4.2105263157894735 0 nan nan 0
1.5789473684210527 -3.6842105263157894 0 nan nan 0
1.5789473684210527 -3.1578947368421053 0 nan nan 0
1.5789473684210527 -2.631578947368421 0 nan nan 0
1.5789473684210527 -2.1052631578947367 0 nan nan 0
1.5789473684210527 -1.5789473684210527 0 nan nan 0
1.5789473684210527 -1.0526315789473684 1 nan nan -0.11306478730777389
1.5789473684210527 -0.5263157894736842 1 nan nan -0.11306478730777389
1.5789473684210527 -0.0 1 nan nan -0.11306478730777389
1.5789473684210527 0.0 1 nan nan -0.11306478730777389
1.5789473684210527 0.5263157894736842 1 nan nan -0.11306478730777389
1.5789473684210527 1.0526315789473684 0 nan nan 0
1.5789473684210527 1.5789473684210527 0 nan nan 0
1.5789473684210527 2.1052631578947367 0 nan nan 0
1.5789473684210527 2.631578947368421 0 nan nan 0
1.5789473684210527 3.1578947368421053 0 nan nan 0
1.5789473684210527 3.6842105263157894 0 nan nan 0
1.5789473684210527 4.2105263157894735 0 nan nan 0
1.5789473684210527 4.7368421052631575 0 nan nan 0
1.5789473684210527 5.263157894736842 0 nan nan 0
1.5789473684210527 5.789473684210526 0 nan nan 0
1.5789473684210527 6.315789473684211 0 nan nan 0
1.5789473684210527 6.842105263157895 0 nan nan 0
1.5789473684210527 7.368421052631579 0 nan nan 0
1.5789473684210527 7.894736842105263 0 nan nan 0
1.5789473684210527 8.421052631578947 0 nan nan 0
1.5789473684210527 8.947368421052632 0 nan nan 0
1.5789473684210527 9.473684210526315 0 nan nan 0
3.1578947368421053 -9.473684210526315 0 nan nan 0
3.1578947368421053 -8.947368421052632 0 nan nan 0
3.1578947368421053 -8.421052631578947 0 nan nan 0
3.1578947368421053 -7.894736842105263 0 nan nan 0
3.1578947368421053 -7.368421052631579 0 nan nan 0
3.1578947368421053 -6.842105263157895 0 nan nan 0
3.1578947368421053 -6.315789473684211 0 nan nan 0
3.1578947368421053 -5.789473684210526 0 nan nan 0
3.1578947368421053 -5.263157894736842 0 nan nan 0
3.1578947368421053 -4.7368421052631575 0 nan nan 0
3.1578947368421053 -4.2105263157894735 0 nan nan 0
3.1578947368421053 -3.6842105263157894 0 nan nan 0
3.1578947368421053 -3.1578947368421053 0 nan nan 0
3.1578947368421053 -2.631578947368421 0 nan nan 0
3.1578947368421053 -2.1052631578947367 0 nan nan 0
3.1578947368421053 -1.5789473684210527 0 nan nan 0
3.1578947368421053 -1.0526315789473684 1 nan nan 0.11924990357973686
3.1578947368421053 -0.5263157894736842 1 nan nan 0.11924990357973686
3.1578947368421053 -0.0 1 nan nan 0.11924990357973686
3.1578947368421053 0.0 1 nan nan 0.11924990357973686
3.1578947368421053 0.5263157894736842 1 nan nan 0.11924990357973686
3.1578947368421053 1.0526315789473684 0 nan nan 0
3.1578947368421053 1.5789473684210527 0 nan nan 0
3.1578947368421053 2.1052631578947367 0 nan nan 0
3.1578947368421053 2.631578947368421 0 nan nan 0
3.1578947368421053 3.1578947368421053 0 nan nan 0
3.1578947368421053 3.6842105263157894 0 nan nan 0
3.1578947368421053 4.2105263157894735 0 nan nan 0
3.1578947368421053 4.7368421052631575 0 nan nan 0
3.1578947368421053 5.263157894736842 0 nan nan 0
3.1578947368421053 5.789473684210526 0 nan nan 0
3.1578947368421053 6.315789473684211 0 nan nan 0
3.1578947368421053 6.842105263157895 0 nan nan 0
3.1578947368421053 7.368421052631579 0 nan nan 0
3.1578947368421053 7.894736842105263 0 nan nan 0
3.1578947368421053 8.421052631578947 0 nan nan 0
3.1578947368421053 8.947368421052632 0 nan nan 0
3.1578947368421053 9.473684210526315 0 nan nan 0
4.7368421052631575 -9.473684210526315 0 nan nan 0
4.7368421052631575 -8.947368421052632 0 nan nan 0
4.7368421052631575 -8.421052631578947 0 nan nan 0
4.7368421052631575 -7.894736842105263 0 nan nan 0
4.7368421052631575 -7.368421052631579 0 nan nan 0
4.7368421052631575 -6.842105263157895 0 nan nan 0
4.7368421052631575 -6.315789473684211 0 nan nan 0
4.7368421052631575 -5.789473684210526 0 nan nan 0
4.7368421052631575 -5.263157894736842 0 nan nan 0
4.7368421052631575 -4.7368421052631575 0 nan nan 0
4.7368421052631575 -4.2105263157894735 0 nan nan 0
4.7368421052631575 -3.6842105263157894 0 nan nan 0
4.7368421052631575 -3.1578947368421053 0 nan nan 0
4.7368421052631575 -2.631578947368421 0 nan nan 0
4.7368421052631575 -2.1052631578947367 0 nan nan 0
4.7368421052631575 -1.5789473684210527 0 nan nan 0
4.7368421052631575 -1.0526315789473684 0 nan nan 0
4.7368421052631575 -0.5263157894736842 1 nan nan 0.4222263082369658
4.7368421052631575 -0.0 1 nan nan 0.4222263082369658
4.7368421052631575 0.0 1 nan nan 0.4222263082369658
4.7368421052631575 0.5263157894736842 1 nan nan 0.4222263082369658
4.7368421052631575 1.0526315789473684 1 nan nan 0.4222263082369658
4.7368421052631575 1.5789473684210527 0 nan nan 0
4.7368421052631575 2.1052631578947367 0 nan nan 0
4.7368421052631575 2.631578947368421 0 nan nan 0
4.7368421052631575 3.1578947368421053 0 nan nan 0
4.7368421052631575 3.6842105263157894 0 nan nan 0
4.7368421052631575 4.2105263157894735 0 nan nan 0
4.7368421052631575 4.7368421052631575 0 nan nan 0
4.7368421052631575 5.263157894736842 0 nan nan 0
4.7368421052631575 5.789473684210526 0 nan nan 0
4.7368421052631575 6.315789473684211 0 nan nan 0
4.7368421052631575 6.842105263157895 0 nan nan 0
4.7368421052631575 7.368421052631579 0 nan nan 0
4.7368421052631575 7.894736842105263 0 nan nan 0
4.7368421052631575 8.421052631578947 0 nan nan 0
4.7368421052631575 8.947368421052632 0 nan nan 0
4.7368421052631575 9.473684210526315 0 nan nan 0
6.315789473684211 -9.473684210526315 0 nan nan 0
6.315789473684211 -8.947368421052632 0 nan nan 0
6.315789473684211 -8.421052631578947 0 nan nan 0
6.315789473684211 -7.894736842105263 0 nan nan 0
6.315789473684211 -7.368421052631579 0 nan nan 0
6.315789473684211 -6.842105263157895 0 nan nan 0
6.315789473684211 -6.315789473684211 0 nan nan 0
6.315789473684211 -5.789473684210526 0 nan nan 0
6.315789473684211 -5.263157894736842 0 nan nan 0
6.315789473684211 -4.7368421052631575 0 nan nan 0
6.315789473684211 -4.2105263157894735 0 nan nan 0
6.315789473684211 -3.6842105263157894 0 nan nan 0
6.315789473684211 -3.1578947368421053 0 nan nan 0
6.315789473684211 -2.631578947368421 0 nan nan 0
6.315789473684211 -2.1052631578947367 0 nan nan 0
6.315789473684211 -1.5789473684210527 0 nan nan 0
6.315789473684211 -1.0526315789473684 0 nan nan 0
6.315789473684211 -0.5263157894736842 0 nan nan 0
6.315789473684211 -0.0 0 nan nan 0
6.315789473684211 0.0 0 nan nan 0
6.315789473684211 0.5263157894736842 1 nan nan 0.3740448835162494
6.315789473684211 1.0526315789473684 1 nan nan 0.3740448835162494
6.315789473684211 1.5789473684210527 1 nan nan 0.3740448835162494
6.315789473684211 2.1052631578947367 0 nan nan 0
6.315789473684211 2.631578947368421 0 nan nan 0
6.315789473684211 3.1578947368421053 0 nan nan 0
6.315789473684211 3.6842105263157894 0 nan nan 0
6.315789473684211 4.2105263157894735 0 nan nan 0
6.315789473684211 4.7368421052631575 0 nan nan 0
6.315789473684211 5.263157894736842 0 nan nan 0
6.315789473684211 5.789473684210526 0 nan nan 0
6.315789473684211 6.315789473684211 0 nan nan 0
6.315789473684211 6.842105263157895 0 nan nan 0
6.315789473684211 7.368421052631579 0 nan nan 0
6.315789473684211 7.894736842105263 0 nan nan 0
6.315789473684211 8.421052631578947 0 nan nan 0
6.315789473684211 8.947368421052632 0 nan nan 0
6.315789473684211 9.473684210526315 0 nan nan 0
7.894736842105264 -9.473684210526315 0 nan nan 0
7.894736842105264 -8.947368421052632 0 nan nan 0
7.894736842105264 -8.421052631578947 0 nan nan 0
7.894736842105264 -7.894736842105263 0 nan nan 0
7.894736842105264 -7.368421052631579 0 nan nan 0
7.894736842105264 -6.842105263157895 0 nan nan 0
7.894736842105264 -6.315789473684211 0 nan nan 0
7.894736842105264 -5.789473684210526 0 nan nan 0
7.894736842105264 -5.263157894736842 0 nan nan 0
7.894736842105264 -4.7368421052631575 0 nan nan 0
7.894736842105264 -4.2105263157894735 0 nan nan 0
7.894736842105264 -3.6842105263157894 0 nan nan 0
7.894736842105264 -3.1578947368421053 0 nan nan 0
7.894736842105264 -2.631578947368421 0 nan nan 0
7.894736842105264 -2.1052631578947367 0 nan nan 0
7.894736842105264 -1.5789473684210527 0 nan nan 0
7.894736842105264 -1.0526315789473684 0 nan nan 0
7.894736842105264 -0.5263157894736842 0 nan nan 0
7.894736842105264 -0.0 0 nan nan 0
7.894736842105264 0.0 0 nan nan 0
7.894736842105264 0.5263157894736842 0 nan nan 0
7.894736842105264 1.0526315789473684 0 nan nan 0
7.894736842105264 1.5789473684210527 1 nan nan -0.46147987470242324
7.894736842105264 2.1052631578947367 1 nan nan -0.46147987470242324
7.894736842105264 2.631578947368421 1 nan nan -0.46147987470242324
7.894736842105264 3.1578947368421053 0 nan nan 0
7.894736842105264 3.6842105263157894 0 nan nan 0
7.894736842105264 4.2105263157894735 0 nan nan 0
7.894736842105264 4.7368421052631575 0 nan nan 0
7.894736842105264 5.263157894736842 0 nan nan 0
7.894736842105264 5.789473684210526 0 nan nan 0
7.894736842105264 6.315789473684211 0 nan nan 0
7.894736842105264 6.842105263157895 0 nan nan 0
7.894736842105264 7.368421052631579 0 nan nan 0
7.894736842105264 7.894736842105263 0 nan nan 0
7.894736842105264 8.421052631578947 0 nan nan 0
7.894736842105264 8.947368421052632 0 nan nan 0
7.894736842105264 9.473684210526315 0 nan nan 0
9.473684210526315 -9.473684210526315 0 nan nan 0
9.473684210526315 -8.947368421052632 0 nan nan 0
9.473684210526315 -8.421052631578947 0 nan nan 0
9.473684210526315 -7.894736842105263 0 nan nan 0
9.473684210526315 -7.368421052631579 0 nan nan 0
9.473684210526315 -6.842105263157895 0 nan nan 0
9.473684210526315 -6.315789473684211 0 nan nan 0
9.473684210526315 -5.789473684210526 0 nan nan 0
9.473684210526315 -5.263157894736842 0 nan nan 0
9.473684210526315 -4.7368421052631575 0 nan nan 0
9.473684210526315 -4.2105263157894735 0 nan nan 0
9.473684210526315 -3.6842105263157894 0 nan nan 0
9.473684210526315 -3.1578947368421053 0 nan nan 0
9.473684210526315 -2.631578947368421 0 nan nan 0
9.473684210526315 -2.1052631578947367 0 nan nan 0
9.473684210526315 -1.5789473684210527 0 nan nan 0
9.473684210526315 -1.0526315789473684 0 nan nan 0
9.473684210526315 -0.5263157894736842 0 nan nan 0
9.473684210526315 -0.0 0 nan nan 0
9.473684210526315 0.0 0 nan nan 0
9.473684210526315 0.5263157894736842 0 nan nan 0
9.473684210526315 1.0526315789473684 0 nan nan 0
9.473684210526315 1.5789473684210527 0 nan nan 0
9.473684210526315 2.1052631578947367 0 nan nan 0
9.473684210526315 2.631578947368421 1 nan nan -2.3852221880780764
9.473684210526315 3.1578947368421053 1 nan nan -2.3852221880780764
9.473684210526315 3.6842105263157894 1 nan nan -2.3852221880780764
9.473684210526315 4.2105263157894735 0 nan nan 0
9.473684210526315 4.7368421052631575 0 nan nan 0
9.473684210526315 5.263157894736842 0 nan nan 0
9.473684210526315 5.789473684210526 0 nan nan 0
9.473684210526315 6.315789473684211 0 nan nan 0
9.473684210526315 6.842105263157895 0 nan nan 0
9.473684210526315 7.368421052631579 0 nan nan 0
9.473684210526315 7.894736842105263 0 nan nan 0
9.473684210526315 8.421052631578947 0 nan nan 0
9.473684210526315 8.947368421052632 0 nan nan 0
9.473684210526315 9.473684210526315 0 nan nan 0
11.052631578947368 -9.473684210526315 0 nan nan 0
11.052631578947368 -8.947368421052632 0 nan nan 0
11.052631578947368 -8.421052631578947 0 nan nan 0
11.052631578947368 -7.894736842105263 0 nan nan 0
11.052631578947368 -7.368421052631579 0 nan nan 0
11.052631578947368 -6.842105263157895 0 nan nan 0
11.052631578947368 -6.315789473684211 0 nan nan 0
11.052631578947368 -5.789473684210526 0 nan nan 0
11.052631578947368 -5.263157894736842 0 nan nan 0
11.052631578947368 -4.7368421052631575 0 nan nan 0
11.052631578947368 -4.2105263157894735 0 nan nan 0
11.052631578947368 -3.6842105263157894 0 nan nan 0
11.052631578947368 -3.1578947368421053 0 nan nan 0
11.052631578947368 -2.631578947368421 0 nan nan 0
11.052631578947368 -2.1052631578947367 0 nan nan 0
11.052631578947368 -1.5789473684210527 0 nan nan 0
11.052631578947368 -1.0526315789473684 0 nan nan 0
11.052631578947368 -0.5263157894736842 0 nan nan 0
11.052631578947368 -0.0 0 nan nan 0
11.052631578947368 0.0 0 nan nan 0
11.052631578947368 0.5263157894736842 0 nan nan 0
11.052631578947368 1.0526315789473684 0 nan nan 0
11.052631578947368 1.5789473684210527 0 nan nan 0
11.052631578947368 2.1052631578947367 0 nan nan 0
11.052631578947368 2.631578947368421 0 nan nan 0
11.052631578947368 3.1578947368421053 1 nan nan -5.42963173579467
11.052631578947368 3.6842105263157894 1 nan nan -5.42963173579467
11.052631578947368 4.2105263157894735 1 nan nan -5.42963173579467
11.052631578947368 4.7368421052631575 0 nan nan 0
11.052631578947368 5.263157894736842 0 nan nan 0
11.052631578947368 5.789473684210526 0 nan nan 0
11.052631578947368 6.315789473684211 0 nan nan 0
11.052631578947368 6.842105263157895 0 nan nan 0
11.052631578947368 7.368421052631579 0 nan nan 0
11.052631578947368 7.894736842105263 0 nan nan 0
11.052631578947368 8.421052631578947 0 nan nan 0
11.052631578947368 8.947368421052632 0 nan nan 0
11.052631578947368 9.473684210526315 0 nan nan 0
12.631578947368421 -9.473684210526315 0 nan nan 0
12.631578947368421 -8.947368421052632 0 nan nan 0
12.631578947368421 -8.421052631578947 0 nan nan 0
12.631578947368421 -7.894736842105263 0 nan nan 0
12.631578947368421 -7.368421052631579 0 nan nan 0
12.631578947368421 -6.842105263157895 0 nan nan 0
12.631578947368421 -6.315789473684211 0 nan nan 0
12.631578947368421 -5.789473684210526 0 nan nan 0
12.631578947368421 -5.263157894736842 0 nan nan 0
12.631578947368421 -4.7368421052631575 0 nan nan 0
12.631578947368421 -4.2105263157894735 0 nan nan 0
12.631578947368421 -3.6842105263157894 0 nan nan 0
12.631578947368421 -3.1578947368421053 0 nan nan 0
12.631578947368421 -2.631578947368421 0 nan nan 0
12.631578947368421 -2.1052631578947367 0 nan nan 0
12.631578947368421 -1.5789473684210527 0 nan nan 0
12.631578947368421 -1.0526315789473684 0 nan nan 0
12.631578947368421 -0.5263157894736842 0 nan nan 0
12.631578947368421 -0.0 0 nan nan 0
12.631578947368421 0.0 0 nan nan 0
12.631578947368421 0.5263157894736842 0 nan nan 0
12.631578947368421 1.0526315789473684 0 nan nan 0
12.631578947368421 1.5789473684210527 0 nan nan 0
12.631578947368421 2.1052631578947367 0 nan nan 0
12.631578947368421 2.631578947368421 1 nan nan -9.274088182200837
12.631578947368421 3.1578947368421053 1 nan nan -9.274088182200837
12.631578947368421 3.6842105263157894 0 nan nan -9.219286638741288
12.631578947368421 4.2105263157894735 0 nan nan 0
12.631578947368421 4.7368421052631575 0 nan nan 0
12.631578947368421 5.263157894736842 0 nan nan 0
12.631578947368421 5.789473684210526 0 nan nan 0
12.631578947368421 6.315789473684211 0 nan nan 0
12.631578947368421 6.842105263157895 0 nan nan 0
12.631578947368421 7.368421052631579 0 nan nan 0
12.631578947368421 7.894736842105263 0 nan nan 0
12.631578947368421 8.421052631578947 0 nan nan 0
12.631578947368421 8.947368421052632 0 nan nan 0
12.631578947368421 9.473684210526315 0 nan nan 0
14.210526315789474 -9.473684210526315 0 nan nan 0
14.210526315789474 -8.947368421052632 0 nan nan 0
14.210526315789474 -8.421052631578947 0 nan nan 0
14.210526315789474 -7.894736842105263 0 nan nan 0
14.210526315789474 -7.368421052631579 0 nan nan 0
14.210526315789474 -6.842105263157895 0 nan nan 0
14.210526315789474 -6.315789473684211 0 nan nan 0
14.210526315789474 -5.789473684210526 0 nan nan 0
14.210526315789474 -5.263157894736842 0 nan nan 0
14.210526315789474 -4.7368421052631575 0 nan nan 0
14.210526315789474 -4.2105263157894735 0 nan nan 0
14.210526315789474 -3.6842105263157894 0 nan nan 0
14.210526315789474 -3.1578947368421053 0 nan nan 0
14.210526315789474 -2.631578947368421 0 nan nan 0
14.210526315789474 -2.1052631578947367 0 nan nan 0
14.210526315789474 -1.5789473684210527 0 nan nan 0
14.210526315789474 -1.0526315789473684 0 nan nan 0
14.210526315789474 -0.5263157894736842 0 nan nan 0
14.210526315789474 -0.0 0 nan nan 0
14.210526315789474 0.0 0 nan nan 0
14.210526315789474 0.5263157894736842 0 nan nan 0
14.210526315789474 1.0526315789473684 0 nan nan 0
14.210526315789474 1.5789473684210527 0 nan nan 0
14.210526315789474 2.1052631578947367 0 nan nan 0
14.210526315789474 2.631578947368421 0 nan nan 0
14.210526315789474 3.1578947368421053 0 nan nan 0
14.210526315789474 3.6842105263157894 0 nan nan 0
14.210526315789474 4.2105263157894735 0 nan nan 0
14.210526315789474 4.7368421052631575 0 nan nan 0
14.210526315789474 5.263157894736842 0 nan nan 0
14.210526315789474 5.789473684210526 0 nan nan 0
14.210526315789474 6.315789473684211 0 nan nan 0
14.210526315789474 6.842105263157895 0 nan nan 0
14.210526315789474 7.368421052631579 0 nan nan 0
14.210526315789474 7.894736842105263 0 nan nan 0
14.210526315789474 8.421052631578947 0 nan nan 0
14.210526315789474 8.947368421052632 0 nan nan 0
14.210526315789474 9.473684210526315 0 nan nan 0
15.789473684210527 -9.473684210526315 0 nan nan 0
15.789473684210527 -8.947368421052632 0 nan nan 0
15.789473684210527 -8.421052631578947 0 nan nan 0
15.789473684210527 -7.894736842105263 0 nan nan 0
15.789473684210527 -7.368421052631579 0 nan nan 0
15.789473684210527 -6.842105263157895 0 nan nan 0
15.789473684210527 -6.315789473684211 0 nan nan 0
15.789473684210527 -5.789473684210526 0 nan nan 0
15.789473684210527 -5.263157894736842 0 nan nan 0
15.789473684210527 -4.7368421052631575 0 nan nan 0
15.789473684210527 -4.2105263157894735 0 nan nan 0
15.789473684210527 -3.6842105263157894 0 nan nan 0
15.789473684210527 -3.1578947368421053 0 nan nan 0
15.789473684210527 -2.631578947368421 0 nan nan 0
15.789473684210527 -2.1052631578947367 0 nan nan 0
15.789473684210527 -1.5789473684210527 0 nan nan 0
15.789473684210527 -1.0526315789473684 0 nan nan 0
15.789473684210527 -0.5263157894736842 0 nan nan 0
15.789473684210527 -0.0 0 nan nan 0
15.789473684210527 0.0 0 nan nan 0
15.789473684210527 0.5263157894736842 0 nan nan 0
15.789473684210527 1.0526315789473684 0 nan nan 0
15.789473684210527 1.5789473684210527 0 nan nan 0
15.789473684210527 2.1052631578947367 0 nan nan 0
15.789473684210527 2.631578947368421 0 nan nan 0
15.789473684210527 3.1578947368421053 0 nan nan 0
15.789473684210527 3.6842105263157894 0 nan nan 0
15.789473684210527 4.2105263157894735 0 nan nan 0
15.789473684210527 4.7368421052631575 0 nan nan 0
15.789473684210527 5.263157894736842 0 nan nan 0
15.789473684210527 5.789473684210526 0 nan nan 0
15.789473684210527 6.315789473684211 0 nan nan 0
15.789473684210527 6.842105263157895 0 nan nan 0
15.789473684210527 7.368421052631579 0 nan nan 0
15.789473684210527 7.894736842105263 0 nan nan 0
15.789473684210527 8.421052631578947 0 nan nan 0
15.789473684210527 8.947368421052632 0 nan nan 0
15.789473684210527 9.473684210526315 0 nan nan 0
17.36842105263158 -9.473684210526315 0 nan nan 0
17.36842105263158 -8.947368421052632 0 nan nan 0
17.36842105263158 -8.421052631578947 0 nan nan 0
17.36842105263158 -7.894736842105263 0 nan nan 0
17.36842105263158 -7.368421052631579 0 nan nan 0
17.36842105263158 -6.842105263157895 0 nan nan 0
17.36842105263158 -6.315789473684211 0 nan nan 0
17.36842105263158 -5.789473684210526 0 nan nan 0
17.36842105263158 -5.263157894736842 0 nan nan 0
17.36842105263158 -4.7368421052631575 0 nan nan 0
17.36842105263158 -4.2105263157894735 0 nan nan 0
17.36842105263158 -3.6842105263157894 0 nan nan 0
17.36842105263158 -3.1578947368421053 0 nan nan 0
17.36842105263158 -2.631578947368421 0 nan nan 0
17.36842105263158 -2.1052631578947367 0 nan nan 0
17.36842105263158 -1.5789473684210527 0 nan nan 0
17.36842105263158 -1.0526315789473684 0 nan nan 0
17.36842105263158 -0.5263157894736842 0 nan nan 0
17.36842105263158 -0.0 0 nan nan 0
17.36842105263158 0.0 0 nan nan 0
17.36842105263158 0.5263157894736842 0 nan nan 0
17.36842105263158 1.0526315789473684 0 nan nan 0
17.36842105263158 1.5789473684210527 0 nan nan 0
17.36842105263158 2.1052631578947367 0 nan nan 0
17.36842105263158 2.631578947368421 0 nan nan 0
17.36842105263158 3.1578947368421053 0 nan nan 0
17.36842105263158 3.6842105263157894 0 nan nan 0
17.36842105263158 4.2105263157894735 0 nan nan 0
17.36842105263158 4.7368421052631575 0 nan nan 0
17.36842105263158 5.263157894736842 0 nan nan 0
17.36842105263158 5.789473684210526 0 nan nan 0
17.36842105263158 6.315789473684211 0 nan nan 0
17.36842105263158 6.842105263157895 0 nan nan 0
17.36842105263158 7.368421052631579 0 nan nan 0
17.36842105263158 7.894736842105263 0 nan nan 0
17.36842105263158 8.421052631578947 0 nan nan 0
17.36842105263158 8.947368421052632 0 nan nan 0
17.36842105263158 9.473684210526315 0 nan nan 0
18.94736842105263 -9.473684210526315 0 nan nan 0
18.94736842105263 -8.947368421052632 0 nan nan 0
18.94736842105263 -8.421052631578947 0 nan nan 0
18.94736842105263 -7.894736842105263 0 nan nan 0
18.94736842105263 -7.368421052631579 0 nan nan 0
18.94736842105263 -6.842105263157895 0 nan nan 0
18.94736842105263 -6.315789473684211 0 nan nan 0
18.94736842105263 -5.789473684210526 0 nan nan 0
18.94736842105263 -5.263157894736842 0 nan nan 0
18.94736842105263 -4.7368421052631575 0 nan nan 0
18.94736842105263 -4.2105263157894735 0 nan nan 0
18.94736842105263 -3.6842105263157894 0 nan nan 0
18.94736842105263 -3.1578947368421053 0 nan nan 0
18.94736842105263 -2.631578947368421 0 nan nan 0
18.94736842105263 -2.1052631578947367 0 nan nan 0
18.94736842105263 -1.5789473684210527 0 nan nan 0
18.94736842105263 -1.0526315789473684 0 nan nan 0
18.94736842105263 -0.5263157894736842 0 nan nan 0
18.94736842105263 -0.0 0 nan nan 0
18.94736842105263 0.0 0 nan nan 0
18.94736842105263 0.5263157894736842 0 nan nan 0
18.94736842105263 1.0526315789473684 0 nan nan 0
18.94736842105263 1.5789473684210527 0 nan nan 0
18.94736842105263 2.1052631578947367 0 nan nan 0
18.94736842105263 2.631578947368421 0 nan nan 0
18.94736842105263 3.1578947368421053 0 nan nan 0
18.94736842105263 3.6842105263157894 0 nan nan 0
18.94736842105263 4.2105263157894735 0 nan nan 0
18.94736842105263 4.7368421052631575 0 nan nan 0
18.94736842105263 5.263157894736842 0 nan nan 0
18.94736842105263 5.789473684210526 0 nan nan 0
18.94736842105263 6.315789473684211 0 nan nan 0
18.94736842105263 6.842105263157895 0 nan nan 0
18.94736842105263 7.368421052631579 0 nan nan 0
18.94736842105263 7.894736842105263 0 nan nan 0
18.94736842105263 8.421052631578947 0 nan nan 0
18.94736842105263 8.947368421052632 0 nan nan 0
18.94736842105263 9.473684210526315 0 nan nan 0
20.526315789473685 -9.473684210526315 0 nan nan 0
20.526315789473685 -8.947368421052632 0 nan nan 0
20.526315789473685 -8.421052631578947 0 nan nan 0
20.526315789473685 -7.894736842105263 0 nan nan 0
20.526315789473685 -7.368421052631579 0 nan nan 0
20.526315789473685 -6.842105263157895 0 nan nan 0
20.526315789473685 -6.315789473684211 0 nan nan 0
20.526315789473685 -5.789473684210526 0 nan nan 0
20.526315789473685 -5.263157894736842 0 nan nan 0
20.526315789473685 -4.7368421052631575 0 nan nan 0
20.526315789473685 -4.2105263157894735 0 nan nan 0
20.526315789473685 -3.6842105263157894 0 nan nan 0
20.526315789473685 -3.1578947368421053 0 nan nan 0
20.526315789473685 -2.631578947368421 0 nan nan 0
20.526315789473685 -2.1052631578947367 0 nan nan 0
20.526315789473685 -1.5789473684210527 0 nan nan 0
20.526315789473685 -1.0526315789473684 0 nan nan 0
20.526315789473685 -0.5263157894736842 0 nan nan 0
20.526315789473685 -0.0 0 nan nan 0
20.526315789473685 0.0 0 nan nan 0
20.526315789473685 0.5263157894736842 0 nan nan 0
20.526315789473685 1.0526315789473684 0 nan nan 0
20.526315789473685 1.5789473684210527 0 nan nan 0
20.526315789473685 2.1052631578947367 0 nan nan 0
20.526315789473685 2.631578947368421 0 nan nan 0
20.526315789473685 3.1578947368421053 0 nan nan 0
20.526315789473685 3.6842105263157894 0 nan nan 0
20.526315789473685 4.2105263157894735 0 nan nan 0
20.526315789473685 4.7368421052631575 0 nan nan 0
20.526315789473685 5.263157894736842 0 nan nan 0
20.526315789473685 5.789473684210526 0 nan nan 0
20.526315789473685 6.315789473684211 0 nan nan 0
20.526315789473685 6.842105263157895 0 nan nan 0
20.526315789473685 7.368421052631579 0 nan nan 0
20.526315789473685 7.894736842105263 0 nan nan 0
20.526315789473685 8.421052631578947 0 nan nan 0
20.526315789473685 8.947368421052632 0 nan nan 0
20.526315789473685 9.473684210526315 0 nan nan 0
22.105263157894736 -9.473684210526315 0 nan nan 0
22.105263157894736 -8.947368421052632 0 nan nan 0
22.105263157894736 -8.421052631578947 0 nan nan 0
22.105263157894736 -7.894736842105263 0 nan nan 0
22.105263157894736 -7.368421052631579 0 nan nan 0
22.105263157894736 -6.842105263157895 0 nan nan 0
22.105263157894736 -6.315789473684211 0 nan nan 0
22.105263157894736 -5.789473684210526 0 nan nan 0
22.105263157894736 -5.263157894736842 0 nan nan 0
22.105263157894736 -4.7368421052631575 0 nan nan 0
22.105263157894736 -4.2105263157894735 0 nan nan 0
22.105263157894736 -3.6842105263157894 0 nan nan 0
22.105263157894736 -3.1578947368421053 0 nan nan 0
22.105263157894736 -2.631578947368421 0 nan nan 0
22.105263157894736 -2.1052631578947367 0 nan nan 0
22.105263157894736 -1.5789473684210527 0 nan nan 0
22.105263157894736 -1.0526315789473684 0 nan nan 0
22.105263157894736 -0.5263157894736842 0 nan nan 0
22.105263157894736 -0.0 0 nan nan 0
22.105263157894736 0.0 0 nan nan 0
22.105263157894736 0.5263157894736842 0 nan nan 0
22.105263157894736 1.0526315789473684 0 nan nan 0
22.105263157894736 1.5789473684210527 0 nan nan 0
22.105263157894736 2.1052631578947367 0 nan nan 0
22.105263157894736 2.631578947368421 0 nan nan 0
22.105263157894736 3.1578947368421053 0 nan nan 0
22.105263157894736 3.6842105263157894 0 nan nan 0
22.105263157894736 4.2105263157894735 0 nan nan 0
22.105263157894736 4.7368421052631575 0 nan nan 0
22.105263157894736 5.263157894736842 0 nan nan 0
22.105263157894736 5.789473684210526 0 nan nan 0
22.105263157894736 6.315789473684211 0 nan nan 0
22.105263157894736 6.842105263157895 0 nan nan 0
22.105263157894736 7.368421052631579 0 nan nan 0
22.105263157894736 7.894736842105263 0 nan nan 0
22.105263157894736 8.421052631578947 0 nan nan 0
22.105263157894736 8.947368421052632 0 nan nan 0
22.105263157894736 9.473684210526315 0 nan nan 0
23.68421052631579 -9.473684210526315 0 nan nan 0
23.68421052631579 -8.947368421052632 0 nan nan 0
23.68421052631579 -8.421052631578947 0 nan nan 0
23.68421052631579 -7.894736842105263 0 nan nan 0
23.68421052631579 -7.368421052631579 0 nan nan 0
23.68421052631579 -6.842105263157895 0 nan nan 0
23.68421052631579 -6.315789473684211 0 nan nan 0
23.68421052631579 -5.789473684210526 0 nan nan 0
23.68421052631579 -5.263157894736842 0 nan nan 0
23.68421052631579 -4.7368421052631575 0 nan nan 0
23.68421052631579 -4.2105263157894735 0 nan nan 0
23.68421052631579 -3.6842105263157894 0 nan nan 0
23.68421052631579 -3.1578947368421053 0 nan nan 0
23.68421052631579 -2.631578947368421 0 nan nan 0
23.68421052631579 -2.1052631578947367 0 nan nan 0
23.68421052631579 -1.5789473684210527 0 nan nan 0
23.68421052631579 -1.0526315789473684 0 nan nan 0
23.68421052631579 -0.5263157894736842 0 nan nan 0
23.68421052631579 -0.0 0 nan nan 0
23.68421052631579 0.0 0 nan nan 0
23.68421052631579 0.5263157894736842 0 nan nan 0
23.68421052631579 1.0526315789473684 0 nan nan 0
23.68421052631579 1.5789473684210527 0 nan nan 0
23.68421052631579 2.1052631578947367 0 nan nan 0
23.68421052631579 2.631578947368421 0 nan nan 0
23.68421052631579 3.1578947368421053 0 nan nan 0
23.68421052631579 3.6842105263157894 0 nan nan 0
23.68421052631579 4.2105263157894735 0 nan nan 0
23.68421052631579 4.7368421052631575 0 nan nan 0
23.68421052631579 5.263157894736842 0 nan nan 0
23.68421052631579 5.789473684210526 0 nan nan 0
23.68421052631579 6.315789473684211 0 nan nan 0
23.68421052631579 6.842105263157895 0 nan nan 0
23.68421052631579 7.368421052631579 0 nan nan 0
23.68421052631579 7.894736842105263 0 nan nan 0
23.68421052631579 8.421052631578947 0 nan nan 0
23.68421052631579 8.947368421052632 0 nan nan 0
23.68421052631579 9.473684210526315 0 nan nan 0
25.263157894736842 -9.473684210526315 0 nan nan 0
25.263157894736842 -8.947368421052632 0 nan nan 0
25.263157894736842 -8.421052631578947 0 nan nan 0
25.263157894736842 -7.894736842105263 0 nan nan 0
25.263157894736842 -7.368421052631579 0 nan nan 0
25.263157894736842 -6.842105263157895 0 nan nan 0
25.263157894736842 -6.315789473684211 0 nan nan 0
25.263157894736842 -5.789473684210526 0 nan nan 0
25.263157894736842 -5.263157894736842 0 nan nan 0
25.263157894736842 -4.7368421052631575 0 nan nan 0
25.263157894736842 -4.2105263157894735 0 nan nan 0
25.263157894736842 -3.6842105263157894 0 nan nan 0
25.263157894736842 -3.1578947368421053 0 nan nan 0
25.263157894736842 -2.631578947368421 0 nan nan 0
25.263157894736842 -2.1052631578947367 0 nan nan 0
25.263157894736842 -1.5789473684210527 0 nan nan 0
25.263157894736842 -1.0526315789473684 0 nan nan 0
25.263157894736842 -0.5263157894736842 0 nan nan 0
25.263157894736842 -0.0 0 nan nan 0
25.263157894736842 0.0 0 nan nan 0
25.263157894736842 0.5263157894736842 0 nan nan 0
25.263157894736842 1.0526315789473684 0 nan nan 0
25.263157894736842 1.5789473684210527 0 nan nan 0
25.263157894736842 2.1052631578947367 0 nan nan 0
25.263157894736842 2.631578947368421 0 nan nan 0
25.263157894736842 3.1578947368421053 0 nan nan 0
25.263157894736842 3.6842105263157894 0 nan nan 0
25.263157894736842 4.2105263157894735 0 nan nan 0
25.263157894736842 4.7368421052631575 0 nan nan 0
25.263157894736842 5.263157894736842 0 nan nan 0
25.263157894736842 5.789473684210526 0 nan nan 0
25.263157894736842 6.315789473684211 0 nan nan 0
25.263157894736842 6.842105263157895 0 nan nan 0
25.263157894736842 7.368421052631579 0 nan nan 0
25.263157894736842 7.894736842105263 0 nan nan 0
25.263157894736842 8.421052631578947 0 nan nan 0
25.263157894736842 8.947368421052632 0 nan nan 0
25.263157894736842 9.473684210526315 0 nan nan 0
26.842105263157894 -9.473684210526315 0 nan nan 0
26.842105263157894 -8.947368421052632 0 nan nan 0
26.842105263157894 -8.421052631578947 0 nan nan 0
26.842105263157894 -7.894736842105263 0 nan nan 0
26.842105263157894 -7.368421052631579 0 nan nan 0
26.842105263157894 -6.842105263157895 0 nan nan 0
26.842105263157894 -6.315789473684211 0 nan nan 0
26.842105263157894 -5.789473684210526 0 nan nan 0
26.842105263157894 -5.263157894736842 0 nan nan 0
26.842105263157894 -4.7368421052631575 0 nan nan 0
26.842105263157894 -4.2105263157894735 0 nan nan 0
26.842105263157894 -3.6842105263157894 0 nan nan 0
26.842105263157894 -3.1578947368421053 0 nan nan 0
26.842105263157894 -2.631578947368421 0 nan nan 0
26.842105263157894 -2.1052631578947367 0 nan nan 0
26.842105263157894 -1.5789473684210527 0 nan nan 0
26.842105263157894 -1.0526315789473684 0 nan nan 0
26.842105263157894 -0.5263157894736842 0 nan nan 0
26.842105263157894 -0.0 0 nan nan 0
26.842105263157894 0.0 0 nan nan 0
26.842105263157894 0.5263157894736842 0 nan nan 0
26.842105263157894 1.0526315789473684 0 nan nan 0
26.842105263157894 1.5789473684210527 0 nan nan 0
26.842105263157894 2.1052631578947367 0 nan nan 0
26.842105263157894 2.631578947368421 0 nan nan 0
26.842105263157894 3.1578947368421053 0 nan nan 0
26.842105263157894 3.6842105263157894 0 nan nan 0
26.842105263157894 4.2105263157894735 0 nan nan 0
26.842105263157894 4.7368421052631575 0 nan nan 0
26.842105263157894 5.263157894736842 0 nan nan 0
26.842105263157894 5.789473684210526 0 nan nan 0
26.842105263157894 6.315789473684211 0 nan nan 0
26.842105263157894 6.842105263157895 0 nan nan 0
26.842105263157894 7.368421052631579 0 nan nan 0
26.842105263157894 7.894736842105263 0 nan nan 0
26.842105263157894 8.421052631578947 0 nan nan 0
26.842105263157894 8.947368421052632 0 nan nan 0
26.842105263157894 9.473684210526315 0 nan nan 0
28.42105263157895 -9.473684210526315 0 nan nan 0
28.42105263157895 -8.947368421052632 0 nan nan 0
28.42105263157895 -8.421052631578947 0 nan nan 0
28.42105263157895 -7.894736842105263 0 nan nan 0
28.42105263157895 -7.368421052631579 0 nan nan 0
28.42105263157895 -6.842105263157895 0 nan nan 0
28.42105263157895 -6.315789473684211 0 nan nan 0
28.42105263157895 -5.789473684210526 0 nan nan 0
28.42105263157895 -5.263157894736842 0 nan nan 0
28.42105263157895 -4.7368421052631575 0 nan nan 0
28.42105263157895 -4.2105263157894735 0 nan nan 0
28.42105263157895 -3.6842105263157894 0 nan nan 0
28.42105263157895 -3.1578947368421053 0 nan nan 0
28.42105263157895 -2.631578947368421 0 nan nan 0
28.42105263157895 -2.1052631578947367 0 nan nan 0
28.42105263157895 -1.5789473684210527 0 nan nan 0
28.42105263157895 -1.0526315789473684 0 nan nan 0
28.42105263157895 -0.5263157894736842 0 nan nan 0
28.42105263157895 -0.0 0 nan nan 0
28.42105263157895 0.0 0 nan nan 0
28.42105263157895 0.5263157894736842 0 nan nan 0
28.42105263157895 1.0526315789473684 0 nan nan 0
28.42105263157895 1.5789473684210527 0 nan nan 0
28.42105263157895 2.1052631578947367 0 nan nan 0
28.42105263157895 2.631578947368421 0 nan nan 0
28.42105263157895 3.1578947368421053 0 nan nan 0
28.42105263157895 3.6842105263157894 0 nan nan 0
28.42105263157895 4.2105263157894735 0 nan nan 0
28.42105263157895 4.7368421052631575 0 nan nan 0
28.42105263157895 5.263157894736842 0 nan nan 0
28.42105263157895 5.789473684210526 0 nan nan 0
28.42105263157895 6.315789473684211 0 nan nan 0
28.42105263157895 6.842105263157895 0 nan nan 0
28.42105263157895 7.368421052631579 0 nan nan 0
28.42105263157895 7.894736842105263 0 nan nan 0
28.42105263157895 8.421052631578947 0 nan nan 0
28.42105263157895 8.947368421052632 0 nan nan 0
28.42105263157895 9.473684210526315 0 nan nan 0
