-28.42105263157895 -9.473684210526315 0 23.581876413195154 -20.101546877122793 0
-28.42105263157895 -8.947368421052632 0 36.143362981082284 5.684116070271084 0
-28.42105263157895 -8.421052631578947 0 11.89096313590967 -37.526334829450484 0
-28.42105263157895 -7.894736842105263 0 -4.188900820546788 -70.8427771344007 0
-28.42105263157895 -7.368421052631579 0 -253.40417241565217 -464.8426876548894 0
-28.42105263157895 -6.842105263157895 0 -994.5024990267161 -1655.2166568986468 0
-28.42105263157895 -6.315789473684211 0 -5594.220421021627 -8620.685404892161 0
-28.42105263157895 -5.789473684210526 0 -36134.83754334502 -56699.45485267142 0
-28.42105263157895 -5.263157894736842 0 -173617.72145217372 -307802.21299553383 0
-28.42105263157895 -4.7368421052631575 0 -53429055.937146746 -73756672.73105967 0
-28.42105263157895 -4.2105263157894735 0 9163875532.009586 12122973485.4305 0
-28.42105263157895 -3.6842105263157894 0 113339545920596.05 159142523122715.06 0
-28.42105263157895 -3.1578947368421053 0 -3.3006205084903223e+19 -4.598296791578755e+19 0
-28.42105263157895 -2.631578947368421 0 -5.820819258654213e+25 -8.105488334246755e+25 0
-28.42105263157895 -2.1052631578947367 0 8.395488780354353e+33 1.169117765817896e+34 0
-28.42105263157895 -1.5789473684210527 0 1.2659099099675148e+43 1.7628513412412196e+43 0
-28.42105263157895 -1.0526315789473684 0 -4.1781964055704e+54 -5.818374932557564e+54 0
-28.42105263157895 -0.5263157894736842 0 -9.63720555462966e+66 -1.3420354065408588e+67 0
-28.42105263157895 -0.0 0 3.224530961411145e+82 4.490341828090186e+82 0
-28.42105263157895 0.0 0 -1.4793681271686875e+99 -2.060103829081419e+99 0
-28.42105263157895 0.5263157894736842 0 -2.365218925994958e+118 -3.293701193490022e+118 0
-28.42105263157895 1.0526315789473684 0 1.3979080881135127e+140 1.946666115176199e+140 0
-28.42105263157895 1.5789473684210527 0 -3.4290521586423416e+164 -4.775149168361193e+164 0
-28.42105263157895 2.1052631578947367 0 1.0481516853379919e+192 1.4596105328825624e+192 0
-28.42105263157895 2.631578947368421 0 -9.465074527742997e+222 -1.3180651873642993e+223 0
-28.42105263157895 3.1578947368421053 0 1.9029869937236991e+258 2.6500170717961104e+258 0
-28.42105263157895 3.6842105263157894 0 3.877331767679873e+299 5.3994038904399474e+299 0
-28.42105263157895 4.2105263157894735 0 nan nan 0
-28.42105263157895 4.7368421052631575 0 nan nan 0
-28.42105263157895 5.263157894736842 0 nan nan 0
-28.42105263157895 5.789473684210526 0 nan nan 0
-28.42105263157895 6.315789473684211 0 nan nan 0
-28.42105263157895 6.842105263157895 0 nan nan 0
-28.42105263157895 7.368421052631579 0 nan nan 0
-28.42105263157895 7.894736842105263 0 nan nan 0
-28.42105263157895 8.421052631578947 0 nan nan 0
-28.42105263157895 8.947368421052632 0 nan nan 0
-28.42105263157895 9.473684210526315 0 nan nan 0
-26.842105263157894 -9.473684210526315 0 -24.087906882679007 -93.36459545486497 0
-26.842105263157894 -8.947368421052632 0 -9.669278181217726 -98.20335486184395 0
-26.842105263157894 -8.421052631578947 0 -283.31918917733856 -513.0180015746142 0
-26.842105263157894 -7.894736842105263 0 -1245.9855845038096 -2090.277697873515 0
-26.842105263157894 -7.368421052631579 0 -5250.445690191234 -8387.645370923665 0
-26.842105263157894 -6.842105263157895 0 -19147.664191814394 -28459.2838171869 0
-26.842105263157894 -6.315789473684211 0 -415735.6838674869 -609846.1524127285 0
-26.842105263157894 -5.789473684210526 0 41941867.28791637 51709347.677377634 0
-26.842105263157894 -5.263157894736842 0 2168911991888.5693 3497986597577.6274 0
-26.842105263157894 -4.7368421052631575 0 -3.634094190918304e+18 -5.902125292795891e+18 0
-26.842105263157894 -4.2105263157894735 0 4.179694893044579e+25 6.766345909427935e+25 0
-26.842105263157894 -3.6842105263157894 0 -8.920630073017827e+38 -1.444580837995741e+39 0
-26.842105263157894 -3.1578947368421053 0 -7.267052012723094e+54 -1.1768263031008458e+55 0
-26.842105263157894 -2.631578947368421 0 7.734095309395208e+75 1.2524565918412251e+76 0
-26.842105263157894 -2.1052631578947367 0 3.3985409461685583e+103 5.503584744377914e+103 0
-26.842105263157894 -1.5789473684210527 0 9.913838057738702e+138 1.6054432987403132e+139 0
-26.842105263157894 -1.0526315789473684 0 -1.4952302137962977e+184 -2.4213703238056467e+184 0
-26.842105263157894 -0.5263157894736842 0 6.850632240404591e+239 1.1093888722396331e+240 0
-26.842105263157894 -0.0 0 inf inf 0
-26.842105263157894 0.0 0 nan nan 0
-26.842105263157894 0.5263157894736842 0 nan nan 0
-26.842105263157894 1.0526315789473684 0 nan nan 0
-26.842105263157894 1.5789473684210527 0 nan nan 0
-26.842105263157894 2.1052631578947367 0 nan nan 0
-26.842105263157894 2.631578947368421 0 nan nan 0
-26.842105263157894 3.1578947368421053 0 nan nan 0
-26.842105263157894 3.6842105263157894 0 nan nan 0
-26.842105263157894 4.2105263157894735 0 nan nan 0
-26.842105263157894 4.7368421052631575 0 nan nan 0
-26.842105263157894 5.263157894736842 0 nan nan 0
-26.842105263157894 5.789473684210526 0 nan nan 0
-26.842105263157894 6.315789473684211 0 nan nan 0
-26.842105263157894 6.842105263157895 0 nan nan 0
-26.842105263157894 7.368421052631579 0 nan nan 0
-26.842105263157894 7.894736842105263 0 nan nan 0
-26.842105263157894 8.421052631578947 0 nan nan 0
-26.842105263157894 8.947368421052632 0 nan nan 0
-26.842105263157894 9.473684210526315 0 nan nan 0
-25.263157894736842 -9.473684210526315 0 -58.689913632932495 -96.2960547665582 0
-25.263157894736842 -8.947368421052632 0 -253.33207320373995 -465.40461152181877 0
-25.263157894736842 -8.421052631578947 0 -2259.9782347815453 -3396.0662953256247 0
-25.263157894736842 -7.894736842105263 0 486.23634246008953 -1241.4996153167044 0
-25.263157894736842 -7.368421052631579 0 -77566.73548416756 -71689.35647089183 0
-25.263157894736842 -6.842105263157895 0 1623109.5053582431 2310045.2318115802 0
-25.263157894736842 -6.315789473684211 0 412768762.7629744 686409452.5544919 0
-25.263157894736842 -5.789473684210526 0 521564145052687.56 920787485629457.4 0
-25.263157894736842 -5.263157894736842 0 4.7290193689008076e+24 9.45854186599355e+24 0
-25.263157894736842 -4.7368421052631575 0 5.35320152775319e+38 9.587051938726791e+38 0
-25.263157894736842 -4.2105263157894735 0 3.008887528448114e+58 5.461142269210546e+58 0
-25.263157894736842 -3.6842105263157894 0 -9.400728758274221e+88 -1.706960825264886e+89 0
-25.263157894736842 -3.1578947368421053 0 4.0425072808584225e+129 7.340271486002912e+129 0
-25.263157894736842 -2.631578947368421 0 -2.2387211277079563e+184 -4.0650032878880445e+184 0
-25.263157894736842 -2.1052631578947367 0 4.5113596968278393e+260 8.191592740681541e+260 0
-25.263157894736842 -1.5789473684210527 0 nan nan 0
-25.263157894736842 -1.0526315789473684 0 nan nan 0
-25.263157894736842 -0.5263157894736842 0 nan nan 0
-25.263157894736842 -0.0 0 nan nan 0
-25.263157894736842 0.0 0 nan nan 0
-25.263157894736842 0.5263157894736842 0 nan nan 0
-25.263157894736842 1.0526315789473684 0 nan nan 0
-25.263157894736842 1.5789473684210527 0 nan nan 0
-25.263157894736842 2.1052631578947367 0 nan nan 0
-25.263157894736842 2.631578947368421 0 nan nan 0
-25.263157894736842 3.1578947368421053 0 nan nan 0
-25.263157894736842 3.6842105263157894 0 nan nan 0
-25.263157894736842 4.2105263157894735 0 nan nan 0
-25.263157894736842 4.7368421052631575 0 nan nan 0
-25.263157894736842 5.263157894736842 0 nan nan 0
-25.263157894736842 5.789473684210526 0 nan nan 0
-25.263157894736842 6.315789473684211 0 nan nan 0
-25.263157894736842 6.842105263157895 0 nan nan 0
-25.263157894736842 7.368421052631579 0 nan nan 0
-25.263157894736842 7.894736842105263 0 nan nan 0
-25.263157894736842 8.421052631578947 0 nan nan 0
-25.263157894736842 8.947368421052632 0 nan nan 0
-25.263157894736842 9.473684210526315 0 nan nan 0
-23.68421052631579 -9.473684210526315 0 -181.51795396417938 -202.98169309801494 0
-23.68421052631579 -8.947368421052632 0 -1496.4878691178758 -2028.9164000923815 0
-23.68421052631579 -8.421052631578947 0 -8990.537798478132 -13331.183348976212 0
-23.68421052631579 -7.894736842105263 0 -608795.822318211 -796102.8282668769 0
-23.68421052631579 -7.368421052631579 0 256807265.29113 384066600.0296755 0
-23.68421052631579 -6.842105263157895 0 949050992655.0078 1476407453475.2021 0
-23.68421052631579 -6.315789473684211 0 1.9622913502920742e+17 3.929516679020957e+17 0
-23.68421052631579 -5.789473684210526 0 -1.7133786365368984e+28 -2.9414708176840733e+28 0
-23.68421052631579 -5.263157894736842 0 4.215760737129473e+44 7.479173608620325e+44 0
-23.68421052631579 -4.7368421052631575 0 1.8820531078981323e+70 3.3522721761993317e+70 0
-23.68421052631579 -4.2105263157894735 0 -3.6193174612931476e+108 -6.4381920857355e+108 0
-23.68421052631579 -3.6842105263157894 0 -1.053966453151236e+168 -1.8748437229043447e+168 0
-23.68421052631579 -3.1578947368421053 0 -3.750337088440815e+256 -6.671271109261466e+256 0
-23.68421052631579 -2.631578947368421 0 nan nan 0
-23.68421052631579 -2.1052631578947367 0 nan nan 0
-23.68421052631579 -1.5789473684210527 0 nan nan 0
-23.68421052631579 -1.0526315789473684 0 nan nan 0
-23.68421052631579 -0.5263157894736842 0 nan nan 0
-23.68421052631579 -0.0 0 nan nan 0
-23.68421052631579 0.0 0 nan nan 0
-23.68421052631579 0.5263157894736842 0 nan nan 0
-23.68421052631579 1.0526315789473684 0 nan nan 0
-23.68421052631579 1.5789473684210527 0 nan nan 0
-23.68421052631579 2.1052631578947367 0 nan nan 0
-23.68421052631579 2.631578947368421 0 nan nan 0
-23.68421052631579 3.1578947368421053 0 nan nan 0
-23.68421052631579 3.6842105263157894 0 nan nan 0
-23.68421052631579 4.2105263157894735 0 nan nan 0
-23.68421052631579 4.7368421052631575 0 nan nan 0
-23.68421052631579 5.263157894736842 0 nan nan 0
-23.68421052631579 5.789473684210526 0 nan nan 0
-23.68421052631579 6.315789473684211 0 nan nan 0
-23.68421052631579 6.842105263157895 0 nan nan 0
-23.68421052631579 7.368421052631579 0 nan nan 0
-23.68421052631579 7.894736842105263 0 nan nan 0
-23.68421052631579 8.421052631578947 0 nan nan 0
-23.68421052631579 8.947368421052632 0 nan nan 0
-23.68421052631579 9.473684210526315 0 nan nan 0
-22.105263157894736 -9.473684210526315 0 -472.94917822712534 -448.78886057439536 0
-22.105263157894736 -8.947368421052632 0 -4139.849877305369 -4433.833443206734 0
-22.105263157894736 -8.421052631578947 0 -517368.75121334323 -767096.1026007787 0
-22.105263157894736 -7.894736842105263 0 2060386194.2225964 3203081605.1208787 0
-22.105263157894736 -7.368421052631579 0 50831043869596.05 79981189632627.72 0
-22.105263157894736 -6.842105263157895 0 -1.2056820856602606e+20 -1.8269322342916112e+20 0
-22.105263157894736 -6.315789473684211 0 -1.0048228800085285e+31 -1.5608787620618906e+31 0
-22.105263157894736 -5.789473684210526 0 -1.555239663756182e+48 -2.4475030080510562e+48 0
-22.105263157894736 -5.263157894736842 0 -9.617279535788882e+75 -1.509500103532358e+76 0
-22.105263157894736 -4.7368421052631575 0 1.5177881224938788e+120 2.3822898144758234e+120 0
-22.105263157894736 -4.2105263157894735 0 9.617869196992332e+188 1.5096014710727983e+189 0
-22.105263157894736 -3.6842105263157894 0 2.125743225074516e+293 3.3365239576132304e+293 0
-22.105263157894736 -3.1578947368421053 0 nan nan 0
-22.105263157894736 -2.631578947368421 0 nan nan 0
-22.105263157894736 -2.1052631578947367 0 nan nan 0
-22.105263157894736 -1.5789473684210527 0 nan nan 0
-22.105263157894736 -1.0526315789473684 0 nan nan 0
-22.105263157894736 -0.5263157894736842 0 nan nan 0
-22.105263157894736 -0.0 0 nan nan 0
-22.105263157894736 0.0 0 nan nan 0
-22.105263157894736 0.5263157894736842 0 nan nan 0
-22.105263157894736 1.0526315789473684 0 nan nan 0
-22.105263157894736 1.5789473684210527 0 nan nan 0
-22.105263157894736 2.1052631578947367 0 nan nan 0
-22.105263157894736 2.631578947368421 0 nan nan 0
-22.105263157894736 3.1578947368421053 0 nan nan 0
-22.105263157894736 3.6842105263157894 0 nan nan 0
-22.105263157894736 4.2105263157894735 0 nan nan 0
-22.105263157894736 4.7368421052631575 0 nan nan 0
-22.105263157894736 5.263157894736842 0 nan nan 0
-22.105263157894736 5.789473684210526 0 nan nan 0
-22.105263157894736 6.315789473684211 0 nan nan 0
-22.105263157894736 6.842105263157895 0 nan nan 0
-22.105263157894736 7.368421052631579 0 nan nan 0
-22.105263157894736 7.894736842105263 0 nan nan 0
-22.105263157894736 8.421052631578947 0 nan nan 0
-22.105263157894736 8.947368421052632 0 nan nan 0
-22.105263157894736 9.473684210526315 0 nan nan 0
-20.526315789473685 -9.473684210526315 0 -1090.0491128313618 -946.5910245428286 0
-20.526315789473685 -8.947368421052632 0 -2857.199413739099 820.0729251281459 0
-20.526315789473685 -8.421052631578947 0 2260943.6787398304 3413059.5391391576 0
-20.526315789473685 -7.894736842105263 0 -2438640500543.513 -3917880017464.267 0
-20.526315789473685 -7.368421052631579 0 3.6137118310467396e+19 4.9693508558742266e+19 0
-20.526315789473685 -6.842105263157895 0 4.3835275980714726e+29 5.146394222200982e+29 0
-20.526315789473685 -6.315789473684211 0 1.1744532403690462e+47 1.9734970683721093e+47 0
-20.526315789473685 -5.789473684210526 0 1.2990289868143796e+74 2.396639958494979e+74 0
-20.526315789473685 -5.263157894736842 0 9.497734057771198e+118 1.4495046197146376e+119 0
-20.526315789473685 -4.7368421052631575 0 1.1120981975665805e+189 1.7286320843578638e+189 0
-20.526315789473685 -4.2105263157894735 0 1.343049475794797e+296 2.089513422941357e+296 0
-20.526315789473685 -3.6842105263157894 0 inf inf 0
-20.526315789473685 -3.1578947368421053 0 nan nan 0
-20.526315789473685 -2.631578947368421 0 nan nan 0
-20.526315789473685 -2.1052631578947367 0 nan nan 0
-20.526315789473685 -1.5789473684210527 0 nan nan 0
-20.526315789473685 -1.0526315789473684 0 nan nan 0
-20.526315789473685 -0.5263157894736842 0 nan nan 0
-20.526315789473685 -0.0 0 nan nan 0
-20.526315789473685 0.0 0 nan nan 0
-20.526315789473685 0.5263157894736842 0 nan nan 0
-20.526315789473685 1.0526315789473684 0 nan nan 0
-20.526315789473685 1.5789473684210527 0 nan nan 0
-20.526315789473685 2.1052631578947367 0 nan nan 0
-20.526315789473685 2.631578947368421 0 nan nan 0
-20.526315789473685 3.1578947368421053 0 nan nan 0
-20.526315789473685 3.6842105263157894 0 nan nan 0
-20.526315789473685 4.2105263157894735 0 nan nan 0
-20.526315789473685 4.7368421052631575 0 nan nan 0
-20.526315789473685 5.263157894736842 0 nan nan 0
-20.526315789473685 5.789473684210526 0 nan nan 0
-20.526315789473685 6.315789473684211 0 nan nan 0
-20.526315789473685 6.842105263157895 0 nan nan 0
-20.526315789473685 7.368421052631579 0 nan nan 0
-20.526315789473685 7.894736842105263 0 nan nan 0
-20.526315789473685 8.421052631578947 0 nan nan 0
-20.526315789473685 8.947368421052632 0 nan nan 0
-20.526315789473685 9.473684210526315 0 nan nan 0
-18.94736842105263 -9.473684210526315 0 -1959.0567922792964 -1438.008862087036 0
-18.94736842105263 -8.947368421052632 0 -97297.69239747786 -150907.35875549976 0
-18.94736842105263 -8.421052631578947 0 -6081448098.214815 -9369405796.044445 0
-18.94736842105263 -7.894736842105263 0 2.0981689070688832e+17 3.3887690741689075e+17 0
-18.94736842105263 -7.368421052631579 0 -5.09118846940732e+26 -6.946974041691932e+26 0
-18.94736842105263 -6.842105263157895 0 2.872157257416307e+43 3.258437404185905e+43 0
-18.94736842105263 -6.315789473684211 0 -2.8789555521766067e+71 -4.841860117222461e+71 0
-18.94736842105263 -5.789473684210526 0 -7.521773431433877e+113 -1.412073426110096e+114 0
-18.94736842105263 -5.263157894736842 0 5.435625425221243e+185 8.29546765757397e+185 0
-18.94736842105263 -4.7368421052631575 0 5.886662874987263e+293 9.149453019054139e+293 0
-18.94736842105263 -4.2105263157894735 0 inf inf 0
-18.94736842105263 -3.6842105263157894 0 nan nan 0
-18.94736842105263 -3.1578947368421053 0 nan nan 0
-18.94736842105263 -2.631578947368421 0 nan nan 0
-18.94736842105263 -2.1052631578947367 0 nan nan 0
-18.94736842105263 -1.5789473684210527 0 nan nan 0
-18.94736842105263 -1.0526315789473684 0 nan nan 0
-18.94736842105263 -0.5263157894736842 0 nan nan 0
-18.94736842105263 -0.0 0 nan nan 0
-18.94736842105263 0.0 0 nan nan 0
-18.94736842105263 0.5263157894736842 0 nan nan 0
-18.94736842105263 1.0526315789473684 0 nan nan 0
-18.94736842105263 1.5789473684210527 0 nan nan 0
-18.94736842105263 2.1052631578947367 0 nan nan 0
-18.94736842105263 2.631578947368421 0 nan nan 0
-18.94736842105263 3.1578947368421053 0 nan nan 0
-18.94736842105263 3.6842105263157894 0 nan nan 0
-18.94736842105263 4.2105263157894735 0 nan nan 0
-18.94736842105263 4.7368421052631575 0 nan nan 0
-18.94736842105263 5.263157894736842 0 nan nan 0
-18.94736842105263 5.789473684210526 0 nan nan 0
-18.94736842105263 6.315789473684211 0 nan nan 0
-18.94736842105263 6.842105263157895 0 nan nan 0
-18.94736842105263 7.368421052631579 0 nan nan 0
-18.94736842105263 7.894736842105263 0 nan nan 0
-18.94736842105263 8.421052631578947 0 nan nan 0
-18.94736842105263 8.947368421052632 0 nan nan 0
-18.94736842105263 9.473684210526315 0 nan nan 0
-17.36842105263158 -9.473684210526315 0 -2522.1944803195897 -928.3020467782553 0
-17.36842105263158 -8.947368421052632 0 8202.515652878874 13252.00803624059 0
-17.36842105263158 -8.421052631578947 0 1879504269216.2878 2907654756152.046 0
-17.36842105263158 -7.894736842105263 0 7.322509670923694e+23 1.182456205467095e+24 0
-17.36842105263158 -7.368421052631579 0 -3.5967980557376584e+37 -4.86617028891733e+37 0
-17.36842105263158 -6.842105263157895 0 -9.182372817276198e+63 -1.0420446637282673e+64 0
-17.36842105263158 -6.315789473684211 0 -4.737598099310932e+107 -7.967751838272187e+107 0
-17.36842105263158 -5.789473684210526 0 -9.442785840032601e+174 -1.7726981859368625e+175 0
-17.36842105263158 -5.263157894736842 0 2.6811793825847025e+286 4.091826627393822e+286 0
-17.36842105263158 -4.7368421052631575 0 inf inf 0
-17.36842105263158 -4.2105263157894735 0 nan nan 0
-17.36842105263158 -3.6842105263157894 0 nan nan 0
-17.36842105263158 -3.1578947368421053 0 nan nan 0
-17.36842105263158 -2.631578947368421 0 nan nan 0
-17.36842105263158 -2.1052631578947367 0 nan nan 0
-17.36842105263158 -1.5789473684210527 0 nan nan 0
-17.36842105263158 -1.0526315789473684 0 nan nan 0
-17.36842105263158 -0.5263157894736842 0 nan nan 0
-17.36842105263158 -0.0 0 nan nan 0
-17.36842105263158 0.0 0 nan nan 0
-17.36842105263158 0.5263157894736842 0 nan nan 0
-17.36842105263158 1.0526315789473684 0 nan nan 0
-17.36842105263158 1.5789473684210527 0 nan nan 0
-17.36842105263158 2.1052631578947367 0 nan nan 0
-17.36842105263158 2.631578947368421 0 nan nan 0
-17.36842105263158 3.1578947368421053 0 nan nan 0
-17.36842105263158 3.6842105263157894 0 nan nan 0
-17.36842105263158 4.2105263157894735 0 nan nan 0
-17.36842105263158 4.7368421052631575 0 nan nan 0
-17.36842105263158 5.263157894736842 0 nan nan 0
-17.36842105263158 5.789473684210526 0 nan nan 0
-17.36842105263158 6.315789473684211 0 nan nan 0
-17.36842105263158 6.842105263157895 0 nan nan 0
-17.36842105263158 7.368421052631579 0 nan nan 0
-17.36842105263158 7.894736842105263 0 nan nan 0
-17.36842105263158 8.421052631578947 0 nan nan 0
-17.36842105263158 8.947368421052632 0 nan nan 0
-17.36842105263158 9.473684210526315 0 nan nan 0
-15.789473684210527 -9.473684210526315 0 -2099.1700827895615 1774.5473464100082 0
-15.789473684210527 -8.947368421052632 0 645519.223474025 1151958.389868226 0
-15.789473684210527 -8.421052631578947 0 -305460608044593.4 -472994972767650.5 0
-15.789473684210527 -7.894736842105263 0 -1.1078493860467697e+32 -1.78898472413273e+32 0
-15.789473684210527 -7.368421052631579 0 8.985821194078964e+52 1.2156370319551111e+53 0
-15.789473684210527 -6.842105263157895 0 1.8034138433956162e+93 2.0465710818255363e+93 0
-15.789473684210527 -6.315789473684211 0 4.1484530178013625e+160 6.976920259105896e+160 0
-15.789473684210527 -5.789473684210526 0 -9.312215167737949e+265 -1.7481860983142272e+266 0
-15.789473684210527 -5.263157894736842 0 nan nan 0
-15.789473684210527 -4.7368421052631575 0 nan nan 0
-15.789473684210527 -4.2105263157894735 0 nan nan 0
-15.789473684210527 -3.6842105263157894 0 nan nan 0
-15.789473684210527 -3.1578947368421053 0 nan nan 0
-15.789473684210527 -2.631578947368421 0 nan nan 0
-15.789473684210527 -2.1052631578947367 0 nan nan 0
-15.789473684210527 -1.5789473684210527 0 nan nan 0
-15.789473684210527 -1.0526315789473684 0 nan nan 0
-15.789473684210527 -0.5263157894736842 1 nan nan 0
-15.789473684210527 -0.0 1 nan nan 0
-15.789473684210527 0.0 1 nan nan 0
-15.789473684210527 0.5263157894736842 1 nan nan 0
-15.789473684210527 1.0526315789473684 0 nan nan 0
-15.789473684210527 1.5789473684210527 0 nan nan 0
-15.789473684210527 2.1052631578947367 0 nan nan 0
-15.789473684210527 2.631578947368421 0 nan nan 0
-15.789473684210527 3.1578947368421053 0 nan nan 0
-15.789473684210527 3.6842105263157894 0 nan nan 0
-15.789473684210527 4.2105263157894735 0 nan nan 0
-15.789473684210527 4.7368421052631575 0 nan nan 0
-15.789473684210527 5.263157894736842 0 nan nan 0
-15.789473684210527 5.789473684210526 0 nan nan 0
-15.789473684210527 6.315789473684211 0 nan nan 0
-15.789473684210527 6.842105263157895 0 nan nan 0
-15.789473684210527 7.368421052631579 0 nan nan 0
-15.789473684210527 7.894736842105263 0 nan nan 0
-15.789473684210527 8.421052631578947 0 nan nan 0
-15.789473684210527 8.947368421052632 0 nan nan 0
-15.789473684210527 9.473684210526315 0 nan nan 0
-14.210526315789474 -9.473684210526315 0 -264.5321661213234 7393.154546441732 0
-14.210526315789474 -8.947368421052632 0 10428328.169505846 18683034.813655607 0
-14.210526315789474 -8.421052631578947 0 1.8394988029884672e+17 2.8497736138112816e+17 0
-14.210526315789474 -7.894736842105263 0 -1.1949288471844694e+42 -1.9296029456924805e+42 0
-14.210526315789474 -7.368421052631579 0 -1.3221901196911473e+74 -1.788710508332374e+74 0
-14.210526315789474 -6.842105263157895 0 -6.139735839349336e+133 -6.967566465609797e+133 0
-14.210526315789474 -6.315789473684211 0 -4.632475453396128e+236 -7.790955255349547e+236 0
-14.210526315789474 -5.789473684210526 0 -inf -inf 0
-14.210526315789474 -5.263157894736842 0 nan nan 0
-14.210526315789474 -4.7368421052631575 0 nan nan 0
-14.210526315789474 -4.2105263157894735 0 nan nan 0
-14.210526315789474 -3.6842105263157894 0 nan nan 0
-14.210526315789474 -3.1578947368421053 0 nan nan 0
-14.210526315789474 -2.631578947368421 0 nan nan 0
-14.210526315789474 -2.1052631578947367 0 nan nan 0
-14.210526315789474 -1.5789473684210527 0 nan nan 0
-14.210526315789474 -1.0526315789473684 1 nan nan 0
-14.210526315789474 -0.5263157894736842 1 nan nan 0
-14.210526315789474 -0.0 1 nan nan 0
-14.210526315789474 0.0 1 nan nan 0
-14.210526315789474 0.5263157894736842 1 nan nan 0
-14.210526315789474 1.0526315789473684 1 nan nan 0
-14.210526315789474 1.5789473684210527 0 nan nan 0
-14.210526315789474 2.1052631578947367 0 nan nan 0
-14.210526315789474 2.631578947368421 0 nan nan 0
-14.210526315789474 3.1578947368421053 0 nan nan 0
-14.210526315789474 3.6842105263157894 0 nan nan 0
-14.210526315789474 4.2105263157894735 0 nan nan 0
-14.210526315789474 4.7368421052631575 0 nan nan 0
-14.210526315789474 5.263157894736842 0 nan nan 0
-14.210526315789474 5.789473684210526 0 nan nan 0
-14.210526315789474 6.315789473684211 0 nan nan 0
-14.210526315789474 6.842105263157895 0 nan nan 0
-14.210526315789474 7.368421052631579 0 nan nan 0
-14.210526315789474 7.894736842105263 0 nan nan 0
-14.210526315789474 8.421052631578947 0 nan nan 0
-14.210526315789474 8.947368421052632 0 nan nan 0
-14.210526315789474 9.473684210526315 0 nan nan 0
-12.631578947368421 -9.473684210526315 0 2974.0649104344247 15840.016837188054 0
-12.631578947368421 -8.947368421052632 0 12252008.685118178 21728391.1407884 0
-12.631578947368421 -8.421052631578947 0 2.5637135864423642e+20 3.971765945567277e+20 0
-12.631578947368421 -7.894736842105263 0 1.1661789070221251e+53 1.88317677618386e+53 0
-12.631578947368421 -7.368421052631579 0 -2.029107938019017e+102 -2.745056582424829e+102 0
-12.631578947368421 -6.842105263157895 0 -1.0757028490817164e+189 -1.220741623798749e+189 0
-12.631578947368421 -6.315789473684211 0 inf inf 0
-12.631578947368421 -5.789473684210526 0 nan nan 0
-12.631578947368421 -5.263157894736842 0 nan nan 0
-12.631578947368421 -4.7368421052631575 0 nan nan 0
-12.631578947368421 -4.2105263157894735 0 nan nan 0
-12.631578947368421 -3.6842105263157894 0 nan nan 0
-12.631578947368421 -3.1578947368421053 0 nan nan 0
-12.631578947368421 -2.631578947368421 0 nan nan 0
-12.631578947368421 -2.1052631578947367 0 nan nan 0
-12.631578947368421 -1.5789473684210527 0 nan nan 0
-12.631578947368421 -1.0526315789473684 1 nan nan 0
-12.631578947368421 -0.5263157894736842 1 nan nan 0
-12.631578947368421 -0.0 1 nan nan 0
-12.631578947368421 0.0 1 nan nan 0
-12.631578947368421 0.5263157894736842 1 nan nan 0
-12.631578947368421 1.0526315789473684 1 nan nan 0
-12.631578947368421 1.5789473684210527 0 nan nan 0
-12.631578947368421 2.1052631578947367 0 nan nan 0
-12.631578947368421 2.631578947368421 0 nan nan 0
-12.631578947368421 3.1578947368421053 0 nan nan 0
-12.631578947368421 3.6842105263157894 0 nan nan 0
-12.631578947368421 4.2105263157894735 0 nan nan 0
-12.631578947368421 4.7368421052631575 0 nan nan 0
-12.631578947368421 5.263157894736842 0 nan nan 0
-12.631578947368421 5.789473684210526 0 nan nan 0
-12.631578947368421 6.315789473684211 0 nan nan 0
-12.631578947368421 6.842105263157895 0 nan nan 0
-12.631578947368421 7.368421052631579 0 nan nan 0
-12.631578947368421 7.894736842105263 0 nan nan 0
-12.631578947368421 8.421052631578947 0 nan nan 0
-12.631578947368421 8.947368421052632 0 nan nan 0
-12.631578947368421 9.473684210526315 0 nan nan 0
-11.052631578947368 -9.473684210526315 0 7199.004636944677 26194.07218806927 0
-11.052631578947368 -8.947368421052632 0 669715795.1851363 1207183737.2396038 0
-11.052631578947368 -8.421052631578947 0 -2.5233530137847753e+24 -3.909231416330836e+24 0
-11.052631578947368 -7.894736842105263 0 3.234238422285147e+66 5.222734392479686e+66 0
-11.052631578947368 -7.368421052631579 0 -6.825382694281722e+138 -9.233644667911679e+138 0
-11.052631578947368 -6.842105263157895 0 2.4074522704591797e+263 2.73205299806273e+263 0
-11.052631578947368 -6.315789473684211 0 inf inf 0
-11.052631578947368 -5.789473684210526 0 nan nan 0
-11.052631578947368 -5.263157894736842 0 nan nan 0
-11.052631578947368 -4.7368421052631575 0 nan nan 0
-11.052631578947368 -4.2105263157894735 0 nan nan 0
-11.052631578947368 -3.6842105263157894 0 nan nan 0
-11.052631578947368 -3.1578947368421053 0 nan nan 0
-11.052631578947368 -2.631578947368421 0 nan nan 0
-11.052631578947368 -2.1052631578947367 0 nan nan 0
-11.052631578947368 -1.5789473684210527 1 nan nan 0
-11.052631578947368 -1.0526315789473684 1 nan nan 0
-11.052631578947368 -0.5263157894736842 1 nan nan 0
-11.052631578947368 -0.0 1 nan nan 0
-11.052631578947368 0.0 1 nan nan 0
-11.052631578947368 0.5263157894736842 1 nan nan 0
-11.052631578947368 1.0526315789473684 1 nan nan 0
-11.052631578947368 1.5789473684210527 1 nan nan 0
-11.052631578947368 2.1052631578947367 0 nan nan 0
-11.052631578947368 2.631578947368421 0 nan nan 0
-11.052631578947368 3.1578947368421053 0 nan nan 0
-11.052631578947368 3.6842105263157894 0 nan nan 0
-11.052631578947368 4.2105263157894735 0 nan nan 0
-11.052631578947368 4.7368421052631575 0 nan nan 0
-11.052631578947368 5.263157894736842 0 nan nan 0
-11.052631578947368 5.789473684210526 0 nan nan 0
-11.052631578947368 6.315789473684211 0 nan nan 0
-11.052631578947368 6.842105263157895 0 nan nan 0
-11.052631578947368 7.368421052631579 0 nan nan 0
-11.052631578947368 7.894736842105263 0 nan nan 0
-11.052631578947368 8.421052631578947 0 nan nan 0
-11.052631578947368 8.947368421052632 0 nan nan 0
-11.052631578947368 9.473684210526315 0 nan nan 0
-9.473684210526315 -9.473684210526315 0 11962.581489696402 37501.23701607876 0
-9.473684210526315 -8.947368421052632 0 6794612741.30624 12216945607.2647 0
-9.473684210526315 -8.421052631578947 0 -1.2716821527052274e+29 -1.9701169313152343e+29 0
-9.473684210526315 -7.894736842105263 0 6.641892905888612e+82 1.0725505662084718e+83 0
-9.473684210526315 -7.368421052631579 0 9.816033676176095e+184 1.3279514288627485e+185 0
-9.473684210526315 -6.842105263157895 0 -inf -inf 0
-9.473684210526315 -6.315789473684211 0 nan nan 0
-9.473684210526315 -5.789473684210526 0 nan nan 0
-9.473684210526315 -5.263157894736842 0 nan nan 0
-9.473684210526315 -4.7368421052631575 0 nan nan 0
-9.473684210526315 -4.2105263157894735 0 nan nan 0
-9.473684210526315 -3.6842105263157894 0 nan nan 0
-9.473684210526315 -3.1578947368421053 0 nan nan 0
-9.473684210526315 -2.631578947368421 0 nan nan 0
-9.473684210526315 -2.1052631578947367 0 nan nan 0
-9.473684210526315 -1.5789473684210527 1 nan nan 0
-9.473684210526315 -1.0526315789473684 1 nan nan 0
-9.473684210526315 -0.5263157894736842 1 nan nan 0
-9.473684210526315 -0.0 1 nan nan 0
-9.473684210526315 0.0 1 nan nan 0
-9.473684210526315 0.5263157894736842 1 nan nan 0
-9.473684210526315 1.0526315789473684 1 nan nan 0
-9.473684210526315 1.5789473684210527 1 nan nan 0
-9.473684210526315 2.1052631578947367 0 nan nan 0
-9.473684210526315 2.631578947368421 0 nan nan 0
-9.473684210526315 3.1578947368421053 0 nan nan 0
-9.473684210526315 3.6842105263157894 0 nan nan 0
-9.473684210526315 4.2105263157894735 0 nan nan 0
-9.473684210526315 4.7368421052631575 0 nan nan 0
-9.473684210526315 5.263157894736842 0 nan nan 0
-9.473684210526315 5.789473684210526 0 nan nan 0
-9.473684210526315 6.315789473684211 0 nan nan 0
-9.473684210526315 6.842105263157895 0 nan nan 0
-9.473684210526315 7.368421052631579 0 nan nan 0
-9.473684210526315 7.894736842105263 0 nan nan 0
-9.473684210526315 8.421052631578947 0 nan nan 0
-9.473684210526315 8.947368421052632 0 nan nan 0
-9.473684210526315 9.473684210526315 0 nan nan 0
-7.894736842105264 -9.473684210526315 0 16710.790638103113 48579.12331392785 0
-7.894736842105264 -8.947368421052632 0 170804793636.12216 307541890872.50256 0
-7.894736842105264 -8.421052631578947 0 3.347489589342877e+34 5.186001741944901e+34 0
-7.894736842105264 -7.894736842105263 0 -4.47337438156131e+102 -7.223724160852225e+102 0
-7.894736842105264 -7.368421052631579 0 -1.6886896196147798e+242 -2.2845253666109255e+242 0
-7.894736842105264 -6.842105263157895 0 nan nan 0
-7.894736842105264 -6.315789473684211 0 nan nan 0
-7.894736842105264 -5.789473684210526 0 nan nan 0
-7.894736842105264 -5.263157894736842 0 nan nan 0
-7.894736842105264 -4.7368421052631575 0 nan nan 0
-7.894736842105264 -4.2105263157894735 0 nan nan 0
-7.894736842105264 -3.6842105263157894 0 nan nan 0
-7.894736842105264 -3.1578947368421053 0 nan nan 0
-7.894736842105264 -2.631578947368421 0 nan nan 0
-7.894736842105264 -2.1052631578947367 0 nan nan 0
-7.894736842105264 -1.5789473684210527 1 nan nan 0
-7.894736842105264 -1.0526315789473684 1 nan nan 0
-7.894736842105264 -0.5263157894736842 1 nan nan 0
-7.894736842105264 -0.0 1 nan nan 0
-7.894736842105264 0.0 1 nan nan 0
-7.894736842105264 0.5263157894736842 1 nan nan 0
-7.894736842105264 1.0526315789473684 1 nan nan 0
-7.894736842105264 1.5789473684210527 1 nan nan 0
-7.894736842105264 2.1052631578947367 0 nan nan 0
-7.894736842105264 2.631578947368421 0 nan nan 0
-7.894736842105264 3.1578947368421053 0 nan nan 0
-7.894736842105264 3.6842105263157894 0 nan nan 0
-7.894736842105264 4.2105263157894735 0 nan nan 0
-7.894736842105264 4.7368421052631575 0 nan nan 0
-7.894736842105264 5.263157894736842 0 nan nan 0
-7.894736842105264 5.789473684210526 0 nan nan 0
-7.894736842105264 6.315789473684211 0 nan nan 0
-7.894736842105264 6.842105263157895 0 nan nan 0
-7.894736842105264 7.368421052631579 0 nan nan 0
-7.894736842105264 7.894736842105263 0 nan nan 0
-7.894736842105264 8.421052631578947 0 nan nan 0
-7.894736842105264 8.947368421052632 0 nan nan 0
-7.894736842105264 9.473684210526315 0 nan nan 0
-6.315789473684211 -9.473684210526315 0 21241.505351916836 59004.84456344285 0
-6.315789473684211 -8.947368421052632 0 4361181707218.75 7850244516996.588 0
-6.315789473684211 -8.421052631578947 0 4.416693950860405e+40 6.842435777953734e+40 0
-6.315789473684211 -7.894736842105263 0 3.7805107746604856e+126 6.104869544530614e+126 0
-6.315789473684211 -7.368421052631579 0 -inf -inf 0
-6.315789473684211 -6.842105263157895 0 nan nan 0
-6.315789473684211 -6.315789473684211 0 nan nan 0
-6.315789473684211 -5.789473684210526 0 nan nan 0
-6.315789473684211 -5.263157894736842 0 nan nan 0
-6.315789473684211 -4.7368421052631575 0 nan nan 0
-6.315789473684211 -4.2105263157894735 0 nan nan 0
-6.315789473684211 -3.6842105263157894 0 nan nan 0
-6.315789473684211 -3.1578947368421053 0 nan nan 0
-6.315789473684211 -2.631578947368421 0 nan nan 0
-6.315789473684211 -2.1052631578947367 0 nan nan 0
-6.315789473684211 -1.5789473684210527 1 nan nan 0
-6.315789473684211 -1.0526315789473684 1 nan nan 0
-6.315789473684211 -0.5263157894736842 1 nan nan 0
-6.315789473684211 -0.0 1 nan nan 0
-6.315789473684211 0.0 1 nan nan 0
-6.315789473684211 0.5263157894736842 1 nan nan 0
-6.315789473684211 1.0526315789473684 1 nan nan 0
-6.315789473684211 1.5789473684210527 1 nan nan 0
-6.315789473684211 2.1052631578947367 0 nan nan 0
-6.315789473684211 2.631578947368421 0 nan nan 0
-6.315789473684211 3.1578947368421053 0 nan nan 0
-6.315789473684211 3.6842105263157894 0 nan nan 0
-6.315789473684211 4.2105263157894735 0 nan nan 0
-6.315789473684211 4.7368421052631575 0 nan nan 0
-6.315789473684211 5.263157894736842 0 nan nan 0
-6.315789473684211 5.789473684210526 0 nan nan 0
-6.315789473684211 6.315789473684211 0 nan nan 0
-6.315789473684211 6.842105263157895 0 nan nan 0
-6.315789473684211 7.368421052631579 0 nan nan 0
-6.315789473684211 7.894736842105263 0 nan nan 0
-6.315789473684211 8.421052631578947 0 nan nan 0
-6.315789473684211 8.947368421052632 0 nan nan 0
-6.315789473684211 9.473684210526315 0 nan nan 0
-4.7368421052631575 -9.473684210526315 0 25209.39757425644 68060.35839302371 0
-4.7368421052631575 -8.947368421052632 0 136892911040785.03 246430997657546.84 0
-4.7368421052631575 -8.421052631578947 0 -2.8537724441103586e+47 -4.421124689792513e+47 0
-4.7368421052631575 -7.894736842105263 0 1.6018296549259485e+155 2.586677213414798e+155 0
-4.7368421052631575 -7.368421052631579 0 -inf -inf 0
-4.7368421052631575 -6.842105263157895 0 nan nan 0
-4.7368421052631575 -6.315789473684211 0 nan nan 0
-4.7368421052631575 -5.789473684210526 0 nan nan 0
-4.7368421052631575 -5.263157894736842 0 nan nan 0
-4.7368421052631575 -4.7368421052631575 0 nan nan 0
-4.7368421052631575 -4.2105263157894735 0 nan nan 0
-4.7368421052631575 -3.6842105263157894 0 nan nan 0
-4.7368421052631575 -3.1578947368421053 0 nan nan 0
-4.7368421052631575 -2.631578947368421 0 nan nan 0
-4.7368421052631575 -2.1052631578947367 0 nan nan 0
-4.7368421052631575 -1.5789473684210527 1 nan nan 0
-4.7368421052631575 -1.0526315789473684 1 nan nan 0
-4.7368421052631575 -0.5263157894736842 1 nan nan 0
-4.7368421052631575 -0.0 1 nan nan 0
-4.7368421052631575 0.0 1 nan nan 0
-4.7368421052631575 0.5263157894736842 1 nan nan 0
-4.7368421052631575 1.0526315789473684 1 nan nan 0
-4.7368421052631575 1.5789473684210527 1 nan nan 0
-4.7368421052631575 2.1052631578947367 0 nan nan 0
-4.7368421052631575 2.631578947368421 0 nan nan 0
-4.7368421052631575 3.1578947368421053 0 nan nan 0
-4.7368421052631575 3.6842105263157894 0 nan nan 0
-4.7368421052631575 4.2105263157894735 0 nan nan 0
-4.7368421052631575 4.7368421052631575 0 nan nan 0
-4.7368421052631575 5.263157894736842 0 nan nan 0
-4.7368421052631575 5.789473684210526 0 nan nan 0
-4.7368421052631575 6.315789473684211 0 nan nan 0
-4.7368421052631575 6.842105263157895 0 nan nan 0
-4.7368421052631575 7.368421052631579 0 nan nan 0
-4.7368421052631575 7.894736842105263 0 nan nan 0
-4.7368421052631575 8.421052631578947 0 nan nan 0
-4.7368421052631575 8.947368421052632 0 nan nan 0
-4.7368421052631575 9.473684210526315 0 nan nan 0
-3.1578947368421053 -9.473684210526315 0 28747.437129400467 76045.82821877587 0
-3.1578947368421053 -8.947368421052632 0 4838941022831481.0 8710944984695143.0 0
-3.1578947368421053 -8.421052631578947 0 -8.834714835320661e+54 -1.3686927269321252e+55 0
-3.1578947368421053 -7.894736842105263 0 1.348771750140406e+189 2.1780325651088492e+189 0
-3.1578947368421053 -7.368421052631579 0 nan nan 0
-3.1578947368421053 -6.842105263157895 0 nan nan 0
-3.1578947368421053 -6.315789473684211 0 nan nan 0
-3.1578947368421053 -5.789473684210526 0 nan nan 0
-3.1578947368421053 -5.263157894736842 0 nan nan 0
-3.1578947368421053 -4.7368421052631575 0 nan nan 0
-3.1578947368421053 -4.2105263157894735 0 nan nan 0
-3.1578947368421053 -3.6842105263157894 0 nan nan 0
-3.1578947368421053 -3.1578947368421053 0 nan nan 0
-3.1578947368421053 -2.631578947368421 0 nan nan 0
-3.1578947368421053 -2.1052631578947367 0 nan nan 0
-3.1578947368421053 -1.5789473684210527 1 nan nan 0
-3.1578947368421053 -1.0526315789473684 1 nan nan 0
-3.1578947368421053 -0.5263157894736842 1 nan nan 0
-3.1578947368421053 -0.0 1 nan nan 0
-3.1578947368421053 0.0 1 nan nan 0
-3.1578947368421053 0.5263157894736842 1 nan nan 0
-3.1578947368421053 1.0526315789473684 1 nan nan 0
-3.1578947368421053 1.5789473684210527 1 nan nan 0
-3.1578947368421053 2.1052631578947367 0 nan nan 0
-3.1578947368421053 2.631578947368421 0 nan nan 0
-3.1578947368421053 3.1578947368421053 0 nan nan 0
-3.1578947368421053 3.6842105263157894 0 nan nan 0
-3.1578947368421053 4.2105263157894735 0 nan nan 0
-3.1578947368421053 4.7368421052631575 0 nan nan 0
-3.1578947368421053 5.263157894736842 0 nan nan 0
-3.1578947368421053 5.789473684210526 0 nan nan 0
-3.1578947368421053 6.315789473684211 0 nan nan 0
-3.1578947368421053 6.842105263157895 0 nan nan 0
-3.1578947368421053 7.368421052631579 0 nan nan 0
-3.1578947368421053 7.894736842105263 0 nan nan 0
-3.1578947368421053 8.421052631578947 0 nan nan 0
-3.1578947368421053 8.947368421052632 0 nan nan 0
-3.1578947368421053 9.473684210526315 0 nan nan 0
-1.5789473684210527 -9.473684210526315 0 31611.913434087495 82477.26434984157 0
-1.5789473684210527 -8.947368421052632 0 1.8886442811202077e+17 3.3999298251998944e+17 0
-1.5789473684210527 -8.421052631578947 0 1.2867818882298287e+63 1.9935097446800695e+63 0
-1.5789473684210527 -7.894736842105263 0 -8.981342480535631e+228 -1.4503311178459767e+229 0
-1.5789473684210527 -7.368421052631579 0 nan nan 0
-1.5789473684210527 -6.842105263157895 0 nan nan 0
-1.5789473684210527 -6.315789473684211 0 nan nan 0
-1.5789473684210527 -5.789473684210526 0 nan nan 0
-1.5789473684210527 -5.263157894736842 0 nan nan 0
-1.5789473684210527 -4.7368421052631575 0 nan nan 0
-1.5789473684210527 -4.2105263157894735 0 nan nan 0
-1.5789473684210527 -3.6842105263157894 0 nan nan 0
-1.5789473684210527 -3.1578947368421053 0 nan nan 0
-1.5789473684210527 -2.631578947368421 0 nan nan 0
-1.5789473684210527 -2.1052631578947367 0 nan nan 0
-1.5789473684210527 -1.5789473684210527 1 nan nan 0
-1.5789473684210527 -1.0526315789473684 1 nan nan 0
-1.5789473684210527 -0.5263157894736842 1 nan nan 0
-1.5789473684210527 -0.0 1 nan nan 0
-1.5789473684210527 0.0 1 nan nan 0
-1.5789473684210527 0.5263157894736842 1 nan nan 0
-1.5789473684210527 1.0526315789473684 1 nan nan 0
-1.5789473684210527 1.5789473684210527 1 nan nan 0
-1.5789473684210527 2.1052631578947367 0 nan nan 0
-1.5789473684210527 2.631578947368421 0 nan nan 0
-1.5789473684210527 3.1578947368421053 0 nan nan 0
-1.5789473684210527 3.6842105263157894 0 nan nan 0
-1.5789473684210527 4.2105263157894735 0 nan nan 0
-1.5789473684210527 4.7368421052631575 0 nan nan 0
-1.5789473684210527 5.263157894736842 0 nan nan 0
-1.5789473684210527 5.789473684210526 0 nan nan 0
-1.5789473684210527 6.315789473684211 0 nan nan 0
-1.5789473684210527 6.842105263157895 0 nan nan 0
-1.5789473684210527 7.368421052631579 0 nan nan 0
-1.5789473684210527 7.894736842105263 0 nan nan 0
-1.5789473684210527 8.421052631578947 0 nan nan 0
-1.5789473684210527 8.947368421052632 0 nan nan 0
-1.5789473684210527 9.473684210526315 0 nan nan 0
-0.0 -9.473684210526315 0 34149.137472929244 88105.7273965437 0
-0.0 -8.947368421052632 0 7.956556213647641e+18 1.4323473314198546e+19 0
-0.0 -8.421052631578947 0 8.685766308564796e+71 1.3456173058168772e+72 0
-0.0 -7.894736842105263 0 1.882234110346626e+275 3.039481800435747e+275 0
-0.0 -7.368421052631579 0 nan nan 0
-0.0 -6.842105263157895 0 nan nan 0
-0.0 -6.315789473684211 0 nan nan 0
-0.0 -5.789473684210526 0 nan nan 0
-0.0 -5.263157894736842 0 nan nan 0
-0.0 -4.7368421052631575 0 nan nan 0
-0.0 -4.2105263157894735 0 nan nan 0
-0.0 -3.6842105263157894 0 nan nan 0
-0.0 -3.1578947368421053 0 nan nan 0
-0.0 -2.631578947368421 0 nan nan 0
-0.0 -2.1052631578947367 0 nan nan 0
-0.0 -1.5789473684210527 0 nan nan 0
-0.0 -1.0526315789473684 1 nan nan 0
-0.0 -0.5263157894736842 1 nan nan 0
-0.0 -0.0 1 nan nan 0
-0.0 0.0 1 nan nan 0
-0.0 0.5263157894736842 1 nan nan 0
-0.0 1.0526315789473684 1 nan nan 0
-0.0 1.5789473684210527 0 nan nan 0
-0.0 2.1052631578947367 0 nan nan 0
-0.0 2.631578947368421 0 nan nan 0
-0.0 3.1578947368421053 0 nan nan 0
-0.0 3.6842105263157894 0 nan nan 0
-0.0 4.2105263157894735 0 nan nan 0
-0.0 4.7368421052631575 0 nan nan 0
-0.0 5.263157894736842 0 nan nan 0
-0.0 5.789473684210526 0 nan nan 0
-0.0 6.315789473684211 0 nan nan 0
-0.0 6.842105263157895 0 nan nan 0
-0.0 7.368421052631579 0 nan nan 0
-0.0 7.894736842105263 0 nan nan 0
-0.0 8.421052631578947 0 nan nan 0
-0.0 8.947368421052632 0 nan nan 0
-0.0 9.473684210526315 0 nan nan 0
0.0 -9.473684210526315 0 36061.03188913546 92338.44550823639 0
0.0 -8.947368421052632 0 3.5594413651301584e+20 6.407787736607777e+20 0
0.0 -8.421052631578947 0 -2.6824564626308664e+81 -4.155718344226149e+81 0
0.0 -7.894736842105263 0 inf inf 0
0.0 -7.368421052631579 0 nan nan 0
0.0 -6.842105263157895 0 nan nan 0
0.0 -6.315789473684211 0 nan nan 0
0.0 -5.789473684210526 0 nan nan 0
0.0 -5.263157894736842 0 nan nan 0
0.0 -4.7368421052631575 0 nan nan 0
0.0 -4.2105263157894735 0 nan nan 0
0.0 -3.6842105263157894 0 nan nan 0
0.0 -3.1578947368421053 0 nan nan 0
0.0 -2.631578947368421 0 nan nan 0
0.0 -2.1052631578947367 0 nan nan 0
0.0 -1.5789473684210527 0 nan nan 0
0.0 -1.0526315789473684 1 nan nan 0
0.0 -0.5263157894736842 1 nan nan 0
0.0 -0.0 1 nan nan 0
0.0 0.0 1 nan nan 0
0.0 0.5263157894736842 1 nan nan 0
0.0 1.0526315789473684 1 nan nan 0
0.0 1.5789473684210527 0 nan nan 0
0.0 2.1052631578947367 0 nan nan 0
0.0 2.631578947368421 0 nan nan 0
0.0 3.1578947368421053 0 nan nan 0
0.0 3.6842105263157894 0 nan nan 0
0.0 4.2105263157894735 0 nan nan 0
0.0 4.7368421052631575 0 nan nan 0
0.0 5.263157894736842 0 nan nan 0
0.0 5.789473684210526 0 nan nan 0
0.0 6.315789473684211 0 nan nan 0
0.0 6.842105263157895 0 nan nan 0
0.0 7.368421052631579 0 nan nan 0
0.0 7.894736842105263 0 nan nan 0
0.0 8.421052631578947 0 nan nan 0
0.0 8.947368421052632 0 nan nan 0
0.0 9.473684210526315 0 nan nan 0
1.5789473684210527 -9.473684210526315 0 37841.719461637236 96224.34353778188 0
1.5789473684210527 -8.947368421052632 0 1.6695951012244115e+22 3.005662259388012e+22 0
1.5789473684210527 -8.421052631578947 0 -3.750530772714623e+91 -5.810401678418459e+91 0
1.5789473684210527 -7.894736842105263 0 inf inf 0
1.5789473684210527 -7.368421052631579 0 nan nan 0
1.5789473684210527 -6.842105263157895 0 nan nan 0
1.5789473684210527 -6.315789473684211 0 nan nan 0
1.5789473684210527 -5.789473684210526 0 nan nan 0
1.5789473684210527 -5.263157894736842 0 nan nan 0
1.5789473684210527 -4.7368421052631575 0 nan nan 0
1.5789473684210527 -4.2105263157894735 0 nan nan 0
1.5789473684210527 -3.6842105263157894 0 nan nan 0
1.5789473684210527 -3.1578947368421053 0 nan nan 0
1.5789473684210527 -2.631578947368421 0 nan nan 0
1.5789473684210527 -2.1052631578947367 0 nan nan 0
1.5789473684210527 -1.5789473684210527 0 nan nan 0
1.5789473684210527 -1.0526315789473684 1 nan nan -0.11313437906110502
1.5789473684210527 -0.5263157894736842 1 nan nan -0.11313437906110502
1.5789473684210527 -0.0 1 nan nan -0.11313437906110502
1.5789473684210527 0.0 1 nan nan -0.11313437906110502
1.5789473684210527 0.5263157894736842 1 nan nan -0.11313437906110502
1.5789473684210527 1.0526315789473684 0 nan nan 0
1.5789473684210527 1.5789473684210527 0 nan nan 0
1.5789473684210527 2.1052631578947367 0 nan nan 0
1.5789473684210527 2.631578947368421 0 nan nan 0
1.5789473684210527 3.1578947368421053 0 nan nan 0
1.5789473684210527 3.6842105263157894 0 nan nan 0
1.5789473684210527 4.2105263157894735 0 nan nan 0
1.5789473684210527 4.7368421052631575 0 nan nan 0
1.5789473684210527 5.263157894736842 0 nan nan 0
1.5789473684210527 5.789473684210526 0 nan nan 0
1.5789473684210527 6.315789473684211 0 nan nan 0
1.5789473684210527 6.842105263157895 0 nan nan 0
1.5789473684210527 7.368421052631579 0 nan nan 0
1.5789473684210527 7.894736842105263 0 nan nan 0
1.5789473684210527 8.421052631578947 0 nan nan 0
1.5789473684210527 8.947368421052632 0 nan nan 0
1.5789473684210527 9.473684210526315 0 nan nan 0
3.1578947368421053 -9.473684210526315 0 39043.802258331816 98857.40669864447 0
3.1578947368421053 -8.947368421052632 0 8.130512802040079e+23 1.4636912405420826e+24 0
3.1578947368421053 -8.421052631578947 0 2.352706943005954e+102 3.6448634070462856e+102 0
3.1578947368421053 -7.894736842105263 0 nan nan 0
3.1578947368421053 -7.368421052631579 0 nan nan 0
3.1578947368421053 -6.842105263157895 0 nan nan 0
3.1578947368421053 -6.315789473684211 0 nan nan 0
3.1578947368421053 -5.789473684210526 0 nan nan 0
3.1578947368421053 -5.263157894736842 0 nan nan 0
3.1578947368421053 -4.7368421052631575 0 nan nan 0
3.1578947368421053 -4.2105263157894735 0 nan nan 0
3.1578947368421053 -3.6842105263157894 0 nan nan 0
3.1578947368421053 -3.1578947368421053 0 nan nan 0
3.1578947368421053 -2.631578947368421 0 nan nan 0
3.1578947368421053 -2.1052631578947367 0 nan nan 0
3.1578947368421053 -1.5789473684210527 0 nan nan 0
3.1578947368421053 -1.0526315789473684 1 nan nan 0.119409925128969
3.1578947368421053 -0.5263157894736842 1 nan nan 0.119409925128969
3.1578947368421053 -0.0 1 nan nan 0.119409925128969
3.1578947368421053 0.0 1 nan nan 0.119409925128969
3.1578947368421053 0.5263157894736842 1 nan nan 0.119409925128969
3.1578947368421053 1.0526315789473684 0 nan nan 0
3.1578947368421053 1.5789473684210527 0 nan nan 0
3.1578947368421053 2.1052631578947367 0 nan nan 0
3.1578947368421053 2.631578947368421 0 nan nan 0
3.1578947368421053 3.1578947368421053 0 nan nan 0
3.1578947368421053 3.6842105263157894 0 nan nan 0
3.1578947368421053 4.2105263157894735 0 nan nan 0
3.1578947368421053 4.7368421052631575 0 nan nan 0
3.1578947368421053 5.263157894736842 0 nan nan 0
3.1578947368421053 5.789473684210526 0 nan nan 0
3.1578947368421053 6.315789473684211 0 nan nan 0
3.1578947368421053 6.842105263157895 0 nan nan 0
3.1578947368421053 7.368421052631579 0 nan nan 0
3.1578947368421053 7.894736842105263 0 nan nan 0
3.1578947368421053 8.421052631578947 0 nan nan 0
3.1578947368421053 8.947368421052632 0 nan nan 0
3.1578947368421053 9.473684210526315 0 nan nan 0
4.7368421052631575 -9.473684210526315 0 40320.308795831574 101601.42870259106 0
4.7368421052631575 -8.947368421052632 0 4.079099973000521e+25 7.343417834843796e+25 0
4.7368421052631575 -8.421052631578947 0 6.57193962789484e+113 1.0181388011048456e+114 0
4.7368421052631575 -7.894736842105263 0 nan nan 0
4.7368421052631575 -7.368421052631579 0 nan nan 0
4.7368421052631575 -6.842105263157895 0 nan nan 0
4.7368421052631575 -6.315789473684211 0 nan nan 0
4.7368421052631575 -5.789473684210526 0 nan nan 0
4.7368421052631575 -5.263157894736842 0 nan nan 0
4.7368421052631575 -4.7368421052631575 0 nan nan 0
4.7368421052631575 -4.2105263157894735 0 nan nan 0
4.7368421052631575 -3.6842105263157894 0 nan nan 0
4.7368421052631575 -3.1578947368421053 0 nan nan 0
4.7368421052631575 -2.631578947368421 0 nan nan 0
4.7368421052631575 -2.1052631578947367 0 nan nan 0
4.7368421052631575 -1.5789473684210527 0 nan nan 0
4.7368421052631575 -1.0526315789473684 0 nan nan 0
4.7368421052631575 -0.5263157894736842 1 nan nan 0.4233575478701862
4.7368421052631575 -0.0 1 nan nan 0.4233575478701862
4.7368421052631575 0.0 1 nan nan 0.4233575478701862
4.7368421052631575 0.5263157894736842 1 nan nan 0.4233575478701862
4.7368421052631575 1.0526315789473684 1 nan nan 0.4233575478701862
4.7368421052631575 1.5789473684210527 0 nan nan 0
4.7368421052631575 2.1052631578947367 0 nan nan 0
4.7368421052631575 2.631578947368421 0 nan nan 0
4.7368421052631575 3.1578947368421053 0 nan nan 0
4.7368421052631575 3.6842105263157894 0 nan nan 0
4.7368421052631575 4.2105263157894735 0 nan nan 0
4.7368421052631575 4.7368421052631575 0 nan nan 0
4.7368421052631575 5.263157894736842 0 nan nan 0
4.7368421052631575 5.789473684210526 0 nan nan 0
4.7368421052631575 6.315789473684211 0 nan nan 0
4.7368421052631575 6.842105263157895 0 nan nan 0
4.7368421052631575 7.368421052631579 0 nan nan 0
4.7368421052631575 7.894736842105263 0 nan nan 0
4.7368421052631575 8.421052631578947 0 nan nan 0
4.7368421052631575 8.947368421052632 0 nan nan 0
4.7368421052631575 9.473684210526315 0 nan nan 0
6.315789473684211 -9.473684210526315 0 41010.07289967379 103106.25165293747 0
6.315789473684211 -8.947368421052632 0 2.0956451582641128e+27 3.7727138838538636e+27 0
6.315789473684211 -8.421052631578947 0 -8.121752436057636e+125 -1.2582390825715597e+126 0
6.315789473684211 -7.894736842105263 0 nan nan 0
6.315789473684211 -7.368421052631579 0 nan nan 0
6.315789473684211 -6.842105263157895 0 nan nan 0
6.315789473684211 -6.315789473684211 0 nan nan 0
6.315789473684211 -5.789473684210526 0 nan nan 0
6.315789473684211 -5.263157894736842 0 nan nan 0
6.315789473684211 -4.7368421052631575 0 nan nan 0
6.315789473684211 -4.2105263157894735 0 nan nan 0
6.315789473684211 -3.6842105263157894 0 nan nan 0
6.315789473684211 -3.1578947368421053 0 nan nan 0
6.315789473684211 -2.631578947368421 0 nan nan 0
6.315789473684211 -2.1052631578947367 0 nan nan 0
6.315789473684211 -1.5789473684210527 0 nan nan 0
6.315789473684211 -1.0526315789473684 0 nan nan 0
6.315789473684211 -0.5263157894736842 0 nan nan 0
6.315789473684211 -0.0 0 nan nan 0
6.315789473684211 0.0 0 nan nan 0
6.315789473684211 0.5263157894736842 1 nan nan 0.37699157950791357
6.315789473684211 1.0526315789473684 1 nan nan 0.37699157950791357
6.315789473684211 1.5789473684210527 1 nan nan 0.37699157950791357
6.315789473684211 2.1052631578947367 0 nan nan 0
6.315789473684211 2.631578947368421 0 nan nan 0
6.315789473684211 3.1578947368421053 0 nan nan 0
6.315789473684211 3.6842105263157894 0 nan nan 0
6.315789473684211 4.2105263157894735 0 nan nan 0
6.315789473684211 4.7368421052631575 0 nan nan 0
6.315789473684211 5.263157894736842 0 nan nan 0
6.315789473684211 5.789473684210526 0 nan nan 0
6.315789473684211 6.315789473684211 0 nan nan 0
6.315789473684211 6.842105263157895 0 nan nan 0
6.315789473684211 7.368421052631579 0 nan nan 0
6.315789473684211 7.894736842105263 0 nan nan 0
6.315789473684211 8.421052631578947 0 nan nan 0
6.315789473684211 8.947368421052632 0 nan nan 0
6.315789473684211 9.473684210526315 0 nan nan 0
7.894736842105264 -9.473684210526315 0 41981.249232418275 105165.79172931003 0
7.894736842105264 -8.947368421052632 0 1.0972700935873983e+29 1.975385230033282e+29 0
7.894736842105264 -8.421052631578947 0 -4.416209604406534e+138 -6.841685418066535e+138 0
7.894736842105264 -7.894736842105263 0 nan nan 0
7.894736842105264 -7.368421052631579 0 nan nan 0
7.894736842105264 -6.842105263157895 0 nan nan 0
7.894736842105264 -6.315789473684211 0 nan nan 0
7.894736842105264 -5.789473684210526 0 nan nan 0
7.894736842105264 -5.263157894736842 0 nan nan 0
7.894736842105264 -4.7368421052631575 0 nan nan 0
7.894736842105264 -4.2105263157894735 0 nan nan 0
7.894736842105264 -3.6842105263157894 0 nan nan 0
7.894736842105264 -3.1578947368421053 0 nan nan 0
7.894736842105264 -2.631578947368421 0 nan nan 0
7.894736842105264 -2.1052631578947367 0 nan nan 0
7.894736842105264 -1.5789473684210527 0 nan nan 0
7.894736842105264 -1.0526315789473684 0 nan nan 0
7.894736842105264 -0.5263157894736842 0 nan nan 0
7.894736842105264 -0.0 0 nan nan 0
7.894736842105264 0.0 0 nan nan 0
7.894736842105264 0.5263157894736842 0 nan nan 0
7.894736842105264 1.0526315789473684 0 nan nan 0
7.894736842105264 1.5789473684210527 1 nan nan -0.45620227022666987
7.894736842105264 2.1052631578947367 1 nan nan -0.45620227022666987
7.894736842105264 2.631578947368421 1 nan nan -0.45620227022666987
7.894736842105264 3.1578947368421053 0 nan nan 0
7.894736842105264 3.6842105263157894 0 nan nan 0
7.894736842105264 4.2105263157894735 0 nan nan 0
7.894736842105264 4.7368421052631575 0 nan nan 0
7.894736842105264 5.263157894736842 0 nan nan 0
7.894736842105264 5.789473684210526 0 nan nan 0
7.894736842105264 6.315789473684211 0 nan nan 0
7.894736842105264 6.842105263157895 0 nan nan 0
7.894736842105264 7.368421052631579 0 nan nan 0
7.894736842105264 7.894736842105263 0 nan nan 0
7.894736842105264 8.421052631578947 0 nan nan 0
7.894736842105264 8.947368421052632 0 nan nan 0
7.894736842105264 9.473684210526315 0 nan nan 0
9.473684210526315 -9.473684210526315 0 42289.41986395732 105848.43769536189 0
9.473684210526315 -8.947368421052632 0 5.8332400519334e+30 1.050147189197702e+31 0
9.473684210526315 -8.421052631578947 0 1.051490151426747e+152 1.6289908044850827e+152 0
9.473684210526315 -7.894736842105263 0 nan nan 0
9.473684210526315 -7.368421052631579 0 nan nan 0
9.473684210526315 -6.842105263157895 0 nan nan 0
9.473684210526315 -6.315789473684211 0 nan nan 0
9.473684210526315 -5.789473684210526 0 nan nan 0
9.473684210526315 -5.263157894736842 0 nan nan 0
9.473684210526315 -4.7368421052631575 0 nan nan 0
9.473684210526315 -4.2105263157894735 0 nan nan 0
9.473684210526315 -3.6842105263157894 0 nan nan 0
9.473684210526315 -3.1578947368421053 0 nan nan 0
9.473684210526315 -2.631578947368421 0 nan nan 0
9.473684210526315 -2.1052631578947367 0 nan nan 0
9.473684210526315 -1.5789473684210527 0 nan nan 0
9.473684210526315 -1.0526315789473684 0 nan nan 0
9.473684210526315 -0.5263157894736842 0 nan nan 0
9.473684210526315 -0.0 0 nan nan 0
9.473684210526315 0.0 0 nan nan 0
9.473684210526315 0.5263157894736842 0 nan nan 0
9.473684210526315 1.0526315789473684 0 nan nan 0
9.473684210526315 1.5789473684210527 0 nan nan 0
9.473684210526315 2.1052631578947367 0 nan nan 0
9.473684210526315 2.631578947368421 1 nan nan -2.3778398233911107
9.473684210526315 3.1578947368421053 1 nan nan -2.3778398233911107
9.473684210526315 3.6842105263157894 1 nan nan -2.3778398233911107
9.473684210526315 4.2105263157894735 0 nan nan 0
9.473684210526315 4.7368421052631575 0 nan nan 0
9.473684210526315 5.263157894736842 0 nan nan 0
9.473684210526315 5.789473684210526 0 nan nan 0
9.473684210526315 6.315789473684211 0 nan nan 0
9.473684210526315 6.842105263157895 0 nan nan 0
9.473684210526315 7.368421052631579 0 nan nan 0
9.473684210526315 7.894736842105263 0 nan nan 0
9.473684210526315 8.421052631578947 0 nan nan 0
9.473684210526315 8.947368421052632 0 nan nan 0
9.473684210526315 9.473684210526315 0 nan nan 0
11.052631578947368 -9.473684210526315 0 43104.60679671174 107556.05305360639 0
11.052631578947368 -8.947368421052632 0 3.1391275623383453e+32 5.651338208993086e+32 0
11.052631578947368 -8.421052631578947 0 1.091739537074336e+166 1.6913460048805703e+166 0
11.052631578947368 -7.894736842105263 0 nan nan 0
11.052631578947368 -7.368421052631579 0 nan nan 0
11.052631578947368 -6.842105263157895 0 nan nan 0
11.052631578947368 -6.315789473684211 0 nan nan 0
11.052631578947368 -5.789473684210526 0 nan nan 0
11.052631578947368 -5.263157894736842 0 nan nan 0
11.052631578947368 -4.7368421052631575 0 nan nan 0
11.052631578947368 -4.2105263157894735 0 nan nan 0
11.052631578947368 -3.6842105263157894 0 nan nan 0
11.052631578947368 -3.1578947368421053 0 nan nan 0
11.052631578947368 -2.631578947368421 0 nan nan 0
11.052631578947368 -2.1052631578947367 0 nan nan 0
11.052631578947368 -1.5789473684210527 0 nan nan 0
11.052631578947368 -1.0526315789473684 0 nan nan 0
11.052631578947368 -0.5263157894736842 0 nan nan 0
11.052631578947368 -0.0 0 nan nan 0
11.052631578947368 0.0 0 nan nan 0
11.052631578947368 0.5263157894736842 0 nan nan 0
11.052631578947368 1.0526315789473684 0 nan nan 0
11.052631578947368 1.5789473684210527 0 nan nan 0
11.052631578947368 2.1052631578947367 0 nan nan 0
11.052631578947368 2.631578947368421 0 nan nan 0
11.052631578947368 3.1578947368421053 1 nan nan -5.421392925106682
11.052631578947368 3.6842105263157894 1 nan nan -5.421392925106682
11.052631578947368 4.2105263157894735 1 nan nan -5.421392925106682
11.052631578947368 4.7368421052631575 0 nan nan 0
11.052631578947368 5.263157894736842 0 nan nan 0
11.052631578947368 5.789473684210526 0 nan nan 0
11.052631578947368 6.315789473684211 0 nan nan 0
11.052631578947368 6.842105263157895 0 nan nan 0
11.052631578947368 7.368421052631579 0 nan nan 0
11.052631578947368 7.894736842105263 0 nan nan 0
11.052631578947368 8.421052631578947 0 nan nan 0
11.052631578947368 8.947368421052632 0 nan nan 0
11.052631578947368 9.473684210526315 0 nan nan 0
12.631578947368421 -9.473684210526315 0 43104.97903328734 107588.48167255928 0
12.631578947368421 -8.947368421052632 0 1.7059718099893697e+34 3.071256937613273e+34 0
12.631578947368421 -8.421052631578947 0 -4.924924717886138e+180 -7.629797642262286e+180 0
12.631578947368421 -7.894736842105263 0 nan nan 0
12.631578947368421 -7.368421052631579 0 nan nan 0
12.631578947368421 -6.842105263157895 0 nan nan 0
12.631578947368421 -6.315789473684211 0 nan nan 0
12.631578947368421 -5.789473684210526 0 nan nan 0
12.631578947368421 -5.263157894736842 0 nan nan 0
12.631578947368421 -4.7368421052631575 0 nan nan 0
12.631578947368421 -4.2105263157894735 0 nan nan 0
12.631578947368421 -3.6842105263157894 0 nan nan 0
12.631578947368421 -3.1578947368421053 0 nan nan 0
12.631578947368421 -2.631578947368421 0 nan nan 0
12.631578947368421 -2.1052631578947367 0 nan nan 0
12.631578947368421 -1.5789473684210527 0 nan nan 0
12.631578947368421 -1.0526315789473684 0 nan nan 0
12.631578947368421 -0.5263157894736842 0 nan nan 0
12.631578947368421 -0.0 0 nan nan 0
12.631578947368421 0.0 0 nan nan 0
12.631578947368421 0.5263157894736842 0 nan nan 0
12.631578947368421 1.0526315789473684 0 nan nan 0
12.631578947368421 1.5789473684210527 0 nan nan 0
12.631578947368421 2.1052631578947367 0 nan nan 0
12.631578947368421 2.631578947368421 1 nan nan -9.267317903095407
12.631578947368421 3.1578947368421053 1 nan nan -9.267317903095407
12.631578947368421 3.6842105263157894 0 nan nan -9.198360256046712
12.631578947368421 4.2105263157894735 0 nan nan 0
12.631578947368421 4.7368421052631575 0 nan nan 0
12.631578947368421 5.263157894736842 0 nan nan 0
12.631578947368421 5.789473684210526 0 nan nan 0
12.631578947368421 6.315789473684211 0 nan nan 0
12.631578947368421 6.842105263157895 0 nan nan 0
12.631578947368421 7.368421052631579 0 nan nan 0
12.631578947368421 7.894736842105263 0 nan nan 0
12.631578947368421 8.421052631578947 0 nan nan 0
12.631578947368421 8.947368421052632 0 nan nan 0
12.631578947368421 9.473684210526315 0 nan nan 0
14.210526315789474 -9.473684210526315 0 43881.41580064161 109197.35791825135 0
14.210526315789474 -8.947368421052632 0 9.344843608768749e+35 1.682357421420719e+36 0
14.210526315789474 -8.421052631578947 0 -9.62178645588283e+195 -1.4906275287585677e+196 0
14.210526315789474 -7.894736842105263 0 nan nan 0
14.210526315789474 -7.368421052631579 0 nan nan 0
14.210526315789474 -6.842105263157895 0 nan nan 0
14.210526315789474 -6.315789473684211 0 nan nan 0
14.210526315789474 -5.789473684210526 0 nan nan 0
14.210526315789474 -5.263157894736842 0 nan nan 0
14.210526315789474 -4.7368421052631575 0 nan nan 0
14.210526315789474 -4.2105263157894735 0 nan nan 0
14.210526315789474 -3.6842105263157894 0 nan nan 0
14.210526315789474 -3.1578947368421053 0 nan nan 0
14.210526315789474 -2.631578947368421 0 nan nan 0
14.210526315789474 -2.1052631578947367 0 nan nan 0
14.210526315789474 -1.5789473684210527 0 nan nan 0
14.210526315789474 -1.0526315789473684 0 nan nan 0
14.210526315789474 -0.5263157894736842 0 nan nan 0
14.210526315789474 -0.0 0 nan nan 0
14.210526315789474 0.0 0 nan nan 0
14.210526315789474 0.5263157894736842 0 nan nan 0
14.210526315789474 1.0526315789473684 0 nan nan 0
14.210526315789474 1.5789473684210527 0 nan nan 0
14.210526315789474 2.1052631578947367 0 nan nan 0
14.210526315789474 2.631578947368421 0 nan nan 0
14.210526315789474 3.1578947368421053 0 nan nan 0
14.210526315789474 3.6842105263157894 0 nan nan 0
14.210526315789474 4.2105263157894735 0 nan nan 0
14.210526315789474 4.7368421052631575 0 nan nan 0
14.210526315789474 5.263157894736842 0 nan nan 0
14.210526315789474 5.789473684210526 0 nan nan 0
14.210526315789474 6.315789473684211 0 nan nan 0
14.210526315789474 6.842105263157895 0 nan nan 0
14.210526315789474 7.368421052631579 0 nan nan 0
14.210526315789474 7.894736842105263 0 nan nan 0
14.210526315789474 8.421052631578947 0 nan nan 0
14.210526315789474 8.947368421052632 0 nan nan 0
14.210526315789474 9.473684210526315 0 nan nan 0
15.789473684210527 -9.473684210526315 0 43602.6989753056 108649.96688640464 0
15.789473684210527 -8.947368421052632 0 5.151625146655943e+37 9.2745402054231e+37 0
15.789473684210527 -8.421052631578947 0 8.11787930167217e+211 1.257639048392457e+212 0
15.789473684210527 -7.894736842105263 0 nan nan 0
15.789473684210527 -7.368421052631579 0 nan nan 0
15.789473684210527 -6.842105263157895 0 nan nan 0
15.789473684210527 -6.315789473684211 0 nan nan 0
15.789473684210527 -5.789473684210526 0 nan nan 0
15.789473684210527 -5.263157894736842 0 nan nan 0
15.789473684210527 -4.7368421052631575 0 nan nan 0
15.789473684210527 -4.2105263157894735 0 nan nan 0
15.789473684210527 -3.6842105263157894 0 nan nan 0
15.789473684210527 -3.1578947368421053 0 nan nan 0
15.789473684210527 -2.631578947368421 0 nan nan 0
15.789473684210527 -2.1052631578947367 0 nan nan 0
15.789473684210527 -1.5789473684210527 0 nan nan 0
15.789473684210527 -1.0526315789473684 0 nan nan 0
15.789473684210527 -0.5263157894736842 0 nan nan 0
15.789473684210527 -0.0 0 nan nan 0
15.789473684210527 0.0 0 nan nan 0
15.789473684210527 0.5263157894736842 0 nan nan 0
15.789473684210527 1.0526315789473684 0 nan nan 0
15.789473684210527 1.5789473684210527 0 nan nan 0
15.789473684210527 2.1052631578947367 0 nan nan 0
15.789473684210527 2.631578947368421 0 nan nan 0
15.789473684210527 3.1578947368421053 0 nan nan 0
15.789473684210527 3.6842105263157894 0 nan nan 0
15.789473684210527 4.2105263157894735 0 nan nan 0
15.789473684210527 4.7368421052631575 0 nan nan 0
15.789473684210527 5.263157894736842 0 nan nan 0
15.789473684210527 5.789473684210526 0 nan nan 0
15.789473684210527 6.315789473684211 0 nan nan 0
15.789473684210527 6.842105263157895 0 nan nan 0
15.789473684210527 7.368421052631579 0 nan nan 0
15.789473684210527 7.894736842105263 0 nan nan 0
15.789473684210527 8.421052631578947 0 nan nan 0
15.789473684210527 8.947368421052632 0 nan nan 0
15.789473684210527 9.473684210526315 0 nan nan 0
17.36842105263158 -9.473684210526315 0 44442.09816310217 110374.04950692414 0
17.36842105263158 -8.947368421052632 0 2.8546752585344143e+39 5.139332614869643e+39 0
17.36842105263158 -8.421052631578947 0 2.950242355042665e+228 4.570577918248551e+228 0
17.36842105263158 -7.894736842105263 0 nan nan 0
17.36842105263158 -7.368421052631579 0 nan nan 0
17.36842105263158 -6.842105263157895 0 nan nan 0
17.36842105263158 -6.315789473684211 0 nan nan 0
17.36842105263158 -5.789473684210526 0 nan nan 0
17.36842105263158 -5.263157894736842 0 nan nan 0
17.36842105263158 -4.7368421052631575 0 nan nan 0
17.36842105263158 -4.2105263157894735 0 nan nan 0
17.36842105263158 -3.6842105263157894 0 nan nan 0
17.36842105263158 -3.1578947368421053 0 nan nan 0
17.36842105263158 -2.631578947368421 0 nan nan 0
17.36842105263158 -2.1052631578947367 0 nan nan 0
17.36842105263158 -1.5789473684210527 0 nan nan 0
17.36842105263158 -1.0526315789473684 0 nan nan 0
17.36842105263158 -0.5263157894736842 0 nan nan 0
17.36842105263158 -0.0 0 nan nan 0
17.36842105263158 0.0 0 nan nan 0
17.36842105263158 0.5263157894736842 0 nan nan 0
17.36842105263158 1.0526315789473684 0 nan nan 0
17.36842105263158 1.5789473684210527 0 nan nan 0
17.36842105263158 2.1052631578947367 0 nan nan 0
17.36842105263158 2.631578947368421 0 nan nan 0
17.36842105263158 3.1578947368421053 0 nan nan 0
17.36842105263158 3.6842105263157894 0 nan nan 0
17.36842105263158 4.2105263157894735 0 nan nan 0
17.36842105263158 4.7368421052631575 0 nan nan 0
17.36842105263158 5.263157894736842 0 nan nan 0
17.36842105263158 5.789473684210526 0 nan nan 0
17.36842105263158 6.315789473684211 0 nan nan 0
17.36842105263158 6.842105263157895 0 nan nan 0
17.36842105263158 7.368421052631579 0 nan nan 0
17.36842105263158 7.894736842105263 0 nan nan 0
17.36842105263158 8.421052631578947 0 nan nan 0
17.36842105263158 8.947368421052632 0 nan nan 0
17.36842105263158 9.473684210526315 0 nan nan 0
18.94736842105263 -9.473684210526315 0 43875.202513464385 109235.50901447608 0
18.94736842105263 -8.947368421052632 0 1.588472280483252e+41 2.8597727197955933e+41 0
18.94736842105263 -8.421052631578947 0 -4.607930937794885e+245 -7.138704166829394e+245 0
18.94736842105263 -7.894736842105263 0 nan nan 0
18.94736842105263 -7.368421052631579 0 nan nan 0
18.94736842105263 -6.842105263157895 0 nan nan 0
18.94736842105263 -6.315789473684211 0 nan nan 0
18.94736842105263 -5.789473684210526 0 nan nan 0
18.94736842105263 -5.263157894736842 0 nan nan 0
18.94736842105263 -4.7368421052631575 0 nan nan 0
18.94736842105263 -4.2105263157894735 0 nan nan 0
18.94736842105263 -3.6842105263157894 0 nan nan 0
18.94736842105263 -3.1578947368421053 0 nan nan 0
18.94736842105263 -2.631578947368421 0 nan nan 0
18.94736842105263 -2.1052631578947367 0 nan nan 0
18.94736842105263 -1.5789473684210527 0 nan nan 0
18.94736842105263 -1.0526315789473684 0 nan nan 0
18.94736842105263 -0.5263157894736842 0 nan nan 0
18.94736842105263 -0.0 0 nan nan 0
18.94736842105263 0.0 0 nan nan 0
18.94736842105263 0.5263157894736842 0 nan nan 0
18.94736842105263 1.0526315789473684 0 nan nan 0
18.94736842105263 1.5789473684210527 0 nan nan 0
18.94736842105263 2.1052631578947367 0 nan nan 0
18.94736842105263 2.631578947368421 0 nan nan 0
18.94736842105263 3.1578947368421053 0 nan nan 0
18.94736842105263 3.6842105263157894 0 nan nan 0
18.94736842105263 4.2105263157894735 0 nan nan 0
18.94736842105263 4.7368421052631575 0 nan nan 0
18.94736842105263 5.263157894736842 0 nan nan 0
18.94736842105263 5.789473684210526 0 nan nan 0
18.94736842105263 6.315789473684211 0 nan nan 0
18.94736842105263 6.842105263157895 0 nan nan 0
18.94736842105263 7.368421052631579 0 nan nan 0
18.94736842105263 7.894736842105263 0 nan nan 0
18.94736842105263 8.421052631578947 0 nan nan 0
18.94736842105263 8.947368421052632 0 nan nan 0
18.94736842105263 9.473684210526315 0 nan nan 0
20.526315789473685 -9.473684210526315 0 44877.8063212199 111281.52596651872 0
20.526315789473685 -8.947368421052632 0 8.868868987217759e+42 1.596695006946238e+43 0
20.526315789473685 -8.421052631578947 0 -3.086713360238217e+263 -4.782001688828562e+263 0
20.526315789473685 -7.894736842105263 0 nan nan 0
20.526315789473685 -7.368421052631579 0 nan nan 0
20.526315789473685 -6.842105263157895 0 nan nan 0
20.526315789473685 -6.315789473684211 0 nan nan 0
20.526315789473685 -5.789473684210526 0 nan nan 0
20.526315789473685 -5.263157894736842 0 nan nan 0
20.526315789473685 -4.7368421052631575 0 nan nan 0
20.526315789473685 -4.2105263157894735 0 nan nan 0
20.526315789473685 -3.6842105263157894 0 nan nan 0
20.526315789473685 -3.1578947368421053 0 nan nan 0
20.526315789473685 -2.631578947368421 0 nan nan 0
20.526315789473685 -2.1052631578947367 0 nan nan 0
20.526315789473685 -1.5789473684210527 0 nan nan 0
20.526315789473685 -1.0526315789473684 0 nan nan 0
20.526315789473685 -0.5263157894736842 0 nan nan 0
20.526315789473685 -0.0 0 nan nan 0
20.526315789473685 0.0 0 nan nan 0
20.526315789473685 0.5263157894736842 0 nan nan 0
20.526315789473685 1.0526315789473684 0 nan nan 0
20.526315789473685 1.5789473684210527 0 nan nan 0
20.526315789473685 2.1052631578947367 0 nan nan 0
20.526315789473685 2.631578947368421 0 nan nan 0
20.526315789473685 3.1578947368421053 0 nan nan 0
20.526315789473685 3.6842105263157894 0 nan nan 0
20.526315789473685 4.2105263157894735 0 nan nan 0
20.526315789473685 4.7368421052631575 0 nan nan 0
20.526315789473685 5.263157894736842 0 nan nan 0
20.526315789473685 5.789473684210526 0 nan nan 0
20.526315789473685 6.315789473684211 0 nan nan 0
20.526315789473685 6.842105263157895 0 nan nan 0
20.526315789473685 7.368421052631579 0 nan nan 0
20.526315789473685 7.894736842105263 0 nan nan 0
20.526315789473685 8.421052631578947 0 nan nan 0
20.526315789473685 8.947368421052632 0 nan nan 0
20.526315789473685 9.473684210526315 0 nan nan 0
22.105263157894736 -9.473684210526315 0 43977.82972168888 109465.56594253765 0
22.105263157894736 -8.947368421052632 0 4.965272297765558e+44 8.939199631952212e+44 0
22.105263157894736 -8.421052631578947 0 8.851538533215199e+281 1.3712990898286556e+282 0
22.105263157894736 -7.894736842105263 0 nan nan 0
22.105263157894736 -7.368421052631579 0 nan nan 0
22.105263157894736 -6.842105263157895 0 nan nan 0
22.105263157894736 -6.315789473684211 0 nan nan 0
22.105263157894736 -5.789473684210526 0 nan nan 0
22.105263157894736 -5.263157894736842 0 nan nan 0
22.105263157894736 -4.7368421052631575 0 nan nan 0
22.105263157894736 -4.2105263157894735 0 nan nan 0
22.105263157894736 -3.6842105263157894 0 nan nan 0
22.105263157894736 -3.1578947368421053 0 nan nan 0
22.105263157894736 -2.631578947368421 0 nan nan 0
22.105263157894736 -2.1052631578947367 0 nan nan 0
22.105263157894736 -1.5789473684210527 0 nan nan 0
22.105263157894736 -1.0526315789473684 0 nan nan 0
22.105263157894736 -0.5263157894736842 0 nan nan 0
22.105263157894736 -0.0 0 nan nan 0
22.105263157894736 0.0 0 nan nan 0
22.105263157894736 0.5263157894736842 0 nan nan 0
22.105263157894736 1.0526315789473684 0 nan nan 0
22.105263157894736 1.5789473684210527 0 nan nan 0
22.105263157894736 2.1052631578947367 0 nan nan 0
22.105263157894736 2.631578947368421 0 nan nan 0
22.105263157894736 3.1578947368421053 0 nan nan 0
22.105263157894736 3.6842105263157894 0 nan nan 0
22.105263157894736 4.2105263157894735 0 nan nan 0
22.105263157894736 4.7368421052631575 0 nan nan 0
22.105263157894736 5.263157894736842 0 nan nan 0
22.105263157894736 5.789473684210526 0 nan nan 0
22.105263157894736 6.315789473684211 0 nan nan 0
22.105263157894736 6.842105263157895 0 nan nan 0
22.105263157894736 7.368421052631579 0 nan nan 0
22.105263157894736 7.894736842105263 0 nan nan 0
22.105263157894736 8.421052631578947 0 nan nan 0
22.105263157894736 8.947368421052632 0 nan nan 0
22.105263157894736 9.473684210526315 0 nan nan 0
23.68421052631579 -9.473684210526315 0 45308.64065766397 112177.04723520082 0
23.68421052631579 -8.947368421052632 0 2.78587606630425e+46 5.015557191427485e+46 0
23.68421052631579 -8.421052631578947 0 1.0847793383331074e+301 1.680563117631017e+301 0
23.68421052631579 -7.894736842105263 0 nan nan 0
23.68421052631579 -7.368421052631579 0 nan nan 0
23.68421052631579 -6.842105263157895 0 nan nan 0
23.68421052631579 -6.315789473684211 0 nan nan 0
23.68421052631579 -5.789473684210526 0 nan nan 0
23.68421052631579 -5.263157894736842 0 nan nan 0
23.68421052631579 -4.7368421052631575 0 nan nan 0
23.68421052631579 -4.2105263157894735 0 nan nan 0
23.68421052631579 -3.6842105263157894 0 nan nan 0
23.68421052631579 -3.1578947368421053 0 nan nan 0
23.68421052631579 -2.631578947368421 0 nan nan 0
23.68421052631579 -2.1052631578947367 0 nan nan 0
23.68421052631579 -1.5789473684210527 0 nan nan 0
23.68421052631579 -1.0526315789473684 0 nan nan 0
23.68421052631579 -0.5263157894736842 0 nan nan 0
23.68421052631579 -0.0 0 nan nan 0
23.68421052631579 0.0 0 nan nan 0
23.68421052631579 0.5263157894736842 0 nan nan 0
23.68421052631579 1.0526315789473684 0 nan nan 0
23.68421052631579 1.5789473684210527 0 nan nan 0
23.68421052631579 2.1052631578947367 0 nan nan 0
23.68421052631579 2.631578947368421 0 nan nan 0
23.68421052631579 3.1578947368421053 0 nan nan 0
23.68421052631579 3.6842105263157894 0 nan nan 0
23.68421052631579 4.2105263157894735 0 nan nan 0
23.68421052631579 4.7368421052631575 0 nan nan 0
23.68421052631579 5.263157894736842 0 nan nan 0
23.68421052631579 5.789473684210526 0 nan nan 0
23.68421052631579 6.315789473684211 0 nan nan 0
23.68421052631579 6.842105263157895 0 nan nan 0
23.68421052631579 7.368421052631579 0 nan nan 0
23.68421052631579 7.894736842105263 0 nan nan 0
23.68421052631579 8.421052631578947 0 nan nan 0
23.68421052631579 8.947368421052632 0 nan nan 0
23.68421052631579 9.473684210526315 0 nan nan 0
25.263157894736842 -9.473684210526315 0 43932.37574583813 109350.66555073055 0
25.263157894736842 -8.947368421052632 0 1.5703006242639638e+48 2.827105493015083e+48 0
25.263157894736842 -8.421052631578947 0 -inf -inf 0
25.263157894736842 -7.894736842105263 0 nan nan 0
25.263157894736842 -7.368421052631579 0 nan nan 0
25.263157894736842 -6.842105263157895 0 nan nan 0
25.263157894736842 -6.315789473684211 0 nan nan 0
25.263157894736842 -5.789473684210526 0 nan nan 0
25.263157894736842 -5.263157894736842 0 nan nan 0
25.263157894736842 -4.7368421052631575 0 nan nan 0
25.263157894736842 -4.2105263157894735 0 nan nan 0
25.263157894736842 -3.6842105263157894 0 nan nan 0
25.263157894736842 -3.1578947368421053 0 nan nan 0
25.263157894736842 -2.631578947368421 0 nan nan 0
25.263157894736842 -2.1052631578947367 0 nan nan 0
25.263157894736842 -1.5789473684210527 0 nan nan 0
25.263157894736842 -1.0526315789473684 0 nan nan 0
25.263157894736842 -0.5263157894736842 0 nan nan 0
25.263157894736842 -0.0 0 nan nan 0
25.263157894736842 0.0 0 nan nan 0
25.263157894736842 0.5263157894736842 0 nan nan 0
25.263157894736842 1.0526315789473684 0 nan nan 0
25.263157894736842 1.5789473684210527 0 nan nan 0
25.263157894736842 2.1052631578947367 0 nan nan 0
25.263157894736842 2.631578947368421 0 nan nan 0
25.263157894736842 3.1578947368421053 0 nan nan 0
25.263157894736842 3.6842105263157894 0 nan nan 0
25.263157894736842 4.2105263157894735 0 nan nan 0
25.263157894736842 4.7368421052631575 0 nan nan 0
25.263157894736842 5.263157894736842 0 nan nan 0
25.263157894736842 5.789473684210526 0 nan nan 0
25.263157894736842 6.315789473684211 0 nan nan 0
25.263157894736842 6.842105263157895 0 nan nan 0
25.263157894736842 7.368421052631579 0 nan nan 0
25.263157894736842 7.894736842105263 0 nan nan 0
25.263157894736842 8.421052631578947 0 nan nan 0
25.263157894736842 8.947368421052632 0 nan nan 0
25.263157894736842 9.473684210526315 0 nan nan 0
26.842105263157894 -9.473684210526315 0 38331.40652425139 96695.84683304594 0
26.842105263157894 -8.947368421052632 0 8.71047541590272e+49 1.5682052651771852e+50 0
26.842105263157894 -8.421052631578947 0 -inf -inf 0
26.842105263157894 -7.894736842105263 0 nan nan 0
26.842105263157894 -7.368421052631579 0 nan nan 0
26.842105263157894 -6.842105263157895 0 nan nan 0
26.842105263157894 -6.315789473684211 0 nan nan 0
26.842105263157894 -5.789473684210526 0 nan nan 0
26.842105263157894 -5.263157894736842 0 nan nan 0
26.842105263157894 -4.7368421052631575 0 nan nan 0
26.842105263157894 -4.2105263157894735 0 nan nan 0
26.842105263157894 -3.6842105263157894 0 nan nan 0
26.842105263157894 -3.1578947368421053 0 nan nan 0
26.842105263157894 -2.631578947368421 0 nan nan 0
26.842105263157894 -2.1052631578947367 0 nan nan 0
26.842105263157894 -1.5789473684210527 0 nan nan 0
26.842105263157894 -1.0526315789473684 0 nan nan 0
26.842105263157894 -0.5263157894736842 0 nan nan 0
26.842105263157894 -0.0 0 nan nan 0
26.842105263157894 0.0 0 nan nan 0
26.842105263157894 0.5263157894736842 0 nan nan 0
26.842105263157894 1.0526315789473684 0 nan nan 0
26.842105263157894 1.5789473684210527 0 nan nan 0
26.842105263157894 2.1052631578947367 0 nan nan 0
26.842105263157894 2.631578947368421 0 nan nan 0
26.842105263157894 3.1578947368421053 0 nan nan 0
26.842105263157894 3.6842105263157894 0 nan nan 0
26.842105263157894 4.2105263157894735 0 nan nan 0
26.842105263157894 4.7368421052631575 0 nan nan 0
26.842105263157894 5.263157894736842 0 nan nan 0
26.842105263157894 5.789473684210526 0 nan nan 0
26.842105263157894 6.315789473684211 0 nan nan 0
26.842105263157894 6.842105263157895 0 nan nan 0
26.842105263157894 7.368421052631579 0 nan nan 0
26.842105263157894 7.894736842105263 0 nan nan 0
26.842105263157894 8.421052631578947 0 nan nan 0
26.842105263157894 8.947368421052632 0 nan nan 0
26.842105263157894 9.473684210526315 0 nan nan 0
28.42105263157895 -9.473684210526315 0 16993.664208177957 58715.75175875624 0
28.42105263157895 -8.947368421052632 0 3.675232422041322e+51 6.616804628263434e+51 0
28.42105263157895 -8.421052631578947 0 nan nan 0
28.42105263157895 -7.894736842105263 0 nan nan 0
28.42105263157895 -7.368421052631579 0 nan nan 0
28.42105263157895 -6.842105263157895 0 nan nan 0
28.42105263157895 -6.315789473684211 0 nan nan 0
28.42105263157895 -5.789473684210526 0 nan nan 0
28.42105263157895 -5.263157894736842 0 nan nan 0
28.42105263157895 -4.7368421052631575 0 nan nan 0
28.42105263157895 -4.2105263157894735 0 nan nan 0
28.42105263157895 -3.6842105263157894 0 nan nan 0
28.42105263157895 -3.1578947368421053 0 nan nan 0
28.42105263157895 -2.631578947368421 0 nan nan 0
28.42105263157895 -2.1052631578947367 0 nan nan 0
28.42105263157895 -1.5789473684210527 0 nan nan 0
28.42105263157895 -1.0526315789473684 0 nan nan 0
28.42105263157895 -0.5263157894736842 0 nan nan 0
28.42105263157895 -0.0 0 nan nan 0
28.42105263157895 0.0 0 nan nan 0
28.42105263157895 0.5263157894736842 0 nan nan 0
28.42105263157895 1.0526315789473684 0 nan nan 0
28.42105263157895 1.5789473684210527 0 nan nan 0
28.42105263157895 2.1052631578947367 0 nan nan 0
28.42105263157895 2.631578947368421 0 nan nan 0
28.42105263157895 3.1578947368421053 0 nan nan 0
28.42105263157895 3.6842105263157894 0 nan nan 0
28.42105263157895 4.2105263157894735 0 nan nan 0
28.42105263157895 4.7368421052631575 0 nan nan 0
28.42105263157895 5.263157894736842 0 nan nan 0
28.42105263157895 5.789473684210526 0 nan nan 0
28.42105263157895 6.315789473684211 0 nan nan 0
28.42105263157895 6.842105263157895 0 nan nan 0
28.42105263157895 7.368421052631579 0 nan nan 0
28.42105263157895 7.894736842105263 0 nan nan 0
28.42105263157895 8.421052631578947 0 nan nan 0
28.42105263157895 8.947368421052632 0 nan nan 0
28.42105263157895 9.473684210526315 0 nan nan 0
