-28.42105263157895 -9.473684210526315 0 27.37519028272529 -4.457622872271921 0
-28.42105263157895 -8.947368421052632 0 26.61224707503466 -1.1774301723097111 0
-28.42105263157895 -8.421052631578947 0 26.076877167632098 -3.5482423990277496 0
-28.42105263157895 -7.894736842105263 0 34.796606635674735 10.800676854216261 0
-28.42105263157895 -7.368421052631579 0 42.87208910991148 22.766083679488275 0
-28.42105263157895 -6.842105263157895 0 65.91157250296233 57.09791499492886 0
-28.42105263157895 -6.315789473684211 0 95.62305961010388 101.40277998273147 0
-28.42105263157895 -5.789473684210526 0 149.27236386894947 180.71131149483767 0
-28.42105263157895 -5.263157894736842 0 225.46253430703672 292.90436842236454 0
-28.42105263157895 -4.7368421052631575 0 347.68284397340483 471.0603447929467 0
-28.42105263157895 -4.2105263157894735 0 527.1497700440639 728.6172262134094 0
-28.42105263157895 -3.6842105263157894 0 808.2246476862301 1126.2363510867249 0
-28.42105263157895 -3.1578947368421053 0 1231.5989177525773 1710.5816055371797 0
-28.42105263157895 -2.631578947368421 0 1900.5809484751612 2619.0648569901123 0
-28.42105263157895 -2.1052631578947367 0 2936.2082344177043 3981.8414420147265 0
-28.42105263157895 -1.5789473684210527 0 4610.217845861006 6156.263522486159 0
-28.42105263157895 -1.0526315789473684 0 7280.05627616504 9489.935278103228 0
-28.42105263157895 -0.5263157894736842 0 11725.816877887302 15036.106883629385 0
-28.42105263157895 -0.0 0 19057.383536010002 23678.908955257466 0
-28.42105263157895 0.0 0 31647.360571136196 38994.001503399224 0
-28.42105263157895 0.5263157894736842 0 53364.198514024596 62768.18318283816 0
-28.42105263157895 1.0526315789473684 0 91127.21604451329 109427.66621349296 0
-28.42105263157895 1.5789473684210527 0 162674.63143737376 177773.91012167293 0
-28.42105263157895 2.1052631578947367 0 275924.0184258384 338759.7921634177 0
-28.42105263157895 2.631578947368421 0 566250.0154668174 534099.3295034532 0
-28.42105263157895 3.1578947368421053 0 783569.5029687315 1178666.280242843 0
-28.42105263157895 3.6842105263157894 0 2633980.9041386233 1681256.6834340729 0
-28.42105263157895 4.2105263157894735 0 187737.01020049164 4512859.780677237 0
-28.42105263157895 4.7368421052631575 0 21776517.998890407 6420754.897535291 0
-28.42105263157895 5.263157894736842 0 -50900363.18304198 12569012.073852286 0
-28.42105263157895 5.789473684210526 0 323400031.47071457 66628855.25844562 0
-28.42105263157895 6.315789473684211 0 -1292962554.788706 -199101289.24803257 0
-28.42105263157895 6.842105263157895 0 6490488564.750704 1745462356.3731422 0
-28.42105263157895 7.368421052631579 0 -30173750500.69837 -8958902690.033043 0
-28.42105263157895 7.894736842105263 0 149232467937.97623 52172162691.23328 0
-28.42105263157895 8.421052631578947 0 -737390069415.5173 -282484207718.8004 0
-28.42105263157895 8.947368421052632 0 3740240502921.375 1561113378366.9023 0
-28.42105263157895 9.473684210526315 0 -11422889749525.58 -861355266522.2109 0
-26.842105263157894 -9.473684210526315 0 11.372964615806506 -27.60182365511964 0
-26.842105263157894 -8.947368421052632 0 18.50503068674686 -24.11332148256068 0
-26.842105263157894 -8.421052631578947 0 18.2399658841928 -27.465440264229052 0
-26.842105263157894 -7.894736842105263 0 41.983253009508765 -1.4601261445733122 0
-26.842105263157894 -7.368421052631579 0 94.60533762872423 73.05049364738576 0
-26.842105263157894 -6.842105263157895 0 195.34729783768248 214.46267572673227 0
-26.842105263157894 -6.315789473684211 0 363.085898618196 468.4458528460859 0
-26.842105263157894 -5.789473684210526 0 586.9561046890774 808.3868740708225 0
-26.842105263157894 -5.263157894736842 0 894.3765979037364 1323.3110131667772 0
-26.842105263157894 -4.7368421052631575 0 967.731061854032 1530.472323121522 0
-26.842105263157894 -4.2105263157894735 0 2443.4467784873814 3949.3394794206024 0
-26.842105263157894 -3.6842105263157894 0 -9523.952028661408 -12215.737578292827 0
-26.842105263157894 -3.1578947368421053 0 130918.2390023302 178599.48518584826 0
-26.842105263157894 -2.631578947368421 0 -1790756.8522559754 -2376237.979501232 0
-26.842105263157894 -2.1052631578947367 0 38843224.495809495 50951845.95535291 0
-26.842105263157894 -1.5789473684210527 0 -741930657.717429 -968688854.0179788 0
-26.842105263157894 -1.0526315789473684 0 32100455562.029552 41635879719.82195 0
-26.842105263157894 -0.5263157894736842 0 -522056515190.8391 -677887855764.4229 0
-26.842105263157894 -0.0 0 86259077274634.5 111407503086206.12 0
-26.842105263157894 0.0 0 3255345497382630.0 4194667739032221.0 0
-26.842105263157894 0.5263157894736842 0 8.065937330723086e+17 1.0402940258472465e+18 0
-26.842105263157894 1.0526315789473684 0 2.6877410367413194e+20 3.4655783498122134e+20 0
-26.842105263157894 1.5789473684210527 0 -7.466362137949496e+22 -9.627998488553458e+22 0
-26.842105263157894 2.1052631578947367 0 -9.365982229982744e+25 -1.207820110305806e+26 0
-26.842105263157894 2.631578947368421 0 5.037950342406007e+29 6.496811543005779e+29 0
-26.842105263157894 3.1578947368421053 0 9.454326998552164e+33 1.2192055112518464e+34 0
-26.842105263157894 3.6842105263157894 0 -6.5907931634496034e+38 -8.499316103120372e+38 0
-26.842105263157894 4.2105263157894735 0 -1.7638594847989151e+44 -2.2746274919124817e+44 0
-26.842105263157894 4.7368421052631575 0 1.8746839288088256e+50 2.4175438235679877e+50 0
-26.842105263157894 5.263157894736842 0 8.16080077785511e+56 1.0523957245640343e+57 0
-26.842105263157894 5.789473684210526 0 -1.4987230127689667e+64 -1.9327143669819353e+64 0
-26.842105263157894 6.315789473684211 0 -1.1939417278607733e+72 -1.5396763185162815e+72 0
-26.842105263157894 6.842105263157895 0 4.236120023790528e+80 5.46279062941292e+80 0
-26.842105263157894 7.368421052631579 0 6.862803057551266e+89 8.850093015247207e+89 0
-26.842105263157894 7.894736842105263 0 -5.197857860034025e+99 -6.703022825450107e+99 0
-26.842105263157894 8.421052631578947 0 -1.882026648214166e+110 -2.4270128042713224e+110 0
-26.842105263157894 8.947368421052632 0 3.3271597884407826e+121 4.290619060078016e+121 0
-26.842105263157894 9.473684210526315 0 2.849821278083282e+133 3.6750556844431667e+133 0
-25.263157894736842 -9.473684210526315 0 11.597316533995311 -13.866863627317596 0
-25.263157894736842 -8.947368421052632 0 11.548887369314938 -26.068381514460267 0
-25.263157894736842 -8.421052631578947 0 23.22253307082901 -18.710197086540234 0
-25.263157894736842 -7.894736842105263 0 82.35144013691409 44.80545840014586 0
-25.263157894736842 -7.368421052631579 0 116.43083542069822 99.93508042594793 0
-25.263157894736842 -6.842105263157895 0 -158.33874103846034 -202.20653224455282 0
-25.263157894736842 -6.315789473684211 0 -1180.0768173730908 -1482.4541645348486 0
-25.263157894736842 -5.789473684210526 0 -590.9988005355539 -177.474619612756 0
-25.263157894736842 -5.263157894736842 0 -44100.37923392658 -60976.62111059959 0
-25.263157894736842 -4.7368421052631575 0 1666291.2902651036 2332937.59354762 0
-25.263157894736842 -4.2105263157894735 0 10264664.607174456 14275371.29702812 0
-25.263157894736842 -3.6842105263157894 0 20696380442.409416 28822335283.015484 0
-25.263157894736842 -3.1578947368421053 0 41311192367073.86 57527912427763.68 0
-25.263157894736842 -2.631578947368421 0 -6.065221649525521e+17 -8.446163590435203e+17 0
-25.263157894736842 -2.1052631578947367 0 -1.3558846492332271e+23 -1.8881460989973187e+23 0
-25.263157894736842 -1.5789473684210527 0 5.6133290489987714e+29 7.816878338378858e+29 0
-25.263157894736842 -1.0526315789473684 0 5.415553846045248e+37 7.54146517689425e+37 0
-25.263157894736842 -0.5263157894736842 0 -1.5322813712343258e+47 -2.133788515611574e+47 0
-25.263157894736842 -0.0 0 -1.598384610171428e+58 -2.225841016370683e+58 0
-25.263157894736842 0.0 0 7.724392965441263e+70 1.0756654299368124e+71 0
-25.263157894736842 0.5263157894736842 0 2.173338574609128e+85 3.0264969463806126e+85 0
-25.263157894736842 1.0526315789473684 0 -4.476597756628594e+101 -6.233915690309507e+101 0
-25.263157894736842 1.5789473684210527 0 -8.495869261155127e+119 -1.1830978696156121e+120 0
-25.263157894736842 2.1052631578947367 0 1.8720868894712637e+140 2.606986928101139e+140 0
-25.263157894736842 2.631578947368421 0 6.044631940459498e+162 8.417492020581997e+162 0
-25.263157894736842 3.1578947368421053 0 -3.6152565091210265e+187 -5.034449263021636e+187 0
-25.263157894736842 3.6842105263157894 0 -5.072587928132904e+214 -7.063865729021285e+214 0
-25.263157894736842 4.2105263157894735 0 2.1187358760140186e+244 2.950459598821012e+244 0
-25.263157894736842 4.7368421052631575 0 3.349522773453372e+276 4.664399999209572e+276 0
-25.263157894736842 5.263157894736842 0 -inf -inf 0
-25.263157894736842 5.789473684210526 0 -inf -inf 0
-25.263157894736842 6.315789473684211 0 nan nan 0
-25.263157894736842 6.842105263157895 0 nan nan 0
-25.263157894736842 7.368421052631579 0 nan nan 0
-25.263157894736842 7.894736842105263 0 nan nan 0
-25.263157894736842 8.421052631578947 0 nan nan 0
-25.263157894736842 8.947368421052632 0 nan nan 0
-25.263157894736842 9.473684210526315 0 nan nan 0
-23.68421052631579 -9.473684210526315 0 2.9355017470415485 -20.514513133650105 0
-23.68421052631579 -8.947368421052632 0 -0.28593657528759797 -27.439696359430478 0
-23.68421052631579 -8.421052631578947 0 39.346197218736506 12.9551471805263 0
-23.68421052631579 -7.894736842105263 0 -64.11603213093062 -168.19478037309926 0
-23.68421052631579 -7.368421052631579 0 -1788.0534817400987 -2448.8965134699083 0
-23.68421052631579 -6.842105263157895 0 -3451.750898326409 -4810.404166939833 0
-23.68421052631579 -6.315789473684211 0 -5705.314865811349 -2393.269473931144 0
-23.68421052631579 -5.789473684210526 0 -403799.33018543146 -669483.5358572337 0
-23.68421052631579 -5.263157894736842 0 124871926.20472409 201598935.36675712 0
-23.68421052631579 -4.7368421052631575 0 274232517351.5625 444647769371.6556 0
-23.68421052631579 -4.2105263157894735 0 -1.6304721134276428e+16 -2.6403986051180548e+16 0
-23.68421052631579 -3.6842105263157894 0 -5.303690679759672e+22 -8.588723782773483e+22 0
-23.68421052631579 -3.1578947368421053 0 1.5906481880311567e+31 2.5758738259568567e+31 0
-23.68421052631579 -2.631578947368421 0 7.686971472819361e+41 1.2448176011958061e+42 0
-23.68421052631579 -2.1052631578947367 0 -1.0735615880401049e+55 -1.7385108888271898e+55 0
-23.68421052631579 -1.5789473684210527 0 -7.995581100335797e+70 -1.2947934203580495e+71 0
-23.68421052631579 -1.0526315789473684 0 6.041952205332659e+89 9.784254406792249e+89 0
-23.68421052631579 -0.5263157894736842 0 9.100386377625343e+111 1.4737040693603184e+112 0
-23.68421052631579 -0.0 0 -5.545172621606206e+137 -8.979776372856467e+137 0
-23.68421052631579 0.0 0 -2.866181332893001e+167 -4.641454679544257e+167 0
-23.68421052631579 0.5263157894736842 0 2.72057612757251e+201 4.405663610136011e+201 0
-23.68421052631579 1.0526315789473684 0 1.0588821480371735e+240 1.7147392053287407e+240 0
-23.68421052631579 1.5789473684210527 0 -3.886653357100055e+283 -6.293993057958383e+283 0
-23.68421052631579 2.1052631578947367 0 -inf -inf 0
-23.68421052631579 2.631578947368421 0 nan nan 0
-23.68421052631579 3.1578947368421053 0 nan nan 0
-23.68421052631579 3.6842105263157894 0 nan nan 0
-23.68421052631579 4.2105263157894735 0 nan nan 0
-23.68421052631579 4.7368421052631575 0 nan nan 0
-23.68421052631579 5.263157894736842 0 nan nan 0
-23.68421052631579 5.789473684210526 0 nan nan 0
-23.68421052631579 6.315789473684211 0 nan nan 0
-23.68421052631579 6.842105263157895 0 nan nan 0
-23.68421052631579 7.368421052631579 0 nan nan 0
-23.68421052631579 7.894736842105263 0 nan nan 0
-23.68421052631579 8.421052631578947 0 nan nan 0
-23.68421052631579 8.947368421052632 0 nan nan 0
-23.68421052631579 9.473684210526315 0 nan nan 0
-22.105263157894736 -9.473684210526315 0 -6.4720536792739445 -28.018999832883882 0
-22.105263157894736 -8.947368421052632 0 -2.629259567496951 -10.635793005753282 0
-22.105263157894736 -8.421052631578947 0 62.94205852390017 66.27566332480887 0
-22.105263157894736 -7.894736842105263 0 -1729.4757983742645 -2578.1589083810536 0
-22.105263157894736 -7.368421052631579 0 -6372.903663582187 -8862.247435459687 0
-22.105263157894736 -6.842105263157895 0 -16510.42960467934 -15884.727602510766 0
-22.105263157894736 -6.315789473684211 0 -913781.6472198488 -1941213.2752524521 0
-22.105263157894736 -5.789473684210526 0 462297843.1324209 910701950.8610314 0
-22.105263157894736 -5.263157894736842 0 3888475148900.299 7471930711611.896 0
-22.105263157894736 -4.7368421052631575 0 -2.75967785584251e+18 -5.295275811016209e+18 0
-22.105263157894736 -4.2105263157894735 0 -4.406213846461146e+26 -8.453189501154209e+26 0
-22.105263157894736 -3.6842105263157894 0 3.82751690960245e+37 7.342950678493723e+37 0
-22.105263157894736 -3.1578947368421053 0 4.725088614898049e+51 9.064908933129059e+51 0
-22.105263157894736 -2.631578947368421 0 -2.3381959551514263e+69 -4.485743047088664e+69 0
-22.105263157894736 -2.1052631578947367 0 -1.4153153947034248e+91 -2.7152305935869597e+91 0
-22.105263157894736 -1.5789473684210527 0 3.4634472291390577e+117 6.644496280493682e+117 0
-22.105263157894736 -1.0526315789473684 0 1.2261908575897536e+149 2.352402116562855e+149 0
-22.105263157894736 -0.5263157894736842 0 -2.429328169268325e+186 -4.660576852159632e+186 0
-22.105263157894736 -0.0 0 -1.1228792172542427e+230 -2.1542025296987464e+230 0
-22.105263157894736 0.0 0 5.422383648996086e+280 1.040264384109595e+281 0
-22.105263157894736 0.5263157894736842 0 inf inf 0
-22.105263157894736 1.0526315789473684 0 nan nan 0
-22.105263157894736 1.5789473684210527 0 nan nan 0
-22.105263157894736 2.1052631578947367 0 nan nan 0
-22.105263157894736 2.631578947368421 0 nan nan 0
-22.105263157894736 3.1578947368421053 0 nan nan 0
-22.105263157894736 3.6842105263157894 0 nan nan 0
-22.105263157894736 4.2105263157894735 0 nan nan 0
-22.105263157894736 4.7368421052631575 0 nan nan 0
-22.105263157894736 5.263157894736842 0 nan nan 0
-22.105263157894736 5.789473684210526 0 nan nan 0
-22.105263157894736 6.315789473684211 0 nan nan 0
-22.105263157894736 6.842105263157895 0 nan nan 0
-22.105263157894736 7.368421052631579 0 nan nan 0
-22.105263157894736 7.894736842105263 0 nan nan 0
-22.105263157894736 8.421052631578947 0 nan nan 0
-22.105263157894736 8.947368421052632 0 nan nan 0
-22.105263157894736 9.473684210526315 0 nan nan 0
-20.526315789473685 -9.473684210526315 0 -13.945728431049139 -32.12597251506939 0
-20.526315789473685 -8.947368421052632 0 13.565439634500446 40.41926182407661 0
-20.526315789473685 -8.421052631578947 0 21.592668366566272 23.1708517271515 0
-20.526315789473685 -7.894736842105263 0 -7049.893162074142 -10576.594395939832 0
-20.526315789473685 -7.368421052631579 0 18975.59358079245 31161.30924015981 0
-20.526315789473685 -6.842105263157895 0 -2175302.0017892513 -3485197.1356525137 0
-20.526315789473685 -6.315789473684211 0 638611638.9597657 1075018330.4048536 0
-20.526315789473685 -5.789473684210526 0 4340187522737.9 7496880187118.51 0
-20.526315789473685 -5.263157894736842 0 -5.397469083380618e+18 -9.47119495521535e+18 0
-20.526315789473685 -4.7368421052631575 0 -3.332988982802106e+27 -5.89622609621074e+27 0
-20.526315789473685 -4.2105263157894735 0 3.0863934987450346e+39 5.471108525981711e+39 0
-20.526315789473685 -3.6842105263157894 0 1.5936444033827066e+55 2.825518111704412e+55 0
-20.526315789473685 -3.1578947368421053 0 -1.920810419385844e+75 -3.405596196098318e+75 0
-20.526315789473685 -2.631578947368421 0 -2.540201728671752e+100 -4.503776853117882e+100 0
-20.526315789473685 -2.1052631578947367 0 1.960265345343996e+131 3.4755498308479945e+131 0
-20.526315789473685 -1.5789473684210527 0 5.298638954096979e+168 9.394485172314615e+168 0
-20.526315789473685 -1.0526315789473684 0 -3.3864301448472125e+213 -6.004139564604139e+213 0
-20.526315789473685 -0.5263157894736842 0 -3.8681651133263346e+266 -6.85825550976837e+266 0
-20.526315789473685 -0.0 0 inf inf 0
-20.526315789473685 0.0 0 inf inf 0
-20.526315789473685 0.5263157894736842 0 nan nan 0
-20.526315789473685 1.0526315789473684 0 nan nan 0
-20.526315789473685 1.5789473684210527 0 nan nan 0
-20.526315789473685 2.1052631578947367 0 nan nan 0
-20.526315789473685 2.631578947368421 0 nan nan 0
-20.526315789473685 3.1578947368421053 0 nan nan 0
-20.526315789473685 3.6842105263157894 0 nan nan 0
-20.526315789473685 4.2105263157894735 0 nan nan 0
-20.526315789473685 4.7368421052631575 0 nan nan 0
-20.526315789473685 5.263157894736842 0 nan nan 0
-20.526315789473685 5.789473684210526 0 nan nan 0
-20.526315789473685 6.315789473684211 0 nan nan 0
-20.526315789473685 6.842105263157895 0 nan nan 0
-20.526315789473685 7.368421052631579 0 nan nan 0
-20.526315789473685 7.894736842105263 0 nan nan 0
-20.526315789473685 8.421052631578947 0 nan nan 0
-20.526315789473685 8.947368421052632 0 nan nan 0
-20.526315789473685 9.473684210526315 0 nan nan 0
-18.94736842105263 -9.473684210526315 0 -19.18109874361298 -32.90497335316271 0
-18.94736842105263 -8.947368421052632 0 52.97163481918458 132.85920987084683 0
-18.94736842105263 -8.421052631578947 0 -190.27016577679947 -298.6312867927692 0
-18.94736842105263 -7.894736842105263 0 -13831.256650533192 -21180.352231701003 0
-18.94736842105263 -7.368421052631579 0 -185754.50430070507 -291101.04335875186 0
-18.94736842105263 -6.842105263157895 0 80086643.94252163 130597275.86965637 0
-18.94736842105263 -6.315789473684211 0 145406458014.5032 243921507133.5998 0
-18.94736842105263 -5.789473684210526 0 -2.744065881324115e+17 -4.714400682541988e+17 0
-18.94736842105263 -5.263157894736842 0 -3.147897908436935e+26 -5.4991234740067974e+26 0
-18.94736842105263 -4.7368421052631575 0 6.571132931379208e+38 1.157592684476658e+39 0
-18.94736842105263 -4.2105263157894735 0 1.0008255310211073e+55 1.768249205495337e+55 0
-18.94736842105263 -3.6842105263157894 0 -5.989447290631961e+75 -1.0590629128157052e+76 0
-18.94736842105263 -3.1578947368421053 0 -9.991667025938571e+101 -1.7670120994172578e+102 0
-18.94736842105263 -2.631578947368421 0 3.929271288696659e+134 6.948944392195426e+134 0
-18.94736842105263 -2.1052631578947367 0 3.330330121534392e+174 5.88971404922959e+174 0
-18.94736842105263 -1.5789473684210527 0 -6.249372097760764e+222 -1.1052061906083245e+223 0
-18.94736842105263 -1.0526315789473684 0 -3.0808926630011193e+280 -5.448582018295161e+280 0
-18.94736842105263 -0.5263157894736842 0 inf inf 0
-18.94736842105263 -0.0 0 inf inf 0
-18.94736842105263 0.0 0 nan nan 0
-18.94736842105263 0.5263157894736842 0 nan nan 0
-18.94736842105263 1.0526315789473684 0 nan nan 0
-18.94736842105263 1.5789473684210527 0 nan nan 0
-18.94736842105263 2.1052631578947367 0 nan nan 0
-18.94736842105263 2.631578947368421 0 nan nan 0
-18.94736842105263 3.1578947368421053 0 nan nan 0
-18.94736842105263 3.6842105263157894 0 nan nan 0
-18.94736842105263 4.2105263157894735 0 nan nan 0
-18.94736842105263 4.7368421052631575 0 nan nan 0
-18.94736842105263 5.263157894736842 0 nan nan 0
-18.94736842105263 5.789473684210526 0 nan nan 0
-18.94736842105263 6.315789473684211 0 nan nan 0
-18.94736842105263 6.842105263157895 0 nan nan 0
-18.94736842105263 7.368421052631579 0 nan nan 0
-18.94736842105263 7.894736842105263 0 nan nan 0
-18.94736842105263 8.421052631578947 0 nan nan 0
-18.94736842105263 8.947368421052632 0 nan nan 0
-18.94736842105263 9.473684210526315 0 nan nan 0
-17.36842105263158 -9.473684210526315 0 -22.446213377180683 -31.50756799546464 0
-17.36842105263158 -8.947368421052632 0 108.71082009456872 253.61751725856527 0
-17.36842105263158 -8.421052631578947 0 -572.7823217799898 -921.4237434803254 0
-17.36842105263158 -7.894736842105263 0 -22133.107886569593 -34742.68012199563 0
-17.36842105263158 -7.368421052631579 0 1715027.049051572 2765920.6766960626 0
-17.36842105263158 -6.842105263157895 0 -3033205428.014852 -4976595377.179232 0
-17.36842105263158 -6.315789473684211 0 -425447561253360.44 -711566523986679.0 0
-17.36842105263158 -5.789473684210526 0 -1.1148270791874942e+24 -1.91488579740743e+24 0
-17.36842105263158 -5.263157894736842 0 5.442941323764675e+36 9.505433708030214e+36 0
-17.36842105263158 -4.7368421052631575 0 2.111344329075149e+53 3.7180525194413307e+53 0
-17.36842105263158 -4.2105263157894735 0 -3.243397079168977e+74 -5.728499641925425e+74 0
-17.36842105263158 -3.6842105263157894 0 -1.373729147473538e+101 -2.4284286394669138e+101 0
-17.36842105263158 -3.1578947368421053 0 1.51998386118023e+134 2.6876052925634145e+134 0
-17.36842105263158 -2.631578947368421 0 5.283543932390258e+174 9.342821126773302e+174 0
-17.36842105263158 -2.1052631578947367 0 -8.791149088991121e+223 -1.5545478016084968e+224 0
-17.36842105263158 -1.5789473684210527 0 -1.3275466200766275e+283 -2.3475175842789584e+283 0
-17.36842105263158 -1.0526315789473684 0 inf inf 0
-17.36842105263158 -0.5263157894736842 0 inf inf 0
-17.36842105263158 -0.0 0 nan nan 0
-17.36842105263158 0.0 0 nan nan 0
-17.36842105263158 0.5263157894736842 0 nan nan 0
-17.36842105263158 1.0526315789473684 0 nan nan 0
-17.36842105263158 1.5789473684210527 0 nan nan 0
-17.36842105263158 2.1052631578947367 0 nan nan 0
-17.36842105263158 2.631578947368421 0 nan nan 0
-17.36842105263158 3.1578947368421053 0 nan nan 0
-17.36842105263158 3.6842105263157894 0 nan nan 0
-17.36842105263158 4.2105263157894735 0 nan nan 0
-17.36842105263158 4.7368421052631575 0 nan nan 0
-17.36842105263158 5.263157894736842 0 nan nan 0
-17.36842105263158 5.789473684210526 0 nan nan 0
-17.36842105263158 6.315789473684211 0 nan nan 0
-17.36842105263158 6.842105263157895 0 nan nan 0
-17.36842105263158 7.368421052631579 0 nan nan 0
-17.36842105263158 7.894736842105263 0 nan nan 0
-17.36842105263158 8.421052631578947 0 nan nan 0
-17.36842105263158 8.947368421052632 0 nan nan 0
-17.36842105263158 9.473684210526315 0 nan nan 0
-15.789473684210527 -9.473684210526315 0 -24.434596147587126 -29.45166030665819 0
-15.789473684210527 -8.947368421052632 0 170.33691365682543 383.02505733431155 0
-15.789473684210527 -8.421052631578947 0 -1041.0880777473453 -1718.7227508482686 0
-15.789473684210527 -7.894736842105263 0 -26063.410588040453 -40769.00368293102 0
-15.789473684210527 -7.368421052631579 0 -23319492.879208863 -37857525.28654687 0
-15.789473684210527 -6.842105263157895 0 388053691821.61084 639673036243.3896 0
-15.789473684210527 -6.315789473684211 0 -3.3607305434295153e+19 -5.620181560804823e+19 0
-15.789473684210527 -5.789473684210526 0 4.961619148408259e+32 8.522302899752706e+32 0
-15.789473684210527 -5.263157894736842 0 6.181002944531484e+49 1.0794282360980133e+50 0
-15.789473684210527 -4.7368421052631575 0 -3.405904900249577e+71 -5.997680874712769e+71 0
-15.789473684210527 -4.2105263157894735 0 -5.0484314293981266e+98 -8.916410529610622e+98 0
-15.789473684210527 -3.6842105263157894 0 1.744761462917634e+132 3.084272789180831e+132 0
-15.789473684210527 -3.1578947368421053 0 1.699013616564007e+173 3.004118309553045e+173 0
-15.789473684210527 -2.631578947368421 0 -7.340985418667506e+222 -1.2980825304623332e+223 0
-15.789473684210527 -2.1052631578947367 0 -2.877580800015076e+282 -5.088417382504956e+282 0
-15.789473684210527 -1.5789473684210527 0 inf inf 0
-15.789473684210527 -1.0526315789473684 0 inf inf 0
-15.789473684210527 -0.5263157894736842 1 nan nan 0
-15.789473684210527 -0.0 1 nan nan 0
-15.789473684210527 0.0 1 nan nan 0
-15.789473684210527 0.5263157894736842 1 nan nan 0
-15.789473684210527 1.0526315789473684 0 nan nan 0
-15.789473684210527 1.5789473684210527 0 nan nan 0
-15.789473684210527 2.1052631578947367 0 nan nan 0
-15.789473684210527 2.631578947368421 0 nan nan 0
-15.789473684210527 3.1578947368421053 0 nan nan 0
-15.789473684210527 3.6842105263157894 0 nan nan 0
-15.789473684210527 4.2105263157894735 0 nan nan 0
-15.789473684210527 4.7368421052631575 0 nan nan 0
-15.789473684210527 5.263157894736842 0 nan nan 0
-15.789473684210527 5.789473684210526 0 nan nan 0
-15.789473684210527 6.315789473684211 0 nan nan 0
-15.789473684210527 6.842105263157895 0 nan nan 0
-15.789473684210527 7.368421052631579 0 nan nan 0
-15.789473684210527 7.894736842105263 0 nan nan 0
-15.789473684210527 8.421052631578947 0 nan nan 0
-15.789473684210527 8.947368421052632 0 nan nan 0
-15.789473684210527 9.473684210526315 0 nan nan 0
-14.210526315789474 -9.473684210526315 0 -25.681430362754224 -27.624166354840536 0
-14.210526315789474 -8.947368421052632 0 228.35381183058837 503.29654988044894 0
-14.210526315789474 -8.421052631578947 0 -1487.5501427506765 -2502.820602758082 0
-14.210526315789474 -7.894736842105263 0 -44175.98672086036 -72768.190383368 0
-14.210526315789474 -7.368421052631579 0 371863010.239011 606138650.3210851 0
-14.210526315789474 -6.842105263157895 0 109481313412974.03 180694726918743.7 0
-14.210526315789474 -6.315789473684211 0 8.054278373843891e+25 1.3469254510083168e+26 0
-14.210526315789474 -5.789473684210526 0 3.6818134896392956e+43 6.324050300783888e+43 0
-14.210526315789474 -5.263157894736842 0 -8.711130604504482e+65 -1.5212805976034754e+66 0
-14.210526315789474 -4.7368421052631575 0 -6.837364676698448e+93 -1.2040361643166925e+94 0
-14.210526315789474 -4.2105263157894735 0 1.3026843884990885e+128 2.3007673742171876e+128 0
-14.210526315789474 -3.6842105263157894 0 6.345170795518272e+169 1.1216565225896608e+170 0
-14.210526315789474 -3.1578947368421053 0 -1.1830207232066177e+220 -2.0917622401420943e+220 0
-14.210526315789474 -2.631578947368421 0 -1.6815798417239604e+280 -2.973481204807979e+280 0
-14.210526315789474 -2.1052631578947367 0 inf inf 0
-14.210526315789474 -1.5789473684210527 0 inf inf 0
-14.210526315789474 -1.0526315789473684 1 nan nan 0
-14.210526315789474 -0.5263157894736842 1 nan nan 0
-14.210526315789474 -0.0 1 nan nan 0
-14.210526315789474 0.0 1 nan nan 0
-14.210526315789474 0.5263157894736842 1 nan nan 0
-14.210526315789474 1.0526315789473684 1 nan nan 0
-14.210526315789474 1.5789473684210527 0 nan nan 0
-14.210526315789474 2.1052631578947367 0 nan nan 0
-14.210526315789474 2.631578947368421 0 nan nan 0
-14.210526315789474 3.1578947368421053 0 nan nan 0
-14.210526315789474 3.6842105263157894 0 nan nan 0
-14.210526315789474 4.2105263157894735 0 nan nan 0
-14.210526315789474 4.7368421052631575 0 nan nan 0
-14.210526315789474 5.263157894736842 0 nan nan 0
-14.210526315789474 5.789473684210526 0 nan nan 0
-14.210526315789474 6.315789473684211 0 nan nan 0
-14.210526315789474 6.842105263157895 0 nan nan 0
-14.210526315789474 7.368421052631579 0 nan nan 0
-14.210526315789474 7.894736842105263 0 nan nan 0
-14.210526315789474 8.421052631578947 0 nan nan 0
-14.210526315789474 8.947368421052632 0 nan nan 0
-14.210526315789474 9.473684210526315 0 nan nan 0
-12.631578947368421 -9.473684210526315 0 -26.517574826118487 -26.351191045185942 0
-12.631578947368421 -8.947368421052632 0 277.1667105054795 603.9918369023185 0
-12.631578947368421 -8.421052631578947 0 -1858.8125977488157 -3170.943414384795 0
-12.631578947368421 -7.894736842105263 0 -5707.2490921730105 -2612.907508150024 0
-12.631578947368421 -7.368421052631579 0 -6587240155.8469095 -10757875130.681793 0
-12.631578947368421 -6.842105263157895 0 -3.2502441859567386e+17 -5.363514515861882e+17 0
-12.631578947368421 -6.315789473684211 0 7.235241781607744e+33 1.2099570998965537e+34 0
-12.631578947368421 -5.789473684210526 0 -6.628377253363336e+56 -1.138520223244605e+57 0
-12.631578947368421 -5.263157894736842 0 -2.7386513809621657e+85 -4.7826825223195016e+85 0
-12.631578947368421 -4.7368421052631575 0 4.012653684375069e+120 7.06614372416979e+120 0
-12.631578947368421 -4.2105263157894735 0 1.7875704254077003e+163 3.15716051271586e+163 0
-12.631578947368421 -3.6842105263157894 0 -2.989713633876909e+214 -5.28501422851672e+214 0
-12.631578947368421 -3.1578947368421053 0 -3.375369082769236e+275 -5.9681706606704e+275 0
-12.631578947368421 -2.631578947368421 0 inf inf 0
-12.631578947368421 -2.1052631578947367 0 inf inf 0
-12.631578947368421 -1.5789473684210527 0 nan nan 0
-12.631578947368421 -1.0526315789473684 1 nan nan 0
-12.631578947368421 -0.5263157894736842 1 nan nan 0
-12.631578947368421 -0.0 1 nan nan 0
-12.631578947368421 0.0 1 nan nan 0
-12.631578947368421 0.5263157894736842 1 nan nan 0
-12.631578947368421 1.0526315789473684 1 nan nan 0
-12.631578947368421 1.5789473684210527 0 nan nan 0
-12.631578947368421 2.1052631578947367 0 nan nan 0
-12.631578947368421 2.631578947368421 0 nan nan 0
-12.631578947368421 3.1578947368421053 0 nan nan 0
-12.631578947368421 3.6842105263157894 0 nan nan 0
-12.631578947368421 4.2105263157894735 0 nan nan 0
-12.631578947368421 4.7368421052631575 0 nan nan 0
-12.631578947368421 5.263157894736842 0 nan nan 0
-12.631578947368421 5.789473684210526 0 nan nan 0
-12.631578947368421 6.315789473684211 0 nan nan 0
-12.631578947368421 6.842105263157895 0 nan nan 0
-12.631578947368421 7.368421052631579 0 nan nan 0
-12.631578947368421 7.894736842105263 0 nan nan 0
-12.631578947368421 8.421052631578947 0 nan nan 0
-12.631578947368421 8.947368421052632 0 nan nan 0
-12.631578947368421 9.473684210526315 0 nan nan 0
-11.052631578947368 -9.473684210526315 0 -27.11139714725007 -25.612717691793044 0
-11.052631578947368 -8.947368421052632 0 314.91566593902826 681.7859168897136 0
-11.052631578947368 -8.421052631578947 0 -2131.7084960378797 -3671.050095689971 0
-11.052631578947368 -7.894736842105263 0 -177356.4481958393 -313824.4494894977 0
-11.052631578947368 -7.368421052631579 0 138432562481.599 226296914599.37476 0
-11.052631578947368 -6.842105263157895 0 -8.067711863968534e+21 -1.3313208738365714e+22 0
-11.052631578947368 -6.315789473684211 0 -2.92498778880761e+43 -4.891487871456228e+43 0
-11.052631578947368 -5.789473684210526 0 -3.992986711113328e+72 -6.858535578135211e+72 0
-11.052631578947368 -5.263157894736842 0 3.2540953860689727e+108 5.682835441232604e+108 0
-11.052631578947368 -4.7368421052631575 0 1.5290510949943859e+152 2.6926058535529546e+152 0
-11.052631578947368 -4.2105263157894735 0 -3.9956790823524084e+204 -7.057064740489259e+204 0
-11.052631578947368 -3.6842105263157894 0 -7.963808451542251e+266 -1.4077883748677747e+267 0
-11.052631578947368 -3.1578947368421053 0 inf inf 0
-11.052631578947368 -2.631578947368421 0 inf inf 0
-11.052631578947368 -2.1052631578947367 0 nan nan 0
-11.052631578947368 -1.5789473684210527 1 nan nan 0
-11.052631578947368 -1.0526315789473684 1 nan nan 0
-11.052631578947368 -0.5263157894736842 1 nan nan 0
-11.052631578947368 -0.0 1 nan nan 0
-11.052631578947368 0.0 1 nan nan 0
-11.052631578947368 0.5263157894736842 1 nan nan 0
-11.052631578947368 1.0526315789473684 1 nan nan 0
-11.052631578947368 1.5789473684210527 1 nan nan 0
-11.052631578947368 2.1052631578947367 0 nan nan 0
-11.052631578947368 2.631578947368421 0 nan nan 0
-11.052631578947368 3.1578947368421053 0 nan nan 0
-11.052631578947368 3.6842105263157894 0 nan nan 0
-11.052631578947368 4.2105263157894735 0 nan nan 0
-11.052631578947368 4.7368421052631575 0 nan nan 0
-11.052631578947368 5.263157894736842 0 nan nan 0
-11.052631578947368 5.789473684210526 0 nan nan 0
-11.052631578947368 6.315789473684211 0 nan nan 0
-11.052631578947368 6.842105263157895 0 nan nan 0
-11.052631578947368 7.368421052631579 0 nan nan 0
-11.052631578947368 7.894736842105263 0 nan nan 0
-11.052631578947368 8.421052631578947 0 nan nan 0
-11.052631578947368 8.947368421052632 0 nan nan 0
-11.052631578947368 9.473684210526315 0 nan nan 0
-9.473684210526315 -9.473684210526315 0 -27.543613313974483 -25.260602686288145 0
-9.473684210526315 -8.947368421052632 0 342.2755247600621 738.2220551896462 0
-9.473684210526315 -8.421052631578947 0 -2321.2830246990875 -4023.92805243192 0
-9.473684210526315 -7.894736842105263 0 467273.62116295425 857480.5755310245 0
-9.473684210526315 -7.368421052631579 0 -2700317436021.207 -4416231937615.864 0
-9.473684210526315 -6.842105263157895 0 1.8880030249135804e+27 3.1155523310548927e+27 0
-9.473684210526315 -6.315789473684211 0 -6.140047350860895e+54 -1.0268065822984701e+55 0
-9.473684210526315 -5.789473684210526 0 1.0530475473925495e+91 1.808762360555435e+91 0
-9.473684210526315 -5.263157894736842 0 2.3299744392289778e+135 4.0689837726028625e+135 0
-9.473684210526315 -4.7368421052631575 0 -7.910390487212446e+188 -1.3929922812576807e+189 0
-9.473684210526315 -4.2105263157894735 0 -4.224835101270187e+252 -7.461794156402074e+252 0
-9.473684210526315 -3.6842105263157894 0 inf inf 0
-9.473684210526315 -3.1578947368421053 0 inf inf 0
-9.473684210526315 -2.631578947368421 0 nan nan 0
-9.473684210526315 -2.1052631578947367 0 nan nan 0
-9.473684210526315 -1.5789473684210527 1 nan nan 0
-9.473684210526315 -1.0526315789473684 1 nan nan 0
-9.473684210526315 -0.5263157894736842 1 nan nan 0
-9.473684210526315 -0.0 1 nan nan 0
-9.473684210526315 0.0 1 nan nan 0
-9.473684210526315 0.5263157894736842 1 nan nan 0
-9.473684210526315 1.0526315789473684 1 nan nan 0
-9.473684210526315 1.5789473684210527 1 nan nan 0
-9.473684210526315 2.1052631578947367 0 nan nan 0
-9.473684210526315 2.631578947368421 0 nan nan 0
-9.473684210526315 3.1578947368421053 0 nan nan 0
-9.473684210526315 3.6842105263157894 0 nan nan 0
-9.473684210526315 4.2105263157894735 0 nan nan 0
-9.473684210526315 4.7368421052631575 0 nan nan 0
-9.473684210526315 5.263157894736842 0 nan nan 0
-9.473684210526315 5.789473684210526 0 nan nan 0
-9.473684210526315 6.315789473684211 0 nan nan 0
-9.473684210526315 6.842105263157895 0 nan nan 0
-9.473684210526315 7.368421052631579 0 nan nan 0
-9.473684210526315 7.894736842105263 0 nan nan 0
-9.473684210526315 8.421052631578947 0 nan nan 0
-9.473684210526315 8.947368421052632 0 nan nan 0
-9.473684210526315 9.473684210526315 0 nan nan 0
-7.894736842105264 -9.473684210526315 0 -27.856390760444896 -25.14022924675164 0
-7.894736842105264 -8.947368421052632 0 361.1119262520341 777.1489187705885 0
-7.894736842105264 -8.421052631578947 0 -2442.309331109317 -4252.062906024992 0
-7.894736842105264 -7.894736842105263 0 -2071406.087708767 -3759851.8250586386 0
-7.894736842105264 -7.368421052631579 0 75549641265503.05 123588663924303.05 0
-7.894736842105264 -6.842105263157895 0 4.354276239855266e+33 7.185356861266887e+33 0
-7.894736842105264 -6.315789473684211 0 7.470451352040409e+67 1.2492914439723482e+68 0
-7.894736842105264 -5.789473684210526 0 1.51894271542936e+112 2.609005090331717e+112 0
-7.894736842105264 -5.263157894736842 0 -1.519009036293306e+166 -2.6527428863811482e+166 0
-7.894736842105264 -4.7368421052631575 0 -1.102015726739762e+231 -1.940611406800498e+231 0
-7.894736842105264 -4.2105263157894735 0 inf inf 0
-7.894736842105264 -3.6842105263157894 0 inf inf 0
-7.894736842105264 -3.1578947368421053 0 nan nan 0
-7.894736842105264 -2.631578947368421 0 nan nan 0
-7.894736842105264 -2.1052631578947367 0 nan nan 0
-7.894736842105264 -1.5789473684210527 1 nan nan 0
-7.894736842105264 -1.0526315789473684 1 nan nan 0
-7.894736842105264 -0.5263157894736842 1 nan nan 0
-7.894736842105264 -0.0 1 nan nan 0
-7.894736842105264 0.0 1 nan nan 0
-7.894736842105264 0.5263157894736842 1 nan nan 0
-7.894736842105264 1.0526315789473684 1 nan nan 0
-7.894736842105264 1.5789473684210527 1 nan nan 0
-7.894736842105264 2.1052631578947367 0 nan nan 0
-7.894736842105264 2.631578947368421 0 nan nan 0
-7.894736842105264 3.1578947368421053 0 nan nan 0
-7.894736842105264 3.6842105263157894 0 nan nan 0
-7.894736842105264 4.2105263157894735 0 nan nan 0
-7.894736842105264 4.7368421052631575 0 nan nan 0
-7.894736842105264 5.263157894736842 0 nan nan 0
-7.894736842105264 5.789473684210526 0 nan nan 0
-7.894736842105264 6.315789473684211 0 nan nan 0
-7.894736842105264 6.842105263157895 0 nan nan 0
-7.894736842105264 7.368421052631579 0 nan nan 0
-7.894736842105264 7.894736842105263 0 nan nan 0
-7.894736842105264 8.421052631578947 0 nan nan 0
-7.894736842105264 8.947368421052632 0 nan nan 0
-7.894736842105264 9.473684210526315 0 nan nan 0
-6.315789473684211 -9.473684210526315 0 -28.07756188882194 -25.136744988956536 0
-6.315789473684211 -8.947368421052632 0 373.5536830941634 802.91866585443 0
-6.315789473684211 -8.421052631578947 0 -2518.7251384854503 -4397.807389606518 0
-6.315789473684211 -7.894736842105263 0 7925003.839644281 14438743.156699652 0
-6.315789473684211 -7.368421052631579 0 -860315567423996.8 -1407562408884230.8 0
-6.315789473684211 -6.842105263157895 0 -1.026803890654785e+41 -1.694415322886618e+41 0
-6.315789473684211 -6.315789473684211 0 5.726493285134421e+82 9.576475005261288e+82 0
-6.315789473684211 -5.789473684210526 0 -1.44039897957976e+136 -2.4740947974262e+136 0
-6.315789473684211 -5.263157894736842 0 -1.3019932296707768e+201 -2.2737542671593847e+201 0
-6.315789473684211 -4.7368421052631575 0 7.8535978663466e+278 1.382991298041188e+279 0
-6.315789473684211 -4.2105263157894735 0 inf inf 0
-6.315789473684211 -3.6842105263157894 0 nan nan 0
-6.315789473684211 -3.1578947368421053 0 nan nan 0
-6.315789473684211 -2.631578947368421 0 nan nan 0
-6.315789473684211 -2.1052631578947367 0 nan nan 0
-6.315789473684211 -1.5789473684210527 1 nan nan 0
-6.315789473684211 -1.0526315789473684 1 nan nan 0
-6.315789473684211 -0.5263157894736842 1 nan nan 0
-6.315789473684211 -0.0 1 nan nan 0
-6.315789473684211 0.0 1 nan nan 0
-6.315789473684211 0.5263157894736842 1 nan nan 0
-6.315789473684211 1.0526315789473684 1 nan nan 0
-6.315789473684211 1.5789473684210527 1 nan nan 0
-6.315789473684211 2.1052631578947367 0 nan nan 0
-6.315789473684211 2.631578947368421 0 nan nan 0
-6.315789473684211 3.1578947368421053 0 nan nan 0
-6.315789473684211 3.6842105263157894 0 nan nan 0
-6.315789473684211 4.2105263157894735 0 nan nan 0
-6.315789473684211 4.7368421052631575 0 nan nan 0
-6.315789473684211 5.263157894736842 0 nan nan 0
-6.315789473684211 5.789473684210526 0 nan nan 0
-6.315789473684211 6.315789473684211 0 nan nan 0
-6.315789473684211 6.842105263157895 0 nan nan 0
-6.315789473684211 7.368421052631579 0 nan nan 0
-6.315789473684211 7.894736842105263 0 nan nan 0
-6.315789473684211 8.421052631578947 0 nan nan 0
-6.315789473684211 8.947368421052632 0 nan nan 0
-6.315789473684211 9.473684210526315 0 nan nan 0
-4.7368421052631575 -9.473684210526315 0 -28.22932361769258 -25.17967252390195 0
-4.7368421052631575 -8.947368421052632 0 381.4964619154785 819.4087287754345 0
-4.7368421052631575 -8.421052631578947 0 -2563.2247662074988 -4483.559457365441 0
-4.7368421052631575 -7.894736842105263 0 -31664911.448279988 -57696586.19123073 0
-4.7368421052631575 -7.368421052631579 0 4.696466274935892e+16 7.684761553217778e+16 0
-4.7368421052631575 -6.842105263157895 0 -2.537535945141405e+49 -4.1874011453943026e+49 0
-4.7368421052631575 -6.315789473684211 0 -2.9446242437541787e+99 -4.924326121782292e+99 0
-4.7368421052631575 -5.789473684210526 0 -1.0454325001189947e+163 -1.7956824090220392e+163 0
-4.7368421052631575 -5.263157894736842 0 2.0397266444429562e+240 3.562105436457294e+240 0
-4.7368421052631575 -4.7368421052631575 0 inf inf 0
-4.7368421052631575 -4.2105263157894735 0 nan nan 0
-4.7368421052631575 -3.6842105263157894 0 nan nan 0
-4.7368421052631575 -3.1578947368421053 0 nan nan 0
-4.7368421052631575 -2.631578947368421 0 nan nan 0
-4.7368421052631575 -2.1052631578947367 0 nan nan 0
-4.7368421052631575 -1.5789473684210527 1 nan nan 0
-4.7368421052631575 -1.0526315789473684 1 nan nan 0
-4.7368421052631575 -0.5263157894736842 1 nan nan 0
-4.7368421052631575 -0.0 1 nan nan 0
-4.7368421052631575 0.0 1 nan nan 0
-4.7368421052631575 0.5263157894736842 1 nan nan 0
-4.7368421052631575 1.0526315789473684 1 nan nan 0
-4.7368421052631575 1.5789473684210527 1 nan nan 0
-4.7368421052631575 2.1052631578947367 0 nan nan 0
-4.7368421052631575 2.631578947368421 0 nan nan 0
-4.7368421052631575 3.1578947368421053 0 nan nan 0
-4.7368421052631575 3.6842105263157894 0 nan nan 0
-4.7368421052631575 4.2105263157894735 0 nan nan 0
-4.7368421052631575 4.7368421052631575 0 nan nan 0
-4.7368421052631575 5.263157894736842 0 nan nan 0
-4.7368421052631575 5.789473684210526 0 nan nan 0
-4.7368421052631575 6.315789473684211 0 nan nan 0
-4.7368421052631575 6.842105263157895 0 nan nan 0
-4.7368421052631575 7.368421052631579 0 nan nan 0
-4.7368421052631575 7.894736842105263 0 nan nan 0
-4.7368421052631575 8.421052631578947 0 nan nan 0
-4.7368421052631575 8.947368421052632 0 nan nan 0
-4.7368421052631575 9.473684210526315 0 nan nan 0
-3.1578947368421053 -9.473684210526315 0 -28.3302616906644 -25.232175007349372 0
-3.1578947368421053 -8.947368421052632 0 386.42520772550404 829.6648602731573 0
-3.1578947368421053 -8.421052631578947 0 -2590.020188569716 -4535.702578405397 0
-3.1578947368421053 -7.894736842105263 0 125511616.46183117 228914796.97501773 0
-3.1578947368421053 -7.368421052631579 0 2.319824615468238e+18 3.7959180449923374e+18 0
-3.1578947368421053 -6.842105263157895 0 6.682864045983554e+58 1.102795513665385e+59 0
-3.1578947368421053 -6.315789473684211 0 -1.064265901088467e+118 -1.7797830702400526e+118 0
-3.1578947368421053 -5.789473684210526 0 6.58507699666671e+192 1.1310827742225504e+193 0
-3.1578947368421053 -5.263157894736842 0 7.866448322799902e+283 1.3737683141315431e+284 0
-3.1578947368421053 -4.7368421052631575 0 nan nan 0
-3.1578947368421053 -4.2105263157894735 0 nan nan 0
-3.1578947368421053 -3.6842105263157894 0 nan nan 0
-3.1578947368421053 -3.1578947368421053 0 nan nan 0
-3.1578947368421053 -2.631578947368421 0 nan nan 0
-3.1578947368421053 -2.1052631578947367 0 nan nan 0
-3.1578947368421053 -1.5789473684210527 1 nan nan 0
-3.1578947368421053 -1.0526315789473684 1 nan nan 0
-3.1578947368421053 -0.5263157894736842 1 nan nan 0
-3.1578947368421053 -0.0 1 nan nan 0
-3.1578947368421053 0.0 1 nan nan 0
-3.1578947368421053 0.5263157894736842 1 nan nan 0
-3.1578947368421053 1.0526315789473684 1 nan nan 0
-3.1578947368421053 1.5789473684210527 1 nan nan 0
-3.1578947368421053 2.1052631578947367 0 nan nan 0
-3.1578947368421053 2.631578947368421 0 nan nan 0
-3.1578947368421053 3.1578947368421053 0 nan nan 0
-3.1578947368421053 3.6842105263157894 0 nan nan 0
-3.1578947368421053 4.2105263157894735 0 nan nan 0
-3.1578947368421053 4.7368421052631575 0 nan nan 0
-3.1578947368421053 5.263157894736842 0 nan nan 0
-3.1578947368421053 5.789473684210526 0 nan nan 0
-3.1578947368421053 6.315789473684211 0 nan nan 0
-3.1578947368421053 6.842105263157895 0 nan nan 0
-3.1578947368421053 7.368421052631579 0 nan nan 0
-3.1578947368421053 7.894736842105263 0 nan nan 0
-3.1578947368421053 8.421052631578947 0 nan nan 0
-3.1578947368421053 8.947368421052632 0 nan nan 0
-3.1578947368421053 9.473684210526315 0 nan nan 0
-1.5789473684210527 -9.473684210526315 0 -28.395436646410026 -25.278374252782758 0
-1.5789473684210527 -8.947368421052632 0 389.41113127001876 835.8916669242208 0
-1.5789473684210527 -8.421052631578947 0 -2604.47609737194 -4564.116209034093 0
-1.5789473684210527 -7.894736842105263 0 -499468738.24263304 -911588223.8403901 0
-1.5789473684210527 -7.368421052631579 0 -4.829065980313938e+20 -7.901732649723504e+20 0
-1.5789473684210527 -6.842105263157895 0 1.896657432590134e+69 3.1298336958950833e+69 0
-1.5789473684210527 -6.315789473684211 0 2.7984713853181303e+138 4.6799131580242356e+138 0
-1.5789473684210527 -5.789473684210526 0 3.994209913544507e+225 6.860636606262893e+225 0
-1.5789473684210527 -5.263157894736842 0 -inf -inf 0
-1.5789473684210527 -4.7368421052631575 0 nan nan 0
-1.5789473684210527 -4.2105263157894735 0 nan nan 0
-1.5789473684210527 -3.6842105263157894 0 nan nan 0
-1.5789473684210527 -3.1578947368421053 0 nan nan 0
-1.5789473684210527 -2.631578947368421 0 nan nan 0
-1.5789473684210527 -2.1052631578947367 0 nan nan 0
-1.5789473684210527 -1.5789473684210527 1 nan nan 0
-1.5789473684210527 -1.0526315789473684 1 nan nan 0
-1.5789473684210527 -0.5263157894736842 1 nan nan 0
-1.5789473684210527 -0.0 1 nan nan 0
-1.5789473684210527 0.0 1 nan nan 0
-1.5789473684210527 0.5263157894736842 1 nan nan 0
-1.5789473684210527 1.0526315789473684 1 nan nan 0
-1.5789473684210527 1.5789473684210527 1 nan nan 0
-1.5789473684210527 2.1052631578947367 0 nan nan 0
-1.5789473684210527 2.631578947368421 0 nan nan 0
-1.5789473684210527 3.1578947368421053 0 nan nan 0
-1.5789473684210527 3.6842105263157894 0 nan nan 0
-1.5789473684210527 4.2105263157894735 0 nan nan 0
-1.5789473684210527 4.7368421052631575 0 nan nan 0
-1.5789473684210527 5.263157894736842 0 nan nan 0
-1.5789473684210527 5.789473684210526 0 nan nan 0
-1.5789473684210527 6.315789473684211 0 nan nan 0
-1.5789473684210527 6.842105263157895 0 nan nan 0
-1.5789473684210527 7.368421052631579 0 nan nan 0
-1.5789473684210527 7.894736842105263 0 nan nan 0
-1.5789473684210527 8.421052631578947 0 nan nan 0
-1.5789473684210527 8.947368421052632 0 nan nan 0
-1.5789473684210527 9.473684210526315 0 nan nan 0
-0.0 -9.473684210526315 0 -28.436394961104163 -25.3136103292227 0
-0.0 -8.947368421052632 0 391.18330211120326 839.5947038288081 0
-0.0 -8.421052631578947 0 -2613.12067907706 -4581.244703378648 0
-0.0 -7.894736842105263 0 1987729259.7923286 3630462333.2024283 0
-0.0 -7.368421052631579 0 -2.0645415530996097e+23 -3.378178690288384e+23 0
-0.0 -6.842105263157895 0 -5.843669096973005e+80 -9.643129082298173e+80 0
-0.0 -6.315789473684211 0 5.490362640502034e+160 9.181591242423659e+160 0
-0.0 -5.789473684210526 0 -2.5426991207035437e+261 -4.367455653008163e+261 0
-0.0 -5.263157894736842 0 -inf -inf 0
-0.0 -4.7368421052631575 0 nan nan 0
-0.0 -4.2105263157894735 0 nan nan 0
-0.0 -3.6842105263157894 0 nan nan 0
-0.0 -3.1578947368421053 0 nan nan 0
-0.0 -2.631578947368421 0 nan nan 0
-0.0 -2.1052631578947367 0 nan nan 0
-0.0 -1.5789473684210527 0 nan nan 0
-0.0 -1.0526315789473684 1 nan nan 0
-0.0 -0.5263157894736842 1 nan nan 0
-0.0 -0.0 1 nan nan 0
-0.0 0.0 1 nan nan 0
-0.0 0.5263157894736842 1 nan nan 0
-0.0 1.0526315789473684 1 nan nan 0
-0.0 1.5789473684210527 0 nan nan 0
-0.0 2.1052631578947367 0 nan nan 0
-0.0 2.631578947368421 0 nan nan 0
-0.0 3.1578947368421053 0 nan nan 0
-0.0 3.6842105263157894 0 nan nan 0
-0.0 4.2105263157894735 0 nan nan 0
-0.0 4.7368421052631575 0 nan nan 0
-0.0 5.263157894736842 0 nan nan 0
-0.0 5.789473684210526 0 nan nan 0
-0.0 6.315789473684211 0 nan nan 0
-0.0 6.842105263157895 0 nan nan 0
-0.0 7.368421052631579 0 nan nan 0
-0.0 7.894736842105263 0 nan nan 0
-0.0 8.421052631578947 0 nan nan 0
-0.0 8.947368421052632 0 nan nan 0
-0.0 9.473684210526315 0 nan nan 0
0.0 -9.473684210526315 0 -28.461515410416112 -25.33831217743703 0
0.0 -8.947368421052632 0 392.2165802060472 841.7577044098106 0
0.0 -8.421052631578947 0 -2617.379545383001 -4589.785845145452 0
0.0 -7.894736842105263 0 -7914584513.374437 -14465461170.122728 0
0.0 -7.368421052631579 0 2.367694856943043e+26 3.874223748571611e+26 0
0.0 -6.842105263157895 0 -1.963951694759901e+93 -3.2408816087444306e+93 0
0.0 -6.315789473684211 0 -8.185534496304392e+184 -1.36887555097732e+185 0
0.0 -5.789473684210526 0 -1.824496785522607e+300 -3.1338386578830214e+300 0
0.0 -5.263157894736842 0 nan nan 0
0.0 -4.7368421052631575 0 nan nan 0
0.0 -4.2105263157894735 0 nan nan 0
0.0 -3.6842105263157894 0 nan nan 0
0.0 -3.1578947368421053 0 nan nan 0
0.0 -2.631578947368421 0 nan nan 0
0.0 -2.1052631578947367 0 nan nan 0
0.0 -1.5789473684210527 0 nan nan 0
0.0 -1.0526315789473684 1 nan nan 0
0.0 -0.5263157894736842 1 nan nan 0
0.0 -0.0 1 nan nan 0
0.0 0.0 1 nan nan 0
0.0 0.5263157894736842 1 nan nan 0
0.0 1.0526315789473684 1 nan nan 0
0.0 1.5789473684210527 0 nan nan 0
0.0 2.1052631578947367 0 nan nan 0
0.0 2.631578947368421 0 nan nan 0
0.0 3.1578947368421053 0 nan nan 0
0.0 3.6842105263157894 0 nan nan 0
0.0 4.2105263157894735 0 nan nan 0
0.0 4.7368421052631575 0 nan nan 0
0.0 5.263157894736842 0 nan nan 0
0.0 5.789473684210526 0 nan nan 0
0.0 6.315789473684211 0 nan nan 0
0.0 6.842105263157895 0 nan nan 0
0.0 7.368421052631579 0 nan nan 0
0.0 7.894736842105263 0 nan nan 0
0.0 8.421052631578947 0 nan nan 0
0.0 8.947368421052632 0 nan nan 0
0.0 9.473684210526315 0 nan nan 0
1.5789473684210527 -9.473684210526315 0 -28.476590702630254 -25.354663347058036 0
1.5789473684210527 -8.947368421052632 0 392.8097610211453 843.0014598345495 0
1.5789473684210527 -8.421052631578947 0 -2620.0544049833406 -4595.173438627346 0
1.5789473684210527 -7.894736842105263 0 31517922713.108803 57644331626.29455 0
1.5789473684210527 -7.368421052631579 0 6.520439013983704e+29 1.0669296930217715e+30 0
1.5789473684210527 -6.842105263157895 0 7.222054048893721e+106 1.1917717837392809e+107 0
1.5789473684210527 -6.315789473684211 0 -9.397021582982486e+210 -1.5714738118516842e+211 0
1.5789473684210527 -5.789473684210526 0 inf inf 0
1.5789473684210527 -5.263157894736842 0 nan nan 0
1.5789473684210527 -4.7368421052631575 0 nan nan 0
1.5789473684210527 -4.2105263157894735 0 nan nan 0
1.5789473684210527 -3.6842105263157894 0 nan nan 0
1.5789473684210527 -3.1578947368421053 0 nan nan 0
1.5789473684210527 -2.631578947368421 0 nan nan 0
1.5789473684210527 -2.1052631578947367 0 nan nan 0
1.5789473684210527 -1.5789473684210527 0 nan nan 0
1.5789473684210527 -1.0526315789473684 1 nan nan -0.11381491547254996
1.5789473684210527 -0.5263157894736842 1 nan nan -0.11381491547254996
1.5789473684210527 -0.0 1 nan nan -0.11381491547254996
1.5789473684210527 0.0 1 nan nan -0.11381491547254996
1.5789473684210527 0.5263157894736842 1 nan nan -0.11381491547254996
1.5789473684210527 1.0526315789473684 0 nan nan 0
1.5789473684210527 1.5789473684210527 0 nan nan 0
1.5789473684210527 2.1052631578947367 0 nan nan 0
1.5789473684210527 2.631578947368421 0 nan nan 0
1.5789473684210527 3.1578947368421053 0 nan nan 0
1.5789473684210527 3.6842105263157894 0 nan nan 0
1.5789473684210527 4.2105263157894735 0 nan nan 0
1.5789473684210527 4.7368421052631575 0 nan nan 0
1.5789473684210527 5.263157894736842 0 nan nan 0
1.5789473684210527 5.789473684210526 0 nan nan 0
1.5789473684210527 6.315789473684211 0 nan nan 0
1.5789473684210527 6.842105263157895 0 nan nan 0
1.5789473684210527 7.368421052631579 0 nan nan 0
1.5789473684210527 7.894736842105263 0 nan nan 0
1.5789473684210527 8.421052631578947 0 nan nan 0
1.5789473684210527 8.947368421052632 0 nan nan 0
1.5789473684210527 9.473684210526315 0 nan nan 0
3.1578947368421053 -9.473684210526315 0 -28.485463780878696 -25.36503691600284 0
3.1578947368421053 -8.947368421052632 0 393.14566289214844 843.7067921581676 0
3.1578947368421053 -8.421052631578947 0 -2621.182466298491 -4597.491290068099 0
3.1578947368421053 -7.894736842105263 0 -125520177220.00494 -229721798714.459 0
3.1578947368421053 -7.368421052631579 0 -4.510450583054819e+33 -7.380382883699515e+33 0
3.1578947368421053 -6.842105263157895 0 2.911559259178037e+121 4.804608423423186e+121 0
3.1578947368421053 -6.315789473684211 0 8.38549066190222e+238 1.402314431050163e+239 0
3.1578947368421053 -5.789473684210526 0 inf inf 0
3.1578947368421053 -5.263157894736842 0 nan nan 0
3.1578947368421053 -4.7368421052631575 0 nan nan 0
3.1578947368421053 -4.2105263157894735 0 nan nan 0
3.1578947368421053 -3.6842105263157894 0 nan nan 0
3.1578947368421053 -3.1578947368421053 0 nan nan 0
3.1578947368421053 -2.631578947368421 0 nan nan 0
3.1578947368421053 -2.1052631578947367 0 nan nan 0
3.1578947368421053 -1.5789473684210527 0 nan nan 0
3.1578947368421053 -1.0526315789473684 1 nan nan 0.12099387106715938
3.1578947368421053 -0.5263157894736842 1 nan nan 0.12099387106715938
3.1578947368421053 -0.0 1 nan nan 0.12099387106715938
3.1578947368421053 0.0 1 nan nan 0.12099387106715938
3.1578947368421053 0.5263157894736842 1 nan nan 0.12099387106715938
3.1578947368421053 1.0526315789473684 0 nan nan 0
3.1578947368421053 1.5789473684210527 0 nan nan 0
3.1578947368421053 2.1052631578947367 0 nan nan 0
3.1578947368421053 2.631578947368421 0 nan nan 0
3.1578947368421053 3.1578947368421053 0 nan nan 0
3.1578947368421053 3.6842105263157894 0 nan nan 0
3.1578947368421053 4.2105263157894735 0 nan nan 0
3.1578947368421053 4.7368421052631575 0 nan nan 0
3.1578947368421053 5.263157894736842 0 nan nan 0
3.1578947368421053 5.789473684210526 0 nan nan 0
3.1578947368421053 6.315789473684211 0 nan nan 0
3.1578947368421053 6.842105263157895 0 nan nan 0
3.1578947368421053 7.368421052631579 0 nan nan 0
3.1578947368421053 7.894736842105263 0 nan nan 0
3.1578947368421053 8.421052631578947 0 nan nan 0
3.1578947368421053 8.947368421052632 0 nan nan 0
3.1578947368421053 9.473684210526315 0 nan nan 0
4.7368421052631575 -9.473684210526315 0 -28.490596503303756 -25.37140355305411 0
4.7368421052631575 -8.947368421052632 0 393.3335755225987 844.101886241155 0
4.7368421052631575 -8.421052631578947 0 -2622.0129625543964 -4599.186262858786 0
4.7368421052631575 -7.894736842105263 0 499894294646.40326 915488143366.1846 0
4.7368421052631575 -7.368421052631579 0 -7.6984301651019e+37 -1.259682622898605e+38 0
4.7368421052631575 -6.842105263157895 0 -1.2884311284248386e+137 -2.1261483973292835e+137 0
4.7368421052631575 -6.315789473684211 0 5.855600974454214e+268 9.792383153266567e+268 0
4.7368421052631575 -5.789473684210526 0 nan nan 0
4.7368421052631575 -5.263157894736842 0 nan nan 0
4.7368421052631575 -4.7368421052631575 0 nan nan 0
4.7368421052631575 -4.2105263157894735 0 nan nan 0
4.7368421052631575 -3.6842105263157894 0 nan nan 0
4.7368421052631575 -3.1578947368421053 0 nan nan 0
4.7368421052631575 -2.631578947368421 0 nan nan 0
4.7368421052631575 -2.1052631578947367 0 nan nan 0
4.7368421052631575 -1.5789473684210527 0 nan nan 0
4.7368421052631575 -1.0526315789473684 0 nan nan 0
4.7368421052631575 -0.5263157894736842 1 nan nan 0.43461203233558454
4.7368421052631575 -0.0 1 nan nan 0.43461203233558454
4.7368421052631575 0.0 1 nan nan 0.43461203233558454
4.7368421052631575 0.5263157894736842 1 nan nan 0.43461203233558454
4.7368421052631575 1.0526315789473684 1 nan nan 0.43461203233558454
4.7368421052631575 1.5789473684210527 0 nan nan 0
4.7368421052631575 2.1052631578947367 0 nan nan 0
4.7368421052631575 2.631578947368421 0 nan nan 0
4.7368421052631575 3.1578947368421053 0 nan nan 0
4.7368421052631575 3.6842105263157894 0 nan nan 0
4.7368421052631575 4.2105263157894735 0 nan nan 0
4.7368421052631575 4.7368421052631575 0 nan nan 0
4.7368421052631575 5.263157894736842 0 nan nan 0
4.7368421052631575 5.789473684210526 0 nan nan 0
4.7368421052631575 6.315789473684211 0 nan nan 0
4.7368421052631575 6.842105263157895 0 nan nan 0
4.7368421052631575 7.368421052631579 0 nan nan 0
4.7368421052631575 7.894736842105263 0 nan nan 0
4.7368421052631575 8.421052631578947 0 nan nan 0
4.7368421052631575 8.947368421052632 0 nan nan 0
4.7368421052631575 9.473684210526315 0 nan nan 0
6.315789473684211 -9.473684210526315 0 -28.493519745146408 -25.375207407495047 0
6.315789473684211 -8.947368421052632 0 393.4375613570601 844.3207717154671 0
6.315789473684211 -8.421052631578947 0 -2622.2595443583764 -4599.714436013299 0
6.315789473684211 -7.894736842105263 0 -1990840867480.6042 -3648326434322.312 0
6.315789473684211 -7.368421052631579 0 3.266324241637312e+42 5.3446375423976526e+42 0
6.315789473684211 -6.842105263157895 0 -6.263282476294257e+153 -1.0335568355348421e+154 0
6.315789473684211 -6.315789473684211 0 -3.214932518496421e+300 -5.376365495250905e+300 0
6.315789473684211 -5.789473684210526 0 nan nan 0
6.315789473684211 -5.263157894736842 0 nan nan 0
6.315789473684211 -4.7368421052631575 0 nan nan 0
6.315789473684211 -4.2105263157894735 0 nan nan 0
6.315789473684211 -3.6842105263157894 0 nan nan 0
6.315789473684211 -3.1578947368421053 0 nan nan 0
6.315789473684211 -2.631578947368421 0 nan nan 0
6.315789473684211 -2.1052631578947367 0 nan nan 0
6.315789473684211 -1.5789473684210527 0 nan nan 0
6.315789473684211 -1.0526315789473684 0 nan nan 0
6.315789473684211 -0.5263157894736842 0 nan nan 0
6.315789473684211 -0.0 0 nan nan 0
6.315789473684211 0.0 0 nan nan 0
6.315789473684211 0.5263157894736842 1 nan nan 0.40640618050417265
6.315789473684211 1.0526315789473684 1 nan nan 0.40640618050417265
6.315789473684211 1.5789473684210527 1 nan nan 0.40640618050417265
6.315789473684211 2.1052631578947367 0 nan nan 0
6.315789473684211 2.631578947368421 0 nan nan 0
6.315789473684211 3.1578947368421053 0 nan nan 0
6.315789473684211 3.6842105263157894 0 nan nan 0
6.315789473684211 4.2105263157894735 0 nan nan 0
6.315789473684211 4.7368421052631575 0 nan nan 0
6.315789473684211 5.263157894736842 0 nan nan 0
6.315789473684211 5.789473684210526 0 nan nan 0
6.315789473684211 6.315789473684211 0 nan nan 0
6.315789473684211 6.842105263157895 0 nan nan 0
6.315789473684211 7.368421052631579 0 nan nan 0
6.315789473684211 7.894736842105263 0 nan nan 0
6.315789473684211 8.421052631578947 0 nan nan 0
6.315789473684211 8.947368421052632 0 nan nan 0
6.315789473684211 9.473684210526315 0 nan nan 0
7.894736842105264 -9.473684210526315 0 -28.49516147028414 -25.377429800208958 0
7.894736842105264 -8.947368421052632 0 393.494543672815 844.4408380702832 0
7.894736842105264 -8.421052631578947 0 -2622.5349129478436 -4600.279923723614 0
7.894736842105264 -7.894736842105263 0 7928503428151.749 14538785104821.09 0
7.894736842105264 -7.368421052631579 0 3.4351693017527157e+47 5.6209161908946606e+47 0
7.894736842105264 -6.842105263157895 0 3.346225630029682e+171 5.521887901829603e+171 0
7.894736842105264 -6.315789473684211 0 -inf -inf 0
7.894736842105264 -5.789473684210526 0 nan nan 0
7.894736842105264 -5.263157894736842 0 nan nan 0
7.894736842105264 -4.7368421052631575 0 nan nan 0
7.894736842105264 -4.2105263157894735 0 nan nan 0
7.894736842105264 -3.6842105263157894 0 nan nan 0
7.894736842105264 -3.1578947368421053 0 nan nan 0
7.894736842105264 -2.631578947368421 0 nan nan 0
7.894736842105264 -2.1052631578947367 0 nan nan 0
7.894736842105264 -1.5789473684210527 0 nan nan 0
7.894736842105264 -1.0526315789473684 0 nan nan 0
7.894736842105264 -0.5263157894736842 0 nan nan 0
7.894736842105264 -0.0 0 nan nan 0
7.894736842105264 0.0 0 nan nan 0
7.894736842105264 0.5263157894736842 0 nan nan 0
7.894736842105264 1.0526315789473684 0 nan nan 0
7.894736842105264 1.5789473684210527 1 nan nan -0.40336646558625444
7.894736842105264 2.1052631578947367 1 nan nan -0.40336646558625444
7.894736842105264 2.631578947368421 1 nan nan -0.40336646558625444
7.894736842105264 3.1578947368421053 0 nan nan 0
7.894736842105264 3.6842105263157894 0 nan nan 0
7.894736842105264 4.2105263157894735 0 nan nan 0
7.894736842105264 4.7368421052631575 0 nan nan 0
7.894736842105264 5.263157894736842 0 nan nan 0
7.894736842105264 5.789473684210526 0 nan nan 0
7.894736842105264 6.315789473684211 0 nan nan 0
7.894736842105264 6.842105263157895 0 nan nan 0
7.894736842105264 7.368421052631579 0 nan nan 0
7.894736842105264 7.894736842105263 0 nan nan 0
7.894736842105264 8.421052631578947 0 nan nan 0
7.894736842105264 8.947368421052632 0 nan nan 0
7.894736842105264 9.473684210526315 0 nan nan 0
9.473684210526315 -9.473684210526315 0 -28.49607188786543 -25.378703763501807 0
9.473684210526315 -8.947368421052632 0 393.5254935896887 844.5061097030045 0
9.473684210526315 -8.421052631578947 0 -2622.5588949639437 -4600.3435629813575 0
9.473684210526315 -7.894736842105263 0 -31574571688558.004 -57936404425694.61 0
9.473684210526315 -7.368421052631579 0 -8.966152665475754e+52 -1.4671181610071765e+53 0
9.473684210526315 -6.842105263157895 0 1.9653878993616052e+190 3.243251610558873e+190 0
9.473684210526315 -6.315789473684211 0 nan nan 0
9.473684210526315 -5.789473684210526 0 nan nan 0
9.473684210526315 -5.263157894736842 0 nan nan 0
9.473684210526315 -4.7368421052631575 0 nan nan 0
9.473684210526315 -4.2105263157894735 0 nan nan 0
9.473684210526315 -3.6842105263157894 0 nan nan 0
9.473684210526315 -3.1578947368421053 0 nan nan 0
9.473684210526315 -2.631578947368421 0 nan nan 0
9.473684210526315 -2.1052631578947367 0 nan nan 0
9.473684210526315 -1.5789473684210527 0 nan nan 0
9.473684210526315 -1.0526315789473684 0 nan nan 0
9.473684210526315 -0.5263157894736842 0 nan nan 0
9.473684210526315 -0.0 0 nan nan 0
9.473684210526315 0.0 0 nan nan 0
9.473684210526315 0.5263157894736842 0 nan nan 0
9.473684210526315 1.0526315789473684 0 nan nan 0
9.473684210526315 1.5789473684210527 0 nan nan 0
9.473684210526315 2.1052631578947367 0 nan nan 0
9.473684210526315 2.631578947368421 1 nan nan -2.3036964995816143
9.473684210526315 3.1578947368421053 1 nan nan -2.3036964995816143
9.473684210526315 3.6842105263157894 1 nan nan -2.3036964995816143
9.473684210526315 4.2105263157894735 0 nan nan 0
9.473684210526315 4.7368421052631575 0 nan nan 0
9.473684210526315 5.263157894736842 0 nan nan 0
9.473684210526315 5.789473684210526 0 nan nan 0
9.473684210526315 6.315789473684211 0 nan nan 0
9.473684210526315 6.842105263157895 0 nan nan 0
9.473684210526315 7.368421052631579 0 nan nan 0
9.473684210526315 7.894736842105263 0 nan nan 0
9.473684210526315 8.421052631578947 0 nan nan 0
9.473684210526315 8.947368421052632 0 nan nan 0
9.473684210526315 9.473684210526315 0 nan nan 0
11.052631578947368 -9.473684210526315 0 -28.49657099600183 -25.3794221457195 0
11.052631578947368 -8.947368421052632 0 393.5421692844949 844.541304834964 0
11.052631578947368 -8.421052631578947 0 -2622.6638456227865 -4600.558106027587 0
11.052631578947368 -7.894736842105263 0 125741872427610.77 230870670073573.47 0
11.052631578947368 -7.368421052631579 0 -5.80546297398491e+58 -9.49939230343757e+58 0
11.052631578947368 -6.842105263157895 0 -1.2692844808491476e+210 -2.0945529063797188e+210 0
11.052631578947368 -6.315789473684211 0 nan nan 0
11.052631578947368 -5.789473684210526 0 nan nan 0
11.052631578947368 -5.263157894736842 0 nan nan 0
11.052631578947368 -4.7368421052631575 0 nan nan 0
11.052631578947368 -4.2105263157894735 0 nan nan 0
11.052631578947368 -3.6842105263157894 0 nan nan 0
11.052631578947368 -3.1578947368421053 0 nan nan 0
11.052631578947368 -2.631578947368421 0 nan nan 0
11.052631578947368 -2.1052631578947367 0 nan nan 0
11.052631578947368 -1.5789473684210527 0 nan nan 0
11.052631578947368 -1.0526315789473684 0 nan nan 0
11.052631578947368 -0.5263157894736842 0 nan nan 0
11.052631578947368 -0.0 0 nan nan 0
11.052631578947368 0.0 0 nan nan 0
11.052631578947368 0.5263157894736842 0 nan nan 0
11.052631578947368 1.0526315789473684 0 nan nan 0
11.052631578947368 1.5789473684210527 0 nan nan 0
11.052631578947368 2.1052631578947367 0 nan nan 0
11.052631578947368 2.631578947368421 0 nan nan 0
11.052631578947368 3.1578947368421053 1 nan nan -5.33827246757197
11.052631578947368 3.6842105263157894 1 nan nan -5.33827246757197
11.052631578947368 4.2105263157894735 1 nan nan -5.33827246757197
11.052631578947368 4.7368421052631575 0 nan nan 0
11.052631578947368 5.263157894736842 0 nan nan 0
11.052631578947368 5.789473684210526 0 nan nan 0
11.052631578947368 6.315789473684211 0 nan nan 0
11.052631578947368 6.842105263157895 0 nan nan 0
11.052631578947368 7.368421052631579 0 nan nan 0
11.052631578947368 7.894736842105263 0 nan nan 0
11.052631578947368 8.421052631578947 0 nan nan 0
11.052631578947368 8.947368421052632 0 nan nan 0
11.052631578947368 9.473684210526315 0 nan nan 0
12.631578947368421 -9.473684210526315 0 -28.496841769988478 -25.37982145250525 0
12.631578947368421 -8.947368421052632 0 393.55108837143376 844.5601416232179 0
12.631578947368421 -8.421052631578947 0 -2622.643291941927 -4600.52358138671 0
12.631578947368421 -7.894736842105263 0 -500745253092895.75 -919979537376032.5 0
12.631578947368421 -7.368421052631579 0 9.326761553452579e+64 1.5261240544274448e+65 0
12.631578947368421 -6.842105263157895 0 -9.014352109367352e+230 -1.487533937007894e+231 0
12.631578947368421 -6.315789473684211 0 nan nan 0
12.631578947368421 -5.789473684210526 0 nan nan 0
12.631578947368421 -5.263157894736842 0 nan nan 0
12.631578947368421 -4.7368421052631575 0 nan nan 0
12.631578947368421 -4.2105263157894735 0 nan nan 0
12.631578947368421 -3.6842105263157894 0 nan nan 0
12.631578947368421 -3.1578947368421053 0 nan nan 0
12.631578947368421 -2.631578947368421 0 nan nan 0
12.631578947368421 -2.1052631578947367 0 nan nan 0
12.631578947368421 -1.5789473684210527 0 nan nan 0
12.631578947368421 -1.0526315789473684 0 nan nan 0
12.631578947368421 -0.5263157894736842 0 nan nan 0
12.631578947368421 -0.0 0 nan nan 0
12.631578947368421 0.0 0 nan nan 0
12.631578947368421 0.5263157894736842 0 nan nan 0
12.631578947368421 1.0526315789473684 0 nan nan 0
12.631578947368421 1.5789473684210527 0 nan nan 0
12.631578947368421 2.1052631578947367 0 nan nan 0
12.631578947368421 2.631578947368421 1 nan nan -9.198360256046712
12.631578947368421 3.1578947368421053 1 nan nan -9.198360256046712
12.631578947368421 3.6842105263157894 1 nan nan -9.198360256046712
12.631578947368421 4.2105263157894735 0 nan nan 0
12.631578947368421 4.7368421052631575 0 nan nan 0
12.631578947368421 5.263157894736842 0 nan nan 0
12.631578947368421 5.789473684210526 0 nan nan 0
12.631578947368421 6.315789473684211 0 nan nan 0
12.631578947368421 6.842105263157895 0 nan nan 0
12.631578947368421 7.368421052631579 0 nan nan 0
12.631578947368421 7.894736842105263 0 nan nan 0
12.631578947368421 8.421052631578947 0 nan nan 0
12.631578947368421 8.947368421052632 0 nan nan 0
12.631578947368421 9.473684210526315 0 nan nan 0
14.210526315789474 -9.473684210526315 0 -28.496987271302118 -25.380040597004076 0
14.210526315789474 -8.947368421052632 0 393.55582685046784 844.5701547827508 0
14.210526315789474 -8.421052631578947 0 -2622.6912017667787 -4600.620268352744 0
14.210526315789474 -7.894736842105263 0 1994121757259749.0 3665922562322662.0 0
14.210526315789474 -7.368421052631579 0 3.717560021137987e+71 6.082987904774149e+71 0
14.210526315789474 -6.842105263157895 0 7.040498663587774e+252 1.1618118050505745e+253 0
14.210526315789474 -6.315789473684211 0 nan nan 0
14.210526315789474 -5.789473684210526 0 nan nan 0
14.210526315789474 -5.263157894736842 0 nan nan 0
14.210526315789474 -4.7368421052631575 0 nan nan 0
14.210526315789474 -4.2105263157894735 0 nan nan 0
14.210526315789474 -3.6842105263157894 0 nan nan 0
14.210526315789474 -3.1578947368421053 0 nan nan 0
14.210526315789474 -2.631578947368421 0 nan nan 0
14.210526315789474 -2.1052631578947367 0 nan nan 0
14.210526315789474 -1.5789473684210527 0 nan nan 0
14.210526315789474 -1.0526315789473684 0 nan nan 0
14.210526315789474 -0.5263157894736842 0 nan nan 0
14.210526315789474 -0.0 0 nan nan 0
14.210526315789474 0.0 0 nan nan 0
14.210526315789474 0.5263157894736842 0 nan nan 0
14.210526315789474 1.0526315789473684 0 nan nan 0
14.210526315789474 1.5789473684210527 0 nan nan 0
14.210526315789474 2.1052631578947367 0 nan nan 0
14.210526315789474 2.631578947368421 0 nan nan 0
14.210526315789474 3.1578947368421053 0 nan nan 0
14.210526315789474 3.6842105263157894 0 nan nan 0
14.210526315789474 4.2105263157894735 0 nan nan 0
14.210526315789474 4.7368421052631575 0 nan nan 0
14.210526315789474 5.263157894736842 0 nan nan 0
14.210526315789474 5.789473684210526 0 nan nan 0
14.210526315789474 6.315789473684211 0 nan nan 0
14.210526315789474 6.842105263157895 0 nan nan 0
14.210526315789474 7.368421052631579 0 nan nan 0
14.210526315789474 7.894736842105263 0 nan nan 0
14.210526315789474 8.421052631578947 0 nan nan 0
14.210526315789474 8.947368421052632 0 nan nan 0
14.210526315789474 9.473684210526315 0 nan nan 0
15.789473684210527 -9.473684210526315 0 -28.49706477407438 -25.380159507644183 0
15.789473684210527 -8.947368421052632 0 393.5583288013911 844.575444323686 0
15.789473684210527 -8.421052631578947 0 -2622.6688986384625 -4600.578485022808 0
15.789473684210527 -7.894736842105263 0 -7941151075953289.0 -1.4607746469840682e+16 0
15.789473684210527 -7.368421052631579 0 -3.6764939788284953e+78 -6.0157921534627495e+78 0
15.789473684210527 -6.842105263157895 0 6.04759625548449e+275 9.979646410757303e+275 0
15.789473684210527 -6.315789473684211 0 nan nan 0
15.789473684210527 -5.789473684210526 0 nan nan 0
15.789473684210527 -5.263157894736842 0 nan nan 0
15.789473684210527 -4.7368421052631575 0 nan nan 0
15.789473684210527 -4.2105263157894735 0 nan nan 0
15.789473684210527 -3.6842105263157894 0 nan nan 0
15.789473684210527 -3.1578947368421053 0 nan nan 0
15.789473684210527 -2.631578947368421 0 nan nan 0
15.789473684210527 -2.1052631578947367 0 nan nan 0
15.789473684210527 -1.5789473684210527 0 nan nan 0
15.789473684210527 -1.0526315789473684 0 nan nan 0
15.789473684210527 -0.5263157894736842 0 nan nan 0
15.789473684210527 -0.0 0 nan nan 0
15.789473684210527 0.0 0 nan nan 0
15.789473684210527 0.5263157894736842 0 nan nan 0
15.789473684210527 1.0526315789473684 0 nan nan 0
15.789473684210527 1.5789473684210527 0 nan nan 0
15.789473684210527 2.1052631578947367 0 nan nan 0
15.789473684210527 2.631578947368421 0 nan nan 0
15.789473684210527 3.1578947368421053 0 nan nan 0
15.789473684210527 3.6842105263157894 0 nan nan 0
15.789473684210527 4.2105263157894735 0 nan nan 0
15.789473684210527 4.7368421052631575 0 nan nan 0
15.789473684210527 5.263157894736842 0 nan nan 0
15.789473684210527 5.789473684210526 0 nan nan 0
15.789473684210527 6.315789473684211 0 nan nan 0
15.789473684210527 6.842105263157895 0 nan nan 0
15.789473684210527 7.368421052631579 0 nan nan 0
15.789473684210527 7.894736842105263 0 nan nan 0
15.789473684210527 8.421052631578947 0 nan nan 0
15.789473684210527 8.947368421052632 0 nan nan 0
15.789473684210527 9.473684210526315 0 nan nan 0
17.36842105263158 -9.473684210526315 0 -28.497105724719745 -25.380223374199346 0
17.36842105263158 -8.947368421052632 0 393.55964237046726 844.5782225234743 0
17.36842105263158 -8.421052631578947 0 -2622.6944168646314 -4600.629301212448 0
17.36842105263158 -7.894736842105263 0 3.1623822221952156e+16 5.8207665269075176e+16 0
17.36842105263158 -7.368421052631579 0 -9.020987695981913e+85 -1.476090735099326e+86 0
17.36842105263158 -6.842105263157895 0 -5.713245059099618e+299 -9.427905425418097e+299 0
17.36842105263158 -6.315789473684211 0 nan nan 0
17.36842105263158 -5.789473684210526 0 nan nan 0
17.36842105263158 -5.263157894736842 0 nan nan 0
17.36842105263158 -4.7368421052631575 0 nan nan 0
17.36842105263158 -4.2105263157894735 0 nan nan 0
17.36842105263158 -3.6842105263157894 0 nan nan 0
17.36842105263158 -3.1578947368421053 0 nan nan 0
17.36842105263158 -2.631578947368421 0 nan nan 0
17.36842105263158 -2.1052631578947367 0 nan nan 0
17.36842105263158 -1.5789473684210527 0 nan nan 0
17.36842105263158 -1.0526315789473684 0 nan nan 0
17.36842105263158 -0.5263157894736842 0 nan nan 0
17.36842105263158 -0.0 0 nan nan 0
17.36842105263158 0.0 0 nan nan 0
17.36842105263158 0.5263157894736842 0 nan nan 0
17.36842105263158 1.0526315789473684 0 nan nan 0
17.36842105263158 1.5789473684210527 0 nan nan 0
17.36842105263158 2.1052631578947367 0 nan nan 0
17.36842105263158 2.631578947368421 0 nan nan 0
17.36842105263158 3.1578947368421053 0 nan nan 0
17.36842105263158 3.6842105263157894 0 nan nan 0
17.36842105263158 4.2105263157894735 0 nan nan 0
17.36842105263158 4.7368421052631575 0 nan nan 0
17.36842105263158 5.263157894736842 0 nan nan 0
17.36842105263158 5.789473684210526 0 nan nan 0
17.36842105263158 6.315789473684211 0 nan nan 0
17.36842105263158 6.842105263157895 0 nan nan 0
17.36842105263158 7.368421052631579 0 nan nan 0
17.36842105263158 7.894736842105263 0 nan nan 0
17.36842105263158 8.421052631578947 0 nan nan 0
17.36842105263158 8.947368421052632 0 nan nan 0
17.36842105263158 9.473684210526315 0 nan nan 0
18.94736842105263 -9.473684210526315 0 -28.49712720135598 -25.380257360927096 0
18.94736842105263 -8.947368421052632 0 393.5603284146637 844.5796739700695 0
18.94736842105263 -8.421052631578947 0 -2622.6779803929794 -4600.597733484314 0
18.94736842105263 -7.894736842105263 0 -1.2593420273795798e+17 -2.3193885722975328e+17 0
18.94736842105263 -7.368421052631579 0 5.491885852149581e+93 8.986290745293705e+93 0
18.94736842105263 -6.842105263157895 0 -inf -inf 0
18.94736842105263 -6.315789473684211 0 nan nan 0
18.94736842105263 -5.789473684210526 0 nan nan 0
18.94736842105263 -5.263157894736842 0 nan nan 0
18.94736842105263 -4.7368421052631575 0 nan nan 0
18.94736842105263 -4.2105263157894735 0 nan nan 0
18.94736842105263 -3.6842105263157894 0 nan nan 0
18.94736842105263 -3.1578947368421053 0 nan nan 0
18.94736842105263 -2.631578947368421 0 nan nan 0
18.94736842105263 -2.1052631578947367 0 nan nan 0
18.94736842105263 -1.5789473684210527 0 nan nan 0
18.94736842105263 -1.0526315789473684 0 nan nan 0
18.94736842105263 -0.5263157894736842 0 nan nan 0
18.94736842105263 -0.0 0 nan nan 0
18.94736842105263 0.0 0 nan nan 0
18.94736842105263 0.5263157894736842 0 nan nan 0
18.94736842105263 1.0526315789473684 0 nan nan 0
18.94736842105263 1.5789473684210527 0 nan nan 0
18.94736842105263 2.1052631578947367 0 nan nan 0
18.94736842105263 2.631578947368421 0 nan nan 0
18.94736842105263 3.1578947368421053 0 nan nan 0
18.94736842105263 3.6842105263157894 0 nan nan 0
18.94736842105263 4.2105263157894735 0 nan nan 0
18.94736842105263 4.7368421052631575 0 nan nan 0
18.94736842105263 5.263157894736842 0 nan nan 0
18.94736842105263 5.789473684210526 0 nan nan 0
18.94736842105263 6.315789473684211 0 nan nan 0
18.94736842105263 6.842105263157895 0 nan nan 0
18.94736842105263 7.368421052631579 0 nan nan 0
18.94736842105263 7.894736842105263 0 nan nan 0
18.94736842105263 8.421052631578947 0 nan nan 0
18.94736842105263 8.947368421052632 0 nan nan 0
18.94736842105263 9.473684210526315 0 nan nan 0
20.526315789473685 -9.473684210526315 0 -28.497138387318138 -25.380275295389183 0
20.526315789473685 -8.947368421052632 0 393.56068498722345 844.5804285491456 0
20.526315789473685 -8.421052631578947 0 -2622.692906199201 -4600.627186727248 0
20.526315789473685 -7.894736842105263 0 5.015020909221764e+17 9.241969445670836e+17 0
20.526315789473685 -7.368421052631579 0 8.295365531870887e+101 1.357358264806291e+102 0
20.526315789473685 -6.842105263157895 0 nan nan 0
20.526315789473685 -6.315789473684211 0 nan nan 0
20.526315789473685 -5.789473684210526 0 nan nan 0
20.526315789473685 -5.263157894736842 0 nan nan 0
20.526315789473685 -4.7368421052631575 0 nan nan 0
20.526315789473685 -4.2105263157894735 0 nan nan 0
20.526315789473685 -3.6842105263157894 0 nan nan 0
20.526315789473685 -3.1578947368421053 0 nan nan 0
20.526315789473685 -2.631578947368421 0 nan nan 0
20.526315789473685 -2.1052631578947367 0 nan nan 0
20.526315789473685 -1.5789473684210527 0 nan nan 0
20.526315789473685 -1.0526315789473684 0 nan nan 0
20.526315789473685 -0.5263157894736842 0 nan nan 0
20.526315789473685 -0.0 0 nan nan 0
20.526315789473685 0.0 0 nan nan 0
20.526315789473685 0.5263157894736842 0 nan nan 0
20.526315789473685 1.0526315789473684 0 nan nan 0
20.526315789473685 1.5789473684210527 0 nan nan 0
20.526315789473685 2.1052631578947367 0 nan nan 0
20.526315789473685 2.631578947368421 0 nan nan 0
20.526315789473685 3.1578947368421053 0 nan nan 0
20.526315789473685 3.6842105263157894 0 nan nan 0
20.526315789473685 4.2105263157894735 0 nan nan 0
20.526315789473685 4.7368421052631575 0 nan nan 0
20.526315789473685 5.263157894736842 0 nan nan 0
20.526315789473685 5.789473684210526 0 nan nan 0
20.526315789473685 6.315789473684211 0 nan nan 0
20.526315789473685 6.842105263157895 0 nan nan 0
20.526315789473685 7.368421052631579 0 nan nan 0
20.526315789473685 7.894736842105263 0 nan nan 0
20.526315789473685 8.421052631578947 0 nan nan 0
20.526315789473685 8.947368421052632 0 nan nan 0
20.526315789473685 9.473684210526315 0 nan nan 0
22.105263157894736 -9.473684210526315 0 -28.497144176222932 -25.380284686604586 0
22.105263157894736 -8.947368421052632 0 393.5608694868 844.5808190587538 0
22.105263157894736 -8.421052631578947 0 -2622.681954884399 -4600.605948659597 0
22.105263157894736 -7.894736842105263 0 -1.9971055092471675e+18 -3.682584716360493e+18 0
22.105263157894736 -7.368421052631579 0 -3.108828074960481e+110 -5.086928918559341e+110 0
22.105263157894736 -6.842105263157895 0 nan nan 0
22.105263157894736 -6.315789473684211 0 nan nan 0
22.105263157894736 -5.789473684210526 0 nan nan 0
22.105263157894736 -5.263157894736842 0 nan nan 0
22.105263157894736 -4.7368421052631575 0 nan nan 0
22.105263157894736 -4.2105263157894735 0 nan nan 0
22.105263157894736 -3.6842105263157894 0 nan nan 0
22.105263157894736 -3.1578947368421053 0 nan nan 0
22.105263157894736 -2.631578947368421 0 nan nan 0
22.105263157894736 -2.1052631578947367 0 nan nan 0
22.105263157894736 -1.5789473684210527 0 nan nan 0
22.105263157894736 -1.0526315789473684 0 nan nan 0
22.105263157894736 -0.5263157894736842 0 nan nan 0
22.105263157894736 -0.0 0 nan nan 0
22.105263157894736 0.0 0 nan nan 0
22.105263157894736 0.5263157894736842 0 nan nan 0
22.105263157894736 1.0526315789473684 0 nan nan 0
22.105263157894736 1.5789473684210527 0 nan nan 0
22.105263157894736 2.1052631578947367 0 nan nan 0
22.105263157894736 2.631578947368421 0 nan nan 0
22.105263157894736 3.1578947368421053 0 nan nan 0
22.105263157894736 3.6842105263157894 0 nan nan 0
22.105263157894736 4.2105263157894735 0 nan nan 0
22.105263157894736 4.7368421052631575 0 nan nan 0
22.105263157894736 5.263157894736842 0 nan nan 0
22.105263157894736 5.789473684210526 0 nan nan 0
22.105263157894736 6.315789473684211 0 nan nan 0
22.105263157894736 6.842105263157895 0 nan nan 0
22.105263157894736 7.368421052631579 0 nan nan 0
22.105263157894736 7.894736842105263 0 nan nan 0
22.105263157894736 8.421052631578947 0 nan nan 0
22.105263157894736 8.947368421052632 0 nan nan 0
22.105263157894736 9.473684210526315 0 nan nan 0
23.68421052631579 -9.473684210526315 0 -28.4971471542457 -25.38028956954099 0
23.68421052631579 -8.947368421052632 0 393.5609645549357 844.5810203034426 0
23.68421052631579 -8.421052631578947 0 -2622.691087790732 -4600.623881120924 0
23.68421052631579 -7.894736842105263 0 7.952967902464511e+18 1.467367634932073e+19 0
23.68421052631579 -7.368421052631579 0 -2.890713061768478e+119 -4.7300305821363926e+119 0
23.68421052631579 -6.842105263157895 0 nan nan 0
23.68421052631579 -6.315789473684211 0 nan nan 0
23.68421052631579 -5.789473684210526 0 nan nan 0
23.68421052631579 -5.263157894736842 0 nan nan 0
23.68421052631579 -4.7368421052631575 0 nan nan 0
23.68421052631579 -4.2105263157894735 0 nan nan 0
23.68421052631579 -3.6842105263157894 0 nan nan 0
23.68421052631579 -3.1578947368421053 0 nan nan 0
23.68421052631579 -2.631578947368421 0 nan nan 0
23.68421052631579 -2.1052631578947367 0 nan nan 0
23.68421052631579 -1.5789473684210527 0 nan nan 0
23.68421052631579 -1.0526315789473684 0 nan nan 0
23.68421052631579 -0.5263157894736842 0 nan nan 0
23.68421052631579 -0.0 0 nan nan 0
23.68421052631579 0.0 0 nan nan 0
23.68421052631579 0.5263157894736842 0 nan nan 0
23.68421052631579 1.0526315789473684 0 nan nan 0
23.68421052631579 1.5789473684210527 0 nan nan 0
23.68421052631579 2.1052631578947367 0 nan nan 0
23.68421052631579 2.631578947368421 0 nan nan 0
23.68421052631579 3.1578947368421053 0 nan nan 0
23.68421052631579 3.6842105263157894 0 nan nan 0
23.68421052631579 4.2105263157894735 0 nan nan 0
23.68421052631579 4.7368421052631575 0 nan nan 0
23.68421052631579 5.263157894736842 0 nan nan 0
23.68421052631579 5.789473684210526 0 nan nan 0
23.68421052631579 6.315789473684211 0 nan nan 0
23.68421052631579 6.842105263157895 0 nan nan 0
23.68421052631579 7.368421052631579 0 nan nan 0
23.68421052631579 7.894736842105263 0 nan nan 0
23.68421052631579 8.421052631578947 0 nan nan 0
23.68421052631579 8.947368421052632 0 nan nan 0
23.68421052631579 9.473684210526315 0 nan nan 0
25.263157894736842 -9.473684210526315 0 -28.594533843917297 -25.575062424234037 0
25.263157894736842 -8.947368421052632 0 394.6205183620732 846.4615770142344 0
25.263157894736842 -8.421052631578947 0 -2624.0250219172312 -4602.893670024554 0
25.263157894736842 -7.894736842105263 0 -3.167065511474635e+19 -5.846860803433838e+19 0
25.263157894736842 -7.368421052631579 0 6.668996297412598e+128 1.0912378975316789e+129 0
25.263157894736842 -6.842105263157895 0 nan nan 0
25.263157894736842 -6.315789473684211 0 nan nan 0
25.263157894736842 -5.789473684210526 0 nan nan 0
25.263157894736842 -5.263157894736842 0 nan nan 0
25.263157894736842 -4.7368421052631575 0 nan nan 0
25.263157894736842 -4.2105263157894735 0 nan nan 0
25.263157894736842 -3.6842105263157894 0 nan nan 0
25.263157894736842 -3.1578947368421053 0 nan nan 0
25.263157894736842 -2.631578947368421 0 nan nan 0
25.263157894736842 -2.1052631578947367 0 nan nan 0
25.263157894736842 -1.5789473684210527 0 nan nan 0
25.263157894736842 -1.0526315789473684 0 nan nan 0
25.263157894736842 -0.5263157894736842 0 nan nan 0
25.263157894736842 -0.0 0 nan nan 0
25.263157894736842 0.0 0 nan nan 0
25.263157894736842 0.5263157894736842 0 nan nan 0
25.263157894736842 1.0526315789473684 0 nan nan 0
25.263157894736842 1.5789473684210527 0 nan nan 0
25.263157894736842 2.1052631578947367 0 nan nan 0
25.263157894736842 2.631578947368421 0 nan nan 0
25.263157894736842 3.1578947368421053 0 nan nan 0
25.263157894736842 3.6842105263157894 0 nan nan 0
25.263157894736842 4.2105263157894735 0 nan nan 0
25.263157894736842 4.7368421052631575 0 nan nan 0
25.263157894736842 5.263157894736842 0 nan nan 0
25.263157894736842 5.789473684210526 0 nan nan 0
25.263157894736842 6.315789473684211 0 nan nan 0
25.263157894736842 6.842105263157895 0 nan nan 0
25.263157894736842 7.368421052631579 0 nan nan 0
25.263157894736842 7.894736842105263 0 nan nan 0
25.263157894736842 8.421052631578947 0 nan nan 0
25.263157894736842 8.947368421052632 0 nan nan 0
25.263157894736842 9.473684210526315 0 nan nan 0
26.842105263157894 -9.473684210526315 0 -27.223019649400065 -24.999040259612592 0
26.842105263157894 -8.947368421052632 0 387.3908199540248 831.2945369443823 0
26.842105263157894 -8.421052631578947 0 -2517.9738415342426 -4420.950849552801 0
26.842105263157894 -7.894736842105263 0 1.248527887389257e+20 2.3063254164864264e+20 0
26.842105263157894 -7.368421052631579 0 3.8173605725860613e+138 6.246290055619471e+138 0
26.842105263157894 -6.842105263157895 0 nan nan 0
26.842105263157894 -6.315789473684211 0 nan nan 0
26.842105263157894 -5.789473684210526 0 nan nan 0
26.842105263157894 -5.263157894736842 0 nan nan 0
26.842105263157894 -4.7368421052631575 0 nan nan 0
26.842105263157894 -4.2105263157894735 0 nan nan 0
26.842105263157894 -3.6842105263157894 0 nan nan 0
26.842105263157894 -3.1578947368421053 0 nan nan 0
26.842105263157894 -2.631578947368421 0 nan nan 0
26.842105263157894 -2.1052631578947367 0 nan nan 0
26.842105263157894 -1.5789473684210527 0 nan nan 0
26.842105263157894 -1.0526315789473684 0 nan nan 0
26.842105263157894 -0.5263157894736842 0 nan nan 0
26.842105263157894 -0.0 0 nan nan 0
26.842105263157894 0.0 0 nan nan 0
26.842105263157894 0.5263157894736842 0 nan nan 0
26.842105263157894 1.0526315789473684 0 nan nan 0
26.842105263157894 1.5789473684210527 0 nan nan 0
26.842105263157894 2.1052631578947367 0 nan nan 0
26.842105263157894 2.631578947368421 0 nan nan 0
26.842105263157894 3.1578947368421053 0 nan nan 0
26.842105263157894 3.6842105263157894 0 nan nan 0
26.842105263157894 4.2105263157894735 0 nan nan 0
26.842105263157894 4.7368421052631575 0 nan nan 0
26.842105263157894 5.263157894736842 0 nan nan 0
26.842105263157894 5.789473684210526 0 nan nan 0
26.842105263157894 6.315789473684211 0 nan nan 0
26.842105263157894 6.842105263157895 0 nan nan 0
26.842105263157894 7.368421052631579 0 nan nan 0
26.842105263157894 7.894736842105263 0 nan nan 0
26.842105263157894 8.421052631578947 0 nan nan 0
26.842105263157894 8.947368421052632 0 nan nan 0
26.842105263157894 9.473684210526315 0 nan nan 0
28.42105263157895 -9.473684210526315 0 -12.522898272361306 6.856729297170212 0
28.42105263157895 -8.947368421052632 0 407.1981916177046 927.1463956060929 0
28.42105263157895 -8.421052631578947 0 116.18520073152831 187.04791253955364 0
28.42105263157895 -7.894736842105263 0 -3.873516903178534e+20 -7.160686110352634e+20 0
28.42105263157895 -7.368421052631579 0 -4.987014888917329e+148 -8.160177933301133e+148 0
28.42105263157895 -6.842105263157895 0 nan nan 0
28.42105263157895 -6.315789473684211 0 nan nan 0
28.42105263157895 -5.789473684210526 0 nan nan 0
28.42105263157895 -5.263157894736842 0 nan nan 0
28.42105263157895 -4.7368421052631575 0 nan nan 0
28.42105263157895 -4.2105263157894735 0 nan nan 0
28.42105263157895 -3.6842105263157894 0 nan nan 0
28.42105263157895 -3.1578947368421053 0 nan nan 0
28.42105263157895 -2.631578947368421 0 nan nan 0
28.42105263157895 -2.1052631578947367 0 nan nan 0
28.42105263157895 -1.5789473684210527 0 nan nan 0
28.42105263157895 -1.0526315789473684 0 nan nan 0
28.42105263157895 -0.5263157894736842 0 nan nan 0
28.42105263157895 -0.0 0 nan nan 0
28.42105263157895 0.0 0 nan nan 0
28.42105263157895 0.5263157894736842 0 nan nan 0
28.42105263157895 1.0526315789473684 0 nan nan 0
28.42105263157895 1.5789473684210527 0 nan nan 0
28.42105263157895 2.1052631578947367 0 nan nan 0
28.42105263157895 2.631578947368421 0 nan nan 0
28.42105263157895 3.1578947368421053 0 nan nan 0
28.42105263157895 3.6842105263157894 0 nan nan 0
28.42105263157895 4.2105263157894735 0 nan nan 0
28.42105263157895 4.7368421052631575 0 nan nan 0
28.42105263157895 5.263157894736842 0 nan nan 0
28.42105263157895 5.789473684210526 0 nan nan 0
28.42105263157895 6.315789473684211 0 nan nan 0
28.42105263157895 6.842105263157895 0 nan nan 0
28.42105263157895 7.368421052631579 0 nan nan 0
28.42105263157895 7.894736842105263 0 nan nan 0
28.42105263157895 8.421052631578947 0 nan nan 0
28.42105263157895 8.947368421052632 0 nan nan 0
28.42105263157895 9.473684210526315 0 nan nan 0
