0.0 0.0 1 
0.0 0.0 1 
0.0 0.0 1 
0.0 0.0 1 
0.0 0.2222222222222222 1 
0.0 -0.2222222222222222 1 
0.0 -0.2222222222222222 1 
0.0 0.2222222222222222 1 
0.0 0.4444444444444444 0 
0.0 -0.4444444444444444 0 
0.0 -0.4444444444444444 0 
0.0 0.4444444444444444 0 
0.0 0.6666666666666666 0 
0.0 -0.6666666666666666 0 
0.0 -0.6666666666666666 0 
0.0 0.6666666666666666 0 
0.0 0.8888888888888888 0 
0.0 -0.8888888888888888 0 
0.0 -0.8888888888888888 0 
0.0 0.8888888888888888 0 
0.0 1.1111111111111112 0 
0.0 -1.1111111111111112 0 
0.0 -1.1111111111111112 0 
0.0 1.1111111111111112 0 
0.0 1.3333333333333333 0 
0.0 -1.3333333333333333 0 
0.0 -1.3333333333333333 0 
0.0 1.3333333333333333 0 
0.0 1.5555555555555554 0 
0.0 -1.5555555555555554 0 
0.0 -1.5555555555555554 0 
0.0 1.5555555555555554 0 
0.0 1.7777777777777777 0 
0.0 -1.7777777777777777 0 
0.0 -1.7777777777777777 0 
0.0 1.7777777777777777 0 
0.0 2.0 0 
0.0 -2.0 0 
0.0 -2.0 0 
0.0 2.0 0 
0.6666666666666666 0.0 1 
-0.6666666666666666 0.0 1 
0.6666666666666666 0.0 1 
-0.6666666666666666 0.0 1 
0.6666666666666666 0.2222222222222222 1 
-0.6666666666666666 -0.2222222222222222 1 
0.6666666666666666 -0.2222222222222222 1 
-0.6666666666666666 0.2222222222222222 1 
0.6666666666666666 0.4444444444444444 0 
-0.6666666666666666 -0.4444444444444444 1 
0.6666666666666666 -0.4444444444444444 0 
-0.6666666666666666 0.4444444444444444 1 
0.6666666666666666 0.6666666666666666 0 
-0.6666666666666666 -0.6666666666666666 0 
0.6666666666666666 -0.6666666666666666 0 
-0.6666666666666666 0.6666666666666666 0 
0.6666666666666666 0.8888888888888888 0 
-0.6666666666666666 -0.8888888888888888 0 
0.6666666666666666 -0.8888888888888888 0 
-0.6666666666666666 0.8888888888888888 0 
0.6666666666666666 1.1111111111111112 0 
-0.6666666666666666 -1.1111111111111112 0 
0.6666666666666666 -1.1111111111111112 0 
-0.6666666666666666 1.1111111111111112 0 
0.6666666666666666 1.3333333333333333 0 
-0.6666666666666666 -1.3333333333333333 0 
0.6666666666666666 -1.3333333333333333 0 
-0.6666666666666666 1.3333333333333333 0 
0.6666666666666666 1.5555555555555554 0 
-0.6666666666666666 -1.5555555555555554 0 
0.6666666666666666 -1.5555555555555554 0 
-0.6666666666666666 1.5555555555555554 0 
0.6666666666666666 1.7777777777777777 0 
-0.6666666666666666 -1.7777777777777777 0 
0.6666666666666666 -1.7777777777777777 0 
-0.6666666666666666 1.7777777777777777 0 
0.6666666666666666 2.0 0 
-0.6666666666666666 -2.0 0 
0.6666666666666666 -2.0 0 
-0.6666666666666666 2.0 0 
1.3333333333333333 0.0 1 
-1.3333333333333333 0.0 1 
1.3333333333333333 0.0 1 
-1.3333333333333333 0.0 1 
1.3333333333333333 0.2222222222222222 1 
-1.3333333333333333 -0.2222222222222222 1 
1.3333333333333333 -0.2222222222222222 1 
-1.3333333333333333 0.2222222222222222 1 
1.3333333333333333 0.4444444444444444 0 
-1.3333333333333333 -0.4444444444444444 1 
1.3333333333333333 -0.4444444444444444 0 
-1.3333333333333333 0.4444444444444444 1 
1.3333333333333333 0.6666666666666666 0 
-1.3333333333333333 -0.6666666666666666 0 
1.3333333333333333 -0.6666666666666666 0 
-1.3333333333333333 0.6666666666666666 0 
1.3333333333333333 0.8888888888888888 0 
-1.3333333333333333 -0.8888888888888888 0 
1.3333333333333333 -0.8888888888888888 0 
-1.3333333333333333 0.8888888888888888 0 
1.3333333333333333 1.1111111111111112 0 
-1.3333333333333333 -1.1111111111111112 0 
1.3333333333333333 -1.1111111111111112 0 
-1.3333333333333333 1.1111111111111112 0 
1.3333333333333333 1.3333333333333333 0 
-1.3333333333333333 -1.3333333333333333 0 
1.3333333333333333 -1.3333333333333333 0 
-1.3333333333333333 1.3333333333333333 0 
1.3333333333333333 1.5555555555555554 0 
-1.3333333333333333 -1.5555555555555554 0 
1.3333333333333333 -1.5555555555555554 0 
-1.3333333333333333 1.5555555555555554 0 
1.3333333333333333 1.7777777777777777 0 
-1.3333333333333333 -1.7777777777777777 0 
1.3333333333333333 -1.7777777777777777 0 
-1.3333333333333333 1.7777777777777777 0 
1.3333333333333333 2.0 0 
-1.3333333333333333 -2.0 0 
1.3333333333333333 -2.0 0 
-1.3333333333333333 2.0 0 
2.0 0.0 1 
-2.0 0.0 1 
2.0 0.0 1 
-2.0 0.0 1 
2.0 0.2222222222222222 0 
-2.0 -0.2222222222222222 1 
2.0 -0.2222222222222222 1 
-2.0 0.2222222222222222 1 
2.0 0.4444444444444444 0 
-2.0 -0.4444444444444444 1 
2.0 -0.4444444444444444 0 
-2.0 0.4444444444444444 1 
2.0 0.6666666666666666 0 
-2.0 -0.6666666666666666 0 
2.0 -0.6666666666666666 0 
-2.0 0.6666666666666666 0 
2.0 0.8888888888888888 0 
-2.0 -0.8888888888888888 0 
2.0 -0.8888888888888888 0 
-2.0 0.8888888888888888 0 
2.0 1.1111111111111112 0 
-2.0 -1.1111111111111112 0 
2.0 -1.1111111111111112 0 
-2.0 1.1111111111111112 0 
2.0 1.3333333333333333 0 
-2.0 -1.3333333333333333 0 
2.0 -1.3333333333333333 0 
-2.0 1.3333333333333333 0 
2.0 1.5555555555555554 0 
-2.0 -1.5555555555555554 0 
2.0 -1.5555555555555554 0 
-2.0 1.5555555555555554 0 
2.0 1.7777777777777777 0 
-2.0 -1.7777777777777777 0 
2.0 -1.7777777777777777 0 
-2.0 1.7777777777777777 0 
2.0 2.0 0 
-2.0 -2.0 0 
2.0 -2.0 0 
-2.0 2.0 0 
2.6666666666666665 0.0 1 
-2.6666666666666665 0.0 1 
2.6666666666666665 0.0 1 
-2.6666666666666665 0.0 1 
2.6666666666666665 0.2222222222222222 0 
-2.6666666666666665 -0.2222222222222222 1 
2.6666666666666665 -0.2222222222222222 1 
-2.6666666666666665 0.2222222222222222 1 
2.6666666666666665 0.4444444444444444 0 
-2.6666666666666665 -0.4444444444444444 1 
2.6666666666666665 -0.4444444444444444 0 
-2.6666666666666665 0.4444444444444444 1 
2.6666666666666665 0.6666666666666666 0 
-2.6666666666666665 -0.6666666666666666 0 
2.6666666666666665 -0.6666666666666666 0 
-2.6666666666666665 0.6666666666666666 0 
2.6666666666666665 0.8888888888888888 0 
-2.6666666666666665 -0.8888888888888888 0 
2.6666666666666665 -0.8888888888888888 0 
-2.6666666666666665 0.8888888888888888 0 
2.6666666666666665 1.1111111111111112 0 
-2.6666666666666665 -1.1111111111111112 0 
2.6666666666666665 -1.1111111111111112 0 
-2.6666666666666665 1.1111111111111112 0 
2.6666666666666665 1.3333333333333333 0 
-2.6666666666666665 -1.3333333333333333 0 
2.6666666666666665 -1.3333333333333333 0 
-2.6666666666666665 1.3333333333333333 0 
2.6666666666666665 1.5555555555555554 0 
-2.6666666666666665 -1.5555555555555554 0 
2.6666666666666665 -1.5555555555555554 0 
-2.6666666666666665 1.5555555555555554 0 
2.6666666666666665 1.7777777777777777 0 
-2.6666666666666665 -1.7777777777777777 0 
2.6666666666666665 -1.7777777777777777 0 
-2.6666666666666665 1.7777777777777777 0 
2.6666666666666665 2.0 0 
-2.6666666666666665 -2.0 0 
2.6666666666666665 -2.0 0 
-2.6666666666666665 2.0 0 
3.333333333333333 0.0 0 
-3.333333333333333 0.0 1 
3.333333333333333 0.0 0 
-3.333333333333333 0.0 1 
3.333333333333333 0.2222222222222222 0 
-3.333333333333333 -0.2222222222222222 1 
3.333333333333333 -0.2222222222222222 1 
-3.333333333333333 0.2222222222222222 1 
3.333333333333333 0.4444444444444444 0 
-3.333333333333333 -0.4444444444444444 0 
3.333333333333333 -0.4444444444444444 0 
-3.333333333333333 0.4444444444444444 0 
3.333333333333333 0.6666666666666666 0 
-3.333333333333333 -0.6666666666666666 0 
3.333333333333333 -0.6666666666666666 0 
-3.333333333333333 0.6666666666666666 0 
3.333333333333333 0.8888888888888888 0 
-3.333333333333333 -0.8888888888888888 0 
3.333333333333333 -0.8888888888888888 0 
-3.333333333333333 0.8888888888888888 0 
3.333333333333333 1.1111111111111112 0 
-3.333333333333333 -1.1111111111111112 0 
3.333333333333333 -1.1111111111111112 0 
-3.333333333333333 1.1111111111111112 0 
3.333333333333333 1.3333333333333333 0 
-3.333333333333333 -1.3333333333333333 0 
3.333333333333333 -1.3333333333333333 0 
-3.333333333333333 1.3333333333333333 0 
3.333333333333333 1.5555555555555554 0 
-3.333333333333333 -1.5555555555555554 0 
3.333333333333333 -1.5555555555555554 0 
-3.333333333333333 1.5555555555555554 0 
3.333333333333333 1.7777777777777777 0 
-3.333333333333333 -1.7777777777777777 0 
3.333333333333333 -1.7777777777777777 0 
-3.333333333333333 1.7777777777777777 0 
3.333333333333333 2.0 0 
-3.333333333333333 -2.0 0 
3.333333333333333 -2.0 0 
-3.333333333333333 2.0 0 
4.0 0.0 0 
-4.0 0.0 1 
4.0 0.0 0 
-4.0 0.0 1 
4.0 0.2222222222222222 0 
-4.0 -0.2222222222222222 1 
4.0 -0.2222222222222222 1 
-4.0 0.2222222222222222 1 
4.0 0.4444444444444444 0 
-4.0 -0.4444444444444444 0 
4.0 -0.4444444444444444 1 
-4.0 0.4444444444444444 0 
4.0 0.6666666666666666 0 
-4.0 -0.6666666666666666 0 
4.0 -0.6666666666666666 0 
-4.0 0.6666666666666666 0 
4.0 0.8888888888888888 0 
-4.0 -0.8888888888888888 0 
4.0 -0.8888888888888888 0 
-4.0 0.8888888888888888 0 
4.0 1.1111111111111112 0 
-4.0 -1.1111111111111112 0 
4.0 -1.1111111111111112 0 
-4.0 1.1111111111111112 0 
4.0 1.3333333333333333 0 
-4.0 -1.3333333333333333 0 
4.0 -1.3333333333333333 0 
-4.0 1.3333333333333333 0 
4.0 1.5555555555555554 0 
-4.0 -1.5555555555555554 0 
4.0 -1.5555555555555554 0 
-4.0 1.5555555555555554 0 
4.0 1.7777777777777777 0 
-4.0 -1.7777777777777777 0 
4.0 -1.7777777777777777 0 
-4.0 1.7777777777777777 0 
4.0 2.0 0 
-4.0 -2.0 0 
4.0 -2.0 0 
-4.0 2.0 0 
4.666666666666666 0.0 0 
-4.666666666666666 0.0 0 
4.666666666666666 0.0 0 
-4.666666666666666 0.0 0 
4.666666666666666 0.2222222222222222 0 
-4.666666666666666 -0.2222222222222222 0 
4.666666666666666 -0.2222222222222222 0 
-4.666666666666666 0.2222222222222222 0 
4.666666666666666 0.4444444444444444 0 
-4.666666666666666 -0.4444444444444444 0 
4.666666666666666 -0.4444444444444444 0 
-4.666666666666666 0.4444444444444444 0 
4.666666666666666 0.6666666666666666 0 
-4.666666666666666 -0.6666666666666666 0 
4.666666666666666 -0.6666666666666666 0 
-4.666666666666666 0.6666666666666666 0 
4.666666666666666 0.8888888888888888 0 
-4.666666666666666 -0.8888888888888888 0 
4.666666666666666 -0.8888888888888888 0 
-4.666666666666666 0.8888888888888888 0 
4.666666666666666 1.1111111111111112 0 
-4.666666666666666 -1.1111111111111112 0 
4.666666666666666 -1.1111111111111112 0 
-4.666666666666666 1.1111111111111112 0 
4.666666666666666 1.3333333333333333 0 
-4.666666666666666 -1.3333333333333333 0 
4.666666666666666 -1.3333333333333333 0 
-4.666666666666666 1.3333333333333333 0 
4.666666666666666 1.5555555555555554 0 
-4.666666666666666 -1.5555555555555554 0 
4.666666666666666 -1.5555555555555554 0 
-4.666666666666666 1.5555555555555554 0 
4.666666666666666 1.7777777777777777 0 
-4.666666666666666 -1.7777777777777777 0 
4.666666666666666 -1.7777777777777777 0 
-4.666666666666666 1.7777777777777777 0 
4.666666666666666 2.0 0 
-4.666666666666666 -2.0 0 
4.666666666666666 -2.0 0 
-4.666666666666666 2.0 0 
5.333333333333333 0.0 0 
-5.333333333333333 0.0 0 
5.333333333333333 0.0 0 
-5.333333333333333 0.0 0 
5.333333333333333 0.2222222222222222 0 
-5.333333333333333 -0.2222222222222222 0 
5.333333333333333 -0.2222222222222222 0 
-5.333333333333333 0.2222222222222222 0 
5.333333333333333 0.4444444444444444 0 
-5.333333333333333 -0.4444444444444444 0 
5.333333333333333 -0.4444444444444444 0 
-5.333333333333333 0.4444444444444444 0 
5.333333333333333 0.6666666666666666 0 
-5.333333333333333 -0.6666666666666666 0 
5.333333333333333 -0.6666666666666666 0 
-5.333333333333333 0.6666666666666666 0 
5.333333333333333 0.8888888888888888 0 
-5.333333333333333 -0.8888888888888888 0 
5.333333333333333 -0.8888888888888888 0 
-5.333333333333333 0.8888888888888888 0 
5.333333333333333 1.1111111111111112 0 
-5.333333333333333 -1.1111111111111112 0 
5.333333333333333 -1.1111111111111112 0 
-5.333333333333333 1.1111111111111112 0 
5.333333333333333 1.3333333333333333 0 
-5.333333333333333 -1.3333333333333333 0 
5.333333333333333 -1.3333333333333333 0 
-5.333333333333333 1.3333333333333333 0 
5.333333333333333 1.5555555555555554 0 
-5.333333333333333 -1.5555555555555554 0 
5.333333333333333 -1.5555555555555554 0 
-5.333333333333333 1.5555555555555554 0 
5.333333333333333 1.7777777777777777 0 
-5.333333333333333 -1.7777777777777777 0 
5.333333333333333 -1.7777777777777777 0 
-5.333333333333333 1.7777777777777777 0 
5.333333333333333 2.0 0 
-5.333333333333333 -2.0 0 
5.333333333333333 -2.0 0 
-5.333333333333333 2.0 0 
6.0 0.0 0 
-6.0 0.0 0 
6.0 0.0 0 
-6.0 0.0 0 
6.0 0.2222222222222222 0 
-6.0 -0.2222222222222222 0 
6.0 -0.2222222222222222 0 
-6.0 0.2222222222222222 0 
6.0 0.4444444444444444 0 
-6.0 -0.4444444444444444 0 
6.0 -0.4444444444444444 0 
-6.0 0.4444444444444444 0 
6.0 0.6666666666666666 0 
-6.0 -0.6666666666666666 0 
6.0 -0.6666666666666666 0 
-6.0 0.6666666666666666 0 
6.0 0.8888888888888888 0 
-6.0 -0.8888888888888888 0 
6.0 -0.8888888888888888 0 
-6.0 0.8888888888888888 0 
6.0 1.1111111111111112 0 
-6.0 -1.1111111111111112 0 
6.0 -1.1111111111111112 0 
-6.0 1.1111111111111112 0 
6.0 1.3333333333333333 0 
-6.0 -1.3333333333333333 0 
6.0 -1.3333333333333333 0 
-6.0 1.3333333333333333 0 
6.0 1.5555555555555554 0 
-6.0 -1.5555555555555554 0 
6.0 -1.5555555555555554 0 
-6.0 1.5555555555555554 0 
6.0 1.7777777777777777 0 
-6.0 -1.7777777777777777 0 
6.0 -1.7777777777777777 0 
-6.0 1.7777777777777777 0 
6.0 2.0 0 
-6.0 -2.0 0 
6.0 -2.0 0 
-6.0 2.0 0 
