-28.42105263157895 -9.473684210526315 0 26.0 0.0 0
-28.42105263157895 -8.947368421052632 0 26.0 0.0 0
-28.42105263157895 -8.421052631578947 0 26.0 0.0 0
-28.42105263157895 -7.894736842105263 0 26.0 0.0 0
-28.42105263157895 -7.368421052631579 0 26.0 0.0 0
-28.42105263157895 -6.842105263157895 0 26.0 0.0 0
-28.42105263157895 -6.315789473684211 0 26.0 0.0 0
-28.42105263157895 -5.789473684210526 0 26.0 0.0 0
-28.42105263157895 -5.263157894736842 0 26.0 0.0 0
-28.42105263157895 -4.7368421052631575 0 26.0 0.0 0
-28.42105263157895 -4.2105263157894735 0 26.0 0.0 0
-28.42105263157895 -3.6842105263157894 0 26.0 0.0 0
-28.42105263157895 -3.1578947368421053 0 26.0 0.0 0
-28.42105263157895 -2.631578947368421 0 26.0 0.0 0
-28.42105263157895 -2.1052631578947367 0 26.0 0.0 0
-28.42105263157895 -1.5789473684210527 0 26.0 0.0 0
-28.42105263157895 -1.0526315789473684 0 26.0 0.0 0
-28.42105263157895 -0.5263157894736842 0 26.0 0.0 0
-28.42105263157895 -0.0 0 26.0 0.0 0
-28.42105263157895 0.0 0 26.0 0.0 0
-28.42105263157895 0.5263157894736842 0 26.0 0.0 0
-28.42105263157895 1.0526315789473684 0 26.0 0.0 0
-28.42105263157895 1.5789473684210527 0 26.0 0.0 0
-28.42105263157895 2.1052631578947367 0 26.0 0.0 0
-28.42105263157895 2.631578947368421 0 26.0 0.0 0
-28.42105263157895 3.1578947368421053 0 26.0 0.0 0
-28.42105263157895 3.6842105263157894 0 26.0 0.0 0
-28.42105263157895 4.2105263157894735 0 26.0 0.0 0
-28.42105263157895 4.7368421052631575 0 26.0 0.0 0
-28.42105263157895 5.263157894736842 0 26.0 0.0 0
-28.42105263157895 5.789473684210526 0 26.0 0.0 0
-28.42105263157895 6.315789473684211 0 26.0 0.0 0
-28.42105263157895 6.842105263157895 0 26.0 0.0 0
-28.42105263157895 7.368421052631579 0 26.0 0.0 0
-28.42105263157895 7.894736842105263 0 26.0 0.0 0
-28.42105263157895 8.421052631578947 0 26.0 0.0 0
-28.42105263157895 8.947368421052632 0 26.0 0.0 0
-28.42105263157895 9.473684210526315 0 26.0 0.0 0
-26.842105263157894 -9.473684210526315 0 26.0 0.0 0
-26.842105263157894 -8.947368421052632 0 26.0 0.0 0
-26.842105263157894 -8.421052631578947 0 26.0 0.0 0
-26.842105263157894 -7.894736842105263 0 26.0 0.0 0
-26.842105263157894 -7.368421052631579 0 26.0 0.0 0
-26.842105263157894 -6.842105263157895 0 26.0 0.0 0
-26.842105263157894 -6.315789473684211 0 26.0 0.0 0
-26.842105263157894 -5.789473684210526 0 26.0 0.0 0
-26.842105263157894 -5.263157894736842 0 26.0 0.0 0
-26.842105263157894 -4.7368421052631575 0 26.0 0.0 0
-26.842105263157894 -4.2105263157894735 0 26.0 0.0 0
-26.842105263157894 -3.6842105263157894 0 26.0 0.0 0
-26.842105263157894 -3.1578947368421053 0 26.0 0.0 0
-26.842105263157894 -2.631578947368421 0 26.0 0.0 0
-26.842105263157894 -2.1052631578947367 0 26.0 0.0 0
-26.842105263157894 -1.5789473684210527 0 26.0 0.0 0
-26.842105263157894 -1.0526315789473684 0 26.0 0.0 0
-26.842105263157894 -0.5263157894736842 0 26.0 0.0 0
-26.842105263157894 -0.0 0 26.0 0.0 0
-26.842105263157894 0.0 0 26.0 0.0 0
-26.842105263157894 0.5263157894736842 0 26.0 0.0 0
-26.842105263157894 1.0526315789473684 0 26.0 0.0 0
-26.842105263157894 1.5789473684210527 0 26.0 0.0 0
-26.842105263157894 2.1052631578947367 0 26.0 0.0 0
-26.842105263157894 2.631578947368421 0 26.0 0.0 0
-26.842105263157894 3.1578947368421053 0 26.0 0.0 0
-26.842105263157894 3.6842105263157894 0 26.0 0.0 0
-26.842105263157894 4.2105263157894735 0 26.0 0.0 0
-26.842105263157894 4.7368421052631575 0 26.0 0.0 0
-26.842105263157894 5.263157894736842 0 26.0 0.0 0
-26.842105263157894 5.789473684210526 0 26.0 0.0 0
-26.842105263157894 6.315789473684211 0 26.0 0.0 0
-26.842105263157894 6.842105263157895 0 26.0 0.0 0
-26.842105263157894 7.368421052631579 0 26.0 0.0 0
-26.842105263157894 7.894736842105263 0 26.0 0.0 0
-26.842105263157894 8.421052631578947 0 26.0 0.0 0
-26.842105263157894 8.947368421052632 0 26.0 0.0 0
-26.842105263157894 9.473684210526315 0 26.0 0.0 0
-25.263157894736842 -9.473684210526315 0 26.0 0.0 0
-25.263157894736842 -8.947368421052632 0 26.0 0.0 0
-25.263157894736842 -8.421052631578947 0 26.0 0.0 0
-25.263157894736842 -7.894736842105263 0 26.0 0.0 0
-25.263157894736842 -7.368421052631579 0 26.0 0.0 0
-25.263157894736842 -6.842105263157895 0 26.0 0.0 0
-25.263157894736842 -6.315789473684211 0 26.0 0.0 0
-25.263157894736842 -5.789473684210526 0 26.0 0.0 0
-25.263157894736842 -5.263157894736842 0 26.0 0.0 0
-25.263157894736842 -4.7368421052631575 0 26.0 0.0 0
-25.263157894736842 -4.2105263157894735 0 26.0 0.0 0
-25.263157894736842 -3.6842105263157894 0 26.0 0.0 0
-25.263157894736842 -3.1578947368421053 0 26.0 0.0 0
-25.263157894736842 -2.631578947368421 0 26.0 0.0 0
-25.263157894736842 -2.1052631578947367 0 26.0 0.0 0
-25.263157894736842 -1.5789473684210527 0 26.0 0.0 0
-25.263157894736842 -1.0526315789473684 0 26.0 0.0 0
-25.263157894736842 -0.5263157894736842 0 26.0 0.0 0
-25.263157894736842 -0.0 0 26.0 0.0 0
-25.263157894736842 0.0 0 26.0 0.0 0
-25.263157894736842 0.5263157894736842 0 26.0 0.0 0
-25.263157894736842 1.0526315789473684 0 26.0 0.0 0
-25.263157894736842 1.5789473684210527 0 26.0 0.0 0
-25.263157894736842 2.1052631578947367 0 26.0 0.0 0
-25.263157894736842 2.631578947368421 0 26.0 0.0 0
-25.263157894736842 3.1578947368421053 0 26.0 0.0 0
-25.263157894736842 3.6842105263157894 0 26.0 0.0 0
-25.263157894736842 4.2105263157894735 0 26.0 0.0 0
-25.263157894736842 4.7368421052631575 0 26.0 0.0 0
-25.263157894736842 5.263157894736842 0 26.0 0.0 0
-25.263157894736842 5.789473684210526 0 26.0 0.0 0
-25.263157894736842 6.315789473684211 0 26.0 0.0 0
-25.263157894736842 6.842105263157895 0 26.0 0.0 0
-25.263157894736842 7.368421052631579 0 26.0 0.0 0
-25.263157894736842 7.894736842105263 0 26.0 0.0 0
-25.263157894736842 8.421052631578947 0 26.0 0.0 0
-25.263157894736842 8.947368421052632 0 26.0 0.0 0
-25.263157894736842 9.473684210526315 0 26.0 0.0 0
-23.68421052631579 -9.473684210526315 0 26.0 0.0 0
-23.68421052631579 -8.947368421052632 0 26.0 0.0 0
-23.68421052631579 -8.421052631578947 0 26.0 0.0 0
-23.68421052631579 -7.894736842105263 0 26.0 0.0 0
-23.68421052631579 -7.368421052631579 0 26.0 0.0 0
-23.68421052631579 -6.842105263157895 0 26.0 0.0 0
-23.68421052631579 -6.315789473684211 0 26.0 0.0 0
-23.68421052631579 -5.789473684210526 0 26.0 0.0 0
-23.68421052631579 -5.263157894736842 0 26.0 0.0 0
-23.68421052631579 -4.7368421052631575 0 26.0 0.0 0
-23.68421052631579 -4.2105263157894735 0 26.0 0.0 0
-23.68421052631579 -3.6842105263157894 0 26.0 0.0 0
-23.68421052631579 -3.1578947368421053 0 26.0 0.0 0
-23.68421052631579 -2.631578947368421 0 26.0 0.0 0
-23.68421052631579 -2.1052631578947367 0 26.0 0.0 0
-23.68421052631579 -1.5789473684210527 0 26.0 0.0 0
-23.68421052631579 -1.0526315789473684 0 26.0 0.0 0
-23.68421052631579 -0.5263157894736842 0 26.0 0.0 0
-23.68421052631579 -0.0 0 26.0 0.0 0
-23.68421052631579 0.0 0 26.0 0.0 0
-23.68421052631579 0.5263157894736842 0 26.0 0.0 0
-23.68421052631579 1.0526315789473684 0 26.0 0.0 0
-23.68421052631579 1.5789473684210527 0 26.0 0.0 0
-23.68421052631579 2.1052631578947367 0 26.0 0.0 0
-23.68421052631579 2.631578947368421 0 26.0 0.0 0
-23.68421052631579 3.1578947368421053 0 26.0 0.0 0
-23.68421052631579 3.6842105263157894 0 26.0 0.0 0
-23.68421052631579 4.2105263157894735 0 26.0 0.0 0
-23.68421052631579 4.7368421052631575 0 26.0 0.0 0
-23.68421052631579 5.263157894736842 0 26.0 0.0 0
-23.68421052631579 5.789473684210526 0 26.0 0.0 0
-23.68421052631579 6.315789473684211 0 26.0 0.0 0
-23.68421052631579 6.842105263157895 0 26.0 0.0 0
-23.68421052631579 7.368421052631579 0 26.0 0.0 0
-23.68421052631579 7.894736842105263 0 26.0 0.0 0
-23.68421052631579 8.421052631578947 0 26.0 0.0 0
-23.68421052631579 8.947368421052632 0 26.0 0.0 0
-23.68421052631579 9.473684210526315 0 26.0 0.0 0
-22.105263157894736 -9.473684210526315 0 26.0 0.0 0
-22.105263157894736 -8.947368421052632 0 26.0 0.0 0
-22.105263157894736 -8.421052631578947 0 26.0 0.0 0
-22.105263157894736 -7.894736842105263 0 26.0 0.0 0
-22.105263157894736 -7.368421052631579 0 26.0 0.0 0
-22.105263157894736 -6.842105263157895 0 26.0 0.0 0
-22.105263157894736 -6.315789473684211 0 26.0 0.0 0
-22.105263157894736 -5.789473684210526 0 26.0 0.0 0
-22.105263157894736 -5.263157894736842 0 26.0 0.0 0
-22.105263157894736 -4.7368421052631575 0 26.0 0.0 0
-22.105263157894736 -4.2105263157894735 0 26.0 0.0 0
-22.105263157894736 -3.6842105263157894 0 26.0 0.0 0
-22.105263157894736 -3.1578947368421053 0 26.0 0.0 0
-22.105263157894736 -2.631578947368421 0 26.0 0.0 0
-22.105263157894736 -2.1052631578947367 0 26.0 0.0 0
-22.105263157894736 -1.5789473684210527 0 26.0 0.0 0
-22.105263157894736 -1.0526315789473684 0 26.0 0.0 0
-22.105263157894736 -0.5263157894736842 0 12517.895754285322 12491.895754285322 0
-22.105263157894736 -0.0 0 147805.12677319534 147779.12677319534 0
-22.105263157894736 0.0 0 1124578.9347297258 1124552.9347297258 0
-22.105263157894736 0.5263157894736842 0 7001501.345934852 7001475.345934852 0
-22.105263157894736 1.0526315789473684 0 38714705.00333193 38714679.00333193 0
-22.105263157894736 1.5789473684210527 0 198100602.69858444 198100576.69858444 0
-22.105263157894736 2.1052631578947367 0 959944091.2895279 959944065.2895279 0
-22.105263157894736 2.631578947368421 0 4467957921.417941 4467957895.417941 0
-22.105263157894736 3.1578947368421053 0 20160922431.19737 20160922405.19737 0
-22.105263157894736 3.6842105263157894 0 88763595744.67392 88763595718.67392 0
-22.105263157894736 4.2105263157894735 0 383074737299.6018 383074737273.6018 0
-22.105263157894736 4.7368421052631575 0 1626077851151.7825 1626077851125.7825 0
-22.105263157894736 5.263157894736842 0 6806757747460.045 6806757747434.045 0
-22.105263157894736 5.789473684210526 0 28155459670216.92 28155459670190.92 0
-22.105263157894736 6.315789473684211 0 115268072619761.42 115268072619735.42 0
-22.105263157894736 6.842105263157895 0 467676075806390.1 467676075806364.1 0
-22.105263157894736 7.368421052631579 0 1882495867010792.5 1882495867010766.5 0
-22.105263157894736 7.894736842105263 0 7524183862238304.0 7524183862238278.0 0
-22.105263157894736 8.421052631578947 0 2.9884274896109016e+16 2.988427489610899e+16 0
-22.105263157894736 8.947368421052632 0 1.180200754406337e+17 1.1802007544063366e+17 0
-22.105263157894736 9.473684210526315 0 4.636932982231947e+17 4.636932982231947e+17 0
-20.526315789473685 -9.473684210526315 0 26.0 0.0 0
-20.526315789473685 -8.947368421052632 0 26.0 0.0 0
-20.526315789473685 -8.421052631578947 0 26.0 0.0 0
-20.526315789473685 -7.894736842105263 0 26.0 0.0 0
-20.526315789473685 -7.368421052631579 0 26.0 0.0 0
-20.526315789473685 -6.842105263157895 0 26.0 0.0 0
-20.526315789473685 -6.315789473684211 0 26.0 0.0 0
-20.526315789473685 -5.789473684210526 0 26.0 0.0 0
-20.526315789473685 -5.263157894736842 0 26.0 0.0 0
-20.526315789473685 -4.7368421052631575 0 26.0 0.0 0
-20.526315789473685 -4.2105263157894735 0 26.0 0.0 0
-20.526315789473685 -3.6842105263157894 0 26.0 0.0 0
-20.526315789473685 -3.1578947368421053 0 26.0 0.0 0
-20.526315789473685 -2.631578947368421 0 26.0 0.0 0
-20.526315789473685 -2.1052631578947367 0 26.0 0.0 0
-20.526315789473685 -1.5789473684210527 0 26.0 0.0 0
-20.526315789473685 -1.0526315789473684 0 1002.4554632729742 976.4554632729742 0
-20.526315789473685 -0.5263157894736842 0 -258209137.0814525 -258209163.0814525 0
-20.526315789473685 -0.0 0 1462584371465.2458 1462584371439.2458 0
-20.526315789473685 0.0 0 -1.3934311468239632e+17 -1.3934311468239635e+17 0
-20.526315789473685 0.5263157894736842 0 4.757139659459406e+22 4.757139659459406e+22 0
-20.526315789473685 1.0526315789473684 0 -7.79752379346192e+28 -7.79752379346192e+28 0
-20.526315789473685 1.5789473684210527 0 5.514966819106914e+35 5.514966819106914e+35 0
-20.526315789473685 2.1052631578947367 0 -1.637613092545945e+43 -1.637613092545945e+43 0
-20.526315789473685 2.631578947368421 0 1.9914029856524324e+51 1.9914029856524324e+51 0
-20.526315789473685 3.1578947368421053 0 -9.738109255806068e+59 -9.738109255806068e+59 0
-20.526315789473685 3.6842105263157894 0 1.8878281731105992e+69 1.8878281731105992e+69 0
-20.526315789473685 4.2105263157894735 0 -1.4343001247947642e+79 -1.4343001247947642e+79 0
-20.526315789473685 4.7368421052631575 0 4.230610190265548e+89 4.230610190265548e+89 0
-20.526315789473685 5.263157894736842 0 -4.80621854216143e+100 -4.80621854216143e+100 0
-20.526315789473685 5.789473684210526 0 2.088799278239726e+112 2.088799278239726e+112 0
-20.526315789473685 6.315789473684211 0 -3.452480301151267e+124 -3.452480301151267e+124 0
-20.526315789473685 6.842105263157895 0 2.1590797595053805e+137 2.1590797595053805e+137 0
-20.526315789473685 7.368421052631579 0 -5.085380946472646e+150 -5.085380946472646e+150 0
-20.526315789473685 7.894736842105263 0 4.4927929098534246e+164 4.4927929098534246e+164 0
-20.526315789473685 8.421052631578947 0 -1.483332537608534e+179 -1.483332537608534e+179 0
-20.526315789473685 8.947368421052632 0 1.8239910016769798e+194 1.8239910016769798e+194 0
-20.526315789473685 9.473684210526315 0 -8.327611177202789e+209 -8.327611177202789e+209 0
-18.94736842105263 -9.473684210526315 0 26.0 0.0 0
-18.94736842105263 -8.947368421052632 0 26.0 0.0 0
-18.94736842105263 -8.421052631578947 0 26.0 0.0 0
-18.94736842105263 -7.894736842105263 0 26.0 0.0 0
-18.94736842105263 -7.368421052631579 0 26.0 0.0 0
-18.94736842105263 -6.842105263157895 0 26.0 0.0 0
-18.94736842105263 -6.315789473684211 0 26.0 0.0 0
-18.94736842105263 -5.789473684210526 0 26.0 0.0 0
-18.94736842105263 -5.263157894736842 0 26.0 0.0 0
-18.94736842105263 -4.7368421052631575 0 26.0 0.0 0
-18.94736842105263 -4.2105263157894735 0 26.0 0.0 0
-18.94736842105263 -3.6842105263157894 0 26.0 0.0 0
-18.94736842105263 -3.1578947368421053 0 26.0 0.0 0
-18.94736842105263 -2.631578947368421 0 26.0 0.0 0
-18.94736842105263 -2.1052631578947367 0 26.0 0.0 0
-18.94736842105263 -1.5789473684210527 0 3656.283347050752 3630.283347050752 0
-18.94736842105263 -1.0526315789473684 0 -445053173.0518699 -445053199.0518699 0
-18.94736842105263 -0.5263157894736842 0 47843319338220.48 47843319338194.48 0
-18.94736842105263 -0.0 0 -1.997987130050836e+22 -1.997987130050836e+22 0
-18.94736842105263 0.0 0 2.740369470106827e+34 2.740369470106827e+34 0
-18.94736842105263 0.5263157894736842 0 -4.704958567318192e+50 -4.704958567318192e+50 0
-18.94736842105263 1.0526315789473684 0 3.5272426493993754e+71 3.5272426493993754e+71 0
-18.94736842105263 1.5789473684210527 0 -4.023371824171419e+97 -4.023371824171419e+97 0
-18.94736842105263 2.1052631578947367 0 2.430073095312268e+129 2.430073095312268e+129 0
-18.94736842105263 2.631578947368421 0 -2.7009884809457737e+167 -2.7009884809457737e+167 0
-18.94736842105263 3.1578947368421053 0 1.9171213850670933e+212 1.9171213850670933e+212 0
-18.94736842105263 3.6842105263157894 0 -3.010536269660612e+264 -3.010536269660612e+264 0
-18.94736842105263 4.2105263157894735 0 inf inf 0
-18.94736842105263 4.7368421052631575 0 nan nan 0
-18.94736842105263 5.263157894736842 0 nan nan 0
-18.94736842105263 5.789473684210526 0 nan nan 0
-18.94736842105263 6.315789473684211 0 nan nan 0
-18.94736842105263 6.842105263157895 0 nan nan 0
-18.94736842105263 7.368421052631579 0 nan nan 0
-18.94736842105263 7.894736842105263 0 nan nan 0
-18.94736842105263 8.421052631578947 0 nan nan 0
-18.94736842105263 8.947368421052632 0 nan nan 0
-18.94736842105263 9.473684210526315 0 nan nan 0
-17.36842105263158 -9.473684210526315 0 26.0 0.0 0
-17.36842105263158 -8.947368421052632 0 26.0 0.0 0
-17.36842105263158 -8.421052631578947 0 26.0 0.0 0
-17.36842105263158 -7.894736842105263 0 26.0 0.0 0
-17.36842105263158 -7.368421052631579 0 26.0 0.0 0
-17.36842105263158 -6.842105263157895 0 26.0 0.0 0
-17.36842105263158 -6.315789473684211 0 26.0 0.0 0
-17.36842105263158 -5.789473684210526 0 26.0 0.0 0
-17.36842105263158 -5.263157894736842 0 26.0 0.0 0
-17.36842105263158 -4.7368421052631575 0 26.0 0.0 0
-17.36842105263158 -4.2105263157894735 0 26.0 0.0 0
-17.36842105263158 -3.6842105263157894 0 26.0 0.0 0
-17.36842105263158 -3.1578947368421053 0 26.0 0.0 0
-17.36842105263158 -2.631578947368421 0 26.0 0.0 0
-17.36842105263158 -2.1052631578947367 0 -8835.612407234568 -8861.612407234568 0
-17.36842105263158 -1.5789473684210527 0 -162161919.70235544 -162161945.70235544 0
-17.36842105263158 -1.0526315789473684 0 68390280969709.91 68390280969683.91 0
-17.36842105263158 -0.5263157894736842 0 0 0 0
-17.36842105263158 -0.0 0 0 0 0
-17.36842105263158 0.0 0 0 0 0
-17.36842105263158 0.5263157894736842 0 0 0 0
-17.36842105263158 1.0526315789473684 0 -8.991807322056929e+97 -8.991807322056929e+97 0
-17.36842105263158 1.5789473684210527 0 1.8098533210839343e+134 1.8098533210839343e+134 0
-17.36842105263158 2.1052631578947367 0 -1.7463589138860095e+183 -1.7463589138860095e+183 0
-17.36842105263158 2.631578947368421 0 8.452026822966633e+248 8.452026822966633e+248 0
-17.36842105263158 3.1578947368421053 0 -inf -inf 0
-17.36842105263158 3.6842105263157894 0 nan nan 0
-17.36842105263158 4.2105263157894735 0 nan nan 0
-17.36842105263158 4.7368421052631575 0 nan nan 0
-17.36842105263158 5.263157894736842 0 nan nan 0
-17.36842105263158 5.789473684210526 0 nan nan 0
-17.36842105263158 6.315789473684211 0 nan nan 0
-17.36842105263158 6.842105263157895 0 nan nan 0
-17.36842105263158 7.368421052631579 0 nan nan 0
-17.36842105263158 7.894736842105263 0 nan nan 0
-17.36842105263158 8.421052631578947 0 nan nan 0
-17.36842105263158 8.947368421052632 0 nan nan 0
-17.36842105263158 9.473684210526315 0 nan nan 0
-15.789473684210527 -9.473684210526315 0 26.0 0.0 0
-15.789473684210527 -8.947368421052632 0 26.0 0.0 0
-15.789473684210527 -8.421052631578947 0 26.0 0.0 0
-15.789473684210527 -7.894736842105263 0 26.0 0.0 0
-15.789473684210527 -7.368421052631579 0 26.0 0.0 0
-15.789473684210527 -6.842105263157895 0 26.0 0.0 0
-15.789473684210527 -6.315789473684211 0 26.0 0.0 0
-15.789473684210527 -5.789473684210526 0 26.0 0.0 0
-15.789473684210527 -5.263157894736842 0 26.0 0.0 0
-15.789473684210527 -4.7368421052631575 0 26.0 0.0 0
-15.789473684210527 -4.2105263157894735 0 26.0 0.0 0
-15.789473684210527 -3.6842105263157894 0 26.0 0.0 0
-15.789473684210527 -3.1578947368421053 0 26.0 0.0 0
-15.789473684210527 -2.631578947368421 0 2679.8278837777784 2653.8278837777784 0
-15.789473684210527 -2.1052631578947367 0 -58709413.94610292 -58709439.94610292 0
-15.789473684210527 -1.5789473684210527 0 -8834210989012.973 -8834210989038.973 0
-15.789473684210527 -1.0526315789473684 0 0 0 0
-15.789473684210527 -0.5263157894736842 1 0 0 0
-15.789473684210527 -0.0 1 0 0 0
-15.789473684210527 0.0 1 0 0 0
-15.789473684210527 0.5263157894736842 1 0 0 0
-15.789473684210527 1.0526315789473684 0 0 0 0
-15.789473684210527 1.5789473684210527 0 -1.6007723520989503e+182 -1.6007723520989503e+182 0
-15.789473684210527 2.1052631578947367 0 1.2299970700036633e+249 1.2299970700036633e+249 0
-15.789473684210527 2.631578947368421 0 -inf -inf 0
-15.789473684210527 3.1578947368421053 0 nan nan 0
-15.789473684210527 3.6842105263157894 0 nan nan 0
-15.789473684210527 4.2105263157894735 0 nan nan 0
-15.789473684210527 4.7368421052631575 0 nan nan 0
-15.789473684210527 5.263157894736842 0 nan nan 0
-15.789473684210527 5.789473684210526 0 nan nan 0
-15.789473684210527 6.315789473684211 0 nan nan 0
-15.789473684210527 6.842105263157895 0 nan nan 0
-15.789473684210527 7.368421052631579 0 nan nan 0
-15.789473684210527 7.894736842105263 0 nan nan 0
-15.789473684210527 8.421052631578947 0 nan nan 0
-15.789473684210527 8.947368421052632 0 nan nan 0
-15.789473684210527 9.473684210526315 0 nan nan 0
-14.210526315789474 -9.473684210526315 0 26.0 0.0 0
-14.210526315789474 -8.947368421052632 0 26.0 0.0 0
-14.210526315789474 -8.421052631578947 0 26.0 0.0 0
-14.210526315789474 -7.894736842105263 0 26.0 0.0 0
-14.210526315789474 -7.368421052631579 0 26.0 0.0 0
-14.210526315789474 -6.842105263157895 0 26.0 0.0 0
-14.210526315789474 -6.315789473684211 0 26.0 0.0 0
-14.210526315789474 -5.789473684210526 0 26.0 0.0 0
-14.210526315789474 -5.263157894736842 0 26.0 0.0 0
-14.210526315789474 -4.7368421052631575 0 26.0 0.0 0
-14.210526315789474 -4.2105263157894735 0 26.0 0.0 0
-14.210526315789474 -3.6842105263157894 0 26.0 0.0 0
-14.210526315789474 -3.1578947368421053 0 26.0 0.0 0
-14.210526315789474 -2.631578947368421 0 34339.21856418125 34313.21856418125 0
-14.210526315789474 -2.1052631578947367 0 -89453148869.79312 -89453148895.79312 0
-14.210526315789474 -1.5789473684210527 0 0 0 0
-14.210526315789474 -1.0526315789473684 1 0 0 0
-14.210526315789474 -0.5263157894736842 1 0 0 0
-14.210526315789474 -0.0 1 0 0 0
-14.210526315789474 0.0 1 0 0 0
-14.210526315789474 0.5263157894736842 1 0 0 0
-14.210526315789474 1.0526315789473684 1 0 0 0
-14.210526315789474 1.5789473684210527 0 0 0 0
-14.210526315789474 2.1052631578947367 0 -inf -inf 0
-14.210526315789474 2.631578947368421 0 nan nan 0
-14.210526315789474 3.1578947368421053 0 nan nan 0
-14.210526315789474 3.6842105263157894 0 nan nan 0
-14.210526315789474 4.2105263157894735 0 nan nan 0
-14.210526315789474 4.7368421052631575 0 nan nan 0
-14.210526315789474 5.263157894736842 0 nan nan 0
-14.210526315789474 5.789473684210526 0 nan nan 0
-14.210526315789474 6.315789473684211 0 nan nan 0
-14.210526315789474 6.842105263157895 0 nan nan 0
-14.210526315789474 7.368421052631579 0 nan nan 0
-14.210526315789474 7.894736842105263 0 nan nan 0
-14.210526315789474 8.421052631578947 0 nan nan 0
-14.210526315789474 8.947368421052632 0 nan nan 0
-14.210526315789474 9.473684210526315 0 nan nan 0
-12.631578947368421 -9.473684210526315 0 26.0 0.0 0
-12.631578947368421 -8.947368421052632 0 26.0 0.0 0
-12.631578947368421 -8.421052631578947 0 26.0 0.0 0
-12.631578947368421 -7.894736842105263 0 26.0 0.0 0
-12.631578947368421 -7.368421052631579 0 26.0 0.0 0
-12.631578947368421 -6.842105263157895 0 26.0 0.0 0
-12.631578947368421 -6.315789473684211 0 26.0 0.0 0
-12.631578947368421 -5.789473684210526 0 26.0 0.0 0
-12.631578947368421 -5.263157894736842 0 26.0 0.0 0
-12.631578947368421 -4.7368421052631575 0 26.0 0.0 0
-12.631578947368421 -4.2105263157894735 0 26.0 0.0 0
-12.631578947368421 -3.6842105263157894 0 26.0 0.0 0
-12.631578947368421 -3.1578947368421053 0 2679.8278837777784 2653.8278837777784 0
-12.631578947368421 -2.631578947368421 0 -333782007.9715411 -333782033.9715411 0
-12.631578947368421 -2.1052631578947367 0 -1.41171594624641e+16 -1.4117159462464126e+16 0
-12.631578947368421 -1.5789473684210527 0 0 0 0
-12.631578947368421 -1.0526315789473684 1 0 0 0
-12.631578947368421 -0.5263157894736842 1 0 0 0
-12.631578947368421 -0.0 1 0 0 0
-12.631578947368421 0.0 1 0 0 0
-12.631578947368421 0.5263157894736842 1 0 0 0
-12.631578947368421 1.0526315789473684 1 0 0 0
-12.631578947368421 1.5789473684210527 0 0 0 0
-12.631578947368421 2.1052631578947367 0 nan nan 0
-12.631578947368421 2.631578947368421 0 nan nan 0
-12.631578947368421 3.1578947368421053 0 nan nan 0
-12.631578947368421 3.6842105263157894 0 nan nan 0
-12.631578947368421 4.2105263157894735 0 nan nan 0
-12.631578947368421 4.7368421052631575 0 nan nan 0
-12.631578947368421 5.263157894736842 0 nan nan 0
-12.631578947368421 5.789473684210526 0 nan nan 0
-12.631578947368421 6.315789473684211 0 nan nan 0
-12.631578947368421 6.842105263157895 0 nan nan 0
-12.631578947368421 7.368421052631579 0 nan nan 0
-12.631578947368421 7.894736842105263 0 nan nan 0
-12.631578947368421 8.421052631578947 0 nan nan 0
-12.631578947368421 8.947368421052632 0 nan nan 0
-12.631578947368421 9.473684210526315 0 nan nan 0
-11.052631578947368 -9.473684210526315 0 26.0 0.0 0
-11.052631578947368 -8.947368421052632 0 26.0 0.0 0
-11.052631578947368 -8.421052631578947 0 26.0 0.0 0
-11.052631578947368 -7.894736842105263 0 26.0 0.0 0
-11.052631578947368 -7.368421052631579 0 26.0 0.0 0
-11.052631578947368 -6.842105263157895 0 26.0 0.0 0
-11.052631578947368 -6.315789473684211 0 26.0 0.0 0
-11.052631578947368 -5.789473684210526 0 26.0 0.0 0
-11.052631578947368 -5.263157894736842 0 26.0 0.0 0
-11.052631578947368 -4.7368421052631575 0 26.0 0.0 0
-11.052631578947368 -4.2105263157894735 0 26.0 0.0 0
-11.052631578947368 -3.6842105263157894 0 26.0 0.0 0
-11.052631578947368 -3.1578947368421053 0 45854.658855193586 45828.658855193586 0
-11.052631578947368 -2.631578947368421 0 -673627676870.1262 -673627676896.1262 0
-11.052631578947368 -2.1052631578947367 0 0 0 0
-11.052631578947368 -1.5789473684210527 1 0 0 0
-11.052631578947368 -1.0526315789473684 1 0 0 0
-11.052631578947368 -0.5263157894736842 1 0 0 0
-11.052631578947368 -0.0 1 0 0 0
-11.052631578947368 0.0 1 0 0 0
-11.052631578947368 0.5263157894736842 1 0 0 0
-11.052631578947368 1.0526315789473684 1 0 0 0
-11.052631578947368 1.5789473684210527 1 0 0 0
-11.052631578947368 2.1052631578947367 0 0 0 0
-11.052631578947368 2.631578947368421 0 nan nan 0
-11.052631578947368 3.1578947368421053 0 nan nan 0
-11.052631578947368 3.6842105263157894 0 nan nan 0
-11.052631578947368 4.2105263157894735 0 nan nan 0
-11.052631578947368 4.7368421052631575 0 nan nan 0
-11.052631578947368 5.263157894736842 0 nan nan 0
-11.052631578947368 5.789473684210526 0 nan nan 0
-11.052631578947368 6.315789473684211 0 nan nan 0
-11.052631578947368 6.842105263157895 0 nan nan 0
-11.052631578947368 7.368421052631579 0 nan nan 0
-11.052631578947368 7.894736842105263 0 nan nan 0
-11.052631578947368 8.421052631578947 0 nan nan 0
-11.052631578947368 8.947368421052632 0 nan nan 0
-11.052631578947368 9.473684210526315 0 nan nan 0
-9.473684210526315 -9.473684210526315 0 26.0 0.0 0
-9.473684210526315 -8.947368421052632 0 26.0 0.0 0
-9.473684210526315 -8.421052631578947 0 26.0 0.0 0
-9.473684210526315 -7.894736842105263 0 26.0 0.0 0
-9.473684210526315 -7.368421052631579 0 26.0 0.0 0
-9.473684210526315 -6.842105263157895 0 26.0 0.0 0
-9.473684210526315 -6.315789473684211 0 26.0 0.0 0
-9.473684210526315 -5.789473684210526 0 26.0 0.0 0
-9.473684210526315 -5.263157894736842 0 26.0 0.0 0
-9.473684210526315 -4.7368421052631575 0 26.0 0.0 0
-9.473684210526315 -4.2105263157894735 0 26.0 0.0 0
-9.473684210526315 -3.6842105263157894 0 26.0 0.0 0
-9.473684210526315 -3.1578947368421053 0 593583.5132728489 593557.5132728489 0
-9.473684210526315 -2.631578947368421 0 -1.169692730111062e+16 -1.1696927301110646e+16 0
-9.473684210526315 -2.1052631578947367 0 0 0 0
-9.473684210526315 -1.5789473684210527 1 0 0 0
-9.473684210526315 -1.0526315789473684 1 0 0 0
-9.473684210526315 -0.5263157894736842 1 0 0 0
-9.473684210526315 -0.0 1 0 0 0
-9.473684210526315 0.0 1 0 0 0
-9.473684210526315 0.5263157894736842 1 0 0 0
-9.473684210526315 1.0526315789473684 1 0 0 0
-9.473684210526315 1.5789473684210527 1 0 0 0
-9.473684210526315 2.1052631578947367 0 0 0 0
-9.473684210526315 2.631578947368421 0 nan nan 0
-9.473684210526315 3.1578947368421053 0 nan nan 0
-9.473684210526315 3.6842105263157894 0 nan nan 0
-9.473684210526315 4.2105263157894735 0 nan nan 0
-9.473684210526315 4.7368421052631575 0 nan nan 0
-9.473684210526315 5.263157894736842 0 nan nan 0
-9.473684210526315 5.789473684210526 0 nan nan 0
-9.473684210526315 6.315789473684211 0 nan nan 0
-9.473684210526315 6.842105263157895 0 nan nan 0
-9.473684210526315 7.368421052631579 0 nan nan 0
-9.473684210526315 7.894736842105263 0 nan nan 0
-9.473684210526315 8.421052631578947 0 nan nan 0
-9.473684210526315 8.947368421052632 0 nan nan 0
-9.473684210526315 9.473684210526315 0 nan nan 0
-7.894736842105264 -9.473684210526315 0 26.0 0.0 0
-7.894736842105264 -8.947368421052632 0 26.0 0.0 0
-7.894736842105264 -8.421052631578947 0 26.0 0.0 0
-7.894736842105264 -7.894736842105263 0 26.0 0.0 0
-7.894736842105264 -7.368421052631579 0 26.0 0.0 0
-7.894736842105264 -6.842105263157895 0 26.0 0.0 0
-7.894736842105264 -6.315789473684211 0 26.0 0.0 0
-7.894736842105264 -5.789473684210526 0 26.0 0.0 0
-7.894736842105264 -5.263157894736842 0 26.0 0.0 0
-7.894736842105264 -4.7368421052631575 0 26.0 0.0 0
-7.894736842105264 -4.2105263157894735 0 26.0 0.0 0
-7.894736842105264 -3.6842105263157894 0 26.0 0.0 0
-7.894736842105264 -3.1578947368421053 0 6833411.830582679 6833385.830582679 0
-7.894736842105264 -2.631578947368421 0 -1.752943478236533e+21 -1.752943478236533e+21 0
-7.894736842105264 -2.1052631578947367 0 0 0 0
-7.894736842105264 -1.5789473684210527 1 0 0 0
-7.894736842105264 -1.0526315789473684 1 0 0 0
-7.894736842105264 -0.5263157894736842 1 0 0 0
-7.894736842105264 -0.0 1 0 0 0
-7.894736842105264 0.0 1 0 0 0
-7.894736842105264 0.5263157894736842 1 0 0 0
-7.894736842105264 1.0526315789473684 1 0 0 0
-7.894736842105264 1.5789473684210527 1 0 0 0
-7.894736842105264 2.1052631578947367 0 0 0 0
-7.894736842105264 2.631578947368421 0 nan nan 0
-7.894736842105264 3.1578947368421053 0 nan nan 0
-7.894736842105264 3.6842105263157894 0 nan nan 0
-7.894736842105264 4.2105263157894735 0 nan nan 0
-7.894736842105264 4.7368421052631575 0 nan nan 0
-7.894736842105264 5.263157894736842 0 nan nan 0
-7.894736842105264 5.789473684210526 0 nan nan 0
-7.894736842105264 6.315789473684211 0 nan nan 0
-7.894736842105264 6.842105263157895 0 nan nan 0
-7.894736842105264 7.368421052631579 0 nan nan 0
-7.894736842105264 7.894736842105263 0 nan nan 0
-7.894736842105264 8.421052631578947 0 nan nan 0
-7.894736842105264 8.947368421052632 0 nan nan 0
-7.894736842105264 9.473684210526315 0 nan nan 0
-6.315789473684211 -9.473684210526315 0 26.0 0.0 0
-6.315789473684211 -8.947368421052632 0 26.0 0.0 0
-6.315789473684211 -8.421052631578947 0 26.0 0.0 0
-6.315789473684211 -7.894736842105263 0 26.0 0.0 0
-6.315789473684211 -7.368421052631579 0 26.0 0.0 0
-6.315789473684211 -6.842105263157895 0 26.0 0.0 0
-6.315789473684211 -6.315789473684211 0 26.0 0.0 0
-6.315789473684211 -5.789473684210526 0 26.0 0.0 0
-6.315789473684211 -5.263157894736842 0 26.0 0.0 0
-6.315789473684211 -4.7368421052631575 0 26.0 0.0 0
-6.315789473684211 -4.2105263157894735 0 26.0 0.0 0
-6.315789473684211 -3.6842105263157894 0 26.0 0.0 0
-6.315789473684211 -3.1578947368421053 0 73753138.902025 73753112.902025 0
-6.315789473684211 -2.631578947368421 0 -2.2681737016796324e+27 -2.2681737016796324e+27 0
-6.315789473684211 -2.1052631578947367 0 0 0 0
-6.315789473684211 -1.5789473684210527 1 0 0 0
-6.315789473684211 -1.0526315789473684 1 0 0 0
-6.315789473684211 -0.5263157894736842 1 0 0 0
-6.315789473684211 -0.0 1 0 0 0
-6.315789473684211 0.0 1 0 0 0
-6.315789473684211 0.5263157894736842 1 0 0 0
-6.315789473684211 1.0526315789473684 1 0 0 0
-6.315789473684211 1.5789473684210527 1 0 0 0
-6.315789473684211 2.1052631578947367 0 0 0 0
-6.315789473684211 2.631578947368421 0 nan nan 0
-6.315789473684211 3.1578947368421053 0 nan nan 0
-6.315789473684211 3.6842105263157894 0 nan nan 0
-6.315789473684211 4.2105263157894735 0 nan nan 0
-6.315789473684211 4.7368421052631575 0 nan nan 0
-6.315789473684211 5.263157894736842 0 nan nan 0
-6.315789473684211 5.789473684210526 0 nan nan 0
-6.315789473684211 6.315789473684211 0 nan nan 0
-6.315789473684211 6.842105263157895 0 nan nan 0
-6.315789473684211 7.368421052631579 0 nan nan 0
-6.315789473684211 7.894736842105263 0 nan nan 0
-6.315789473684211 8.421052631578947 0 nan nan 0
-6.315789473684211 8.947368421052632 0 nan nan 0
-6.315789473684211 9.473684210526315 0 nan nan 0
-4.7368421052631575 -9.473684210526315 0 26.0 0.0 0
-4.7368421052631575 -8.947368421052632 0 26.0 0.0 0
-4.7368421052631575 -8.421052631578947 0 26.0 0.0 0
-4.7368421052631575 -7.894736842105263 0 26.0 0.0 0
-4.7368421052631575 -7.368421052631579 0 26.0 0.0 0
-4.7368421052631575 -6.842105263157895 0 26.0 0.0 0
-4.7368421052631575 -6.315789473684211 0 26.0 0.0 0
-4.7368421052631575 -5.789473684210526 0 26.0 0.0 0
-4.7368421052631575 -5.263157894736842 0 26.0 0.0 0
-4.7368421052631575 -4.7368421052631575 0 26.0 0.0 0
-4.7368421052631575 -4.2105263157894735 0 26.0 0.0 0
-4.7368421052631575 -3.6842105263157894 0 26.0 0.0 0
-4.7368421052631575 -3.1578947368421053 0 764180613.1488483 764180587.1488483 0
-4.7368421052631575 -2.631578947368421 0 -2.5340579688295806e+34 -2.5340579688295806e+34 0
-4.7368421052631575 -2.1052631578947367 0 0 0 0
-4.7368421052631575 -1.5789473684210527 1 0 0 0
-4.7368421052631575 -1.0526315789473684 1 0 0 0
-4.7368421052631575 -0.5263157894736842 1 0 0 0
-4.7368421052631575 -0.0 1 0 0 0
-4.7368421052631575 0.0 1 0 0 0
-4.7368421052631575 0.5263157894736842 1 0 0 0
-4.7368421052631575 1.0526315789473684 1 0 0 0
-4.7368421052631575 1.5789473684210527 1 0 0 0
-4.7368421052631575 2.1052631578947367 0 0 0 0
-4.7368421052631575 2.631578947368421 0 nan nan 0
-4.7368421052631575 3.1578947368421053 0 nan nan 0
-4.7368421052631575 3.6842105263157894 0 nan nan 0
-4.7368421052631575 4.2105263157894735 0 nan nan 0
-4.7368421052631575 4.7368421052631575 0 nan nan 0
-4.7368421052631575 5.263157894736842 0 nan nan 0
-4.7368421052631575 5.789473684210526 0 nan nan 0
-4.7368421052631575 6.315789473684211 0 nan nan 0
-4.7368421052631575 6.842105263157895 0 nan nan 0
-4.7368421052631575 7.368421052631579 0 nan nan 0
-4.7368421052631575 7.894736842105263 0 nan nan 0
-4.7368421052631575 8.421052631578947 0 nan nan 0
-4.7368421052631575 8.947368421052632 0 nan nan 0
-4.7368421052631575 9.473684210526315 0 nan nan 0
-3.1578947368421053 -9.473684210526315 0 26.0 0.0 0
-3.1578947368421053 -8.947368421052632 0 26.0 0.0 0
-3.1578947368421053 -8.421052631578947 0 26.0 0.0 0
-3.1578947368421053 -7.894736842105263 0 26.0 0.0 0
-3.1578947368421053 -7.368421052631579 0 26.0 0.0 0
-3.1578947368421053 -6.842105263157895 0 26.0 0.0 0
-3.1578947368421053 -6.315789473684211 0 26.0 0.0 0
-3.1578947368421053 -5.789473684210526 0 26.0 0.0 0
-3.1578947368421053 -5.263157894736842 0 26.0 0.0 0
-3.1578947368421053 -4.7368421052631575 0 26.0 0.0 0
-3.1578947368421053 -4.2105263157894735 0 26.0 0.0 0
-3.1578947368421053 -3.6842105263157894 0 26.0 0.0 0
-3.1578947368421053 -3.1578947368421053 0 7697987322.136278 7697987296.136278 0
-3.1578947368421053 -2.631578947368421 0 -2.444504736561603e+42 -2.444504736561603e+42 0
-3.1578947368421053 -2.1052631578947367 0 0 0 0
-3.1578947368421053 -1.5789473684210527 1 0 0 0
-3.1578947368421053 -1.0526315789473684 1 0 0 0
-3.1578947368421053 -0.5263157894736842 1 0 0 0
-3.1578947368421053 -0.0 1 0 0 0
-3.1578947368421053 0.0 1 0 0 0
-3.1578947368421053 0.5263157894736842 1 0 0 0
-3.1578947368421053 1.0526315789473684 1 0 0 0
-3.1578947368421053 1.5789473684210527 1 0 0 0
-3.1578947368421053 2.1052631578947367 0 0 0 0
-3.1578947368421053 2.631578947368421 0 nan nan 0
-3.1578947368421053 3.1578947368421053 0 nan nan 0
-3.1578947368421053 3.6842105263157894 0 nan nan 0
-3.1578947368421053 4.2105263157894735 0 nan nan 0
-3.1578947368421053 4.7368421052631575 0 nan nan 0
-3.1578947368421053 5.263157894736842 0 nan nan 0
-3.1578947368421053 5.789473684210526 0 nan nan 0
-3.1578947368421053 6.315789473684211 0 nan nan 0
-3.1578947368421053 6.842105263157895 0 nan nan 0
-3.1578947368421053 7.368421052631579 0 nan nan 0
-3.1578947368421053 7.894736842105263 0 nan nan 0
-3.1578947368421053 8.421052631578947 0 nan nan 0
-3.1578947368421053 8.947368421052632 0 nan nan 0
-3.1578947368421053 9.473684210526315 0 nan nan 0
-1.5789473684210527 -9.473684210526315 0 26.0 0.0 0
-1.5789473684210527 -8.947368421052632 0 26.0 0.0 0
-1.5789473684210527 -8.421052631578947 0 26.0 0.0 0
-1.5789473684210527 -7.894736842105263 0 26.0 0.0 0
-1.5789473684210527 -7.368421052631579 0 26.0 0.0 0
-1.5789473684210527 -6.842105263157895 0 26.0 0.0 0
-1.5789473684210527 -6.315789473684211 0 26.0 0.0 0
-1.5789473684210527 -5.789473684210526 0 26.0 0.0 0
-1.5789473684210527 -5.263157894736842 0 26.0 0.0 0
-1.5789473684210527 -4.7368421052631575 0 26.0 0.0 0
-1.5789473684210527 -4.2105263157894735 0 26.0 0.0 0
-1.5789473684210527 -3.6842105263157894 0 26.0 0.0 0
-1.5789473684210527 -3.1578947368421053 0 75963295731.83348 75963295705.83348 0
-1.5789473684210527 -2.631578947368421 0 -2.0361071728926913e+51 -2.0361071728926913e+51 0
-1.5789473684210527 -2.1052631578947367 0 0 0 0
-1.5789473684210527 -1.5789473684210527 1 0 0 0
-1.5789473684210527 -1.0526315789473684 1 0 0 0
-1.5789473684210527 -0.5263157894736842 1 0 0 0
-1.5789473684210527 -0.0 1 0 0 0
-1.5789473684210527 0.0 1 0 0 0
-1.5789473684210527 0.5263157894736842 1 0 0 0
-1.5789473684210527 1.0526315789473684 1 0 0 0
-1.5789473684210527 1.5789473684210527 1 0 0 0
-1.5789473684210527 2.1052631578947367 0 0 0 0
-1.5789473684210527 2.631578947368421 0 nan nan 0
-1.5789473684210527 3.1578947368421053 0 nan nan 0
-1.5789473684210527 3.6842105263157894 0 nan nan 0
-1.5789473684210527 4.2105263157894735 0 nan nan 0
-1.5789473684210527 4.7368421052631575 0 nan nan 0
-1.5789473684210527 5.263157894736842 0 nan nan 0
-1.5789473684210527 5.789473684210526 0 nan nan 0
-1.5789473684210527 6.315789473684211 0 nan nan 0
-1.5789473684210527 6.842105263157895 0 nan nan 0
-1.5789473684210527 7.368421052631579 0 nan nan 0
-1.5789473684210527 7.894736842105263 0 nan nan 0
-1.5789473684210527 8.421052631578947 0 nan nan 0
-1.5789473684210527 8.947368421052632 0 nan nan 0
-1.5789473684210527 9.473684210526315 0 nan nan 0
-0.0 -9.473684210526315 0 26.0 0.0 0
-0.0 -8.947368421052632 0 26.0 0.0 0
-0.0 -8.421052631578947 0 26.0 0.0 0
-0.0 -7.894736842105263 0 26.0 0.0 0
-0.0 -7.368421052631579 0 26.0 0.0 0
-0.0 -6.842105263157895 0 26.0 0.0 0
-0.0 -6.315789473684211 0 26.0 0.0 0
-0.0 -5.789473684210526 0 26.0 0.0 0
-0.0 -5.263157894736842 0 26.0 0.0 0
-0.0 -4.7368421052631575 0 26.0 0.0 0
-0.0 -4.2105263157894735 0 26.0 0.0 0
-0.0 -3.6842105263157894 0 -10535.591191695557 -10561.591191695557 0
-0.0 -3.1578947368421053 0 -1885122265964214.5 -1885122265964240.5 0
-0.0 -2.631578947368421 0 4.205970289230423e+62 4.205970289230423e+62 0
-0.0 -2.1052631578947367 0 1.8964886513333302e+77 1.8964886513333302e+77 0
-0.0 -1.5789473684210527 0 0 0 0
-0.0 -1.0526315789473684 1 0 0 0
-0.0 -0.5263157894736842 1 0 0 0
-0.0 -0.0 1 0 0 0
-0.0 0.0 1 0 0 0
-0.0 0.5263157894736842 1 0 0 0
-0.0 1.0526315789473684 1 0 0 0
-0.0 1.5789473684210527 0 0 0 0
-0.0 2.1052631578947367 0 nan nan 0
-0.0 2.631578947368421 0 nan nan 0
-0.0 3.1578947368421053 0 nan nan 0
-0.0 3.6842105263157894 0 nan nan 0
-0.0 4.2105263157894735 0 nan nan 0
-0.0 4.7368421052631575 0 nan nan 0
-0.0 5.263157894736842 0 nan nan 0
-0.0 5.789473684210526 0 nan nan 0
-0.0 6.315789473684211 0 nan nan 0
-0.0 6.842105263157895 0 nan nan 0
-0.0 7.368421052631579 0 nan nan 0
-0.0 7.894736842105263 0 nan nan 0
-0.0 8.421052631578947 0 nan nan 0
-0.0 8.947368421052632 0 nan nan 0
-0.0 9.473684210526315 0 nan nan 0
0.0 -9.473684210526315 0 26.0 0.0 0
0.0 -8.947368421052632 0 26.0 0.0 0
0.0 -8.421052631578947 0 26.0 0.0 0
0.0 -7.894736842105263 0 26.0 0.0 0
0.0 -7.368421052631579 0 26.0 0.0 0
0.0 -6.842105263157895 0 26.0 0.0 0
0.0 -6.315789473684211 0 26.0 0.0 0
0.0 -5.789473684210526 0 26.0 0.0 0
0.0 -5.263157894736842 0 26.0 0.0 0
0.0 -4.7368421052631575 0 26.0 0.0 0
0.0 -4.2105263157894735 0 26.0 0.0 0
0.0 -3.6842105263157894 0 -402875.2337605373 -402901.2337605373 0
0.0 -3.1578947368421053 0 3.378189228562023e+20 3.378189228562023e+20 0
0.0 -2.631578947368421 0 4.648284132933875e+77 4.648284132933875e+77 0
0.0 -2.1052631578947367 0 3.1813097328163023e+100 3.1813097328163023e+100 0
0.0 -1.5789473684210527 0 0 0 0
0.0 -1.0526315789473684 1 0 0 0
0.0 -0.5263157894736842 1 0 0 0
0.0 -0.0 1 0 0 0
0.0 0.0 1 0 0 0
0.0 0.5263157894736842 1 0 0 0
0.0 1.0526315789473684 1 0 0 0
0.0 1.5789473684210527 0 0 0 0
0.0 2.1052631578947367 0 nan nan 0
0.0 2.631578947368421 0 nan nan 0
0.0 3.1578947368421053 0 nan nan 0
0.0 3.6842105263157894 0 nan nan 0
0.0 4.2105263157894735 0 nan nan 0
0.0 4.7368421052631575 0 nan nan 0
0.0 5.263157894736842 0 nan nan 0
0.0 5.789473684210526 0 nan nan 0
0.0 6.315789473684211 0 nan nan 0
0.0 6.842105263157895 0 nan nan 0
0.0 7.368421052631579 0 nan nan 0
0.0 7.894736842105263 0 nan nan 0
0.0 8.421052631578947 0 nan nan 0
0.0 8.947368421052632 0 nan nan 0
0.0 9.473684210526315 0 nan nan 0
1.5789473684210527 -9.473684210526315 0 26.0 0.0 0
1.5789473684210527 -8.947368421052632 0 26.0 0.0 0
1.5789473684210527 -8.421052631578947 0 26.0 0.0 0
1.5789473684210527 -7.894736842105263 0 26.0 0.0 0
1.5789473684210527 -7.368421052631579 0 26.0 0.0 0
1.5789473684210527 -6.842105263157895 0 26.0 0.0 0
1.5789473684210527 -6.315789473684211 0 26.0 0.0 0
1.5789473684210527 -5.789473684210526 0 26.0 0.0 0
1.5789473684210527 -5.263157894736842 0 26.0 0.0 0
1.5789473684210527 -4.7368421052631575 0 26.0 0.0 0
1.5789473684210527 -4.2105263157894735 0 26.0 0.0 0
1.5789473684210527 -3.6842105263157894 0 -9520065.887075111 -9520091.887075111 0
1.5789473684210527 -3.1578947368421053 0 -6.306672570463742e+26 -6.306672570463742e+26 0
1.5789473684210527 -2.631578947368421 0 -4.1816714233016935e+97 -4.1816714233016935e+97 0
1.5789473684210527 -2.1052631578947367 0 -3.4508577436836305e+133 -3.4508577436836305e+133 0
1.5789473684210527 -1.5789473684210527 0 0 -0.03973892606176159 0
1.5789473684210527 -1.0526315789473684 1 0 0 -0.11478301552190093
1.5789473684210527 -0.5263157894736842 1 0 0 -0.11478301552190093
1.5789473684210527 -0.0 1 0 0 -0.11478301552190093
1.5789473684210527 0.0 1 0 0 -0.11478301552190093
1.5789473684210527 0.5263157894736842 1 0 0 -0.11478301552190093
1.5789473684210527 1.0526315789473684 0 0 0 0
1.5789473684210527 1.5789473684210527 0 -1.6776813847484613e+280 -1.6776813847484613e+280 0
1.5789473684210527 2.1052631578947367 0 nan nan 0
1.5789473684210527 2.631578947368421 0 nan nan 0
1.5789473684210527 3.1578947368421053 0 nan nan 0
1.5789473684210527 3.6842105263157894 0 nan nan 0
1.5789473684210527 4.2105263157894735 0 nan nan 0
1.5789473684210527 4.7368421052631575 0 nan nan 0
1.5789473684210527 5.263157894736842 0 nan nan 0
1.5789473684210527 5.789473684210526 0 nan nan 0
1.5789473684210527 6.315789473684211 0 nan nan 0
1.5789473684210527 6.842105263157895 0 nan nan 0
1.5789473684210527 7.368421052631579 0 nan nan 0
1.5789473684210527 7.894736842105263 0 nan nan 0
1.5789473684210527 8.421052631578947 0 nan nan 0
1.5789473684210527 8.947368421052632 0 nan nan 0
1.5789473684210527 9.473684210526315 0 nan nan 0
3.1578947368421053 -9.473684210526315 0 26.0 0.0 0
3.1578947368421053 -8.947368421052632 0 26.0 0.0 0
3.1578947368421053 -8.421052631578947 0 26.0 0.0 0
3.1578947368421053 -7.894736842105263 0 26.0 0.0 0
3.1578947368421053 -7.368421052631579 0 26.0 0.0 0
3.1578947368421053 -6.842105263157895 0 26.0 0.0 0
3.1578947368421053 -6.315789473684211 0 26.0 0.0 0
3.1578947368421053 -5.789473684210526 0 26.0 0.0 0
3.1578947368421053 -5.263157894736842 0 26.0 0.0 0
3.1578947368421053 -4.7368421052631575 0 26.0 0.0 0
3.1578947368421053 -4.2105263157894735 0 26.0 0.0 0
3.1578947368421053 -3.6842105263157894 0 -178614042.73726103 -178614068.73726103 0
3.1578947368421053 -3.1578947368421053 0 1.3085364413230411e+34 1.3085364413230411e+34 0
3.1578947368421053 -2.631578947368421 0 -4.0456751698225164e+123 -4.0456751698225164e+123 0
3.1578947368421053 -2.1052631578947367 0 2.130909017012441e+182 2.130909017012441e+182 0
3.1578947368421053 -1.5789473684210527 0 0 0.09701266009586677 0
3.1578947368421053 -1.0526315789473684 1 0 0 0.12331369468025091
3.1578947368421053 -0.5263157894736842 1 0 0 0.12331369468025091
3.1578947368421053 -0.0 1 0 0 0.12331369468025091
3.1578947368421053 0.0 1 0 0 0.12331369468025091
3.1578947368421053 0.5263157894736842 1 0 0 0.12331369468025091
3.1578947368421053 1.0526315789473684 0 0 0.12331369468025091 0
3.1578947368421053 1.5789473684210527 0 inf inf 0
3.1578947368421053 2.1052631578947367 0 nan nan 0
3.1578947368421053 2.631578947368421 0 nan nan 0
3.1578947368421053 3.1578947368421053 0 nan nan 0
3.1578947368421053 3.6842105263157894 0 nan nan 0
3.1578947368421053 4.2105263157894735 0 nan nan 0
3.1578947368421053 4.7368421052631575 0 nan nan 0
3.1578947368421053 5.263157894736842 0 nan nan 0
3.1578947368421053 5.789473684210526 0 nan nan 0
3.1578947368421053 6.315789473684211 0 nan nan 0
3.1578947368421053 6.842105263157895 0 nan nan 0
3.1578947368421053 7.368421052631579 0 nan nan 0
3.1578947368421053 7.894736842105263 0 nan nan 0
3.1578947368421053 8.421052631578947 0 nan nan 0
3.1578947368421053 8.947368421052632 0 nan nan 0
3.1578947368421053 9.473684210526315 0 nan nan 0
4.7368421052631575 -9.473684210526315 0 26.0 0.0 0
4.7368421052631575 -8.947368421052632 0 26.0 0.0 0
4.7368421052631575 -8.421052631578947 0 26.0 0.0 0
4.7368421052631575 -7.894736842105263 0 26.0 0.0 0
4.7368421052631575 -7.368421052631579 0 26.0 0.0 0
4.7368421052631575 -6.842105263157895 0 26.0 0.0 0
4.7368421052631575 -6.315789473684211 0 26.0 0.0 0
4.7368421052631575 -5.789473684210526 0 26.0 0.0 0
4.7368421052631575 -5.263157894736842 0 26.0 0.0 0
4.7368421052631575 -4.7368421052631575 0 26.0 0.0 0
4.7368421052631575 -4.2105263157894735 0 26.0 0.0 0
4.7368421052631575 -3.6842105263157894 0 -2913665404.0803766 -2913665430.0803766 0
4.7368421052631575 -3.1578947368421053 0 -3.018463081707948e+42 -3.018463081707948e+42 0
4.7368421052631575 -2.631578947368421 0 5.126889758848858e+156 5.126889758848858e+156 0
4.7368421052631575 -2.1052631578947367 0 8.547312834905457e+181 8.547312834905457e+181 0
4.7368421052631575 -1.5789473684210527 0 0 0.7026614018350569 -0.451291834696648
4.7368421052631575 -1.0526315789473684 0 0 0 0.7026614018350569
4.7368421052631575 -0.5263157894736842 1 0 0 0.45129183469664813
4.7368421052631575 -0.0 1 0 0 0.45129183469664813
4.7368421052631575 0.0 1 0 0 0.45129183469664813
4.7368421052631575 0.5263157894736842 1 0 0 0.45129183469664813
4.7368421052631575 1.0526315789473684 1 0 0.45129183469664813 0.45129183469664813
4.7368421052631575 1.5789473684210527 0 0 0.45129183469664813 0
4.7368421052631575 2.1052631578947367 0 nan nan 0
4.7368421052631575 2.631578947368421 0 nan nan 0
4.7368421052631575 3.1578947368421053 0 nan nan 0
4.7368421052631575 3.6842105263157894 0 nan nan 0
4.7368421052631575 4.2105263157894735 0 nan nan 0
4.7368421052631575 4.7368421052631575 0 nan nan 0
4.7368421052631575 5.263157894736842 0 nan nan 0
4.7368421052631575 5.789473684210526 0 nan nan 0
4.7368421052631575 6.315789473684211 0 nan nan 0
4.7368421052631575 6.842105263157895 0 nan nan 0
4.7368421052631575 7.368421052631579 0 nan nan 0
4.7368421052631575 7.894736842105263 0 nan nan 0
4.7368421052631575 8.421052631578947 0 nan nan 0
4.7368421052631575 8.947368421052632 0 nan nan 0
4.7368421052631575 9.473684210526315 0 nan nan 0
6.315789473684211 -9.473684210526315 0 26.0 0.0 0
6.315789473684211 -8.947368421052632 0 26.0 0.0 0
6.315789473684211 -8.421052631578947 0 26.0 0.0 0
6.315789473684211 -7.894736842105263 0 26.0 0.0 0
6.315789473684211 -7.368421052631579 0 26.0 0.0 0
6.315789473684211 -6.842105263157895 0 26.0 0.0 0
6.315789473684211 -6.315789473684211 0 26.0 0.0 0
6.315789473684211 -5.789473684210526 0 26.0 0.0 0
6.315789473684211 -5.263157894736842 0 26.0 0.0 0
6.315789473684211 -4.7368421052631575 0 26.0 0.0 0
6.315789473684211 -4.2105263157894735 0 26.0 0.0 0
6.315789473684211 -3.6842105263157894 0 -43219506510.87726 -43219506536.87726 0
6.315789473684211 -3.1578947368421053 0 4.7823110802925213e+51 4.7823110802925213e+51 0
6.315789473684211 -2.631578947368421 0 2.056452447716042e+156 2.056452447716042e+156 0
6.315789473684211 -2.1052631578947367 0 3.4284221482231886e+181 3.4284221482231886e+181 -0.4503378057537297
6.315789473684211 -1.5789473684210527 0 0 1.859382951925492 -0.4503378057537297
6.315789473684211 -1.0526315789473684 0 0 1.859382951925492 1.859382951925492
6.315789473684211 -0.5263157894736842 0 0 0 1.859382951925492
6.315789473684211 -0.0 0 0 0 1.859382951925492
6.315789473684211 0.0 0 0 0 1.859382951925492
6.315789473684211 0.5263157894736842 1 0 0 0.45033780575373
6.315789473684211 1.0526315789473684 1 0 0 0.45033780575373
6.315789473684211 1.5789473684210527 1 0 0.45033780575373 0.45033780575373
6.315789473684211 2.1052631578947367 0 0 0.45033780575373 0
6.315789473684211 2.631578947368421 0 nan nan 0
6.315789473684211 3.1578947368421053 0 nan nan 0
6.315789473684211 3.6842105263157894 0 nan nan 0
6.315789473684211 4.2105263157894735 0 nan nan 0
6.315789473684211 4.7368421052631575 0 nan nan 0
6.315789473684211 5.263157894736842 0 nan nan 0
6.315789473684211 5.789473684210526 0 nan nan 0
6.315789473684211 6.315789473684211 0 nan nan 0
6.315789473684211 6.842105263157895 0 nan nan 0
6.315789473684211 7.368421052631579 0 nan nan 0
6.315789473684211 7.894736842105263 0 nan nan 0
6.315789473684211 8.421052631578947 0 nan nan 0
6.315789473684211 8.947368421052632 0 nan nan 0
6.315789473684211 9.473684210526315 0 nan nan 0
7.894736842105264 -9.473684210526315 0 26.0 0.0 0
7.894736842105264 -8.947368421052632 0 26.0 0.0 0
7.894736842105264 -8.421052631578947 0 26.0 0.0 0
7.894736842105264 -7.894736842105263 0 26.0 0.0 0
7.894736842105264 -7.368421052631579 0 26.0 0.0 0
7.894736842105264 -6.842105263157895 0 26.0 0.0 0
7.894736842105264 -6.315789473684211 0 26.0 0.0 0
7.894736842105264 -5.789473684210526 0 26.0 0.0 0
7.894736842105264 -5.263157894736842 0 26.0 0.0 0
7.894736842105264 -4.7368421052631575 0 26.0 0.0 0
7.894736842105264 -4.2105263157894735 0 229.63777777777776 203.63777777777776 0
7.894736842105264 -3.6842105263157894 0 -17335823543.1195 -17335823543.1195 0
7.894736842105264 -3.1578947368421053 0 1.9182381110951112e+51 1.9182381110951112e+51 0
7.894736842105264 -2.631578947368421 0 8.248659262505456e+155 8.248659262505456e+155 0.3239302306177125
7.894736842105264 -2.1052631578947367 0 1.3751782172317456e+181 1.3751782172317456e+181 0.3239302306177125
7.894736842105264 -1.5789473684210527 0 -1.4111299943522433e+205 -1.4111299943522433e+205 0.3239302306177125
7.894736842105264 -1.0526315789473684 0 0 3.3755068768168597 -3.3755068768168597
7.894736842105264 -0.5263157894736842 0 0 3.3755068768168597 3.3755068768168597
7.894736842105264 -0.0 0 0 3.3755068768168597 3.3755068768168597
7.894736842105264 0.0 0 0 3.3755068768168597 3.3755068768168597
7.894736842105264 0.5263157894736842 0 0 3.3755068768168597 3.3755068768168597
7.894736842105264 1.0526315789473684 0 0 0 3.3755068768168597
7.894736842105264 1.5789473684210527 1 0 0 -0.32393023061771203
7.894736842105264 2.1052631578947367 1 0 0 -0.32393023061771203
7.894736842105264 2.631578947368421 1 0 -0.32393023061771203 -0.32393023061771203
7.894736842105264 3.1578947368421053 0 0 -0.32393023061771203 0
7.894736842105264 3.6842105263157894 0 nan nan 0
7.894736842105264 4.2105263157894735 0 nan nan 0
7.894736842105264 4.7368421052631575 0 nan nan 0
7.894736842105264 5.263157894736842 0 nan nan 0
7.894736842105264 5.789473684210526 0 nan nan 0
7.894736842105264 6.315789473684211 0 nan nan 0
7.894736842105264 6.842105263157895 0 nan nan 0
7.894736842105264 7.368421052631579 0 nan nan 0
7.894736842105264 7.894736842105263 0 nan nan 0
7.894736842105264 8.421052631578947 0 nan nan 0
7.894736842105264 8.947368421052632 0 nan nan 0
7.894736842105264 9.473684210526315 0 nan nan 0
9.473684210526315 -9.473684210526315 0 26.0 0.0 0
9.473684210526315 -8.947368421052632 0 26.0 0.0 0
9.473684210526315 -8.421052631578947 0 26.0 0.0 0
9.473684210526315 -7.894736842105263 0 26.0 0.0 0
9.473684210526315 -7.368421052631579 0 26.0 0.0 0
9.473684210526315 -6.842105263157895 0 26.0 0.0 0
9.473684210526315 -6.315789473684211 0 26.0 0.0 0
9.473684210526315 -5.789473684210526 0 26.0 0.0 0
9.473684210526315 -5.263157894736842 0 26.0 0.0 0
9.473684210526315 -4.7368421052631575 0 188.23357733517526 162.23357733517526 0
9.473684210526315 -4.2105263157894735 0 999.6974591562282 1001.8888806704159 0
9.473684210526315 -3.6842105263157894 0 -6953587874.205119 -6953587822.205119 2.1914215141877653
9.473684210526315 -3.1578947368421053 0 7.69426620117039e+50 7.69426620117039e+50 2.1914215141877653
9.473684210526315 -2.631578947368421 0 3.3086288819605217e+155 3.3086288819605217e+155 2.1914215141877653
9.473684210526315 -2.1052631578947367 0 -2.823106787279265e+182 -2.823106787279265e+182 -4.7913575786110005
9.473684210526315 -1.5789473684210527 0 1.9366275818024248e+228 1.9366275818024248e+228 -4.7913575786110005
9.473684210526315 -1.0526315789473684 0 2.7860098770552622e+259 2.7860098770552622e+259 -4.7913575786110005
9.473684210526315 -0.5263157894736842 0 1.8991481380105245e+260 1.8991481380105245e+260 -4.7913575786110005
9.473684210526315 -0.0 0 1.2948043404174965e+261 1.2948043404174965e+261 0
9.473684210526315 0.0 0 nan nan 0
9.473684210526315 0.5263157894736842 0 0 4.791357578611002 0
9.473684210526315 1.0526315789473684 0 0 4.791357578611002 4.791357578611002
9.473684210526315 1.5789473684210527 0 0 4.791357578611002 4.791357578611002
9.473684210526315 2.1052631578947367 0 0 -0.32393023061771203 4.791357578611002
9.473684210526315 2.631578947368421 1 0 -0.32393023061771203 -2.191421514187769
9.473684210526315 3.1578947368421053 1 0 0 -2.191421514187769
9.473684210526315 3.6842105263157894 1 0 0 -2.191421514187769
9.473684210526315 4.2105263157894735 0 0 -2.191421514187769 0
9.473684210526315 4.7368421052631575 0 nan nan 0
9.473684210526315 5.263157894736842 0 nan nan 0
9.473684210526315 5.789473684210526 0 nan nan 0
9.473684210526315 6.315789473684211 0 nan nan 0
9.473684210526315 6.842105263157895 0 nan nan 0
9.473684210526315 7.368421052631579 0 nan nan 0
9.473684210526315 7.894736842105263 0 nan nan 0
9.473684210526315 8.421052631578947 0 nan nan 0
9.473684210526315 8.947368421052632 0 nan nan 0
9.473684210526315 9.473684210526315 0 nan nan 0
11.052631578947368 -9.473684210526315 0 26.0 0.0 0
11.052631578947368 -8.947368421052632 0 26.0 0.0 0
11.052631578947368 -8.421052631578947 0 26.0 0.0 0
11.052631578947368 -7.894736842105263 0 26.0 0.0 0
11.052631578947368 -7.368421052631579 0 26.0 0.0 0
11.052631578947368 -6.842105263157895 0 26.0 0.0 0
11.052631578947368 -6.315789473684211 0 26.0 0.0 0
11.052631578947368 -5.789473684210526 0 26.0 0.0 0
11.052631578947368 -5.263157894736842 0 -45.12979867760572 -71.12979867760572 0
11.052631578947368 -4.7368421052631575 0 3419.014363432711 3393.014363432711 0
11.052631578947368 -4.2105263157894735 0 46280.6141997888 46285.8253284327 0
11.052631578947368 -3.6842105263157894 0 -2788765078.6509705 -2788765125.4398417 5.211128643901128
11.052631578947368 -3.1578947368421053 0 3.086255665136123e+50 3.086255665136123e+50 5.211128643901128
11.052631578947368 -2.631578947368421 0 1.3271278070974982e+155 1.3271278070974982e+155 5.211128643901128
11.052631578947368 -2.1052631578947367 0 -1.1323795002309051e+182 -1.1323795002309051e+182 0
11.052631578947368 -1.5789473684210527 0 6.982009674027213e+279 6.982009674027213e+279 0
11.052631578947368 -1.0526315789473684 0 -inf -inf 0
11.052631578947368 -0.5263157894736842 0 nan nan 0
11.052631578947368 -0.0 0 nan nan 0
11.052631578947368 0.0 0 nan nan 0
11.052631578947368 0.5263157894736842 0 nan nan 0
11.052631578947368 1.0526315789473684 0 nan nan 0
11.052631578947368 1.5789473684210527 0 nan nan 0
11.052631578947368 2.1052631578947367 0 nan nan 0
11.052631578947368 2.631578947368421 0 0 5.458045800569804 0
11.052631578947368 3.1578947368421053 1 0 5.458045800569804 -5.211128643901128
11.052631578947368 3.6842105263157894 1 0 -2.191421514187769 -5.211128643901128
11.052631578947368 4.2105263157894735 1 0 -5.211128643901128 -5.211128643901128
11.052631578947368 4.7368421052631575 0 0 -5.211128643901128 0
11.052631578947368 5.263157894736842 0 nan nan 0
11.052631578947368 5.789473684210526 0 nan nan 0
11.052631578947368 6.315789473684211 0 nan nan 0
11.052631578947368 6.842105263157895 0 nan nan 0
11.052631578947368 7.368421052631579 0 nan nan 0
11.052631578947368 7.894736842105263 0 nan nan 0
11.052631578947368 8.421052631578947 0 nan nan 0
11.052631578947368 8.947368421052632 0 nan nan 0
11.052631578947368 9.473684210526315 0 nan nan 0
12.631578947368421 -9.473684210526315 0 26.0 0.0 0
12.631578947368421 -8.947368421052632 0 26.0 0.0 0
12.631578947368421 -8.421052631578947 0 26.0 0.0 0
12.631578947368421 -7.894736842105263 0 26.0 0.0 0
12.631578947368421 -7.368421052631579 0 26.0 0.0 0
12.631578947368421 -6.842105263157895 0 26.0 0.0 0
12.631578947368421 -6.315789473684211 0 26.0 0.0 0
12.631578947368421 -5.789473684210526 0 26.0 0.0 0
12.631578947368421 -5.263157894736842 0 -4384.759692834322 -4410.759692834322 0
12.631578947368421 -4.7368421052631575 0 39084180.84263404 39084154.84263404 0
12.631578947368421 -4.2105263157894735 0 -8175129020539.691 -8175129020565.691 0
12.631578947368421 -3.6842105263157894 0 -20594561377821.984 -20594561377812.895 0
12.631578947368421 -3.1578947368421053 0 1.2379314390157114e+50 1.2379314390157114e+50 9.090673834878356
12.631578947368421 -2.631578947368421 0 5.3232570929132976e+154 5.3232570929132976e+154 9.090673834878356
12.631578947368421 -2.1052631578947367 0 -1.795620249497628e+192 -1.795620249497628e+192 9.090673834878356
12.631578947368421 -1.5789473684210527 0 -inf -inf 0
12.631578947368421 -1.0526315789473684 0 nan nan 0
12.631578947368421 -0.5263157894736842 0 nan nan 0
12.631578947368421 -0.0 0 nan nan 0
12.631578947368421 0.0 0 nan nan 0
12.631578947368421 0.5263157894736842 0 nan nan 0
12.631578947368421 1.0526315789473684 0 nan nan 0
12.631578947368421 1.5789473684210527 0 nan nan 0
12.631578947368421 2.1052631578947367 0 nan nan 0
12.631578947368421 2.631578947368421 1 nan nan -9.09067383487836
12.631578947368421 3.1578947368421053 1 0 -5.211128643901128 -9.09067383487836
12.631578947368421 3.6842105263157894 1 0 -5.211128643901128 -9.09067383487836
12.631578947368421 4.2105263157894735 0 0 -5.211128643901128 0
12.631578947368421 4.7368421052631575 0 nan nan 0
12.631578947368421 5.263157894736842 0 nan nan 0
12.631578947368421 5.789473684210526 0 nan nan 0
12.631578947368421 6.315789473684211 0 nan nan 0
12.631578947368421 6.842105263157895 0 nan nan 0
12.631578947368421 7.368421052631579 0 nan nan 0
12.631578947368421 7.894736842105263 0 nan nan 0
12.631578947368421 8.421052631578947 0 nan nan 0
12.631578947368421 8.947368421052632 0 nan nan 0
12.631578947368421 9.473684210526315 0 nan nan 0
14.210526315789474 -9.473684210526315 0 26.0 0.0 0
14.210526315789474 -8.947368421052632 0 26.0 0.0 0
14.210526315789474 -8.421052631578947 0 26.0 0.0 0
14.210526315789474 -7.894736842105263 0 26.0 0.0 0
14.210526315789474 -7.368421052631579 0 26.0 0.0 0
14.210526315789474 -6.842105263157895 0 26.0 0.0 0
14.210526315789474 -6.315789473684211 0 26.0 0.0 0
14.210526315789474 -5.789473684210526 0 26.0 0.0 0
14.210526315789474 -5.263157894736842 0 -108880.01550624923 -108906.01550624923 0
14.210526315789474 -4.7368421052631575 0 13380263991432.514 13380263991406.514 0
14.210526315789474 -4.2105263157894735 0 -1.2750564882140137e+23 -1.2750564882140137e+23 0
14.210526315789474 -3.6842105263157894 0 -2.35729302632445e+37 -2.35729302632445e+37 0
14.210526315789474 -3.1578947368421053 0 9.520643803779269e+64 9.520643803779269e+64 0
14.210526315789474 -2.631578947368421 0 -4.067911279879036e+171 -4.067911279879036e+171 0
14.210526315789474 -2.1052631578947367 0 8.050563789368936e+269 8.050563789368936e+269 0
14.210526315789474 -1.5789473684210527 0 nan nan 0
14.210526315789474 -1.0526315789473684 0 nan nan 0
14.210526315789474 -0.5263157894736842 0 nan nan 0
14.210526315789474 -0.0 0 nan nan 0
14.210526315789474 0.0 0 nan nan 0
14.210526315789474 0.5263157894736842 0 nan nan 0
14.210526315789474 1.0526315789473684 0 nan nan 0
14.210526315789474 1.5789473684210527 0 nan nan 0
14.210526315789474 2.1052631578947367 0 nan nan 0
14.210526315789474 2.631578947368421 0 0 -9.09067383487836 0
14.210526315789474 3.1578947368421053 0 0 -9.09067383487836 0
14.210526315789474 3.6842105263157894 0 0 -9.09067383487836 0
14.210526315789474 4.2105263157894735 0 nan nan 0
14.210526315789474 4.7368421052631575 0 nan nan 0
14.210526315789474 5.263157894736842 0 nan nan 0
14.210526315789474 5.789473684210526 0 nan nan 0
14.210526315789474 6.315789473684211 0 nan nan 0
14.210526315789474 6.842105263157895 0 nan nan 0
14.210526315789474 7.368421052631579 0 nan nan 0
14.210526315789474 7.894736842105263 0 nan nan 0
14.210526315789474 8.421052631578947 0 nan nan 0
14.210526315789474 8.947368421052632 0 nan nan 0
14.210526315789474 9.473684210526315 0 nan nan 0
15.789473684210527 -9.473684210526315 0 26.0 0.0 0
15.789473684210527 -8.947368421052632 0 26.0 0.0 0
15.789473684210527 -8.421052631578947 0 26.0 0.0 0
15.789473684210527 -7.894736842105263 0 26.0 0.0 0
15.789473684210527 -7.368421052631579 0 26.0 0.0 0
15.789473684210527 -6.842105263157895 0 26.0 0.0 0
15.789473684210527 -6.315789473684211 0 26.0 0.0 0
15.789473684210527 -5.789473684210526 0 26.0 0.0 0
15.789473684210527 -5.263157894736842 0 -1971470.1713910406 -1971496.1713910406 0
15.789473684210527 -4.7368421052631575 0 -4.4130906108721843e+18 -4.4130906108721843e+18 0
15.789473684210527 -4.2105263157894735 0 3.97833225620046e+35 3.97833225620046e+35 0
15.789473684210527 -3.6842105263157894 0 4.9702932944525046e+58 4.9702932944525046e+58 0
15.789473684210527 -3.1578947368421053 0 -1.1473515952174841e+107 -1.1473515952174841e+107 0
15.789473684210527 -2.631578947368421 0 -5.287635232055752e+244 -5.287635232055752e+244 0
15.789473684210527 -2.1052631578947367 0 -inf -inf 0
15.789473684210527 -1.5789473684210527 0 nan nan 0
15.789473684210527 -1.0526315789473684 0 nan nan 0
15.789473684210527 -0.5263157894736842 0 nan nan 0
15.789473684210527 -0.0 0 nan nan 0
15.789473684210527 0.0 0 nan nan 0
15.789473684210527 0.5263157894736842 0 nan nan 0
15.789473684210527 1.0526315789473684 0 nan nan 0
15.789473684210527 1.5789473684210527 0 nan nan 0
15.789473684210527 2.1052631578947367 0 nan nan 0
15.789473684210527 2.631578947368421 0 nan nan 0
15.789473684210527 3.1578947368421053 0 nan nan 0
15.789473684210527 3.6842105263157894 0 nan nan 0
15.789473684210527 4.2105263157894735 0 nan nan 0
15.789473684210527 4.7368421052631575 0 nan nan 0
15.789473684210527 5.263157894736842 0 nan nan 0
15.789473684210527 5.789473684210526 0 nan nan 0
15.789473684210527 6.315789473684211 0 nan nan 0
15.789473684210527 6.842105263157895 0 nan nan 0
15.789473684210527 7.368421052631579 0 nan nan 0
15.789473684210527 7.894736842105263 0 nan nan 0
15.789473684210527 8.421052631578947 0 nan nan 0
15.789473684210527 8.947368421052632 0 nan nan 0
15.789473684210527 9.473684210526315 0 nan nan 0
17.36842105263158 -9.473684210526315 0 26.0 0.0 0
17.36842105263158 -8.947368421052632 0 26.0 0.0 0
17.36842105263158 -8.421052631578947 0 26.0 0.0 0
17.36842105263158 -7.894736842105263 0 26.0 0.0 0
17.36842105263158 -7.368421052631579 0 26.0 0.0 0
17.36842105263158 -6.842105263157895 0 26.0 0.0 0
17.36842105263158 -6.315789473684211 0 26.0 0.0 0
17.36842105263158 -5.789473684210526 0 26.0 0.0 0
17.36842105263158 -5.263157894736842 0 -30337019.564278413 -30337045.564278413 0
17.36842105263158 -4.7368421052631575 0 1.0437984571749194e+25 1.0437984571749194e+25 0
17.36842105263158 -4.2105263157894735 0 1.9239529308953187e+53 1.9239529308953187e+53 0
17.36842105263158 -3.6842105263157894 0 -2.646165717400201e+91 -2.646165717400201e+91 0
17.36842105263158 -3.1578947368421053 0 -6.201614492557565e+157 -6.201614492557565e+157 0
17.36842105263158 -2.631578947368421 0 nan nan 0
17.36842105263158 -2.1052631578947367 0 nan nan 0
17.36842105263158 -1.5789473684210527 0 nan nan 0
17.36842105263158 -1.0526315789473684 0 nan nan 0
17.36842105263158 -0.5263157894736842 0 nan nan 0
17.36842105263158 -0.0 0 nan nan 0
17.36842105263158 0.0 0 nan nan 0
17.36842105263158 0.5263157894736842 0 nan nan 0
17.36842105263158 1.0526315789473684 0 nan nan 0
17.36842105263158 1.5789473684210527 0 nan nan 0
17.36842105263158 2.1052631578947367 0 nan nan 0
17.36842105263158 2.631578947368421 0 nan nan 0
17.36842105263158 3.1578947368421053 0 nan nan 0
17.36842105263158 3.6842105263157894 0 nan nan 0
17.36842105263158 4.2105263157894735 0 nan nan 0
17.36842105263158 4.7368421052631575 0 nan nan 0
17.36842105263158 5.263157894736842 0 nan nan 0
17.36842105263158 5.789473684210526 0 nan nan 0
17.36842105263158 6.315789473684211 0 nan nan 0
17.36842105263158 6.842105263157895 0 nan nan 0
17.36842105263158 7.368421052631579 0 nan nan 0
17.36842105263158 7.894736842105263 0 nan nan 0
17.36842105263158 8.421052631578947 0 nan nan 0
17.36842105263158 8.947368421052632 0 nan nan 0
17.36842105263158 9.473684210526315 0 nan nan 0
18.94736842105263 -9.473684210526315 0 26.0 0.0 0
18.94736842105263 -8.947368421052632 0 26.0 0.0 0
18.94736842105263 -8.421052631578947 0 26.0 0.0 0
18.94736842105263 -7.894736842105263 0 26.0 0.0 0
18.94736842105263 -7.368421052631579 0 26.0 0.0 0
18.94736842105263 -6.842105263157895 0 26.0 0.0 0
18.94736842105263 -6.315789473684211 0 26.0 0.0 0
18.94736842105263 -5.789473684210526 0 26.0 0.0 0
18.94736842105263 -5.263157894736842 0 -421788769.11744225 -421788795.11744225 0
18.94736842105263 -4.7368421052631575 0 -2.2030220074338285e+32 -2.2030220074338285e+32 0
18.94736842105263 -4.2105263157894735 0 -1.0707059250695381e+77 -1.0707059250695381e+77 0
18.94736842105263 -3.6842105263157894 0 -1.5432492442877792e+140 -1.5432492442877792e+140 0
18.94736842105263 -3.1578947368421053 0 -2.951112968038837e+231 -2.951112968038837e+231 0
18.94736842105263 -2.631578947368421 0 nan nan 0
18.94736842105263 -2.1052631578947367 0 nan nan 0
18.94736842105263 -1.5789473684210527 0 nan nan 0
18.94736842105263 -1.0526315789473684 0 nan nan 0
18.94736842105263 -0.5263157894736842 0 nan nan 0
18.94736842105263 -0.0 0 nan nan 0
18.94736842105263 0.0 0 nan nan 0
18.94736842105263 0.5263157894736842 0 nan nan 0
18.94736842105263 1.0526315789473684 0 nan nan 0
18.94736842105263 1.5789473684210527 0 nan nan 0
18.94736842105263 2.1052631578947367 0 nan nan 0
18.94736842105263 2.631578947368421 0 nan nan 0
18.94736842105263 3.1578947368421053 0 nan nan 0
18.94736842105263 3.6842105263157894 0 nan nan 0
18.94736842105263 4.2105263157894735 0 nan nan 0
18.94736842105263 4.7368421052631575 0 nan nan 0
18.94736842105263 5.263157894736842 0 nan nan 0
18.94736842105263 5.789473684210526 0 nan nan 0
18.94736842105263 6.315789473684211 0 nan nan 0
18.94736842105263 6.842105263157895 0 nan nan 0
18.94736842105263 7.368421052631579 0 nan nan 0
18.94736842105263 7.894736842105263 0 nan nan 0
18.94736842105263 8.421052631578947 0 nan nan 0
18.94736842105263 8.947368421052632 0 nan nan 0
18.94736842105263 9.473684210526315 0 nan nan 0
20.526315789473685 -9.473684210526315 0 26.0 0.0 0
20.526315789473685 -8.947368421052632 0 26.0 0.0 0
20.526315789473685 -8.421052631578947 0 26.0 0.0 0
20.526315789473685 -7.894736842105263 0 26.0 0.0 0
20.526315789473685 -7.368421052631579 0 26.0 0.0 0
20.526315789473685 -6.842105263157895 0 26.0 0.0 0
20.526315789473685 -6.315789473684211 0 26.0 0.0 0
20.526315789473685 -5.789473684210526 0 26.0 0.0 0
20.526315789473685 -5.263157894736842 0 -5468338561.5459795 -5468338587.5459795 0
20.526315789473685 -4.7368421052631575 0 4.46708309600755e+40 4.46708309600755e+40 0
20.526315789473685 -4.2105263157894735 0 -6.613834148986335e+107 -6.613834148986335e+107 0
20.526315789473685 -3.6842105263157894 0 -3.895671454781801e+210 -3.895671454781801e+210 0
20.526315789473685 -3.1578947368421053 0 inf inf 0
20.526315789473685 -2.631578947368421 0 nan nan 0
20.526315789473685 -2.1052631578947367 0 nan nan 0
20.526315789473685 -1.5789473684210527 0 nan nan 0
20.526315789473685 -1.0526315789473684 0 nan nan 0
20.526315789473685 -0.5263157894736842 0 nan nan 0
20.526315789473685 -0.0 0 nan nan 0
20.526315789473685 0.0 0 nan nan 0
20.526315789473685 0.5263157894736842 0 nan nan 0
20.526315789473685 1.0526315789473684 0 nan nan 0
20.526315789473685 1.5789473684210527 0 nan nan 0
20.526315789473685 2.1052631578947367 0 nan nan 0
20.526315789473685 2.631578947368421 0 nan nan 0
20.526315789473685 3.1578947368421053 0 nan nan 0
20.526315789473685 3.6842105263157894 0 nan nan 0
20.526315789473685 4.2105263157894735 0 nan nan 0
20.526315789473685 4.7368421052631575 0 nan nan 0
20.526315789473685 5.263157894736842 0 nan nan 0
20.526315789473685 5.789473684210526 0 nan nan 0
20.526315789473685 6.315789473684211 0 nan nan 0
20.526315789473685 6.842105263157895 0 nan nan 0
20.526315789473685 7.368421052631579 0 nan nan 0
20.526315789473685 7.894736842105263 0 nan nan 0
20.526315789473685 8.421052631578947 0 nan nan 0
20.526315789473685 8.947368421052632 0 nan nan 0
20.526315789473685 9.473684210526315 0 nan nan 0
22.105263157894736 -9.473684210526315 0 26.0 0.0 0
22.105263157894736 -8.947368421052632 0 26.0 0.0 0
22.105263157894736 -8.421052631578947 0 26.0 0.0 0
22.105263157894736 -7.894736842105263 0 26.0 0.0 0
22.105263157894736 -7.368421052631579 0 26.0 0.0 0
22.105263157894736 -6.842105263157895 0 26.0 0.0 0
22.105263157894736 -6.315789473684211 0 26.0 0.0 0
22.105263157894736 -5.789473684210526 0 26.0 0.0 0
22.105263157894736 -5.263157894736842 0 -67346255925.42616 -67346255951.42616 0
22.105263157894736 -4.7368421052631575 0 -8.990616057039486e+49 -8.990616057039486e+49 0
22.105263157894736 -4.2105263157894735 0 4.3592780801765395e+146 4.3592780801765395e+146 0
22.105263157894736 -3.6842105263157894 0 inf inf 0
22.105263157894736 -3.1578947368421053 0 nan nan 0
22.105263157894736 -2.631578947368421 0 nan nan 0
22.105263157894736 -2.1052631578947367 0 nan nan 0
22.105263157894736 -1.5789473684210527 0 nan nan 0
22.105263157894736 -1.0526315789473684 0 nan nan 0
22.105263157894736 -0.5263157894736842 0 nan nan 0
22.105263157894736 -0.0 0 nan nan 0
22.105263157894736 0.0 0 nan nan 0
22.105263157894736 0.5263157894736842 0 nan nan 0
22.105263157894736 1.0526315789473684 0 nan nan 0
22.105263157894736 1.5789473684210527 0 nan nan 0
22.105263157894736 2.1052631578947367 0 nan nan 0
22.105263157894736 2.631578947368421 0 nan nan 0
22.105263157894736 3.1578947368421053 0 nan nan 0
22.105263157894736 3.6842105263157894 0 nan nan 0
22.105263157894736 4.2105263157894735 0 nan nan 0
22.105263157894736 4.7368421052631575 0 nan nan 0
22.105263157894736 5.263157894736842 0 nan nan 0
22.105263157894736 5.789473684210526 0 nan nan 0
22.105263157894736 6.315789473684211 0 nan nan 0
22.105263157894736 6.842105263157895 0 nan nan 0
22.105263157894736 7.368421052631579 0 nan nan 0
22.105263157894736 7.894736842105263 0 nan nan 0
22.105263157894736 8.421052631578947 0 nan nan 0
22.105263157894736 8.947368421052632 0 nan nan 0
22.105263157894736 9.473684210526315 0 nan nan 0
23.68421052631579 -9.473684210526315 0 26.0 0.0 0
23.68421052631579 -8.947368421052632 0 26.0 0.0 0
23.68421052631579 -8.421052631578947 0 26.0 0.0 0
23.68421052631579 -7.894736842105263 0 26.0 0.0 0
23.68421052631579 -7.368421052631579 0 26.0 0.0 0
23.68421052631579 -6.842105263157895 0 26.0 0.0 0
23.68421052631579 -6.315789473684211 0 26.0 0.0 0
23.68421052631579 -5.789473684210526 0 26.0 0.0 0
23.68421052631579 -5.263157894736842 0 -797333372833.1748 -797333372859.1748 0
23.68421052631579 -4.7368421052631575 0 1.8231478698066488e+60 1.8231478698066488e+60 0
23.68421052631579 -4.2105263157894735 0 2.939736956681348e+194 2.939736956681348e+194 0
23.68421052631579 -3.6842105263157894 0 nan nan 0
23.68421052631579 -3.1578947368421053 0 nan nan 0
23.68421052631579 -2.631578947368421 0 nan nan 0
23.68421052631579 -2.1052631578947367 0 nan nan 0
23.68421052631579 -1.5789473684210527 0 nan nan 0
23.68421052631579 -1.0526315789473684 0 nan nan 0
23.68421052631579 -0.5263157894736842 0 nan nan 0
23.68421052631579 -0.0 0 nan nan 0
23.68421052631579 0.0 0 nan nan 0
23.68421052631579 0.5263157894736842 0 nan nan 0
23.68421052631579 1.0526315789473684 0 nan nan 0
23.68421052631579 1.5789473684210527 0 nan nan 0
23.68421052631579 2.1052631578947367 0 nan nan 0
23.68421052631579 2.631578947368421 0 nan nan 0
23.68421052631579 3.1578947368421053 0 nan nan 0
23.68421052631579 3.6842105263157894 0 nan nan 0
23.68421052631579 4.2105263157894735 0 nan nan 0
23.68421052631579 4.7368421052631575 0 nan nan 0
23.68421052631579 5.263157894736842 0 nan nan 0
23.68421052631579 5.789473684210526 0 nan nan 0
23.68421052631579 6.315789473684211 0 nan nan 0
23.68421052631579 6.842105263157895 0 nan nan 0
23.68421052631579 7.368421052631579 0 nan nan 0
23.68421052631579 7.894736842105263 0 nan nan 0
23.68421052631579 8.421052631578947 0 nan nan 0
23.68421052631579 8.947368421052632 0 nan nan 0
23.68421052631579 9.473684210526315 0 nan nan 0
25.263157894736842 -9.473684210526315 0 26.0 0.0 0
25.263157894736842 -8.947368421052632 0 26.0 0.0 0
25.263157894736842 -8.421052631578947 0 26.0 0.0 0
25.263157894736842 -7.894736842105263 0 26.0 0.0 0
25.263157894736842 -7.368421052631579 0 26.0 0.0 0
25.263157894736842 -6.842105263157895 0 26.0 0.0 0
25.263157894736842 -6.315789473684211 0 26.0 0.0 0
25.263157894736842 -5.789473684210526 0 26.0 0.0 0
25.263157894736842 -5.263157894736842 0 -9148786965276.098 -9148786965302.098 0
25.263157894736842 -4.7368421052631575 0 -3.744707252675318e+71 -3.744707252675318e+71 0
25.263157894736842 -4.2105263157894735 0 -1.9308621051344217e+252 -1.9308621051344217e+252 0
25.263157894736842 -3.6842105263157894 0 nan nan 0
25.263157894736842 -3.1578947368421053 0 nan nan 0
25.263157894736842 -2.631578947368421 0 nan nan 0
25.263157894736842 -2.1052631578947367 0 nan nan 0
25.263157894736842 -1.5789473684210527 0 nan nan 0
25.263157894736842 -1.0526315789473684 0 nan nan 0
25.263157894736842 -0.5263157894736842 0 nan nan 0
25.263157894736842 -0.0 0 nan nan 0
25.263157894736842 0.0 0 nan nan 0
25.263157894736842 0.5263157894736842 0 nan nan 0
25.263157894736842 1.0526315789473684 0 nan nan 0
25.263157894736842 1.5789473684210527 0 nan nan 0
25.263157894736842 2.1052631578947367 0 nan nan 0
25.263157894736842 2.631578947368421 0 nan nan 0
25.263157894736842 3.1578947368421053 0 nan nan 0
25.263157894736842 3.6842105263157894 0 nan nan 0
25.263157894736842 4.2105263157894735 0 nan nan 0
25.263157894736842 4.7368421052631575 0 nan nan 0
25.263157894736842 5.263157894736842 0 nan nan 0
25.263157894736842 5.789473684210526 0 nan nan 0
25.263157894736842 6.315789473684211 0 nan nan 0
25.263157894736842 6.842105263157895 0 nan nan 0
25.263157894736842 7.368421052631579 0 nan nan 0
25.263157894736842 7.894736842105263 0 nan nan 0
25.263157894736842 8.421052631578947 0 nan nan 0
25.263157894736842 8.947368421052632 0 nan nan 0
25.263157894736842 9.473684210526315 0 nan nan 0
26.842105263157894 -9.473684210526315 0 26.0 0.0 0
26.842105263157894 -8.947368421052632 0 26.0 0.0 0
26.842105263157894 -8.421052631578947 0 26.0 0.0 0
26.842105263157894 -7.894736842105263 0 26.0 0.0 0
26.842105263157894 -7.368421052631579 0 26.0 0.0 0
26.842105263157894 -6.842105263157895 0 26.0 0.0 0
26.842105263157894 -6.315789473684211 0 26.0 0.0 0
26.842105263157894 -5.789473684210526 0 26.0 0.0 0
26.842105263157894 -5.263157894736842 0 -102330825457947.69 -102330825457973.69 0
26.842105263157894 -4.7368421052631575 0 7.782703937563866e+83 7.782703937563866e+83 0
26.842105263157894 -4.2105263157894735 0 -inf -inf 0
26.842105263157894 -3.6842105263157894 0 nan nan 0
26.842105263157894 -3.1578947368421053 0 nan nan 0
26.842105263157894 -2.631578947368421 0 nan nan 0
26.842105263157894 -2.1052631578947367 0 nan nan 0
26.842105263157894 -1.5789473684210527 0 nan nan 0
26.842105263157894 -1.0526315789473684 0 nan nan 0
26.842105263157894 -0.5263157894736842 0 nan nan 0
26.842105263157894 -0.0 0 nan nan 0
26.842105263157894 0.0 0 nan nan 0
26.842105263157894 0.5263157894736842 0 nan nan 0
26.842105263157894 1.0526315789473684 0 nan nan 0
26.842105263157894 1.5789473684210527 0 nan nan 0
26.842105263157894 2.1052631578947367 0 nan nan 0
26.842105263157894 2.631578947368421 0 nan nan 0
26.842105263157894 3.1578947368421053 0 nan nan 0
26.842105263157894 3.6842105263157894 0 nan nan 0
26.842105263157894 4.2105263157894735 0 nan nan 0
26.842105263157894 4.7368421052631575 0 nan nan 0
26.842105263157894 5.263157894736842 0 nan nan 0
26.842105263157894 5.789473684210526 0 nan nan 0
26.842105263157894 6.315789473684211 0 nan nan 0
26.842105263157894 6.842105263157895 0 nan nan 0
26.842105263157894 7.368421052631579 0 nan nan 0
26.842105263157894 7.894736842105263 0 nan nan 0
26.842105263157894 8.421052631578947 0 nan nan 0
26.842105263157894 8.947368421052632 0 nan nan 0
26.842105263157894 9.473684210526315 0 nan nan 0
28.42105263157895 -9.473684210526315 0 26.0 0.0 0
28.42105263157895 -8.947368421052632 0 26.0 0.0 0
28.42105263157895 -8.421052631578947 0 26.0 0.0 0
28.42105263157895 -7.894736842105263 0 26.0 0.0 0
28.42105263157895 -7.368421052631579 0 26.0 0.0 0
28.42105263157895 -6.842105263157895 0 26.0 0.0 0
28.42105263157895 -6.315789473684211 0 26.0 0.0 0
28.42105263157895 -5.789473684210526 0 26.0 0.0 0
28.42105263157895 -5.263157894736842 0 -1120567722637140.5 -1120567722637166.5 0
28.42105263157895 -4.7368421052631575 0 -1.6282355529074423e+97 -1.6282355529074423e+97 0
28.42105263157895 -4.2105263157894735 0 nan nan 0
28.42105263157895 -3.6842105263157894 0 nan nan 0
28.42105263157895 -3.1578947368421053 0 nan nan 0
28.42105263157895 -2.631578947368421 0 nan nan 0
28.42105263157895 -2.1052631578947367 0 nan nan 0
28.42105263157895 -1.5789473684210527 0 nan nan 0
28.42105263157895 -1.0526315789473684 0 nan nan 0
28.42105263157895 -0.5263157894736842 0 nan nan 0
28.42105263157895 -0.0 0 nan nan 0
28.42105263157895 0.0 0 nan nan 0
28.42105263157895 0.5263157894736842 0 nan nan 0
28.42105263157895 1.0526315789473684 0 nan nan 0
28.42105263157895 1.5789473684210527 0 nan nan 0
28.42105263157895 2.1052631578947367 0 nan nan 0
28.42105263157895 2.631578947368421 0 nan nan 0
28.42105263157895 3.1578947368421053 0 nan nan 0
28.42105263157895 3.6842105263157894 0 nan nan 0
28.42105263157895 4.2105263157894735 0 nan nan 0
28.42105263157895 4.7368421052631575 0 nan nan 0
28.42105263157895 5.263157894736842 0 nan nan 0
28.42105263157895 5.789473684210526 0 nan nan 0
28.42105263157895 6.315789473684211 0 nan nan 0
28.42105263157895 6.842105263157895 0 nan nan 0
28.42105263157895 7.368421052631579 0 nan nan 0
28.42105263157895 7.894736842105263 0 nan nan 0
28.42105263157895 8.421052631578947 0 nan nan 0
28.42105263157895 8.947368421052632 0 nan nan 0
28.42105263157895 9.473684210526315 0 nan nan 0
