-28.42105263157895 -9.473684210526315 0 -130.15523034613184 -285.533865293885 0
-28.42105263157895 -8.947368421052632 0 -310.1315284654545 -597.7708149611652 0
-28.42105263157895 -8.421052631578947 0 -1951.1860890001176 -3384.1063176499874 0
-28.42105263157895 -7.894736842105263 0 -9451.265808076894 -16097.30664502212 0
-28.42105263157895 -7.368421052631579 0 -6869259.556720187 -6408166.484339729 0
-28.42105263157895 -6.842105263157895 0 8867469960.837986 6662022278.679816 0
-28.42105263157895 -6.315789473684211 0 168729826352301.44 1749294212437157.5 0
-28.42105263157895 -5.789473684210526 0 1.823983768283337e+26 3.2132551708287626e+26 0
-28.42105263157895 -5.263157894736842 0 1.520626810376903e+46 3.0414044590492324e+46 0
-28.42105263157895 -4.7368421052631575 0 1.5005735213687076e+75 2.6874244382544176e+75 0
-28.42105263157895 -4.2105263157894735 0 -1.9668957120521088e+111 -3.569946554464669e+111 0
-28.42105263157895 -3.6842105263157894 0 3.36550151716612e+172 6.1109935145855526e+172 0
-28.42105263157895 -3.1578947368421053 0 2.797623603126669e+250 5.079846575729624e+250 0
-28.42105263157895 -2.631578947368421 0 nan nan 0
-28.42105263157895 -2.1052631578947367 0 nan nan 0
-28.42105263157895 -1.5789473684210527 0 nan nan 0
-28.42105263157895 -1.0526315789473684 0 nan nan 0
-28.42105263157895 -0.5263157894736842 0 nan nan 0
-28.42105263157895 -0.0 0 nan nan 0
-28.42105263157895 0.0 0 nan nan 0
-28.42105263157895 0.5263157894736842 0 nan nan 0
-28.42105263157895 1.0526315789473684 0 nan nan 0
-28.42105263157895 1.5789473684210527 0 nan nan 0
-28.42105263157895 2.1052631578947367 0 nan nan 0
-28.42105263157895 2.631578947368421 0 nan nan 0
-28.42105263157895 3.1578947368421053 0 nan nan 0
-28.42105263157895 3.6842105263157894 0 nan nan 0
-28.42105263157895 4.2105263157894735 0 nan nan 0
-28.42105263157895 4.7368421052631575 0 nan nan 0
-28.42105263157895 5.263157894736842 0 nan nan 0
-28.42105263157895 5.789473684210526 0 nan nan 0
-28.42105263157895 6.315789473684211 0 nan nan 0
-28.42105263157895 6.842105263157895 0 nan nan 0
-28.42105263157895 7.368421052631579 0 nan nan 0
-28.42105263157895 7.894736842105263 0 nan nan 0
-28.42105263157895 8.421052631578947 0 nan nan 0
-28.42105263157895 8.947368421052632 0 nan nan 0
-28.42105263157895 9.473684210526315 0 nan nan 0
-26.842105263157894 -9.473684210526315 0 -1077.433709764517 -1730.2871686924195 0
-26.842105263157894 -8.947368421052632 0 -10011.91613883427 -15845.145274342643 0
-26.842105263157894 -8.421052631578947 0 390836.7472869485 282382.2204836839 0
-26.842105263157894 -7.894736842105263 0 -149880776.05924267 -121174138.71177769 0
-26.842105263157894 -7.368421052631579 0 47457257229408.05 69971440349011.13 0
-26.842105263157894 -6.842105263157895 0 4.0789196389118063e+20 6.37254211594443e+20 0
-26.842105263157894 -6.315789473684211 0 1.2961676353097788e+31 2.5356876855925114e+31 0
-26.842105263157894 -5.789473684210526 0 7.863786354187295e+56 1.349692142794948e+57 0
-26.842105263157894 -5.263157894736842 0 -8.115347333306161e+97 -1.439751854716242e+98 0
-26.842105263157894 -4.7368421052631575 0 7.788029377362414e+157 1.3871819464166677e+158 0
-26.842105263157894 -4.2105263157894735 0 5.303027179190433e+242 9.432940604781194e+242 0
-26.842105263157894 -3.6842105263157894 0 -inf -inf 0
-26.842105263157894 -3.1578947368421053 0 nan nan 0
-26.842105263157894 -2.631578947368421 0 nan nan 0
-26.842105263157894 -2.1052631578947367 0 nan nan 0
-26.842105263157894 -1.5789473684210527 0 nan nan 0
-26.842105263157894 -1.0526315789473684 0 nan nan 0
-26.842105263157894 -0.5263157894736842 0 nan nan 0
-26.842105263157894 -0.0 0 nan nan 0
-26.842105263157894 0.0 0 nan nan 0
-26.842105263157894 0.5263157894736842 0 nan nan 0
-26.842105263157894 1.0526315789473684 0 nan nan 0
-26.842105263157894 1.5789473684210527 0 nan nan 0
-26.842105263157894 2.1052631578947367 0 nan nan 0
-26.842105263157894 2.631578947368421 0 nan nan 0
-26.842105263157894 3.1578947368421053 0 nan nan 0
-26.842105263157894 3.6842105263157894 0 nan nan 0
-26.842105263157894 4.2105263157894735 0 nan nan 0
-26.842105263157894 4.7368421052631575 0 nan nan 0
-26.842105263157894 5.263157894736842 0 nan nan 0
-26.842105263157894 5.789473684210526 0 nan nan 0
-26.842105263157894 6.315789473684211 0 nan nan 0
-26.842105263157894 6.842105263157895 0 nan nan 0
-26.842105263157894 7.368421052631579 0 nan nan 0
-26.842105263157894 7.894736842105263 0 nan nan 0
-26.842105263157894 8.421052631578947 0 nan nan 0
-26.842105263157894 8.947368421052632 0 nan nan 0
-26.842105263157894 9.473684210526315 0 nan nan 0
-25.263157894736842 -9.473684210526315 0 -18241.309516020105 -26263.464951679114 0
-25.263157894736842 -8.947368421052632 0 2781756.3368633618 3084486.4167516413 0
-25.263157894736842 -8.421052631578947 0 6009191584.083059 7575901539.549335 0
-25.263157894736842 -7.894736842105263 0 2213829088343824.2 3373722046108280.5 0
-25.263157894736842 -7.368421052631579 0 8.562488610233743e+26 1.360258925939974e+27 0
-25.263157894736842 -6.842105263157895 0 1.9403672682828654e+41 2.624064605790157e+41 0
-25.263157894736842 -6.315789473684211 0 7.080285554782536e+65 1.0963160057286374e+66 0
-25.263157894736842 -5.789473684210526 0 9.526955047059292e+110 1.4987471728345638e+111 0
-25.263157894736842 -5.263157894736842 0 3.132165308916707e+181 4.915876363414675e+181 0
-25.263157894736842 -4.7368421052631575 0 -1.118168204932387e+291 -1.7550568787141852e+291 0
-25.263157894736842 -4.2105263157894735 0 -inf -inf 0
-25.263157894736842 -3.6842105263157894 0 nan nan 0
-25.263157894736842 -3.1578947368421053 0 nan nan 0
-25.263157894736842 -2.631578947368421 0 nan nan 0
-25.263157894736842 -2.1052631578947367 0 nan nan 0
-25.263157894736842 -1.5789473684210527 0 nan nan 0
-25.263157894736842 -1.0526315789473684 0 nan nan 0
-25.263157894736842 -0.5263157894736842 0 nan nan 0
-25.263157894736842 -0.0 0 nan nan 0
-25.263157894736842 0.0 0 nan nan 0
-25.263157894736842 0.5263157894736842 0 nan nan 0
-25.263157894736842 1.0526315789473684 0 nan nan 0
-25.263157894736842 1.5789473684210527 0 nan nan 0
-25.263157894736842 2.1052631578947367 0 nan nan 0
-25.263157894736842 2.631578947368421 0 nan nan 0
-25.263157894736842 3.1578947368421053 0 nan nan 0
-25.263157894736842 3.6842105263157894 0 nan nan 0
-25.263157894736842 4.2105263157894735 0 nan nan 0
-25.263157894736842 4.7368421052631575 0 nan nan 0
-25.263157894736842 5.263157894736842 0 nan nan 0
-25.263157894736842 5.789473684210526 0 nan nan 0
-25.263157894736842 6.315789473684211 0 nan nan 0
-25.263157894736842 6.842105263157895 0 nan nan 0
-25.263157894736842 7.368421052631579 0 nan nan 0
-25.263157894736842 7.894736842105263 0 nan nan 0
-25.263157894736842 8.421052631578947 0 nan nan 0
-25.263157894736842 8.947368421052632 0 nan nan 0
-25.263157894736842 9.473684210526315 0 nan nan 0
-23.68421052631579 -9.473684210526315 0 -768912.2291678499 -1132360.6815064712 0
-23.68421052631579 -8.947368421052632 0 -20626045772.47202 -27194042529.743176 0
-23.68421052631579 -8.421052631578947 0 1.3572905031042173e+18 2.0822079974166006e+18 0
-23.68421052631579 -7.894736842105263 0 3.5685930315843223e+30 5.632394954931038e+30 0
-23.68421052631579 -7.368421052631579 0 -5.769248815780041e+48 -9.163324868368003e+48 0
-23.68421052631579 -6.842105263157895 0 -1.8859741055272764e+76 -2.99909567346832e+76 0
-23.68421052631579 -6.315789473684211 0 6.39726895867883e+121 1.0173682128934203e+122 0
-23.68421052631579 -5.789473684210526 0 9.72421286851173e+195 1.5464732912113447e+196 0
-23.68421052631579 -5.263157894736842 0 inf inf 0
-23.68421052631579 -4.7368421052631575 0 nan nan 0
-23.68421052631579 -4.2105263157894735 0 nan nan 0
-23.68421052631579 -3.6842105263157894 0 nan nan 0
-23.68421052631579 -3.1578947368421053 0 nan nan 0
-23.68421052631579 -2.631578947368421 0 nan nan 0
-23.68421052631579 -2.1052631578947367 0 nan nan 0
-23.68421052631579 -1.5789473684210527 0 nan nan 0
-23.68421052631579 -1.0526315789473684 0 nan nan 0
-23.68421052631579 -0.5263157894736842 0 nan nan 0
-23.68421052631579 -0.0 0 nan nan 0
-23.68421052631579 0.0 0 nan nan 0
-23.68421052631579 0.5263157894736842 0 nan nan 0
-23.68421052631579 1.0526315789473684 0 nan nan 0
-23.68421052631579 1.5789473684210527 0 nan nan 0
-23.68421052631579 2.1052631578947367 0 nan nan 0
-23.68421052631579 2.631578947368421 0 nan nan 0
-23.68421052631579 3.1578947368421053 0 nan nan 0
-23.68421052631579 3.6842105263157894 0 nan nan 0
-23.68421052631579 4.2105263157894735 0 nan nan 0
-23.68421052631579 4.7368421052631575 0 nan nan 0
-23.68421052631579 5.263157894736842 0 nan nan 0
-23.68421052631579 5.789473684210526 0 nan nan 0
-23.68421052631579 6.315789473684211 0 nan nan 0
-23.68421052631579 6.842105263157895 0 nan nan 0
-23.68421052631579 7.368421052631579 0 nan nan 0
-23.68421052631579 7.894736842105263 0 nan nan 0
-23.68421052631579 8.421052631578947 0 nan nan 0
-23.68421052631579 8.947368421052632 0 nan nan 0
-23.68421052631579 9.473684210526315 0 nan nan 0
-22.105263157894736 -9.473684210526315 0 -405165847.97040707 -601518410.7461723 0
-22.105263157894736 -8.947368421052632 0 5.554767404826779e+17 8.62649713739564e+17 0
-22.105263157894736 -8.421052631578947 0 3.584000012884953e+31 5.653677404221409e+31 0
-22.105263157894736 -7.894736842105263 0 -1.1386310073071513e+51 -1.8072659412480135e+51 0
-22.105263157894736 -7.368421052631579 0 1.983132015640852e+81 3.1485018806023037e+81 0
-22.105263157894736 -6.842105263157895 0 2.5063902561968257e+129 3.9792898726376974e+129 0
-22.105263157894736 -6.315789473684211 0 -2.3550874729615037e+206 -3.739072476759379e+206 0
-22.105263157894736 -5.789473684210526 0 -inf -inf 0
-22.105263157894736 -5.263157894736842 0 nan nan 0
-22.105263157894736 -4.7368421052631575 0 nan nan 0
-22.105263157894736 -4.2105263157894735 0 nan nan 0
-22.105263157894736 -3.6842105263157894 0 nan nan 0
-22.105263157894736 -3.1578947368421053 0 nan nan 0
-22.105263157894736 -2.631578947368421 0 nan nan 0
-22.105263157894736 -2.1052631578947367 0 nan nan 0
-22.105263157894736 -1.5789473684210527 0 nan nan 0
-22.105263157894736 -1.0526315789473684 0 nan nan 0
-22.105263157894736 -0.5263157894736842 0 nan nan 0
-22.105263157894736 -0.0 0 nan nan 0
-22.105263157894736 0.0 0 nan nan 0
-22.105263157894736 0.5263157894736842 0 nan nan 0
-22.105263157894736 1.0526315789473684 0 nan nan 0
-22.105263157894736 1.5789473684210527 0 nan nan 0
-22.105263157894736 2.1052631578947367 0 nan nan 0
-22.105263157894736 2.631578947368421 0 nan nan 0
-22.105263157894736 3.1578947368421053 0 nan nan 0
-22.105263157894736 3.6842105263157894 0 nan nan 0
-22.105263157894736 4.2105263157894735 0 nan nan 0
-22.105263157894736 4.7368421052631575 0 nan nan 0
-22.105263157894736 5.263157894736842 0 nan nan 0
-22.105263157894736 5.789473684210526 0 nan nan 0
-22.105263157894736 6.315789473684211 0 nan nan 0
-22.105263157894736 6.842105263157895 0 nan nan 0
-22.105263157894736 7.368421052631579 0 nan nan 0
-22.105263157894736 7.894736842105263 0 nan nan 0
-22.105263157894736 8.421052631578947 0 nan nan 0
-22.105263157894736 8.947368421052632 0 nan nan 0
-22.105263157894736 9.473684210526315 0 nan nan 0
-20.526315789473685 -9.473684210526315 0 -1562823920.685048 -2264295425.376648 0
-20.526315789473685 -8.947368421052632 0 1.6383911612819047e+22 2.4860221001523937e+22 0
-20.526315789473685 -8.421052631578947 0 2.207026896886866e+45 3.549797655545869e+45 0
-20.526315789473685 -7.894736842105263 0 -5.4163524737726405e+78 -8.596637658392876e+78 0
-20.526315789473685 -7.368421052631579 0 -3.375228423984267e+127 -5.358670332201023e+127 0
-20.526315789473685 -6.842105263157895 0 3.2853177794725975e+203 5.215962703393098e+203 0
-20.526315789473685 -6.315789473684211 0 nan nan 0
-20.526315789473685 -5.789473684210526 0 nan nan 0
-20.526315789473685 -5.263157894736842 0 nan nan 0
-20.526315789473685 -4.7368421052631575 0 nan nan 0
-20.526315789473685 -4.2105263157894735 0 nan nan 0
-20.526315789473685 -3.6842105263157894 0 nan nan 0
-20.526315789473685 -3.1578947368421053 0 nan nan 0
-20.526315789473685 -2.631578947368421 0 nan nan 0
-20.526315789473685 -2.1052631578947367 0 nan nan 0
-20.526315789473685 -1.5789473684210527 0 nan nan 0
-20.526315789473685 -1.0526315789473684 0 nan nan 0
-20.526315789473685 -0.5263157894736842 0 nan nan 0
-20.526315789473685 -0.0 0 nan nan 0
-20.526315789473685 0.0 0 nan nan 0
-20.526315789473685 0.5263157894736842 0 nan nan 0
-20.526315789473685 1.0526315789473684 0 nan nan 0
-20.526315789473685 1.5789473684210527 0 nan nan 0
-20.526315789473685 2.1052631578947367 0 nan nan 0
-20.526315789473685 2.631578947368421 0 nan nan 0
-20.526315789473685 3.1578947368421053 0 nan nan 0
-20.526315789473685 3.6842105263157894 0 nan nan 0
-20.526315789473685 4.2105263157894735 0 nan nan 0
-20.526315789473685 4.7368421052631575 0 nan nan 0
-20.526315789473685 5.263157894736842 0 nan nan 0
-20.526315789473685 5.789473684210526 0 nan nan 0
-20.526315789473685 6.315789473684211 0 nan nan 0
-20.526315789473685 6.842105263157895 0 nan nan 0
-20.526315789473685 7.368421052631579 0 nan nan 0
-20.526315789473685 7.894736842105263 0 nan nan 0
-20.526315789473685 8.421052631578947 0 nan nan 0
-20.526315789473685 8.947368421052632 0 nan nan 0
-20.526315789473685 9.473684210526315 0 nan nan 0
-18.94736842105263 -9.473684210526315 0 -2.2994083265681196e+16 -3.5423391055192636e+16 0
-18.94736842105263 -8.947368421052632 0 2.776391260801967e+35 4.490492224499014e+35 0
-18.94736842105263 -8.421052631578947 0 -3.941635676887132e+67 -5.820970319639374e+67 0
-18.94736842105263 -7.894736842105263 0 -8.960959987315718e+120 -1.4222509886603546e+121 0
-18.94736842105263 -7.368421052631579 0 -4.690990452472388e+197 -7.447635596461037e+197 0
-18.94736842105263 -6.842105263157895 0 nan nan 0
-18.94736842105263 -6.315789473684211 0 nan nan 0
-18.94736842105263 -5.789473684210526 0 nan nan 0
-18.94736842105263 -5.263157894736842 0 nan nan 0
-18.94736842105263 -4.7368421052631575 0 nan nan 0
-18.94736842105263 -4.2105263157894735 0 nan nan 0
-18.94736842105263 -3.6842105263157894 0 nan nan 0
-18.94736842105263 -3.1578947368421053 0 nan nan 0
-18.94736842105263 -2.631578947368421 0 nan nan 0
-18.94736842105263 -2.1052631578947367 0 nan nan 0
-18.94736842105263 -1.5789473684210527 0 nan nan 0
-18.94736842105263 -1.0526315789473684 0 nan nan 0
-18.94736842105263 -0.5263157894736842 0 nan nan 0
-18.94736842105263 -0.0 0 nan nan 0
-18.94736842105263 0.0 0 nan nan 0
-18.94736842105263 0.5263157894736842 0 nan nan 0
-18.94736842105263 1.0526315789473684 0 nan nan 0
-18.94736842105263 1.5789473684210527 0 nan nan 0
-18.94736842105263 2.1052631578947367 0 nan nan 0
-18.94736842105263 2.631578947368421 0 nan nan 0
-18.94736842105263 3.1578947368421053 0 nan nan 0
-18.94736842105263 3.6842105263157894 0 nan nan 0
-18.94736842105263 4.2105263157894735 0 nan nan 0
-18.94736842105263 4.7368421052631575 0 nan nan 0
-18.94736842105263 5.263157894736842 0 nan nan 0
-18.94736842105263 5.789473684210526 0 nan nan 0
-18.94736842105263 6.315789473684211 0 nan nan 0
-18.94736842105263 6.842105263157895 0 nan nan 0
-18.94736842105263 7.368421052631579 0 nan nan 0
-18.94736842105263 7.894736842105263 0 nan nan 0
-18.94736842105263 8.421052631578947 0 nan nan 0
-18.94736842105263 8.947368421052632 0 nan nan 0
-18.94736842105263 9.473684210526315 0 nan nan 0
-17.36842105263158 -9.473684210526315 0 -9.717344261587149e+19 -1.496833723331212e+20 0
-17.36842105263158 -8.947368421052632 0 -5.667366760496664e+46 -9.163121390411335e+46 0
-17.36842105263158 -8.421052631578947 0 -1.130695537880221e+99 -1.678215008944361e+99 0
-17.36842105263158 -7.894736842105263 0 -1.7188235666389946e+184 -2.7280542714679763e+184 0
-17.36842105263158 -7.368421052631579 0 3.712906676233967e+302 5.8947840990986735e+302 0
-17.36842105263158 -6.842105263157895 0 nan nan 0
-17.36842105263158 -6.315789473684211 0 nan nan 0
-17.36842105263158 -5.789473684210526 0 nan nan 0
-17.36842105263158 -5.263157894736842 0 nan nan 0
-17.36842105263158 -4.7368421052631575 0 nan nan 0
-17.36842105263158 -4.2105263157894735 0 nan nan 0
-17.36842105263158 -3.6842105263157894 0 nan nan 0
-17.36842105263158 -3.1578947368421053 0 nan nan 0
-17.36842105263158 -2.631578947368421 0 nan nan 0
-17.36842105263158 -2.1052631578947367 0 nan nan 0
-17.36842105263158 -1.5789473684210527 0 nan nan 0
-17.36842105263158 -1.0526315789473684 0 nan nan 0
-17.36842105263158 -0.5263157894736842 0 nan nan 0
-17.36842105263158 -0.0 0 nan nan 0
-17.36842105263158 0.0 0 nan nan 0
-17.36842105263158 0.5263157894736842 0 nan nan 0
-17.36842105263158 1.0526315789473684 0 nan nan 0
-17.36842105263158 1.5789473684210527 0 nan nan 0
-17.36842105263158 2.1052631578947367 0 nan nan 0
-17.36842105263158 2.631578947368421 0 nan nan 0
-17.36842105263158 3.1578947368421053 0 nan nan 0
-17.36842105263158 3.6842105263157894 0 nan nan 0
-17.36842105263158 4.2105263157894735 0 nan nan 0
-17.36842105263158 4.7368421052631575 0 nan nan 0
-17.36842105263158 5.263157894736842 0 nan nan 0
-17.36842105263158 5.789473684210526 0 nan nan 0
-17.36842105263158 6.315789473684211 0 nan nan 0
-17.36842105263158 6.842105263157895 0 nan nan 0
-17.36842105263158 7.368421052631579 0 nan nan 0
-17.36842105263158 7.894736842105263 0 nan nan 0
-17.36842105263158 8.421052631578947 0 nan nan 0
-17.36842105263158 8.947368421052632 0 nan nan 0
-17.36842105263158 9.473684210526315 0 nan nan 0
-15.789473684210527 -9.473684210526315 0 2.455268073312883e+24 3.783537423027416e+24 0
-15.789473684210527 -8.947368421052632 0 -4.747659806502196e+61 -7.658757769849347e+61 0
-15.789473684210527 -8.421052631578947 0 1.4082300453067226e+142 2.0900765948532922e+142 0
-15.789473684210527 -7.894736842105263 0 5.783105796740087e+276 9.178735256695244e+276 0
-15.789473684210527 -7.368421052631579 0 -inf -inf 0
-15.789473684210527 -6.842105263157895 0 nan nan 0
-15.789473684210527 -6.315789473684211 0 nan nan 0
-15.789473684210527 -5.789473684210526 0 nan nan 0
-15.789473684210527 -5.263157894736842 0 nan nan 0
-15.789473684210527 -4.7368421052631575 0 nan nan 0
-15.789473684210527 -4.2105263157894735 0 nan nan 0
-15.789473684210527 -3.6842105263157894 0 nan nan 0
-15.789473684210527 -3.1578947368421053 0 nan nan 0
-15.789473684210527 -2.631578947368421 0 nan nan 0
-15.789473684210527 -2.1052631578947367 0 nan nan 0
-15.789473684210527 -1.5789473684210527 0 nan nan 0
-15.789473684210527 -1.0526315789473684 0 nan nan 0
-15.789473684210527 -0.5263157894736842 1 nan nan 0
-15.789473684210527 -0.0 1 nan nan 0
-15.789473684210527 0.0 1 nan nan 0
-15.789473684210527 0.5263157894736842 1 nan nan 0
-15.789473684210527 1.0526315789473684 0 nan nan 0
-15.789473684210527 1.5789473684210527 0 nan nan 0
-15.789473684210527 2.1052631578947367 0 nan nan 0
-15.789473684210527 2.631578947368421 0 nan nan 0
-15.789473684210527 3.1578947368421053 0 nan nan 0
-15.789473684210527 3.6842105263157894 0 nan nan 0
-15.789473684210527 4.2105263157894735 0 nan nan 0
-15.789473684210527 4.7368421052631575 0 nan nan 0
-15.789473684210527 5.263157894736842 0 nan nan 0
-15.789473684210527 5.789473684210526 0 nan nan 0
-15.789473684210527 6.315789473684211 0 nan nan 0
-15.789473684210527 6.842105263157895 0 nan nan 0
-15.789473684210527 7.368421052631579 0 nan nan 0
-15.789473684210527 7.894736842105263 0 nan nan 0
-15.789473684210527 8.421052631578947 0 nan nan 0
-15.789473684210527 8.947368421052632 0 nan nan 0
-15.789473684210527 9.473684210526315 0 nan nan 0
-14.210526315789474 -9.473684210526315 0 -1.3756421436643427e+30 -2.1196618737813035e+30 0
-14.210526315789474 -8.947368421052632 0 -4.852334567447289e+80 -7.819668400707559e+80 0
-14.210526315789474 -8.421052631578947 0 -5.109324135452478e+199 -7.5831919485303075e+199 0
-14.210526315789474 -7.894736842105263 0 nan nan 0
-14.210526315789474 -7.368421052631579 0 nan nan 0
-14.210526315789474 -6.842105263157895 0 nan nan 0
-14.210526315789474 -6.315789473684211 0 nan nan 0
-14.210526315789474 -5.789473684210526 0 nan nan 0
-14.210526315789474 -5.263157894736842 0 nan nan 0
-14.210526315789474 -4.7368421052631575 0 nan nan 0
-14.210526315789474 -4.2105263157894735 0 nan nan 0
-14.210526315789474 -3.6842105263157894 0 nan nan 0
-14.210526315789474 -3.1578947368421053 0 nan nan 0
-14.210526315789474 -2.631578947368421 0 nan nan 0
-14.210526315789474 -2.1052631578947367 0 nan nan 0
-14.210526315789474 -1.5789473684210527 0 nan nan 0
-14.210526315789474 -1.0526315789473684 1 nan nan 0
-14.210526315789474 -0.5263157894736842 1 nan nan 0
-14.210526315789474 -0.0 1 nan nan 0
-14.210526315789474 0.0 1 nan nan 0
-14.210526315789474 0.5263157894736842 1 nan nan 0
-14.210526315789474 1.0526315789473684 1 nan nan 0
-14.210526315789474 1.5789473684210527 0 nan nan 0
-14.210526315789474 2.1052631578947367 0 nan nan 0
-14.210526315789474 2.631578947368421 0 nan nan 0
-14.210526315789474 3.1578947368421053 0 nan nan 0
-14.210526315789474 3.6842105263157894 0 nan nan 0
-14.210526315789474 4.2105263157894735 0 nan nan 0
-14.210526315789474 4.7368421052631575 0 nan nan 0
-14.210526315789474 5.263157894736842 0 nan nan 0
-14.210526315789474 5.789473684210526 0 nan nan 0
-14.210526315789474 6.315789473684211 0 nan nan 0
-14.210526315789474 6.842105263157895 0 nan nan 0
-14.210526315789474 7.368421052631579 0 nan nan 0
-14.210526315789474 7.894736842105263 0 nan nan 0
-14.210526315789474 8.421052631578947 0 nan nan 0
-14.210526315789474 8.947368421052632 0 nan nan 0
-14.210526315789474 9.473684210526315 0 nan nan 0
-12.631578947368421 -9.473684210526315 0 5.730032380307458e+36 8.829157410283533e+36 0
-12.631578947368421 -8.947368421052632 0 -1.0275385937973755e+104 -1.6558388067680496e+104 0
-12.631578947368421 -8.421052631578947 0 7.524806337925439e+274 1.1168218990074436e+275 0
-12.631578947368421 -7.894736842105263 0 nan nan 0
-12.631578947368421 -7.368421052631579 0 nan nan 0
-12.631578947368421 -6.842105263157895 0 nan nan 0
-12.631578947368421 -6.315789473684211 0 nan nan 0
-12.631578947368421 -5.789473684210526 0 nan nan 0
-12.631578947368421 -5.263157894736842 0 nan nan 0
-12.631578947368421 -4.7368421052631575 0 nan nan 0
-12.631578947368421 -4.2105263157894735 0 nan nan 0
-12.631578947368421 -3.6842105263157894 0 nan nan 0
-12.631578947368421 -3.1578947368421053 0 nan nan 0
-12.631578947368421 -2.631578947368421 0 nan nan 0
-12.631578947368421 -2.1052631578947367 0 nan nan 0
-12.631578947368421 -1.5789473684210527 0 nan nan 0
-12.631578947368421 -1.0526315789473684 1 nan nan 0
-12.631578947368421 -0.5263157894736842 1 nan nan 0
-12.631578947368421 -0.0 1 nan nan 0
-12.631578947368421 0.0 1 nan nan 0
-12.631578947368421 0.5263157894736842 1 nan nan 0
-12.631578947368421 1.0526315789473684 1 nan nan 0
-12.631578947368421 1.5789473684210527 0 nan nan 0
-12.631578947368421 2.1052631578947367 0 nan nan 0
-12.631578947368421 2.631578947368421 0 nan nan 0
-12.631578947368421 3.1578947368421053 0 nan nan 0
-12.631578947368421 3.6842105263157894 0 nan nan 0
-12.631578947368421 4.2105263157894735 0 nan nan 0
-12.631578947368421 4.7368421052631575 0 nan nan 0
-12.631578947368421 5.263157894736842 0 nan nan 0
-12.631578947368421 5.789473684210526 0 nan nan 0
-12.631578947368421 6.315789473684211 0 nan nan 0
-12.631578947368421 6.842105263157895 0 nan nan 0
-12.631578947368421 7.368421052631579 0 nan nan 0
-12.631578947368421 7.894736842105263 0 nan nan 0
-12.631578947368421 8.421052631578947 0 nan nan 0
-12.631578947368421 8.947368421052632 0 nan nan 0
-12.631578947368421 9.473684210526315 0 nan nan 0
-11.052631578947368 -9.473684210526315 0 -1.0282462661959578e+45 -1.5843787864407846e+45 0
-11.052631578947368 -8.947368421052632 0 -2.5638845311214347e+133 -4.13160419450789e+133 0
-11.052631578947368 -8.421052631578947 0 nan nan 0
-11.052631578947368 -7.894736842105263 0 nan nan 0
-11.052631578947368 -7.368421052631579 0 nan nan 0
-11.052631578947368 -6.842105263157895 0 nan nan 0
-11.052631578947368 -6.315789473684211 0 nan nan 0
-11.052631578947368 -5.789473684210526 0 nan nan 0
-11.052631578947368 -5.263157894736842 0 nan nan 0
-11.052631578947368 -4.7368421052631575 0 nan nan 0
-11.052631578947368 -4.2105263157894735 0 nan nan 0
-11.052631578947368 -3.6842105263157894 0 nan nan 0
-11.052631578947368 -3.1578947368421053 0 nan nan 0
-11.052631578947368 -2.631578947368421 0 nan nan 0
-11.052631578947368 -2.1052631578947367 0 nan nan 0
-11.052631578947368 -1.5789473684210527 1 nan nan 0
-11.052631578947368 -1.0526315789473684 1 nan nan 0
-11.052631578947368 -0.5263157894736842 1 nan nan 0
-11.052631578947368 -0.0 1 nan nan 0
-11.052631578947368 0.0 1 nan nan 0
-11.052631578947368 0.5263157894736842 1 nan nan 0
-11.052631578947368 1.0526315789473684 1 nan nan 0
-11.052631578947368 1.5789473684210527 1 nan nan 0
-11.052631578947368 2.1052631578947367 0 nan nan 0
-11.052631578947368 2.631578947368421 0 nan nan 0
-11.052631578947368 3.1578947368421053 0 nan nan 0
-11.052631578947368 3.6842105263157894 0 nan nan 0
-11.052631578947368 4.2105263157894735 0 nan nan 0
-11.052631578947368 4.7368421052631575 0 nan nan 0
-11.052631578947368 5.263157894736842 0 nan nan 0
-11.052631578947368 5.789473684210526 0 nan nan 0
-11.052631578947368 6.315789473684211 0 nan nan 0
-11.052631578947368 6.842105263157895 0 nan nan 0
-11.052631578947368 7.368421052631579 0 nan nan 0
-11.052631578947368 7.894736842105263 0 nan nan 0
-11.052631578947368 8.421052631578947 0 nan nan 0
-11.052631578947368 8.947368421052632 0 nan nan 0
-11.052631578947368 9.473684210526315 0 nan nan 0
-9.473684210526315 -9.473684210526315 0 5.4675298070935015e+54 8.42467305044582e+54 0
-9.473684210526315 -8.947368421052632 0 -6.911136277454194e+169 -1.1137038064094984e+170 0
-9.473684210526315 -8.421052631578947 0 nan nan 0
-9.473684210526315 -7.894736842105263 0 nan nan 0
-9.473684210526315 -7.368421052631579 0 nan nan 0
-9.473684210526315 -6.842105263157895 0 nan nan 0
-9.473684210526315 -6.315789473684211 0 nan nan 0
-9.473684210526315 -5.789473684210526 0 nan nan 0
-9.473684210526315 -5.263157894736842 0 nan nan 0
-9.473684210526315 -4.7368421052631575 0 nan nan 0
-9.473684210526315 -4.2105263157894735 0 nan nan 0
-9.473684210526315 -3.6842105263157894 0 nan nan 0
-9.473684210526315 -3.1578947368421053 0 nan nan 0
-9.473684210526315 -2.631578947368421 0 nan nan 0
-9.473684210526315 -2.1052631578947367 0 nan nan 0
-9.473684210526315 -1.5789473684210527 1 nan nan 0
-9.473684210526315 -1.0526315789473684 1 nan nan 0
-9.473684210526315 -0.5263157894736842 1 nan nan 0
-9.473684210526315 -0.0 1 nan nan 0
-9.473684210526315 0.0 1 nan nan 0
-9.473684210526315 0.5263157894736842 1 nan nan 0
-9.473684210526315 1.0526315789473684 1 nan nan 0
-9.473684210526315 1.5789473684210527 1 nan nan 0
-9.473684210526315 2.1052631578947367 0 nan nan 0
-9.473684210526315 2.631578947368421 0 nan nan 0
-9.473684210526315 3.1578947368421053 0 nan nan 0
-9.473684210526315 3.6842105263157894 0 nan nan 0
-9.473684210526315 4.2105263157894735 0 nan nan 0
-9.473684210526315 4.7368421052631575 0 nan nan 0
-9.473684210526315 5.263157894736842 0 nan nan 0
-9.473684210526315 5.789473684210526 0 nan nan 0
-9.473684210526315 6.315789473684211 0 nan nan 0
-9.473684210526315 6.842105263157895 0 nan nan 0
-9.473684210526315 7.368421052631579 0 nan nan 0
-9.473684210526315 7.894736842105263 0 nan nan 0
-9.473684210526315 8.421052631578947 0 nan nan 0
-9.473684210526315 8.947368421052632 0 nan nan 0
-9.473684210526315 9.473684210526315 0 nan nan 0
-7.894736842105264 -9.473684210526315 0 -1.1106193860627826e+66 -1.7113039198679615e+66 0
-7.894736842105264 -8.947368421052632 0 -5.0376360844843785e+214 -8.117962455607519e+214 0
-7.894736842105264 -8.421052631578947 0 nan nan 0
-7.894736842105264 -7.894736842105263 0 nan nan 0
-7.894736842105264 -7.368421052631579 0 nan nan 0
-7.894736842105264 -6.842105263157895 0 nan nan 0
-7.894736842105264 -6.315789473684211 0 nan nan 0
-7.894736842105264 -5.789473684210526 0 nan nan 0
-7.894736842105264 -5.263157894736842 0 nan nan 0
-7.894736842105264 -4.7368421052631575 0 nan nan 0
-7.894736842105264 -4.2105263157894735 0 nan nan 0
-7.894736842105264 -3.6842105263157894 0 nan nan 0
-7.894736842105264 -3.1578947368421053 0 nan nan 0
-7.894736842105264 -2.631578947368421 0 nan nan 0
-7.894736842105264 -2.1052631578947367 0 nan nan 0
-7.894736842105264 -1.5789473684210527 1 nan nan 0
-7.894736842105264 -1.0526315789473684 1 nan nan 0
-7.894736842105264 -0.5263157894736842 1 nan nan 0
-7.894736842105264 -0.0 1 nan nan 0
-7.894736842105264 0.0 1 nan nan 0
-7.894736842105264 0.5263157894736842 1 nan nan 0
-7.894736842105264 1.0526315789473684 1 nan nan 0
-7.894736842105264 1.5789473684210527 1 nan nan 0
-7.894736842105264 2.1052631578947367 0 nan nan 0
-7.894736842105264 2.631578947368421 0 nan nan 0
-7.894736842105264 3.1578947368421053 0 nan nan 0
-7.894736842105264 3.6842105263157894 0 nan nan 0
-7.894736842105264 4.2105263157894735 0 nan nan 0
-7.894736842105264 4.7368421052631575 0 nan nan 0
-7.894736842105264 5.263157894736842 0 nan nan 0
-7.894736842105264 5.789473684210526 0 nan nan 0
-7.894736842105264 6.315789473684211 0 nan nan 0
-7.894736842105264 6.842105263157895 0 nan nan 0
-7.894736842105264 7.368421052631579 0 nan nan 0
-7.894736842105264 7.894736842105263 0 nan nan 0
-7.894736842105264 8.421052631578947 0 nan nan 0
-7.894736842105264 8.947368421052632 0 nan nan 0
-7.894736842105264 9.473684210526315 0 nan nan 0
-6.315789473684211 -9.473684210526315 0 9.738180575933651e+78 1.5005128491659475e+79 0
-6.315789473684211 -8.947368421052632 0 -2.5355982145548088e+269 -4.0860218489498606e+269 0
-6.315789473684211 -8.421052631578947 0 nan nan 0
-6.315789473684211 -7.894736842105263 0 nan nan 0
-6.315789473684211 -7.368421052631579 0 nan nan 0
-6.315789473684211 -6.842105263157895 0 nan nan 0
-6.315789473684211 -6.315789473684211 0 nan nan 0
-6.315789473684211 -5.789473684210526 0 nan nan 0
-6.315789473684211 -5.263157894736842 0 nan nan 0
-6.315789473684211 -4.7368421052631575 0 nan nan 0
-6.315789473684211 -4.2105263157894735 0 nan nan 0
-6.315789473684211 -3.6842105263157894 0 nan nan 0
-6.315789473684211 -3.1578947368421053 0 nan nan 0
-6.315789473684211 -2.631578947368421 0 nan nan 0
-6.315789473684211 -2.1052631578947367 0 nan nan 0
-6.315789473684211 -1.5789473684210527 1 nan nan 0
-6.315789473684211 -1.0526315789473684 1 nan nan 0
-6.315789473684211 -0.5263157894736842 1 nan nan 0
-6.315789473684211 -0.0 1 nan nan 0
-6.315789473684211 0.0 1 nan nan 0
-6.315789473684211 0.5263157894736842 1 nan nan 0
-6.315789473684211 1.0526315789473684 1 nan nan 0
-6.315789473684211 1.5789473684210527 1 nan nan 0
-6.315789473684211 2.1052631578947367 0 nan nan 0
-6.315789473684211 2.631578947368421 0 nan nan 0
-6.315789473684211 3.1578947368421053 0 nan nan 0
-6.315789473684211 3.6842105263157894 0 nan nan 0
-6.315789473684211 4.2105263157894735 0 nan nan 0
-6.315789473684211 4.7368421052631575 0 nan nan 0
-6.315789473684211 5.263157894736842 0 nan nan 0
-6.315789473684211 5.789473684210526 0 nan nan 0
-6.315789473684211 6.315789473684211 0 nan nan 0
-6.315789473684211 6.842105263157895 0 nan nan 0
-6.315789473684211 7.368421052631579 0 nan nan 0
-6.315789473684211 7.894736842105263 0 nan nan 0
-6.315789473684211 8.421052631578947 0 nan nan 0
-6.315789473684211 8.947368421052632 0 nan nan 0
-6.315789473684211 9.473684210526315 0 nan nan 0
-4.7368421052631575 -9.473684210526315 0 -4.0909971089609947e+93 -6.303635140075476e+93 0
-4.7368421052631575 -8.947368421052632 0 -inf -inf 0
-4.7368421052631575 -8.421052631578947 0 nan nan 0
-4.7368421052631575 -7.894736842105263 0 nan nan 0
-4.7368421052631575 -7.368421052631579 0 nan nan 0
-4.7368421052631575 -6.842105263157895 0 nan nan 0
-4.7368421052631575 -6.315789473684211 0 nan nan 0
-4.7368421052631575 -5.789473684210526 0 nan nan 0
-4.7368421052631575 -5.263157894736842 0 nan nan 0
-4.7368421052631575 -4.7368421052631575 0 nan nan 0
-4.7368421052631575 -4.2105263157894735 0 nan nan 0
-4.7368421052631575 -3.6842105263157894 0 nan nan 0
-4.7368421052631575 -3.1578947368421053 0 nan nan 0
-4.7368421052631575 -2.631578947368421 0 nan nan 0
-4.7368421052631575 -2.1052631578947367 0 nan nan 0
-4.7368421052631575 -1.5789473684210527 1 nan nan 0
-4.7368421052631575 -1.0526315789473684 1 nan nan 0
-4.7368421052631575 -0.5263157894736842 1 nan nan 0
-4.7368421052631575 -0.0 1 nan nan 0
-4.7368421052631575 0.0 1 nan nan 0
-4.7368421052631575 0.5263157894736842 1 nan nan 0
-4.7368421052631575 1.0526315789473684 1 nan nan 0
-4.7368421052631575 1.5789473684210527 1 nan nan 0
-4.7368421052631575 2.1052631578947367 0 nan nan 0
-4.7368421052631575 2.631578947368421 0 nan nan 0
-4.7368421052631575 3.1578947368421053 0 nan nan 0
-4.7368421052631575 3.6842105263157894 0 nan nan 0
-4.7368421052631575 4.2105263157894735 0 nan nan 0
-4.7368421052631575 4.7368421052631575 0 nan nan 0
-4.7368421052631575 5.263157894736842 0 nan nan 0
-4.7368421052631575 5.789473684210526 0 nan nan 0
-4.7368421052631575 6.315789473684211 0 nan nan 0
-4.7368421052631575 6.842105263157895 0 nan nan 0
-4.7368421052631575 7.368421052631579 0 nan nan 0
-4.7368421052631575 7.894736842105263 0 nan nan 0
-4.7368421052631575 8.421052631578947 0 nan nan 0
-4.7368421052631575 8.947368421052632 0 nan nan 0
-4.7368421052631575 9.473684210526315 0 nan nan 0
-3.1578947368421053 -9.473684210526315 0 8.955602676575788e+109 1.3799289080152039e+110 0
-3.1578947368421053 -8.947368421052632 0 nan nan 0
-3.1578947368421053 -8.421052631578947 0 nan nan 0
-3.1578947368421053 -7.894736842105263 0 nan nan 0
-3.1578947368421053 -7.368421052631579 0 nan nan 0
-3.1578947368421053 -6.842105263157895 0 nan nan 0
-3.1578947368421053 -6.315789473684211 0 nan nan 0
-3.1578947368421053 -5.789473684210526 0 nan nan 0
-3.1578947368421053 -5.263157894736842 0 nan nan 0
-3.1578947368421053 -4.7368421052631575 0 nan nan 0
-3.1578947368421053 -4.2105263157894735 0 nan nan 0
-3.1578947368421053 -3.6842105263157894 0 nan nan 0
-3.1578947368421053 -3.1578947368421053 0 nan nan 0
-3.1578947368421053 -2.631578947368421 0 nan nan 0
-3.1578947368421053 -2.1052631578947367 0 nan nan 0
-3.1578947368421053 -1.5789473684210527 1 nan nan 0
-3.1578947368421053 -1.0526315789473684 1 nan nan 0
-3.1578947368421053 -0.5263157894736842 1 nan nan 0
-3.1578947368421053 -0.0 1 nan nan 0
-3.1578947368421053 0.0 1 nan nan 0
-3.1578947368421053 0.5263157894736842 1 nan nan 0
-3.1578947368421053 1.0526315789473684 1 nan nan 0
-3.1578947368421053 1.5789473684210527 1 nan nan 0
-3.1578947368421053 2.1052631578947367 0 nan nan 0
-3.1578947368421053 2.631578947368421 0 nan nan 0
-3.1578947368421053 3.1578947368421053 0 nan nan 0
-3.1578947368421053 3.6842105263157894 0 nan nan 0
-3.1578947368421053 4.2105263157894735 0 nan nan 0
-3.1578947368421053 4.7368421052631575 0 nan nan 0
-3.1578947368421053 5.263157894736842 0 nan nan 0
-3.1578947368421053 5.789473684210526 0 nan nan 0
-3.1578947368421053 6.315789473684211 0 nan nan 0
-3.1578947368421053 6.842105263157895 0 nan nan 0
-3.1578947368421053 7.368421052631579 0 nan nan 0
-3.1578947368421053 7.894736842105263 0 nan nan 0
-3.1578947368421053 8.421052631578947 0 nan nan 0
-3.1578947368421053 8.947368421052632 0 nan nan 0
-3.1578947368421053 9.473684210526315 0 nan nan 0
-1.5789473684210527 -9.473684210526315 0 -1.086261005560271e+128 -1.673771176944862e+128 0
-1.5789473684210527 -8.947368421052632 0 nan nan 0
-1.5789473684210527 -8.421052631578947 0 nan nan 0
-1.5789473684210527 -7.894736842105263 0 nan nan 0
-1.5789473684210527 -7.368421052631579 0 nan nan 0
-1.5789473684210527 -6.842105263157895 0 nan nan 0
-1.5789473684210527 -6.315789473684211 0 nan nan 0
-1.5789473684210527 -5.789473684210526 0 nan nan 0
-1.5789473684210527 -5.263157894736842 0 nan nan 0
-1.5789473684210527 -4.7368421052631575 0 nan nan 0
-1.5789473684210527 -4.2105263157894735 0 nan nan 0
-1.5789473684210527 -3.6842105263157894 0 nan nan 0
-1.5789473684210527 -3.1578947368421053 0 nan nan 0
-1.5789473684210527 -2.631578947368421 0 nan nan 0
-1.5789473684210527 -2.1052631578947367 0 nan nan 0
-1.5789473684210527 -1.5789473684210527 1 nan nan 0
-1.5789473684210527 -1.0526315789473684 1 nan nan 0
-1.5789473684210527 -0.5263157894736842 1 nan nan 0
-1.5789473684210527 -0.0 1 nan nan 0
-1.5789473684210527 0.0 1 nan nan 0
-1.5789473684210527 0.5263157894736842 1 nan nan 0
-1.5789473684210527 1.0526315789473684 1 nan nan 0
-1.5789473684210527 1.5789473684210527 1 nan nan 0
-1.5789473684210527 2.1052631578947367 0 nan nan 0
-1.5789473684210527 2.631578947368421 0 nan nan 0
-1.5789473684210527 3.1578947368421053 0 nan nan 0
-1.5789473684210527 3.6842105263157894 0 nan nan 0
-1.5789473684210527 4.2105263157894735 0 nan nan 0
-1.5789473684210527 4.7368421052631575 0 nan nan 0
-1.5789473684210527 5.263157894736842 0 nan nan 0
-1.5789473684210527 5.789473684210526 0 nan nan 0
-1.5789473684210527 6.315789473684211 0 nan nan 0
-1.5789473684210527 6.842105263157895 0 nan nan 0
-1.5789473684210527 7.368421052631579 0 nan nan 0
-1.5789473684210527 7.894736842105263 0 nan nan 0
-1.5789473684210527 8.421052631578947 0 nan nan 0
-1.5789473684210527 8.947368421052632 0 nan nan 0
-1.5789473684210527 9.473684210526315 0 nan nan 0
-0.0 -9.473684210526315 0 7.697282728456901e+147 1.1860399945997901e+148 0
-0.0 -8.947368421052632 0 nan nan 0
-0.0 -8.421052631578947 0 nan nan 0
-0.0 -7.894736842105263 0 nan nan 0
-0.0 -7.368421052631579 0 nan nan 0
-0.0 -6.842105263157895 0 nan nan 0
-0.0 -6.315789473684211 0 nan nan 0
-0.0 -5.789473684210526 0 nan nan 0
-0.0 -5.263157894736842 0 nan nan 0
-0.0 -4.7368421052631575 0 nan nan 0
-0.0 -4.2105263157894735 0 nan nan 0
-0.0 -3.6842105263157894 0 nan nan 0
-0.0 -3.1578947368421053 0 nan nan 0
-0.0 -2.631578947368421 0 nan nan 0
-0.0 -2.1052631578947367 0 nan nan 0
-0.0 -1.5789473684210527 0 nan nan 0
-0.0 -1.0526315789473684 1 nan nan 0
-0.0 -0.5263157894736842 1 nan nan 0
-0.0 -0.0 1 nan nan 0
-0.0 0.0 1 nan nan 0
-0.0 0.5263157894736842 1 nan nan 0
-0.0 1.0526315789473684 1 nan nan 0
-0.0 1.5789473684210527 0 nan nan 0
-0.0 2.1052631578947367 0 nan nan 0
-0.0 2.631578947368421 0 nan nan 0
-0.0 3.1578947368421053 0 nan nan 0
-0.0 3.6842105263157894 0 nan nan 0
-0.0 4.2105263157894735 0 nan nan 0
-0.0 4.7368421052631575 0 nan nan 0
-0.0 5.263157894736842 0 nan nan 0
-0.0 5.789473684210526 0 nan nan 0
-0.0 6.315789473684211 0 nan nan 0
-0.0 6.842105263157895 0 nan nan 0
-0.0 7.368421052631579 0 nan nan 0
-0.0 7.894736842105263 0 nan nan 0
-0.0 8.421052631578947 0 nan nan 0
-0.0 8.947368421052632 0 nan nan 0
-0.0 9.473684210526315 0 nan nan 0
0.0 -9.473684210526315 0 -3.304723793350308e+169 -5.092101626368034e+169 0
0.0 -8.947368421052632 0 nan nan 0
0.0 -8.421052631578947 0 nan nan 0
0.0 -7.894736842105263 0 nan nan 0
0.0 -7.368421052631579 0 nan nan 0
0.0 -6.842105263157895 0 nan nan 0
0.0 -6.315789473684211 0 nan nan 0
0.0 -5.789473684210526 0 nan nan 0
0.0 -5.263157894736842 0 nan nan 0
0.0 -4.7368421052631575 0 nan nan 0
0.0 -4.2105263157894735 0 nan nan 0
0.0 -3.6842105263157894 0 nan nan 0
0.0 -3.1578947368421053 0 nan nan 0
0.0 -2.631578947368421 0 nan nan 0
0.0 -2.1052631578947367 0 nan nan 0
0.0 -1.5789473684210527 0 nan nan 0
0.0 -1.0526315789473684 1 nan nan 0
0.0 -0.5263157894736842 1 nan nan 0
0.0 -0.0 1 nan nan 0
0.0 0.0 1 nan nan 0
0.0 0.5263157894736842 1 nan nan 0
0.0 1.0526315789473684 1 nan nan 0
0.0 1.5789473684210527 0 nan nan 0
0.0 2.1052631578947367 0 nan nan 0
0.0 2.631578947368421 0 nan nan 0
0.0 3.1578947368421053 0 nan nan 0
0.0 3.6842105263157894 0 nan nan 0
0.0 4.2105263157894735 0 nan nan 0
0.0 4.7368421052631575 0 nan nan 0
0.0 5.263157894736842 0 nan nan 0
0.0 5.789473684210526 0 nan nan 0
0.0 6.315789473684211 0 nan nan 0
0.0 6.842105263157895 0 nan nan 0
0.0 7.368421052631579 0 nan nan 0
0.0 7.894736842105263 0 nan nan 0
0.0 8.421052631578947 0 nan nan 0
0.0 8.947368421052632 0 nan nan 0
0.0 9.473684210526315 0 nan nan 0
1.5789473684210527 -9.473684210526315 0 8.900981460585825e+192 1.371512568249188e+193 0
1.5789473684210527 -8.947368421052632 0 nan nan 0
1.5789473684210527 -8.421052631578947 0 nan nan 0
1.5789473684210527 -7.894736842105263 0 nan nan 0
1.5789473684210527 -7.368421052631579 0 nan nan 0
1.5789473684210527 -6.842105263157895 0 nan nan 0
1.5789473684210527 -6.315789473684211 0 nan nan 0
1.5789473684210527 -5.789473684210526 0 nan nan 0
1.5789473684210527 -5.263157894736842 0 nan nan 0
1.5789473684210527 -4.7368421052631575 0 nan nan 0
1.5789473684210527 -4.2105263157894735 0 nan nan 0
1.5789473684210527 -3.6842105263157894 0 nan nan 0
1.5789473684210527 -3.1578947368421053 0 nan nan 0
1.5789473684210527 -2.631578947368421 0 nan nan 0
1.5789473684210527 -2.1052631578947367 0 nan nan 0
1.5789473684210527 -1.5789473684210527 0 nan nan 0
1.5789473684210527 -1.0526315789473684 1 nan nan -0.11242592843449277
1.5789473684210527 -0.5263157894736842 1 nan nan -0.11242592843449277
1.5789473684210527 -0.0 1 nan nan -0.11242592843449277
1.5789473684210527 0.0 1 nan nan -0.11242592843449277
1.5789473684210527 0.5263157894736842 1 nan nan -0.11242592843449277
1.5789473684210527 1.0526315789473684 0 nan nan 0
1.5789473684210527 1.5789473684210527 0 nan nan 0
1.5789473684210527 2.1052631578947367 0 nan nan 0
1.5789473684210527 2.631578947368421 0 nan nan 0
1.5789473684210527 3.1578947368421053 0 nan nan 0
1.5789473684210527 3.6842105263157894 0 nan nan 0
1.5789473684210527 4.2105263157894735 0 nan nan 0
1.5789473684210527 4.7368421052631575 0 nan nan 0
1.5789473684210527 5.263157894736842 0 nan nan 0
1.5789473684210527 5.789473684210526 0 nan nan 0
1.5789473684210527 6.315789473684211 0 nan nan 0
1.5789473684210527 6.842105263157895 0 nan nan 0
1.5789473684210527 7.368421052631579 0 nan nan 0
1.5789473684210527 7.894736842105263 0 nan nan 0
1.5789473684210527 8.421052631578947 0 nan nan 0
1.5789473684210527 8.947368421052632 0 nan nan 0
1.5789473684210527 9.473684210526315 0 nan nan 0
3.1578947368421053 -9.473684210526315 0 -1.535957243268914e+218 -2.3666880700345196e+218 0
3.1578947368421053 -8.947368421052632 0 nan nan 0
3.1578947368421053 -8.421052631578947 0 nan nan 0
3.1578947368421053 -7.894736842105263 0 nan nan 0
3.1578947368421053 -7.368421052631579 0 nan nan 0
3.1578947368421053 -6.842105263157895 0 nan nan 0
3.1578947368421053 -6.315789473684211 0 nan nan 0
3.1578947368421053 -5.789473684210526 0 nan nan 0
3.1578947368421053 -5.263157894736842 0 nan nan 0
3.1578947368421053 -4.7368421052631575 0 nan nan 0
3.1578947368421053 -4.2105263157894735 0 nan nan 0
3.1578947368421053 -3.6842105263157894 0 nan nan 0
3.1578947368421053 -3.1578947368421053 0 nan nan 0
3.1578947368421053 -2.631578947368421 0 nan nan 0
3.1578947368421053 -2.1052631578947367 0 nan nan 0
3.1578947368421053 -1.5789473684210527 0 nan nan 0
3.1578947368421053 -1.0526315789473684 1 nan nan 0.11779651657852208
3.1578947368421053 -0.5263157894736842 1 nan nan 0.11779651657852208
3.1578947368421053 -0.0 1 nan nan 0.11779651657852208
3.1578947368421053 0.0 1 nan nan 0.11779651657852208
3.1578947368421053 0.5263157894736842 1 nan nan 0.11779651657852208
3.1578947368421053 1.0526315789473684 0 nan nan 0
3.1578947368421053 1.5789473684210527 0 nan nan 0
3.1578947368421053 2.1052631578947367 0 nan nan 0
3.1578947368421053 2.631578947368421 0 nan nan 0
3.1578947368421053 3.1578947368421053 0 nan nan 0
3.1578947368421053 3.6842105263157894 0 nan nan 0
3.1578947368421053 4.2105263157894735 0 nan nan 0
3.1578947368421053 4.7368421052631575 0 nan nan 0
3.1578947368421053 5.263157894736842 0 nan nan 0
3.1578947368421053 5.789473684210526 0 nan nan 0
3.1578947368421053 6.315789473684211 0 nan nan 0
3.1578947368421053 6.842105263157895 0 nan nan 0
3.1578947368421053 7.368421052631579 0 nan nan 0
3.1578947368421053 7.894736842105263 0 nan nan 0
3.1578947368421053 8.421052631578947 0 nan nan 0
3.1578947368421053 8.947368421052632 0 nan nan 0
3.1578947368421053 9.473684210526315 0 nan nan 0
4.7368421052631575 -9.473684210526315 0 1.740040557493044e+245 2.6811509544566156e+245 0
4.7368421052631575 -8.947368421052632 0 nan nan 0
4.7368421052631575 -8.421052631578947 0 nan nan 0
4.7368421052631575 -7.894736842105263 0 nan nan 0
4.7368421052631575 -7.368421052631579 0 nan nan 0
4.7368421052631575 -6.842105263157895 0 nan nan 0
4.7368421052631575 -6.315789473684211 0 nan nan 0
4.7368421052631575 -5.789473684210526 0 nan nan 0
4.7368421052631575 -5.263157894736842 0 nan nan 0
4.7368421052631575 -4.7368421052631575 0 nan nan 0
4.7368421052631575 -4.2105263157894735 0 nan nan 0
4.7368421052631575 -3.6842105263157894 0 nan nan 0
4.7368421052631575 -3.1578947368421053 0 nan nan 0
4.7368421052631575 -2.631578947368421 0 nan nan 0
4.7368421052631575 -2.1052631578947367 0 nan nan 0
4.7368421052631575 -1.5789473684210527 0 nan nan 0
4.7368421052631575 -1.0526315789473684 0 nan nan 0
4.7368421052631575 -0.5263157894736842 1 nan nan 0.4119986062646858
4.7368421052631575 -0.0 1 nan nan 0.4119986062646858
4.7368421052631575 0.0 1 nan nan 0.4119986062646858
4.7368421052631575 0.5263157894736842 1 nan nan 0.4119986062646858
4.7368421052631575 1.0526315789473684 1 nan nan 0.4119986062646858
4.7368421052631575 1.5789473684210527 0 nan nan 0
4.7368421052631575 2.1052631578947367 0 nan nan 0
4.7368421052631575 2.631578947368421 0 nan nan 0
4.7368421052631575 3.1578947368421053 0 nan nan 0
4.7368421052631575 3.6842105263157894 0 nan nan 0
4.7368421052631575 4.2105263157894735 0 nan nan 0
4.7368421052631575 4.7368421052631575 0 nan nan 0
4.7368421052631575 5.263157894736842 0 nan nan 0
4.7368421052631575 5.789473684210526 0 nan nan 0
4.7368421052631575 6.315789473684211 0 nan nan 0
4.7368421052631575 6.842105263157895 0 nan nan 0
4.7368421052631575 7.368421052631579 0 nan nan 0
4.7368421052631575 7.894736842105263 0 nan nan 0
4.7368421052631575 8.421052631578947 0 nan nan 0
4.7368421052631575 8.947368421052632 0 nan nan 0
4.7368421052631575 9.473684210526315 0 nan nan 0
6.315789473684211 -9.473684210526315 0 -1.3083299290049345e+274 -2.015947285130887e+274 0
6.315789473684211 -8.947368421052632 0 nan nan 0
6.315789473684211 -8.421052631578947 0 nan nan 0
6.315789473684211 -7.894736842105263 0 nan nan 0
6.315789473684211 -7.368421052631579 0 nan nan 0
6.315789473684211 -6.842105263157895 0 nan nan 0
6.315789473684211 -6.315789473684211 0 nan nan 0
6.315789473684211 -5.789473684210526 0 nan nan 0
6.315789473684211 -5.263157894736842 0 nan nan 0
6.315789473684211 -4.7368421052631575 0 nan nan 0
6.315789473684211 -4.2105263157894735 0 nan nan 0
6.315789473684211 -3.6842105263157894 0 nan nan 0
6.315789473684211 -3.1578947368421053 0 nan nan 0
6.315789473684211 -2.631578947368421 0 nan nan 0
6.315789473684211 -2.1052631578947367 0 nan nan 0
6.315789473684211 -1.5789473684210527 0 nan nan 0
6.315789473684211 -1.0526315789473684 0 nan nan 0
6.315789473684211 -0.5263157894736842 0 nan nan 0
6.315789473684211 -0.0 0 nan nan 0
6.315789473684211 0.0 0 nan nan 0
6.315789473684211 0.5263157894736842 1 nan nan 0.3474839614804574
6.315789473684211 1.0526315789473684 1 nan nan 0.3474839614804574
6.315789473684211 1.5789473684210527 1 nan nan 0.3474839614804574
6.315789473684211 2.1052631578947367 0 nan nan 0
6.315789473684211 2.631578947368421 0 nan nan 0
6.315789473684211 3.1578947368421053 0 nan nan 0
6.315789473684211 3.6842105263157894 0 nan nan 0
6.315789473684211 4.2105263157894735 0 nan nan 0
6.315789473684211 4.7368421052631575 0 nan nan 0
6.315789473684211 5.263157894736842 0 nan nan 0
6.315789473684211 5.789473684210526 0 nan nan 0
6.315789473684211 6.315789473684211 0 nan nan 0
6.315789473684211 6.842105263157895 0 nan nan 0
6.315789473684211 7.368421052631579 0 nan nan 0
6.315789473684211 7.894736842105263 0 nan nan 0
6.315789473684211 8.421052631578947 0 nan nan 0
6.315789473684211 8.947368421052632 0 nan nan 0
6.315789473684211 9.473684210526315 0 nan nan 0
7.894736842105264 -9.473684210526315 0 6.652792315011798e+304 1.0250991213040637e+305 0
7.894736842105264 -8.947368421052632 0 nan nan 0
7.894736842105264 -8.421052631578947 0 nan nan 0
7.894736842105264 -7.894736842105263 0 nan nan 0
7.894736842105264 -7.368421052631579 0 nan nan 0
7.894736842105264 -6.842105263157895 0 nan nan 0
7.894736842105264 -6.315789473684211 0 nan nan 0
7.894736842105264 -5.789473684210526 0 nan nan 0
7.894736842105264 -5.263157894736842 0 nan nan 0
7.894736842105264 -4.7368421052631575 0 nan nan 0
7.894736842105264 -4.2105263157894735 0 nan nan 0
7.894736842105264 -3.6842105263157894 0 nan nan 0
7.894736842105264 -3.1578947368421053 0 nan nan 0
7.894736842105264 -2.631578947368421 0 nan nan 0
7.894736842105264 -2.1052631578947367 0 nan nan 0
7.894736842105264 -1.5789473684210527 0 nan nan 0
7.894736842105264 -1.0526315789473684 0 nan nan 0
7.894736842105264 -0.5263157894736842 0 nan nan 0
7.894736842105264 -0.0 0 nan nan 0
7.894736842105264 0.0 0 nan nan 0
7.894736842105264 0.5263157894736842 0 nan nan 0
7.894736842105264 1.0526315789473684 0 nan nan 0
7.894736842105264 1.5789473684210527 1 nan nan -0.5089255137832074
7.894736842105264 2.1052631578947367 1 nan nan -0.5089255137832074
7.894736842105264 2.631578947368421 1 nan nan -0.5089255137832074
7.894736842105264 3.1578947368421053 0 nan nan 0
7.894736842105264 3.6842105263157894 0 nan nan 0
7.894736842105264 4.2105263157894735 0 nan nan 0
7.894736842105264 4.7368421052631575 0 nan nan 0
7.894736842105264 5.263157894736842 0 nan nan 0
7.894736842105264 5.789473684210526 0 nan nan 0
7.894736842105264 6.315789473684211 0 nan nan 0
7.894736842105264 6.842105263157895 0 nan nan 0
7.894736842105264 7.368421052631579 0 nan nan 0
7.894736842105264 7.894736842105263 0 nan nan 0
7.894736842105264 8.421052631578947 0 nan nan 0
7.894736842105264 8.947368421052632 0 nan nan 0
7.894736842105264 9.473684210526315 0 nan nan 0
9.473684210526315 -9.473684210526315 0 -inf -inf 0
9.473684210526315 -8.947368421052632 0 nan nan 0
9.473684210526315 -8.421052631578947 0 nan nan 0
9.473684210526315 -7.894736842105263 0 nan nan 0
9.473684210526315 -7.368421052631579 0 nan nan 0
9.473684210526315 -6.842105263157895 0 nan nan 0
9.473684210526315 -6.315789473684211 0 nan nan 0
9.473684210526315 -5.789473684210526 0 nan nan 0
9.473684210526315 -5.263157894736842 0 nan nan 0
9.473684210526315 -4.7368421052631575 0 nan nan 0
9.473684210526315 -4.2105263157894735 0 nan nan 0
9.473684210526315 -3.6842105263157894 0 nan nan 0
9.473684210526315 -3.1578947368421053 0 nan nan 0
9.473684210526315 -2.631578947368421 0 nan nan 0
9.473684210526315 -2.1052631578947367 0 nan nan 0
9.473684210526315 -1.5789473684210527 0 nan nan 0
9.473684210526315 -1.0526315789473684 0 nan nan 0
9.473684210526315 -0.5263157894736842 0 nan nan 0
9.473684210526315 -0.0 0 nan nan 0
9.473684210526315 0.0 0 nan nan 0
9.473684210526315 0.5263157894736842 0 nan nan 0
9.473684210526315 1.0526315789473684 0 nan nan 0
9.473684210526315 1.5789473684210527 0 nan nan 0
9.473684210526315 2.1052631578947367 0 nan nan 0
9.473684210526315 2.631578947368421 1 nan nan -2.4513964508045687
9.473684210526315 3.1578947368421053 1 nan nan -2.4513964508045687
9.473684210526315 3.6842105263157894 1 nan nan -2.4513964508045687
9.473684210526315 4.2105263157894735 0 nan nan 0
9.473684210526315 4.7368421052631575 0 nan nan 0
9.473684210526315 5.263157894736842 0 nan nan 0
9.473684210526315 5.789473684210526 0 nan nan 0
9.473684210526315 6.315789473684211 0 nan nan 0
9.473684210526315 6.842105263157895 0 nan nan 0
9.473684210526315 7.368421052631579 0 nan nan 0
9.473684210526315 7.894736842105263 0 nan nan 0
9.473684210526315 8.421052631578947 0 nan nan 0
9.473684210526315 8.947368421052632 0 nan nan 0
9.473684210526315 9.473684210526315 0 nan nan 0
11.052631578947368 -9.473684210526315 0 nan nan 0
11.052631578947368 -8.947368421052632 0 nan nan 0
11.052631578947368 -8.421052631578947 0 nan nan 0
11.052631578947368 -7.894736842105263 0 nan nan 0
11.052631578947368 -7.368421052631579 0 nan nan 0
11.052631578947368 -6.842105263157895 0 nan nan 0
11.052631578947368 -6.315789473684211 0 nan nan 0
11.052631578947368 -5.789473684210526 0 nan nan 0
11.052631578947368 -5.263157894736842 0 nan nan 0
11.052631578947368 -4.7368421052631575 0 nan nan 0
11.052631578947368 -4.2105263157894735 0 nan nan 0
11.052631578947368 -3.6842105263157894 0 nan nan 0
11.052631578947368 -3.1578947368421053 0 nan nan 0
11.052631578947368 -2.631578947368421 0 nan nan 0
11.052631578947368 -2.1052631578947367 0 nan nan 0
11.052631578947368 -1.5789473684210527 0 nan nan 0
11.052631578947368 -1.0526315789473684 0 nan nan 0
11.052631578947368 -0.5263157894736842 0 nan nan 0
11.052631578947368 -0.0 0 nan nan 0
11.052631578947368 0.0 0 nan nan 0
11.052631578947368 0.5263157894736842 0 nan nan 0
11.052631578947368 1.0526315789473684 0 nan nan 0
11.052631578947368 1.5789473684210527 0 nan nan 0
11.052631578947368 2.1052631578947367 0 nan nan 0
11.052631578947368 2.631578947368421 1 nan nan -5.503175735059165
11.052631578947368 3.1578947368421053 1 nan nan -5.503175735059165
11.052631578947368 3.6842105263157894 1 nan nan -5.503175735059165
11.052631578947368 4.2105263157894735 0 nan nan -5.421392925106682
11.052631578947368 4.7368421052631575 0 nan nan 0
11.052631578947368 5.263157894736842 0 nan nan 0
11.052631578947368 5.789473684210526 0 nan nan 0
11.052631578947368 6.315789473684211 0 nan nan 0
11.052631578947368 6.842105263157895 0 nan nan 0
11.052631578947368 7.368421052631579 0 nan nan 0
11.052631578947368 7.894736842105263 0 nan nan 0
11.052631578947368 8.421052631578947 0 nan nan 0
11.052631578947368 8.947368421052632 0 nan nan 0
11.052631578947368 9.473684210526315 0 nan nan 0
12.631578947368421 -9.473684210526315 0 nan nan 0
12.631578947368421 -8.947368421052632 0 nan nan 0
12.631578947368421 -8.421052631578947 0 nan nan 0
12.631578947368421 -7.894736842105263 0 nan nan 0
12.631578947368421 -7.368421052631579 0 nan nan 0
12.631578947368421 -6.842105263157895 0 nan nan 0
12.631578947368421 -6.315789473684211 0 nan nan 0
12.631578947368421 -5.789473684210526 0 nan nan 0
12.631578947368421 -5.263157894736842 0 nan nan 0
12.631578947368421 -4.7368421052631575 0 nan nan 0
12.631578947368421 -4.2105263157894735 0 nan nan 0
12.631578947368421 -3.6842105263157894 0 nan nan 0
12.631578947368421 -3.1578947368421053 0 nan nan 0
12.631578947368421 -2.631578947368421 0 nan nan 0
12.631578947368421 -2.1052631578947367 0 nan nan 0
12.631578947368421 -1.5789473684210527 0 nan nan 0
12.631578947368421 -1.0526315789473684 0 nan nan 0
12.631578947368421 -0.5263157894736842 0 nan nan 0
12.631578947368421 -0.0 0 nan nan 0
12.631578947368421 0.0 0 nan nan 0
12.631578947368421 0.5263157894736842 0 nan nan 0
12.631578947368421 1.0526315789473684 0 nan nan 0
12.631578947368421 1.5789473684210527 0 nan nan 0
12.631578947368421 2.1052631578947367 0 nan nan 0
12.631578947368421 2.631578947368421 1 nan nan -9.33398897812137
12.631578947368421 3.1578947368421053 1 nan nan -9.33398897812137
12.631578947368421 3.6842105263157894 0 nan nan -9.198360256046712
12.631578947368421 4.2105263157894735 0 nan nan 0
12.631578947368421 4.7368421052631575 0 nan nan 0
12.631578947368421 5.263157894736842 0 nan nan 0
12.631578947368421 5.789473684210526 0 nan nan 0
12.631578947368421 6.315789473684211 0 nan nan 0
12.631578947368421 6.842105263157895 0 nan nan 0
12.631578947368421 7.368421052631579 0 nan nan 0
12.631578947368421 7.894736842105263 0 nan nan 0
12.631578947368421 8.421052631578947 0 nan nan 0
12.631578947368421 8.947368421052632 0 nan nan 0
12.631578947368421 9.473684210526315 0 nan nan 0
14.210526315789474 -9.473684210526315 0 nan nan 0
14.210526315789474 -8.947368421052632 0 nan nan 0
14.210526315789474 -8.421052631578947 0 nan nan 0
14.210526315789474 -7.894736842105263 0 nan nan 0
14.210526315789474 -7.368421052631579 0 nan nan 0
14.210526315789474 -6.842105263157895 0 nan nan 0
14.210526315789474 -6.315789473684211 0 nan nan 0
14.210526315789474 -5.789473684210526 0 nan nan 0
14.210526315789474 -5.263157894736842 0 nan nan 0
14.210526315789474 -4.7368421052631575 0 nan nan 0
14.210526315789474 -4.2105263157894735 0 nan nan 0
14.210526315789474 -3.6842105263157894 0 nan nan 0
14.210526315789474 -3.1578947368421053 0 nan nan 0
14.210526315789474 -2.631578947368421 0 nan nan 0
14.210526315789474 -2.1052631578947367 0 nan nan 0
14.210526315789474 -1.5789473684210527 0 nan nan 0
14.210526315789474 -1.0526315789473684 0 nan nan 0
14.210526315789474 -0.5263157894736842 0 nan nan 0
14.210526315789474 -0.0 0 nan nan 0
14.210526315789474 0.0 0 nan nan 0
14.210526315789474 0.5263157894736842 0 nan nan 0
14.210526315789474 1.0526315789473684 0 nan nan 0
14.210526315789474 1.5789473684210527 0 nan nan 0
14.210526315789474 2.1052631578947367 0 nan nan 0
14.210526315789474 2.631578947368421 0 nan nan 0
14.210526315789474 3.1578947368421053 0 nan nan 0
14.210526315789474 3.6842105263157894 0 nan nan 0
14.210526315789474 4.2105263157894735 0 nan nan 0
14.210526315789474 4.7368421052631575 0 nan nan 0
14.210526315789474 5.263157894736842 0 nan nan 0
14.210526315789474 5.789473684210526 0 nan nan 0
14.210526315789474 6.315789473684211 0 nan nan 0
14.210526315789474 6.842105263157895 0 nan nan 0
14.210526315789474 7.368421052631579 0 nan nan 0
14.210526315789474 7.894736842105263 0 nan nan 0
14.210526315789474 8.421052631578947 0 nan nan 0
14.210526315789474 8.947368421052632 0 nan nan 0
14.210526315789474 9.473684210526315 0 nan nan 0
15.789473684210527 -9.473684210526315 0 nan nan 0
15.789473684210527 -8.947368421052632 0 nan nan 0
15.789473684210527 -8.421052631578947 0 nan nan 0
15.789473684210527 -7.894736842105263 0 nan nan 0
15.789473684210527 -7.368421052631579 0 nan nan 0
15.789473684210527 -6.842105263157895 0 nan nan 0
15.789473684210527 -6.315789473684211 0 nan nan 0
15.789473684210527 -5.789473684210526 0 nan nan 0
15.789473684210527 -5.263157894736842 0 nan nan 0
15.789473684210527 -4.7368421052631575 0 nan nan 0
15.789473684210527 -4.2105263157894735 0 nan nan 0
15.789473684210527 -3.6842105263157894 0 nan nan 0
15.789473684210527 -3.1578947368421053 0 nan nan 0
15.789473684210527 -2.631578947368421 0 nan nan 0
15.789473684210527 -2.1052631578947367 0 nan nan 0
15.789473684210527 -1.5789473684210527 0 nan nan 0
15.789473684210527 -1.0526315789473684 0 nan nan 0
15.789473684210527 -0.5263157894736842 0 nan nan 0
15.789473684210527 -0.0 0 nan nan 0
15.789473684210527 0.0 0 nan nan 0
15.789473684210527 0.5263157894736842 0 nan nan 0
15.789473684210527 1.0526315789473684 0 nan nan 0
15.789473684210527 1.5789473684210527 0 nan nan 0
15.789473684210527 2.1052631578947367 0 nan nan 0
15.789473684210527 2.631578947368421 0 nan nan 0
15.789473684210527 3.1578947368421053 0 nan nan 0
15.789473684210527 3.6842105263157894 0 nan nan 0
15.789473684210527 4.2105263157894735 0 nan nan 0
15.789473684210527 4.7368421052631575 0 nan nan 0
15.789473684210527 5.263157894736842 0 nan nan 0
15.789473684210527 5.789473684210526 0 nan nan 0
15.789473684210527 6.315789473684211 0 nan nan 0
15.789473684210527 6.842105263157895 0 nan nan 0
15.789473684210527 7.368421052631579 0 nan nan 0
15.789473684210527 7.894736842105263 0 nan nan 0
15.789473684210527 8.421052631578947 0 nan nan 0
15.789473684210527 8.947368421052632 0 nan nan 0
15.789473684210527 9.473684210526315 0 nan nan 0
17.36842105263158 -9.473684210526315 0 nan nan 0
17.36842105263158 -8.947368421052632 0 nan nan 0
17.36842105263158 -8.421052631578947 0 nan nan 0
17.36842105263158 -7.894736842105263 0 nan nan 0
17.36842105263158 -7.368421052631579 0 nan nan 0
17.36842105263158 -6.842105263157895 0 nan nan 0
17.36842105263158 -6.315789473684211 0 nan nan 0
17.36842105263158 -5.789473684210526 0 nan nan 0
17.36842105263158 -5.263157894736842 0 nan nan 0
17.36842105263158 -4.7368421052631575 0 nan nan 0
17.36842105263158 -4.2105263157894735 0 nan nan 0
17.36842105263158 -3.6842105263157894 0 nan nan 0
17.36842105263158 -3.1578947368421053 0 nan nan 0
17.36842105263158 -2.631578947368421 0 nan nan 0
17.36842105263158 -2.1052631578947367 0 nan nan 0
17.36842105263158 -1.5789473684210527 0 nan nan 0
17.36842105263158 -1.0526315789473684 0 nan nan 0
17.36842105263158 -0.5263157894736842 0 nan nan 0
17.36842105263158 -0.0 0 nan nan 0
17.36842105263158 0.0 0 nan nan 0
17.36842105263158 0.5263157894736842 0 nan nan 0
17.36842105263158 1.0526315789473684 0 nan nan 0
17.36842105263158 1.5789473684210527 0 nan nan 0
17.36842105263158 2.1052631578947367 0 nan nan 0
17.36842105263158 2.631578947368421 0 nan nan 0
17.36842105263158 3.1578947368421053 0 nan nan 0
17.36842105263158 3.6842105263157894 0 nan nan 0
17.36842105263158 4.2105263157894735 0 nan nan 0
17.36842105263158 4.7368421052631575 0 nan nan 0
17.36842105263158 5.263157894736842 0 nan nan 0
17.36842105263158 5.789473684210526 0 nan nan 0
17.36842105263158 6.315789473684211 0 nan nan 0
17.36842105263158 6.842105263157895 0 nan nan 0
17.36842105263158 7.368421052631579 0 nan nan 0
17.36842105263158 7.894736842105263 0 nan nan 0
17.36842105263158 8.421052631578947 0 nan nan 0
17.36842105263158 8.947368421052632 0 nan nan 0
17.36842105263158 9.473684210526315 0 nan nan 0
18.94736842105263 -9.473684210526315 0 nan nan 0
18.94736842105263 -8.947368421052632 0 nan nan 0
18.94736842105263 -8.421052631578947 0 nan nan 0
18.94736842105263 -7.894736842105263 0 nan nan 0
18.94736842105263 -7.368421052631579 0 nan nan 0
18.94736842105263 -6.842105263157895 0 nan nan 0
18.94736842105263 -6.315789473684211 0 nan nan 0
18.94736842105263 -5.789473684210526 0 nan nan 0
18.94736842105263 -5.263157894736842 0 nan nan 0
18.94736842105263 -4.7368421052631575 0 nan nan 0
18.94736842105263 -4.2105263157894735 0 nan nan 0
18.94736842105263 -3.6842105263157894 0 nan nan 0
18.94736842105263 -3.1578947368421053 0 nan nan 0
18.94736842105263 -2.631578947368421 0 nan nan 0
18.94736842105263 -2.1052631578947367 0 nan nan 0
18.94736842105263 -1.5789473684210527 0 nan nan 0
18.94736842105263 -1.0526315789473684 0 nan nan 0
18.94736842105263 -0.5263157894736842 0 nan nan 0
18.94736842105263 -0.0 0 nan nan 0
18.94736842105263 0.0 0 nan nan 0
18.94736842105263 0.5263157894736842 0 nan nan 0
18.94736842105263 1.0526315789473684 0 nan nan 0
18.94736842105263 1.5789473684210527 0 nan nan 0
18.94736842105263 2.1052631578947367 0 nan nan 0
18.94736842105263 2.631578947368421 0 nan nan 0
18.94736842105263 3.1578947368421053 0 nan nan 0
18.94736842105263 3.6842105263157894 0 nan nan 0
18.94736842105263 4.2105263157894735 0 nan nan 0
18.94736842105263 4.7368421052631575 0 nan nan 0
18.94736842105263 5.263157894736842 0 nan nan 0
18.94736842105263 5.789473684210526 0 nan nan 0
18.94736842105263 6.315789473684211 0 nan nan 0
18.94736842105263 6.842105263157895 0 nan nan 0
18.94736842105263 7.368421052631579 0 nan nan 0
18.94736842105263 7.894736842105263 0 nan nan 0
18.94736842105263 8.421052631578947 0 nan nan 0
18.94736842105263 8.947368421052632 0 nan nan 0
18.94736842105263 9.473684210526315 0 nan nan 0
20.526315789473685 -9.473684210526315 0 nan nan 0
20.526315789473685 -8.947368421052632 0 nan nan 0
20.526315789473685 -8.421052631578947 0 nan nan 0
20.526315789473685 -7.894736842105263 0 nan nan 0
20.526315789473685 -7.368421052631579 0 nan nan 0
20.526315789473685 -6.842105263157895 0 nan nan 0
20.526315789473685 -6.315789473684211 0 nan nan 0
20.526315789473685 -5.789473684210526 0 nan nan 0
20.526315789473685 -5.263157894736842 0 nan nan 0
20.526315789473685 -4.7368421052631575 0 nan nan 0
20.526315789473685 -4.2105263157894735 0 nan nan 0
20.526315789473685 -3.6842105263157894 0 nan nan 0
20.526315789473685 -3.1578947368421053 0 nan nan 0
20.526315789473685 -2.631578947368421 0 nan nan 0
20.526315789473685 -2.1052631578947367 0 nan nan 0
20.526315789473685 -1.5789473684210527 0 nan nan 0
20.526315789473685 -1.0526315789473684 0 nan nan 0
20.526315789473685 -0.5263157894736842 0 nan nan 0
20.526315789473685 -0.0 0 nan nan 0
20.526315789473685 0.0 0 nan nan 0
20.526315789473685 0.5263157894736842 0 nan nan 0
20.526315789473685 1.0526315789473684 0 nan nan 0
20.526315789473685 1.5789473684210527 0 nan nan 0
20.526315789473685 2.1052631578947367 0 nan nan 0
20.526315789473685 2.631578947368421 0 nan nan 0
20.526315789473685 3.1578947368421053 0 nan nan 0
20.526315789473685 3.6842105263157894 0 nan nan 0
20.526315789473685 4.2105263157894735 0 nan nan 0
20.526315789473685 4.7368421052631575 0 nan nan 0
20.526315789473685 5.263157894736842 0 nan nan 0
20.526315789473685 5.789473684210526 0 nan nan 0
20.526315789473685 6.315789473684211 0 nan nan 0
20.526315789473685 6.842105263157895 0 nan nan 0
20.526315789473685 7.368421052631579 0 nan nan 0
20.526315789473685 7.894736842105263 0 nan nan 0
20.526315789473685 8.421052631578947 0 nan nan 0
20.526315789473685 8.947368421052632 0 nan nan 0
20.526315789473685 9.473684210526315 0 nan nan 0
22.105263157894736 -9.473684210526315 0 nan nan 0
22.105263157894736 -8.947368421052632 0 nan nan 0
22.105263157894736 -8.421052631578947 0 nan nan 0
22.105263157894736 -7.894736842105263 0 nan nan 0
22.105263157894736 -7.368421052631579 0 nan nan 0
22.105263157894736 -6.842105263157895 0 nan nan 0
22.105263157894736 -6.315789473684211 0 nan nan 0
22.105263157894736 -5.789473684210526 0 nan nan 0
22.105263157894736 -5.263157894736842 0 nan nan 0
22.105263157894736 -4.7368421052631575 0 nan nan 0
22.105263157894736 -4.2105263157894735 0 nan nan 0
22.105263157894736 -3.6842105263157894 0 nan nan 0
22.105263157894736 -3.1578947368421053 0 nan nan 0
22.105263157894736 -2.631578947368421 0 nan nan 0
22.105263157894736 -2.1052631578947367 0 nan nan 0
22.105263157894736 -1.5789473684210527 0 nan nan 0
22.105263157894736 -1.0526315789473684 0 nan nan 0
22.105263157894736 -0.5263157894736842 0 nan nan 0
22.105263157894736 -0.0 0 nan nan 0
22.105263157894736 0.0 0 nan nan 0
22.105263157894736 0.5263157894736842 0 nan nan 0
22.105263157894736 1.0526315789473684 0 nan nan 0
22.105263157894736 1.5789473684210527 0 nan nan 0
22.105263157894736 2.1052631578947367 0 nan nan 0
22.105263157894736 2.631578947368421 0 nan nan 0
22.105263157894736 3.1578947368421053 0 nan nan 0
22.105263157894736 3.6842105263157894 0 nan nan 0
22.105263157894736 4.2105263157894735 0 nan nan 0
22.105263157894736 4.7368421052631575 0 nan nan 0
22.105263157894736 5.263157894736842 0 nan nan 0
22.105263157894736 5.789473684210526 0 nan nan 0
22.105263157894736 6.315789473684211 0 nan nan 0
22.105263157894736 6.842105263157895 0 nan nan 0
22.105263157894736 7.368421052631579 0 nan nan 0
22.105263157894736 7.894736842105263 0 nan nan 0
22.105263157894736 8.421052631578947 0 nan nan 0
22.105263157894736 8.947368421052632 0 nan nan 0
22.105263157894736 9.473684210526315 0 nan nan 0
23.68421052631579 -9.473684210526315 0 nan nan 0
23.68421052631579 -8.947368421052632 0 nan nan 0
23.68421052631579 -8.421052631578947 0 nan nan 0
23.68421052631579 -7.894736842105263 0 nan nan 0
23.68421052631579 -7.368421052631579 0 nan nan 0
23.68421052631579 -6.842105263157895 0 nan nan 0
23.68421052631579 -6.315789473684211 0 nan nan 0
23.68421052631579 -5.789473684210526 0 nan nan 0
23.68421052631579 -5.263157894736842 0 nan nan 0
23.68421052631579 -4.7368421052631575 0 nan nan 0
23.68421052631579 -4.2105263157894735 0 nan nan 0
23.68421052631579 -3.6842105263157894 0 nan nan 0
23.68421052631579 -3.1578947368421053 0 nan nan 0
23.68421052631579 -2.631578947368421 0 nan nan 0
23.68421052631579 -2.1052631578947367 0 nan nan 0
23.68421052631579 -1.5789473684210527 0 nan nan 0
23.68421052631579 -1.0526315789473684 0 nan nan 0
23.68421052631579 -0.5263157894736842 0 nan nan 0
23.68421052631579 -0.0 0 nan nan 0
23.68421052631579 0.0 0 nan nan 0
23.68421052631579 0.5263157894736842 0 nan nan 0
23.68421052631579 1.0526315789473684 0 nan nan 0
23.68421052631579 1.5789473684210527 0 nan nan 0
23.68421052631579 2.1052631578947367 0 nan nan 0
23.68421052631579 2.631578947368421 0 nan nan 0
23.68421052631579 3.1578947368421053 0 nan nan 0
23.68421052631579 3.6842105263157894 0 nan nan 0
23.68421052631579 4.2105263157894735 0 nan nan 0
23.68421052631579 4.7368421052631575 0 nan nan 0
23.68421052631579 5.263157894736842 0 nan nan 0
23.68421052631579 5.789473684210526 0 nan nan 0
23.68421052631579 6.315789473684211 0 nan nan 0
23.68421052631579 6.842105263157895 0 nan nan 0
23.68421052631579 7.368421052631579 0 nan nan 0
23.68421052631579 7.894736842105263 0 nan nan 0
23.68421052631579 8.421052631578947 0 nan nan 0
23.68421052631579 8.947368421052632 0 nan nan 0
23.68421052631579 9.473684210526315 0 nan nan 0
25.263157894736842 -9.473684210526315 0 nan nan 0
25.263157894736842 -8.947368421052632 0 nan nan 0
25.263157894736842 -8.421052631578947 0 nan nan 0
25.263157894736842 -7.894736842105263 0 nan nan 0
25.263157894736842 -7.368421052631579 0 nan nan 0
25.263157894736842 -6.842105263157895 0 nan nan 0
25.263157894736842 -6.315789473684211 0 nan nan 0
25.263157894736842 -5.789473684210526 0 nan nan 0
25.263157894736842 -5.263157894736842 0 nan nan 0
25.263157894736842 -4.7368421052631575 0 nan nan 0
25.263157894736842 -4.2105263157894735 0 nan nan 0
25.263157894736842 -3.6842105263157894 0 nan nan 0
25.263157894736842 -3.1578947368421053 0 nan nan 0
25.263157894736842 -2.631578947368421 0 nan nan 0
25.263157894736842 -2.1052631578947367 0 nan nan 0
25.263157894736842 -1.5789473684210527 0 nan nan 0
25.263157894736842 -1.0526315789473684 0 nan nan 0
25.263157894736842 -0.5263157894736842 0 nan nan 0
25.263157894736842 -0.0 0 nan nan 0
25.263157894736842 0.0 0 nan nan 0
25.263157894736842 0.5263157894736842 0 nan nan 0
25.263157894736842 1.0526315789473684 0 nan nan 0
25.263157894736842 1.5789473684210527 0 nan nan 0
25.263157894736842 2.1052631578947367 0 nan nan 0
25.263157894736842 2.631578947368421 0 nan nan 0
25.263157894736842 3.1578947368421053 0 nan nan 0
25.263157894736842 3.6842105263157894 0 nan nan 0
25.263157894736842 4.2105263157894735 0 nan nan 0
25.263157894736842 4.7368421052631575 0 nan nan 0
25.263157894736842 5.263157894736842 0 nan nan 0
25.263157894736842 5.789473684210526 0 nan nan 0
25.263157894736842 6.315789473684211 0 nan nan 0
25.263157894736842 6.842105263157895 0 nan nan 0
25.263157894736842 7.368421052631579 0 nan nan 0
25.263157894736842 7.894736842105263 0 nan nan 0
25.263157894736842 8.421052631578947 0 nan nan 0
25.263157894736842 8.947368421052632 0 nan nan 0
25.263157894736842 9.473684210526315 0 nan nan 0
26.842105263157894 -9.473684210526315 0 nan nan 0
26.842105263157894 -8.947368421052632 0 nan nan 0
26.842105263157894 -8.421052631578947 0 nan nan 0
26.842105263157894 -7.894736842105263 0 nan nan 0
26.842105263157894 -7.368421052631579 0 nan nan 0
26.842105263157894 -6.842105263157895 0 nan nan 0
26.842105263157894 -6.315789473684211 0 nan nan 0
26.842105263157894 -5.789473684210526 0 nan nan 0
26.842105263157894 -5.263157894736842 0 nan nan 0
26.842105263157894 -4.7368421052631575 0 nan nan 0
26.842105263157894 -4.2105263157894735 0 nan nan 0
26.842105263157894 -3.6842105263157894 0 nan nan 0
26.842105263157894 -3.1578947368421053 0 nan nan 0
26.842105263157894 -2.631578947368421 0 nan nan 0
26.842105263157894 -2.1052631578947367 0 nan nan 0
26.842105263157894 -1.5789473684210527 0 nan nan 0
26.842105263157894 -1.0526315789473684 0 nan nan 0
26.842105263157894 -0.5263157894736842 0 nan nan 0
26.842105263157894 -0.0 0 nan nan 0
26.842105263157894 0.0 0 nan nan 0
26.842105263157894 0.5263157894736842 0 nan nan 0
26.842105263157894 1.0526315789473684 0 nan nan 0
26.842105263157894 1.5789473684210527 0 nan nan 0
26.842105263157894 2.1052631578947367 0 nan nan 0
26.842105263157894 2.631578947368421 0 nan nan 0
26.842105263157894 3.1578947368421053 0 nan nan 0
26.842105263157894 3.6842105263157894 0 nan nan 0
26.842105263157894 4.2105263157894735 0 nan nan 0
26.842105263157894 4.7368421052631575 0 nan nan 0
26.842105263157894 5.263157894736842 0 nan nan 0
26.842105263157894 5.789473684210526 0 nan nan 0
26.842105263157894 6.315789473684211 0 nan nan 0
26.842105263157894 6.842105263157895 0 nan nan 0
26.842105263157894 7.368421052631579 0 nan nan 0
26.842105263157894 7.894736842105263 0 nan nan 0
26.842105263157894 8.421052631578947 0 nan nan 0
26.842105263157894 8.947368421052632 0 nan nan 0
26.842105263157894 9.473684210526315 0 nan nan 0
28.42105263157895 -9.473684210526315 0 nan nan 0
28.42105263157895 -8.947368421052632 0 nan nan 0
28.42105263157895 -8.421052631578947 0 nan nan 0
28.42105263157895 -7.894736842105263 0 nan nan 0
28.42105263157895 -7.368421052631579 0 nan nan 0
28.42105263157895 -6.842105263157895 0 nan nan 0
28.42105263157895 -6.315789473684211 0 nan nan 0
28.42105263157895 -5.789473684210526 0 nan nan 0
28.42105263157895 -5.263157894736842 0 nan nan 0
28.42105263157895 -4.7368421052631575 0 nan nan 0
28.42105263157895 -4.2105263157894735 0 nan nan 0
28.42105263157895 -3.6842105263157894 0 nan nan 0
28.42105263157895 -3.1578947368421053 0 nan nan 0
28.42105263157895 -2.631578947368421 0 nan nan 0
28.42105263157895 -2.1052631578947367 0 nan nan 0
28.42105263157895 -1.5789473684210527 0 nan nan 0
28.42105263157895 -1.0526315789473684 0 nan nan 0
28.42105263157895 -0.5263157894736842 0 nan nan 0
28.42105263157895 -0.0 0 nan nan 0
28.42105263157895 0.0 0 nan nan 0
28.42105263157895 0.5263157894736842 0 nan nan 0
28.42105263157895 1.0526315789473684 0 nan nan 0
28.42105263157895 1.5789473684210527 0 nan nan 0
28.42105263157895 2.1052631578947367 0 nan nan 0
28.42105263157895 2.631578947368421 0 nan nan 0
28.42105263157895 3.1578947368421053 0 nan nan 0
28.42105263157895 3.6842105263157894 0 nan nan 0
28.42105263157895 4.2105263157894735 0 nan nan 0
28.42105263157895 4.7368421052631575 0 nan nan 0
28.42105263157895 5.263157894736842 0 nan nan 0
28.42105263157895 5.789473684210526 0 nan nan 0
28.42105263157895 6.315789473684211 0 nan nan 0
28.42105263157895 6.842105263157895 0 nan nan 0
28.42105263157895 7.368421052631579 0 nan nan 0
28.42105263157895 7.894736842105263 0 nan nan 0
28.42105263157895 8.421052631578947 0 nan nan 0
28.42105263157895 8.947368421052632 0 nan nan 0
28.42105263157895 9.473684210526315 0 nan nan 0
