-28.42105263157895 -9.473684210526315 0 26.0 0.0 0
-28.42105263157895 -8.947368421052632 0 26.0 0.0 0
-28.42105263157895 -8.421052631578947 0 26.0 0.0 0
-28.42105263157895 -7.894736842105263 0 26.0 0.0 0
-28.42105263157895 -7.368421052631579 0 26.0 0.0 0
-28.42105263157895 -6.842105263157895 0 26.0 0.0 0
-28.42105263157895 -6.315789473684211 0 26.0 0.0 0
-28.42105263157895 -5.789473684210526 0 26.0 0.0 0
-28.42105263157895 -5.263157894736842 0 26.0 0.0 0
-28.42105263157895 -4.7368421052631575 0 26.0 0.0 0
-28.42105263157895 -4.2105263157894735 0 26.0 0.0 0
-28.42105263157895 -3.6842105263157894 0 26.0 0.0 0
-28.42105263157895 -3.1578947368421053 0 26.0 0.0 0
-28.42105263157895 -2.631578947368421 0 26.0 0.0 0
-28.42105263157895 -2.1052631578947367 0 26.0 0.0 0
-28.42105263157895 -1.5789473684210527 0 26.0 0.0 0
-28.42105263157895 -1.0526315789473684 0 26.0 0.0 0
-28.42105263157895 -0.5263157894736842 0 26.0 0.0 0
-28.42105263157895 -0.0 0 26.0 0.0 0
-28.42105263157895 0.0 0 26.0 0.0 0
-28.42105263157895 0.5263157894736842 0 26.0 0.0 0
-28.42105263157895 1.0526315789473684 0 26.0 0.0 0
-28.42105263157895 1.5789473684210527 0 26.0 0.0 0
-28.42105263157895 2.1052631578947367 0 26.0 0.0 0
-28.42105263157895 2.631578947368421 0 26.0 0.0 0
-28.42105263157895 3.1578947368421053 0 26.0 0.0 0
-28.42105263157895 3.6842105263157894 0 26.0 0.0 0
-28.42105263157895 4.2105263157894735 0 26.0 0.0 0
-28.42105263157895 4.7368421052631575 0 26.0 0.0 0
-28.42105263157895 5.263157894736842 0 26.0 0.0 0
-28.42105263157895 5.789473684210526 0 26.0 0.0 0
-28.42105263157895 6.315789473684211 0 26.0 0.0 0
-28.42105263157895 6.842105263157895 0 26.0 0.0 0
-28.42105263157895 7.368421052631579 0 26.0 0.0 0
-28.42105263157895 7.894736842105263 0 26.0 0.0 0
-28.42105263157895 8.421052631578947 0 26.0 0.0 0
-28.42105263157895 8.947368421052632 0 26.0 0.0 0
-28.42105263157895 9.473684210526315 0 26.0 0.0 0
-26.842105263157894 -9.473684210526315 0 26.0 0.0 0
-26.842105263157894 -8.947368421052632 0 26.0 0.0 0
-26.842105263157894 -8.421052631578947 0 26.0 0.0 0
-26.842105263157894 -7.894736842105263 0 26.0 0.0 0
-26.842105263157894 -7.368421052631579 0 26.0 0.0 0
-26.842105263157894 -6.842105263157895 0 26.0 0.0 0
-26.842105263157894 -6.315789473684211 0 26.0 0.0 0
-26.842105263157894 -5.789473684210526 0 26.0 0.0 0
-26.842105263157894 -5.263157894736842 0 26.0 0.0 0
-26.842105263157894 -4.7368421052631575 0 26.0 0.0 0
-26.842105263157894 -4.2105263157894735 0 26.0 0.0 0
-26.842105263157894 -3.6842105263157894 0 26.0 0.0 0
-26.842105263157894 -3.1578947368421053 0 26.0 0.0 0
-26.842105263157894 -2.631578947368421 0 26.0 0.0 0
-26.842105263157894 -2.1052631578947367 0 26.0 0.0 0
-26.842105263157894 -1.5789473684210527 0 26.0 0.0 0
-26.842105263157894 -1.0526315789473684 0 26.0 0.0 0
-26.842105263157894 -0.5263157894736842 0 26.0 0.0 0
-26.842105263157894 -0.0 0 26.0 0.0 0
-26.842105263157894 0.0 0 26.0 0.0 0
-26.842105263157894 0.5263157894736842 0 26.0 0.0 0
-26.842105263157894 1.0526315789473684 0 26.0 0.0 0
-26.842105263157894 1.5789473684210527 0 26.0 0.0 0
-26.842105263157894 2.1052631578947367 0 26.0 0.0 0
-26.842105263157894 2.631578947368421 0 26.0 0.0 0
-26.842105263157894 3.1578947368421053 0 26.0 0.0 0
-26.842105263157894 3.6842105263157894 0 26.0 0.0 0
-26.842105263157894 4.2105263157894735 0 26.0 0.0 0
-26.842105263157894 4.7368421052631575 0 26.0 0.0 0
-26.842105263157894 5.263157894736842 0 26.0 0.0 0
-26.842105263157894 5.789473684210526 0 26.0 0.0 0
-26.842105263157894 6.315789473684211 0 26.0 0.0 0
-26.842105263157894 6.842105263157895 0 26.0 0.0 0
-26.842105263157894 7.368421052631579 0 26.0 0.0 0
-26.842105263157894 7.894736842105263 0 26.0 0.0 0
-26.842105263157894 8.421052631578947 0 26.0 0.0 0
-26.842105263157894 8.947368421052632 0 26.0 0.0 0
-26.842105263157894 9.473684210526315 0 26.0 0.0 0
-25.263157894736842 -9.473684210526315 0 26.0 0.0 0
-25.263157894736842 -8.947368421052632 0 26.0 0.0 0
-25.263157894736842 -8.421052631578947 0 26.0 0.0 0
-25.263157894736842 -7.894736842105263 0 26.0 0.0 0
-25.263157894736842 -7.368421052631579 0 26.0 0.0 0
-25.263157894736842 -6.842105263157895 0 26.0 0.0 0
-25.263157894736842 -6.315789473684211 0 26.0 0.0 0
-25.263157894736842 -5.789473684210526 0 26.0 0.0 0
-25.263157894736842 -5.263157894736842 0 26.0 0.0 0
-25.263157894736842 -4.7368421052631575 0 26.0 0.0 0
-25.263157894736842 -4.2105263157894735 0 26.0 0.0 0
-25.263157894736842 -3.6842105263157894 0 26.0 0.0 0
-25.263157894736842 -3.1578947368421053 0 26.0 0.0 0
-25.263157894736842 -2.631578947368421 0 26.0 0.0 0
-25.263157894736842 -2.1052631578947367 0 26.0 0.0 0
-25.263157894736842 -1.5789473684210527 0 26.0 0.0 0
-25.263157894736842 -1.0526315789473684 0 26.0 0.0 0
-25.263157894736842 -0.5263157894736842 0 26.0 0.0 0
-25.263157894736842 -0.0 0 26.0 0.0 0
-25.263157894736842 0.0 0 26.0 0.0 0
-25.263157894736842 0.5263157894736842 0 26.0 0.0 0
-25.263157894736842 1.0526315789473684 0 26.0 0.0 0
-25.263157894736842 1.5789473684210527 0 26.0 0.0 0
-25.263157894736842 2.1052631578947367 0 26.0 0.0 0
-25.263157894736842 2.631578947368421 0 26.0 0.0 0
-25.263157894736842 3.1578947368421053 0 26.0 0.0 0
-25.263157894736842 3.6842105263157894 0 26.0 0.0 0
-25.263157894736842 4.2105263157894735 0 26.0 0.0 0
-25.263157894736842 4.7368421052631575 0 26.0 0.0 0
-25.263157894736842 5.263157894736842 0 26.0 0.0 0
-25.263157894736842 5.789473684210526 0 26.0 0.0 0
-25.263157894736842 6.315789473684211 0 26.0 0.0 0
-25.263157894736842 6.842105263157895 0 26.0 0.0 0
-25.263157894736842 7.368421052631579 0 26.0 0.0 0
-25.263157894736842 7.894736842105263 0 26.0 0.0 0
-25.263157894736842 8.421052631578947 0 26.0 0.0 0
-25.263157894736842 8.947368421052632 0 26.0 0.0 0
-25.263157894736842 9.473684210526315 0 26.0 0.0 0
-23.68421052631579 -9.473684210526315 0 26.0 0.0 0
-23.68421052631579 -8.947368421052632 0 26.0 0.0 0
-23.68421052631579 -8.421052631578947 0 26.0 0.0 0
-23.68421052631579 -7.894736842105263 0 26.0 0.0 0
-23.68421052631579 -7.368421052631579 0 26.0 0.0 0
-23.68421052631579 -6.842105263157895 0 26.0 0.0 0
-23.68421052631579 -6.315789473684211 0 26.0 0.0 0
-23.68421052631579 -5.789473684210526 0 26.0 0.0 0
-23.68421052631579 -5.263157894736842 0 26.0 0.0 0
-23.68421052631579 -4.7368421052631575 0 26.0 0.0 0
-23.68421052631579 -4.2105263157894735 0 26.0 0.0 0
-23.68421052631579 -3.6842105263157894 0 26.0 0.0 0
-23.68421052631579 -3.1578947368421053 0 26.0 0.0 0
-23.68421052631579 -2.631578947368421 0 26.0 0.0 0
-23.68421052631579 -2.1052631578947367 0 26.0 0.0 0
-23.68421052631579 -1.5789473684210527 0 26.0 0.0 0
-23.68421052631579 -1.0526315789473684 0 26.0 0.0 0
-23.68421052631579 -0.5263157894736842 0 26.0 0.0 0
-23.68421052631579 -0.0 0 26.0 0.0 0
-23.68421052631579 0.0 0 26.0 0.0 0
-23.68421052631579 0.5263157894736842 0 26.0 0.0 0
-23.68421052631579 1.0526315789473684 0 26.0 0.0 0
-23.68421052631579 1.5789473684210527 0 26.0 0.0 0
-23.68421052631579 2.1052631578947367 0 26.0 0.0 0
-23.68421052631579 2.631578947368421 0 26.0 0.0 0
-23.68421052631579 3.1578947368421053 0 26.0 0.0 0
-23.68421052631579 3.6842105263157894 0 26.0 0.0 0
-23.68421052631579 4.2105263157894735 0 26.0 0.0 0
-23.68421052631579 4.7368421052631575 0 26.0 0.0 0
-23.68421052631579 5.263157894736842 0 26.0 0.0 0
-23.68421052631579 5.789473684210526 0 26.0 0.0 0
-23.68421052631579 6.315789473684211 0 26.0 0.0 0
-23.68421052631579 6.842105263157895 0 26.0 0.0 0
-23.68421052631579 7.368421052631579 0 26.0 0.0 0
-23.68421052631579 7.894736842105263 0 26.0 0.0 0
-23.68421052631579 8.421052631578947 0 26.0 0.0 0
-23.68421052631579 8.947368421052632 0 26.0 0.0 0
-23.68421052631579 9.473684210526315 0 26.0 0.0 0
-22.105263157894736 -9.473684210526315 0 26.0 0.0 0
-22.105263157894736 -8.947368421052632 0 26.0 0.0 0
-22.105263157894736 -8.421052631578947 0 26.0 0.0 0
-22.105263157894736 -7.894736842105263 0 26.0 0.0 0
-22.105263157894736 -7.368421052631579 0 26.0 0.0 0
-22.105263157894736 -6.842105263157895 0 26.0 0.0 0
-22.105263157894736 -6.315789473684211 0 26.0 0.0 0
-22.105263157894736 -5.789473684210526 0 26.0 0.0 0
-22.105263157894736 -5.263157894736842 0 26.0 0.0 0
-22.105263157894736 -4.7368421052631575 0 26.0 0.0 0
-22.105263157894736 -4.2105263157894735 0 26.0 0.0 0
-22.105263157894736 -3.6842105263157894 0 26.0 0.0 0
-22.105263157894736 -3.1578947368421053 0 26.0 0.0 0
-22.105263157894736 -2.631578947368421 0 26.0 0.0 0
-22.105263157894736 -2.1052631578947367 0 26.0 0.0 0
-22.105263157894736 -1.5789473684210527 0 26.0 0.0 0
-22.105263157894736 -1.0526315789473684 0 26.0 0.0 0
-22.105263157894736 -0.5263157894736842 0 26.0 0.0 0
-22.105263157894736 -0.0 0 26.0 0.0 0
-22.105263157894736 0.0 0 26.0 0.0 0
-22.105263157894736 0.5263157894736842 0 26.0 0.0 0
-22.105263157894736 1.0526315789473684 0 26.0 0.0 0
-22.105263157894736 1.5789473684210527 0 26.0 0.0 0
-22.105263157894736 2.1052631578947367 0 26.0 0.0 0
-22.105263157894736 2.631578947368421 0 26.0 0.0 0
-22.105263157894736 3.1578947368421053 0 26.0 0.0 0
-22.105263157894736 3.6842105263157894 0 26.0 0.0 0
-22.105263157894736 4.2105263157894735 0 26.0 0.0 0
-22.105263157894736 4.7368421052631575 0 26.0 0.0 0
-22.105263157894736 5.263157894736842 0 26.0 0.0 0
-22.105263157894736 5.789473684210526 0 26.0 0.0 0
-22.105263157894736 6.315789473684211 0 26.0 0.0 0
-22.105263157894736 6.842105263157895 0 26.0 0.0 0
-22.105263157894736 7.368421052631579 0 26.0 0.0 0
-22.105263157894736 7.894736842105263 0 26.0 0.0 0
-22.105263157894736 8.421052631578947 0 26.0 0.0 0
-22.105263157894736 8.947368421052632 0 26.0 0.0 0
-22.105263157894736 9.473684210526315 0 26.0 0.0 0
-20.526315789473685 -9.473684210526315 0 26.0 0.0 0
-20.526315789473685 -8.947368421052632 0 26.0 0.0 0
-20.526315789473685 -8.421052631578947 0 26.0 0.0 0
-20.526315789473685 -7.894736842105263 0 26.0 0.0 0
-20.526315789473685 -7.368421052631579 0 26.0 0.0 0
-20.526315789473685 -6.842105263157895 0 26.0 0.0 0
-20.526315789473685 -6.315789473684211 0 26.0 0.0 0
-20.526315789473685 -5.789473684210526 0 26.0 0.0 0
-20.526315789473685 -5.263157894736842 0 26.0 0.0 0
-20.526315789473685 -4.7368421052631575 0 26.0 0.0 0
-20.526315789473685 -4.2105263157894735 0 26.0 0.0 0
-20.526315789473685 -3.6842105263157894 0 26.0 0.0 0
-20.526315789473685 -3.1578947368421053 0 26.0 0.0 0
-20.526315789473685 -2.631578947368421 0 26.0 0.0 0
-20.526315789473685 -2.1052631578947367 0 26.0 0.0 0
-20.526315789473685 -1.5789473684210527 0 26.0 0.0 0
-20.526315789473685 -1.0526315789473684 0 26.0 0.0 0
-20.526315789473685 -0.5263157894736842 0 26.0 0.0 0
-20.526315789473685 -0.0 0 26.0 0.0 0
-20.526315789473685 0.0 0 26.0 0.0 0
-20.526315789473685 0.5263157894736842 0 26.0 0.0 0
-20.526315789473685 1.0526315789473684 0 26.0 0.0 0
-20.526315789473685 1.5789473684210527 0 26.0 0.0 0
-20.526315789473685 2.1052631578947367 0 26.0 0.0 0
-20.526315789473685 2.631578947368421 0 26.0 0.0 0
-20.526315789473685 3.1578947368421053 0 26.0 0.0 0
-20.526315789473685 3.6842105263157894 0 26.0 0.0 0
-20.526315789473685 4.2105263157894735 0 26.0 0.0 0
-20.526315789473685 4.7368421052631575 0 26.0 0.0 0
-20.526315789473685 5.263157894736842 0 26.0 0.0 0
-20.526315789473685 5.789473684210526 0 26.0 0.0 0
-20.526315789473685 6.315789473684211 0 26.0 0.0 0
-20.526315789473685 6.842105263157895 0 26.0 0.0 0
-20.526315789473685 7.368421052631579 0 26.0 0.0 0
-20.526315789473685 7.894736842105263 0 26.0 0.0 0
-20.526315789473685 8.421052631578947 0 26.0 0.0 0
-20.526315789473685 8.947368421052632 0 26.0 0.0 0
-20.526315789473685 9.473684210526315 0 26.0 0.0 0
-18.94736842105263 -9.473684210526315 0 26.0 0.0 0
-18.94736842105263 -8.947368421052632 0 26.0 0.0 0
-18.94736842105263 -8.421052631578947 0 26.0 0.0 0
-18.94736842105263 -7.894736842105263 0 26.0 0.0 0
-18.94736842105263 -7.368421052631579 0 26.0 0.0 0
-18.94736842105263 -6.842105263157895 0 26.0 0.0 0
-18.94736842105263 -6.315789473684211 0 26.0 0.0 0
-18.94736842105263 -5.789473684210526 0 26.0 0.0 0
-18.94736842105263 -5.263157894736842 0 26.0 0.0 0
-18.94736842105263 -4.7368421052631575 0 26.0 0.0 0
-18.94736842105263 -4.2105263157894735 0 26.0 0.0 0
-18.94736842105263 -3.6842105263157894 0 26.0 0.0 0
-18.94736842105263 -3.1578947368421053 0 26.0 0.0 0
-18.94736842105263 -2.631578947368421 0 26.0 0.0 0
-18.94736842105263 -2.1052631578947367 0 26.0 0.0 0
-18.94736842105263 -1.5789473684210527 0 26.0 0.0 0
-18.94736842105263 -1.0526315789473684 0 26.0 0.0 0
-18.94736842105263 -0.5263157894736842 0 26.0 0.0 0
-18.94736842105263 -0.0 0 26.0 0.0 0
-18.94736842105263 0.0 0 26.0 0.0 0
-18.94736842105263 0.5263157894736842 0 26.0 0.0 0
-18.94736842105263 1.0526315789473684 0 26.0 0.0 0
-18.94736842105263 1.5789473684210527 0 26.0 0.0 0
-18.94736842105263 2.1052631578947367 0 26.0 0.0 0
-18.94736842105263 2.631578947368421 0 26.0 0.0 0
-18.94736842105263 3.1578947368421053 0 26.0 0.0 0
-18.94736842105263 3.6842105263157894 0 26.0 0.0 0
-18.94736842105263 4.2105263157894735 0 26.0 0.0 0
-18.94736842105263 4.7368421052631575 0 26.0 0.0 0
-18.94736842105263 5.263157894736842 0 26.0 0.0 0
-18.94736842105263 5.789473684210526 0 26.0 0.0 0
-18.94736842105263 6.315789473684211 0 26.0 0.0 0
-18.94736842105263 6.842105263157895 0 26.0 0.0 0
-18.94736842105263 7.368421052631579 0 26.0 0.0 0
-18.94736842105263 7.894736842105263 0 26.0 0.0 0
-18.94736842105263 8.421052631578947 0 26.0 0.0 0
-18.94736842105263 8.947368421052632 0 26.0 0.0 0
-18.94736842105263 9.473684210526315 0 26.0 0.0 0
-17.36842105263158 -9.473684210526315 0 26.0 0.0 0
-17.36842105263158 -8.947368421052632 0 26.0 0.0 0
-17.36842105263158 -8.421052631578947 0 26.0 0.0 0
-17.36842105263158 -7.894736842105263 0 26.0 0.0 0
-17.36842105263158 -7.368421052631579 0 26.0 0.0 0
-17.36842105263158 -6.842105263157895 0 26.0 0.0 0
-17.36842105263158 -6.315789473684211 0 26.0 0.0 0
-17.36842105263158 -5.789473684210526 0 26.0 0.0 0
-17.36842105263158 -5.263157894736842 0 26.0 0.0 0
-17.36842105263158 -4.7368421052631575 0 26.0 0.0 0
-17.36842105263158 -4.2105263157894735 0 26.0 0.0 0
-17.36842105263158 -3.6842105263157894 0 26.0 0.0 0
-17.36842105263158 -3.1578947368421053 0 26.0 0.0 0
-17.36842105263158 -2.631578947368421 0 26.0 0.0 0
-17.36842105263158 -2.1052631578947367 0 26.0 0.0 0
-17.36842105263158 -1.5789473684210527 0 26.0 0.0 0
-17.36842105263158 -1.0526315789473684 0 26.0 0.0 0
-17.36842105263158 -0.5263157894736842 0 0 0 0
-17.36842105263158 -0.0 0 0 0 0
-17.36842105263158 0.0 0 0 0 0
-17.36842105263158 0.5263157894736842 0 0 0 0
-17.36842105263158 1.0526315789473684 0 229.63777777777776 203.63777777777776 0
-17.36842105263158 1.5789473684210527 0 761.1323777777778 735.1323777777778 0
-17.36842105263158 2.1052631578947367 0 2679.8278837777784 2653.8278837777784 0
-17.36842105263158 2.631578947368421 0 9606.31866043778 9580.31866043778 0
-17.36842105263158 3.1578947368421053 0 34610.95036418039 34584.95036418039 0
-17.36842105263158 3.6842105263157894 0 124877.67081469123 124851.67081469123 0
-17.36842105263158 4.2105263157894735 0 450740.5316410354 450714.5316410354 0
-17.36842105263158 4.7368421052631575 0 1627105.459224138 1627079.459224138 0
-17.36842105263158 5.263157894736842 0 5873782.847799139 5873756.847799139 0
-17.36842105263158 5.789473684210526 0 21204288.220554896 21204262.220554896 0
-17.36842105263158 6.315789473684211 0 76547412.61620319 76547386.61620319 0
-17.36842105263158 6.842105263157895 0 276336091.68449354 276336065.68449354 0
-17.36842105263158 7.368421052631579 0 997573223.1210219 997573197.1210219 0
-17.36842105263158 7.894736842105263 0 3601239267.6068892 3601239241.6068892 0
-17.36842105263158 8.421052631578947 0 13000473688.200872 13000473662.200872 0
-17.36842105263158 8.947368421052632 0 46931709946.54516 46931709920.54516 0
-17.36842105263158 9.473684210526315 0 169423472839.16803 169423472813.16803 0
-15.789473684210527 -9.473684210526315 0 26.0 0.0 0
-15.789473684210527 -8.947368421052632 0 26.0 0.0 0
-15.789473684210527 -8.421052631578947 0 26.0 0.0 0
-15.789473684210527 -7.894736842105263 0 26.0 0.0 0
-15.789473684210527 -7.368421052631579 0 26.0 0.0 0
-15.789473684210527 -6.842105263157895 0 26.0 0.0 0
-15.789473684210527 -6.315789473684211 0 26.0 0.0 0
-15.789473684210527 -5.789473684210526 0 26.0 0.0 0
-15.789473684210527 -5.263157894736842 0 26.0 0.0 0
-15.789473684210527 -4.7368421052631575 0 26.0 0.0 0
-15.789473684210527 -4.2105263157894735 0 26.0 0.0 0
-15.789473684210527 -3.6842105263157894 0 26.0 0.0 0
-15.789473684210527 -3.1578947368421053 0 26.0 0.0 0
-15.789473684210527 -2.631578947368421 0 26.0 0.0 0
-15.789473684210527 -2.1052631578947367 0 26.0 0.0 0
-15.789473684210527 -1.5789473684210527 0 26.0 0.0 0
-15.789473684210527 -1.0526315789473684 0 0 0 0
-15.789473684210527 -0.5263157894736842 1 0 0 0
-15.789473684210527 -0.0 1 0 0 0
-15.789473684210527 0.0 1 0 0 0
-15.789473684210527 0.5263157894736842 1 0 0 0
-15.789473684210527 1.0526315789473684 0 0 0 0
-15.789473684210527 1.5789473684210527 0 6577.097453012346 6551.097453012346 0
-15.789473684210527 2.1052631578947367 0 46589.79123297137 46563.79123297137 0
-15.789473684210527 2.631578947368421 0 250842.01558465112 250816.01558465112 0
-15.789473684210527 3.1578947368421053 0 1204093.648793975 1204067.648793975 0
-15.789473684210527 3.6842105263157894 0 5424735.027591767 5424709.027591767 0
-15.789473684210527 4.2105263157894735 0 23474895.1733646 23474869.1733646 0
-15.789473684210527 4.7368421052631575 0 98793230.91321374 98793204.91321374 0
-15.789473684210527 5.263157894736842 0 407360122.91919845 407360096.91919845 0
-15.789473684210527 5.789473684210526 0 1653657000.00712 1653656974.00712 0
-15.789473684210527 6.315789473684211 0 6630645859.2707205 6630645833.2707205 0
-15.789473684210527 6.842105263157895 0 26322639891.256413 26322639865.256413 0
-15.789473684210527 7.368421052631579 0 103638220289.38396 103638220263.38396 0
-15.789473684210527 7.894736842105263 0 405228675339.6241 405228675313.6241 0
-15.789473684210527 8.421052631578947 0 1575127385495.92 1575127385469.92 0
-15.789473684210527 8.947368421052632 0 6091439103564.142 6091439103538.142 0
-15.789473684210527 9.473684210526315 0 23452972727388.84 23452972727362.84 0
-14.210526315789474 -9.473684210526315 0 26.0 0.0 0
-14.210526315789474 -8.947368421052632 0 26.0 0.0 0
-14.210526315789474 -8.421052631578947 0 26.0 0.0 0
-14.210526315789474 -7.894736842105263 0 26.0 0.0 0
-14.210526315789474 -7.368421052631579 0 26.0 0.0 0
-14.210526315789474 -6.842105263157895 0 26.0 0.0 0
-14.210526315789474 -6.315789473684211 0 26.0 0.0 0
-14.210526315789474 -5.789473684210526 0 26.0 0.0 0
-14.210526315789474 -5.263157894736842 0 26.0 0.0 0
-14.210526315789474 -4.7368421052631575 0 26.0 0.0 0
-14.210526315789474 -4.2105263157894735 0 26.0 0.0 0
-14.210526315789474 -3.6842105263157894 0 26.0 0.0 0
-14.210526315789474 -3.1578947368421053 0 26.0 0.0 0
-14.210526315789474 -2.631578947368421 0 26.0 0.0 0
-14.210526315789474 -2.1052631578947367 0 26.0 0.0 0
-14.210526315789474 -1.5789473684210527 0 0 0 0
-14.210526315789474 -1.0526315789473684 1 0 0 0
-14.210526315789474 -0.5263157894736842 1 0 0 0
-14.210526315789474 -0.0 1 0 0 0
-14.210526315789474 0.0 1 0 0 0
-14.210526315789474 0.5263157894736842 1 0 0 0
-14.210526315789474 1.0526315789473684 1 0 0 0
-14.210526315789474 1.5789473684210527 0 0 0 0
-14.210526315789474 2.1052631578947367 0 402078.4685238006 402052.4685238006 0
-14.210526315789474 2.631578947368421 0 3617092.3637135024 3617066.3637135024 0
-14.210526315789474 3.1578947368421053 0 23454090.793870166 23454064.793870166 0
-14.210526315789474 3.6842105263157894 0 131508548.63188867 131508522.63188867 0
-14.210526315789474 4.2105263157894735 0 677438246.4191363 677438220.4191363 0
-14.210526315789474 4.7368421052631575 0 3298576441.0248423 3298576415.0248423 0
-14.210526315789474 5.263157894736842 0 15425189009.972004 15425188983.972004 0
-14.210526315789474 5.789473684210526 0 69963341530.37152 69963341504.37152 0
-14.210526315789474 6.315789473684211 0 309819605934.9443 309819605908.9443 0
-14.210526315789474 6.842105263157895 0 1345730148904.9644 1345730148878.9644 0
-14.210526315789474 7.368421052631579 0 5752944292664.347 5752944292638.347 0
-14.210526315789474 7.894736842105263 0 24267053380741.74 24267053380715.74 0
-14.210526315789474 8.421052631578947 0 101204412607172.88 101204412607146.88 0
-14.210526315789474 8.947368421052632 0 417944122038042.8 417944122038016.8 0
-14.210526315789474 9.473684210526315 0 1711281670628752.0 1711281670628726.0 0
-12.631578947368421 -9.473684210526315 0 26.0 0.0 0
-12.631578947368421 -8.947368421052632 0 26.0 0.0 0
-12.631578947368421 -8.421052631578947 0 26.0 0.0 0
-12.631578947368421 -7.894736842105263 0 26.0 0.0 0
-12.631578947368421 -7.368421052631579 0 26.0 0.0 0
-12.631578947368421 -6.842105263157895 0 26.0 0.0 0
-12.631578947368421 -6.315789473684211 0 26.0 0.0 0
-12.631578947368421 -5.789473684210526 0 26.0 0.0 0
-12.631578947368421 -5.263157894736842 0 26.0 0.0 0
-12.631578947368421 -4.7368421052631575 0 26.0 0.0 0
-12.631578947368421 -4.2105263157894735 0 26.0 0.0 0
-12.631578947368421 -3.6842105263157894 0 26.0 0.0 0
-12.631578947368421 -3.1578947368421053 0 26.0 0.0 0
-12.631578947368421 -2.631578947368421 0 26.0 0.0 0
-12.631578947368421 -2.1052631578947367 0 26.0 0.0 0
-12.631578947368421 -1.5789473684210527 0 0 0 0
-12.631578947368421 -1.0526315789473684 1 0 0 0
-12.631578947368421 -0.5263157894736842 1 0 0 0
-12.631578947368421 -0.0 1 0 0 0
-12.631578947368421 0.0 1 0 0 0
-12.631578947368421 0.5263157894736842 1 0 0 0
-12.631578947368421 1.0526315789473684 1 0 0 0
-12.631578947368421 1.5789473684210527 0 0 0 0
-12.631578947368421 2.1052631578947367 0 3471729.340998283 3471703.340998283 0
-12.631578947368421 2.631578947368421 0 43764233.63035673 43764207.63035673 0
-12.631578947368421 3.1578947368421053 0 360501635.0046601 360501609.0046601 0
-12.631578947368421 3.6842105263157894 0 2436913867.142831 2436913841.142831 0
-12.631578947368421 4.2105263157894735 0 14646561671.277962 14646561645.277962 0
-12.631578947368421 4.7368421052631575 0 81355462366.74017 81355462340.74017 0
-12.631578947368421 5.263157894736842 0 426881156403.2348 426881156377.2348 0
-12.631578947368421 5.789473684210526 0 2145135559915.0078 2145135559889.0078 0
-12.631578947368421 6.315789473684211 0 10419059546245.77 10419059546219.77 0
-12.631578947368421 6.842105263157895 0 49232437169588.74 49232437169562.74 0
-12.631578947368421 7.368421052631579 0 227402576068917.1 227402576068891.1 0
-12.631578947368421 7.894736842105263 0 1030455823854880.8 1030455823854854.8 0
-12.631578947368421 8.421052631578947 0 4593789402305095.0 4593789402305069.0 0
-12.631578947368421 8.947368421052632 0 2.0192295044940696e+16 2.0192295044940668e+16 0
-12.631578947368421 9.473684210526315 0 8.767015162607566e+16 8.767015162607563e+16 0
-11.052631578947368 -9.473684210526315 0 26.0 0.0 0
-11.052631578947368 -8.947368421052632 0 26.0 0.0 0
-11.052631578947368 -8.421052631578947 0 26.0 0.0 0
-11.052631578947368 -7.894736842105263 0 26.0 0.0 0
-11.052631578947368 -7.368421052631579 0 26.0 0.0 0
-11.052631578947368 -6.842105263157895 0 26.0 0.0 0
-11.052631578947368 -6.315789473684211 0 26.0 0.0 0
-11.052631578947368 -5.789473684210526 0 26.0 0.0 0
-11.052631578947368 -5.263157894736842 0 26.0 0.0 0
-11.052631578947368 -4.7368421052631575 0 26.0 0.0 0
-11.052631578947368 -4.2105263157894735 0 26.0 0.0 0
-11.052631578947368 -3.6842105263157894 0 26.0 0.0 0
-11.052631578947368 -3.1578947368421053 0 26.0 0.0 0
-11.052631578947368 -2.631578947368421 0 26.0 0.0 0
-11.052631578947368 -2.1052631578947367 0 0 0 0
-11.052631578947368 -1.5789473684210527 1 0 0 0
-11.052631578947368 -1.0526315789473684 1 0 0 0
-11.052631578947368 -0.5263157894736842 1 0 0 0
-11.052631578947368 -0.0 1 0 0 0
-11.052631578947368 0.0 1 0 0 0
-11.052631578947368 0.5263157894736842 1 0 0 0
-11.052631578947368 1.0526315789473684 1 0 0 0
-11.052631578947368 1.5789473684210527 1 0 0 0
-11.052631578947368 2.1052631578947367 0 0 0 0
-11.052631578947368 2.631578947368421 0 377879645.4394468 377879619.4394468 0
-11.052631578947368 3.1578947368421053 0 4476876567.259974 4476876541.259974 0
-11.052631578947368 3.6842105263157894 0 37202921517.19399 37202921491.19399 0
-11.052631578947368 4.2105263157894735 0 260767469437.4937 260767469411.4937 0
-11.052631578947368 4.7368421052631575 0 1643829784434.7056 1643829784408.7056 0
-11.052631578947368 5.263157894736842 0 9620107150860.863 9620107150834.863 0
-11.052631578947368 5.789473684210526 0 53250640632203.734 53250640632177.734 0
-11.052631578947368 6.315789473684211 0 282197603497380.75 282197603497354.75 0
-11.052631578947368 6.842105263157895 0 1443828092230668.0 1443828092230642.0 0
-11.052631578947368 7.368421052631579 0 7175714322543036.0 7175714322543010.0 0
-11.052631578947368 7.894736842105263 0 3.4801742267909264e+16 3.480174226790924e+16 0
-11.052631578947368 8.421052631578947 0 1.6529910897083318e+17 1.6529910897083315e+17 0
-11.052631578947368 8.947368421052632 0 7.710790331560787e+17 7.710790331560787e+17 0
-11.052631578947368 9.473684210526315 0 3.540578363344815e+18 3.540578363344815e+18 0
-9.473684210526315 -9.473684210526315 0 26.0 0.0 0
-9.473684210526315 -8.947368421052632 0 26.0 0.0 0
-9.473684210526315 -8.421052631578947 0 26.0 0.0 0
-9.473684210526315 -7.894736842105263 0 26.0 0.0 0
-9.473684210526315 -7.368421052631579 0 26.0 0.0 0
-9.473684210526315 -6.842105263157895 0 26.0 0.0 0
-9.473684210526315 -6.315789473684211 0 26.0 0.0 0
-9.473684210526315 -5.789473684210526 0 26.0 0.0 0
-9.473684210526315 -5.263157894736842 0 26.0 0.0 0
-9.473684210526315 -4.7368421052631575 0 26.0 0.0 0
-9.473684210526315 -4.2105263157894735 0 26.0 0.0 0
-9.473684210526315 -3.6842105263157894 0 26.0 0.0 0
-9.473684210526315 -3.1578947368421053 0 26.0 0.0 0
-9.473684210526315 -2.631578947368421 0 26.0 0.0 0
-9.473684210526315 -2.1052631578947367 0 0 0 0
-9.473684210526315 -1.5789473684210527 1 0 0 0
-9.473684210526315 -1.0526315789473684 1 0 0 0
-9.473684210526315 -0.5263157894736842 1 0 0 0
-9.473684210526315 -0.0 1 0 0 0
-9.473684210526315 0.0 1 0 0 0
-9.473684210526315 0.5263157894736842 1 0 0 0
-9.473684210526315 1.0526315789473684 1 0 0 0
-9.473684210526315 1.5789473684210527 1 0 0 0
-9.473684210526315 2.1052631578947367 0 0 0 0
-9.473684210526315 2.631578947368421 0 3262780606.7377124 3262780580.7377124 0
-9.473684210526315 3.1578947368421053 0 50433979702.60898 50433979676.60898 0
-9.473684210526315 3.6842105263157894 0 503293225445.3013 503293225419.3013 0
-9.473684210526315 4.2105263157894735 0 4068470771341.586 4068470771315.586 0
-9.473684210526315 4.7368421052631575 0 28880736434075.324 28880736434049.324 0
-9.473684210526315 5.263157894736842 0 187323739270430.44 187323739270404.44 0
-9.473684210526315 5.789473684210526 0 1136028396935800.8 1136028396935774.8 0
-9.473684210526315 6.315789473684211 0 6537682042691444.0 6537682042691418.0 0
-9.473684210526315 6.842105263157895 0 3.6067685623809736e+16 3.606768562380971e+16 0
-9.473684210526315 7.368421052631579 0 1.92162651769155e+17 1.9216265176915498e+17 0
-9.473684210526315 7.894736842105263 0 9.942008830687859e+17 9.942008830687859e+17 0
-9.473684210526315 8.421052631578947 0 5.016331161003145e+18 5.016331161003145e+18 0
-9.473684210526315 8.947368421052632 0 2.4766794565283455e+19 2.4766794565283455e+19 0
-9.473684210526315 9.473684210526315 0 1.1997905556017612e+20 1.1997905556017612e+20 0
-7.894736842105264 -9.473684210526315 0 26.0 0.0 0
-7.894736842105264 -8.947368421052632 0 26.0 0.0 0
-7.894736842105264 -8.421052631578947 0 26.0 0.0 0
-7.894736842105264 -7.894736842105263 0 26.0 0.0 0
-7.894736842105264 -7.368421052631579 0 26.0 0.0 0
-7.894736842105264 -6.842105263157895 0 26.0 0.0 0
-7.894736842105264 -6.315789473684211 0 26.0 0.0 0
-7.894736842105264 -5.789473684210526 0 26.0 0.0 0
-7.894736842105264 -5.263157894736842 0 26.0 0.0 0
-7.894736842105264 -4.7368421052631575 0 26.0 0.0 0
-7.894736842105264 -4.2105263157894735 0 26.0 0.0 0
-7.894736842105264 -3.6842105263157894 0 26.0 0.0 0
-7.894736842105264 -3.1578947368421053 0 26.0 0.0 0
-7.894736842105264 -2.631578947368421 0 26.0 0.0 0
-7.894736842105264 -2.1052631578947367 0 0 0 0
-7.894736842105264 -1.5789473684210527 1 0 0 0
-7.894736842105264 -1.0526315789473684 1 0 0 0
-7.894736842105264 -0.5263157894736842 1 0 0 0
-7.894736842105264 -0.0 1 0 0 0
-7.894736842105264 0.0 1 0 0 0
-7.894736842105264 0.5263157894736842 1 0 0 0
-7.894736842105264 1.0526315789473684 1 0 0 0
-7.894736842105264 1.5789473684210527 1 0 0 0
-7.894736842105264 2.1052631578947367 0 0 0 0
-7.894736842105264 2.631578947368421 0 28172297684.791958 28172297658.791958 0
-7.894736842105264 3.1578947368421053 0 537171390204.15936 537171390178.15936 0
-7.894736842105264 3.6842105263157894 0 6284846112717.367 6284846112691.367 0
-7.894736842105264 4.2105263157894735 0 57817279315612.3 57817279315586.3 0
-7.894736842105264 4.7368421052631575 0 458089492583734.0 458089492583708.0 0
-7.894736842105264 5.263157894736842 0 3271139488083115.0 3271139488083089.0 0
-7.894736842105264 5.789473684210526 0 2.161778763263321e+16 2.161778763263318e+16 0
-7.894736842105264 6.315789473684211 0 1.3448946574686694e+17 1.3448946574686691e+17 0
-7.894736842105264 6.842105263157895 0 7.969313991046621e+17 7.969313991046621e+17 0
-7.894736842105264 7.368421052631579 0 4.536140091765723e+18 4.536140091765723e+18 0
-7.894736842105264 7.894736842105263 0 2.4959838022749303e+19 2.4959838022749303e+19 0
-7.894736842105264 8.421052631578947 0 1.3341824798674217e+20 1.3341824798674217e+20 0
-7.894736842105264 8.947368421052632 0 6.954873869730479e+20 6.954873869730479e+20 0
-7.894736842105264 9.473684210526315 0 3.546661956703957e+21 3.546661956703957e+21 0
-6.315789473684211 -9.473684210526315 0 26.0 0.0 0
-6.315789473684211 -8.947368421052632 0 26.0 0.0 0
-6.315789473684211 -8.421052631578947 0 26.0 0.0 0
-6.315789473684211 -7.894736842105263 0 26.0 0.0 0
-6.315789473684211 -7.368421052631579 0 26.0 0.0 0
-6.315789473684211 -6.842105263157895 0 26.0 0.0 0
-6.315789473684211 -6.315789473684211 0 26.0 0.0 0
-6.315789473684211 -5.789473684210526 0 26.0 0.0 0
-6.315789473684211 -5.263157894736842 0 26.0 0.0 0
-6.315789473684211 -4.7368421052631575 0 26.0 0.0 0
-6.315789473684211 -4.2105263157894735 0 26.0 0.0 0
-6.315789473684211 -3.6842105263157894 0 26.0 0.0 0
-6.315789473684211 -3.1578947368421053 0 26.0 0.0 0
-6.315789473684211 -2.631578947368421 0 26.0 0.0 0
-6.315789473684211 -2.1052631578947367 0 0 0 0
-6.315789473684211 -1.5789473684210527 1 0 0 0
-6.315789473684211 -1.0526315789473684 1 0 0 0
-6.315789473684211 -0.5263157894736842 1 0 0 0
-6.315789473684211 -0.0 1 0 0 0
-6.315789473684211 0.0 1 0 0 0
-6.315789473684211 0.5263157894736842 1 0 0 0
-6.315789473684211 1.0526315789473684 1 0 0 0
-6.315789473684211 1.5789473684210527 1 0 0 0
-6.315789473684211 2.1052631578947367 0 0 0 0
-6.315789473684211 2.631578947368421 0 243252139033.19147 243252139007.19147 0
-6.315789473684211 3.1578947368421053 0 5516316747480.268 5516316747454.268 0
-6.315789473684211 3.6842105263157894 0 74180058060252.16 74180058060226.16 0
-6.315789473684211 4.2105263157894735 0 767010095776799.2 767010095776773.2 0
-6.315789473684211 4.7368421052631575 0 6724254720051950.0 6724254720051924.0 0
-6.315789473684211 5.263157894736842 0 5.251903171926934e+16 5.251903171926932e+16 0
-6.315789473684211 5.789473684210526 0 3.7625129083233165e+17 3.7625129083233165e+17 0
-6.315789473684211 6.315789473684211 0 2.5195089802590536e+18 2.5195089802590536e+18 0
-6.315789473684211 6.842105263157895 0 1.5976487310337774e+19 1.5976487310337774e+19 0
-6.315789473684211 7.368421052631579 0 9.684216880488763e+19 9.684216880488763e+19 0
-6.315789473684211 7.894736842105263 0 5.651145641354052e+20 5.651145641354052e+20 0
-6.315789473684211 8.421052631578947 0 3.19205602664545e+21 3.19205602664545e+21 0
-6.315789473684211 8.947368421052632 0 1.752846946082069e+22 1.752846946082069e+22 0
-6.315789473684211 9.473684210526315 0 9.390123038194764e+22 9.390123038194764e+22 0
-4.7368421052631575 -9.473684210526315 0 26.0 0.0 0
-4.7368421052631575 -8.947368421052632 0 26.0 0.0 0
-4.7368421052631575 -8.421052631578947 0 26.0 0.0 0
-4.7368421052631575 -7.894736842105263 0 26.0 0.0 0
-4.7368421052631575 -7.368421052631579 0 26.0 0.0 0
-4.7368421052631575 -6.842105263157895 0 26.0 0.0 0
-4.7368421052631575 -6.315789473684211 0 26.0 0.0 0
-4.7368421052631575 -5.789473684210526 0 26.0 0.0 0
-4.7368421052631575 -5.263157894736842 0 26.0 0.0 0
-4.7368421052631575 -4.7368421052631575 0 26.0 0.0 0
-4.7368421052631575 -4.2105263157894735 0 26.0 0.0 0
-4.7368421052631575 -3.6842105263157894 0 26.0 0.0 0
-4.7368421052631575 -3.1578947368421053 0 26.0 0.0 0
-4.7368421052631575 -2.631578947368421 0 26.0 0.0 0
-4.7368421052631575 -2.1052631578947367 0 0 0 0
-4.7368421052631575 -1.5789473684210527 1 0 0 0
-4.7368421052631575 -1.0526315789473684 1 0 0 0
-4.7368421052631575 -0.5263157894736842 1 0 0 0
-4.7368421052631575 -0.0 1 0 0 0
-4.7368421052631575 0.0 1 0 0 0
-4.7368421052631575 0.5263157894736842 1 0 0 0
-4.7368421052631575 1.0526315789473684 1 0 0 0
-4.7368421052631575 1.5789473684210527 1 0 0 0
-4.7368421052631575 2.1052631578947367 0 0 0 0
-4.7368421052631575 2.631578947368421 0 2100347080275.8723 2100347080249.8723 0
-4.7368421052631575 3.1578947368421053 0 55212583453580.38 55212583453554.38 0
-4.7368421052631575 3.6842105263157894 0 839821016474043.4 839821016474017.4 0
-4.7368421052631575 4.2105263157894735 0 9654459929783790.0 9654459929783764.0 0
-4.7368421052631575 4.7368421052631575 0 9.291280415710109e+16 9.291280415710106e+16 0
-4.7368421052631575 5.263157894736842 0 7.888878846631813e+17 7.888878846631813e+17 0
-4.7368421052631575 5.789473684210526 0 6.096606131476361e+18 6.096606131476361e+18 0
-4.7368421052631575 6.315789473684211 0 4.376330845195534e+19 4.376330845195534e+19 0
-4.7368421052631575 6.842105263157895 0 2.959336356100419e+20 2.959336356100419e+20 0
-4.7368421052631575 7.368421052631579 0 1.9044987509775645e+21 1.9044987509775645e+21 0
-4.7368421052631575 7.894736842105263 0 1.1754690799802601e+22 1.1754690799802601e+22 0
-4.7368421052631575 8.421052631578947 0 6.99960642129116e+22 6.99960642129116e+22 0
-4.7368421052631575 8.947368421052632 0 4.0403438756420825e+23 4.0403438756420825e+23 0
-4.7368421052631575 9.473684210526315 0 2.269349096104698e+24 2.269349096104698e+24 0
-3.1578947368421053 -9.473684210526315 0 26.0 0.0 0
-3.1578947368421053 -8.947368421052632 0 26.0 0.0 0
-3.1578947368421053 -8.421052631578947 0 26.0 0.0 0
-3.1578947368421053 -7.894736842105263 0 26.0 0.0 0
-3.1578947368421053 -7.368421052631579 0 26.0 0.0 0
-3.1578947368421053 -6.842105263157895 0 26.0 0.0 0
-3.1578947368421053 -6.315789473684211 0 26.0 0.0 0
-3.1578947368421053 -5.789473684210526 0 26.0 0.0 0
-3.1578947368421053 -5.263157894736842 0 26.0 0.0 0
-3.1578947368421053 -4.7368421052631575 0 26.0 0.0 0
-3.1578947368421053 -4.2105263157894735 0 26.0 0.0 0
-3.1578947368421053 -3.6842105263157894 0 26.0 0.0 0
-3.1578947368421053 -3.1578947368421053 0 26.0 0.0 0
-3.1578947368421053 -2.631578947368421 0 26.0 0.0 0
-3.1578947368421053 -2.1052631578947367 0 0 0 0
-3.1578947368421053 -1.5789473684210527 1 0 0 0
-3.1578947368421053 -1.0526315789473684 1 0 0 0
-3.1578947368421053 -0.5263157894736842 1 0 0 0
-3.1578947368421053 -0.0 1 0 0 0
-3.1578947368421053 0.0 1 0 0 0
-3.1578947368421053 0.5263157894736842 1 0 0 0
-3.1578947368421053 1.0526315789473684 1 0 0 0
-3.1578947368421053 1.5789473684210527 1 0 0 0
-3.1578947368421053 2.1052631578947367 0 0 0 0
-3.1578947368421053 2.631578947368421 0 18135330178494.617 18135330178468.617 0
-3.1578947368421053 3.1578947368421053 0 542198526408265.6 542198526408239.6 0
-3.1578947368421053 3.6842105263157894 0 9208724590355538.0 9208724590355512.0 0
-3.1578947368421053 4.2105263157894735 0 1.1660439367601635e+17 1.1660439367601632e+17 0
-3.1578947368421053 4.7368421052631575 0 1.2231923068424548e+18 1.2231923068424548e+18 0
-3.1578947368421053 5.263157894736842 0 1.1227332840720798e+19 1.1227332840720798e+19 0
-3.1578947368421053 5.789473684210526 0 9.317147849689409e+19 9.317147849689409e+19 0
-3.1578947368421053 6.315789473684211 0 7.142208929072821e+20 7.142208929072821e+20 0
-3.1578947368421053 6.842105263157895 0 5.133559959312663e+21 5.133559959312663e+21 0
-3.1578947368421053 7.368421052631579 0 3.4976440112948326e+22 3.4976440112948326e+22 0
-3.1578947368421053 7.894736842105263 0 2.2776017348026125e+23 2.2776017348026125e+23 0
-3.1578947368421053 8.421052631578947 0 1.4265913540398943e+24 1.4265913540398943e+24 0
-3.1578947368421053 8.947368421052632 0 8.63860726115231e+24 8.63860726115231e+24 0
-3.1578947368421053 9.473684210526315 0 5.077994090812607e+25 5.077994090812607e+25 0
-1.5789473684210527 -9.473684210526315 0 26.0 0.0 0
-1.5789473684210527 -8.947368421052632 0 26.0 0.0 0
-1.5789473684210527 -8.421052631578947 0 26.0 0.0 0
-1.5789473684210527 -7.894736842105263 0 26.0 0.0 0
-1.5789473684210527 -7.368421052631579 0 26.0 0.0 0
-1.5789473684210527 -6.842105263157895 0 26.0 0.0 0
-1.5789473684210527 -6.315789473684211 0 26.0 0.0 0
-1.5789473684210527 -5.789473684210526 0 26.0 0.0 0
-1.5789473684210527 -5.263157894736842 0 26.0 0.0 0
-1.5789473684210527 -4.7368421052631575 0 26.0 0.0 0
-1.5789473684210527 -4.2105263157894735 0 26.0 0.0 0
-1.5789473684210527 -3.6842105263157894 0 26.0 0.0 0
-1.5789473684210527 -3.1578947368421053 0 26.0 0.0 0
-1.5789473684210527 -2.631578947368421 0 26.0 0.0 0
-1.5789473684210527 -2.1052631578947367 0 0 0 0
-1.5789473684210527 -1.5789473684210527 1 0 0 0
-1.5789473684210527 -1.0526315789473684 1 0 0 0
-1.5789473684210527 -0.5263157894736842 1 0 0 0
-1.5789473684210527 -0.0 1 0 0 0
-1.5789473684210527 0.0 1 0 0 0
-1.5789473684210527 0.5263157894736842 1 0 0 0
-1.5789473684210527 1.0526315789473684 1 0 0 0
-1.5789473684210527 1.5789473684210527 1 0 0 0
-1.5789473684210527 2.1052631578947367 0 0 0 0
-1.5789473684210527 2.631578947368421 0 156588500914017.5 156588500913991.5 0
-1.5789473684210527 3.1578947368421053 0 5246867542454038.0 5246867542454012.0 0
-1.5789473684210527 3.6842105263157894 0 9.845341270795584e+16 9.84534127079558e+16 0
-1.5789473684210527 4.2105263157894735 0 1.362230979049711e+18 1.362230979049711e+18 0
-1.5789473684210527 4.7368421052631575 0 1.5479239852673554e+19 1.5479239852673554e+19 0
-1.5789473684210527 5.263157894736842 0 1.528218375406458e+20 1.528218375406458e+20 0
-1.5789473684210527 5.789473684210526 0 1.3561707884099278e+21 1.3561707884099278e+21 0
-1.5789473684210527 6.315789473684211 0 1.1062677167029323e+22 1.1062677167029323e+22 0
-1.5789473684210527 6.842105263157895 0 8.426170284388571e+22 8.426170284388571e+22 0
-1.5789473684210527 7.368421052631579 0 6.061868762861186e+23 6.061868762861186e+23 0
-1.5789473684210527 7.894736842105263 0 4.1549171879652353e+24 4.1549171879652353e+24 0
-1.5789473684210527 8.421052631578947 0 2.7317074839936754e+25 2.7317074839936754e+25 0
-1.5789473684210527 8.947368421052632 0 1.7320421464596572e+26 1.7320421464596572e+26 0
-1.5789473684210527 9.473684210526315 0 1.0637237935353227e+27 1.0637237935353227e+27 0
-0.0 -9.473684210526315 0 26.0 0.0 0
-0.0 -8.947368421052632 0 26.0 0.0 0
-0.0 -8.421052631578947 0 26.0 0.0 0
-0.0 -7.894736842105263 0 26.0 0.0 0
-0.0 -7.368421052631579 0 26.0 0.0 0
-0.0 -6.842105263157895 0 26.0 0.0 0
-0.0 -6.315789473684211 0 26.0 0.0 0
-0.0 -5.789473684210526 0 26.0 0.0 0
-0.0 -5.263157894736842 0 26.0 0.0 0
-0.0 -4.7368421052631575 0 26.0 0.0 0
-0.0 -4.2105263157894735 0 26.0 0.0 0
-0.0 -3.6842105263157894 0 26.0 0.0 0
-0.0 -3.1578947368421053 0 26.0 0.0 0
-0.0 -2.631578947368421 0 26.0 0.0 0
-0.0 -2.1052631578947367 0 -198.4955555555555 -224.4955555555555 0
-0.0 -1.5789473684210527 0 0 0 0
-0.0 -1.0526315789473684 1 0 0 0
-0.0 -0.5263157894736842 1 0 0 0
-0.0 -0.0 1 0 0 0
-0.0 0.0 1 0 0 0
-0.0 0.5263157894736842 1 0 0 0
-0.0 1.0526315789473684 1 0 0 0
-0.0 1.5789473684210527 0 0 0 0
-0.0 2.1052631578947367 0 -295159.17825410125 -295185.17825410125 0
-0.0 2.631578947368421 0 -3.883416589620884e+16 -3.883416589620886e+16 0
-0.0 3.1578947368421053 0 1.0297848818226181e+20 1.0297848818226181e+20 0
-0.0 3.6842105263157894 0 -1.0331925344215896e+24 -1.0331925344215896e+24 0
-0.0 4.2105263157894735 0 3.7419496757108356e+28 3.7419496757108356e+28 0
-0.0 4.7368421052631575 0 -4.892753255520533e+33 -4.892753255520533e+33 0
-0.0 5.263157894736842 0 2.3095350491296415e+39 2.3095350491296415e+39 0
-0.0 5.789473684210526 0 -3.935549720326704e+45 -3.935549720326704e+45 0
-0.0 6.315789473684211 0 2.4209962495036137e+52 2.4209962495036137e+52 0
-0.0 6.842105263157895 0 -5.376383207877111e+59 -5.376383207877111e+59 0
-0.0 7.368421052631579 0 4.310161747750184e+67 4.310161747750184e+67 0
-0.0 7.894736842105263 0 -1.2473953954475934e+76 -1.2473953954475934e+76 0
-0.0 8.421052631578947 0 1.3032325266255855e+85 1.3032325266255855e+85 0
-0.0 8.947368421052632 0 -4.9152644416642065e+94 -4.9152644416642065e+94 0
-0.0 9.473684210526315 0 6.692356493346354e+104 6.692356493346354e+104 0
0.0 -9.473684210526315 0 26.0 0.0 0
0.0 -8.947368421052632 0 26.0 0.0 0
0.0 -8.421052631578947 0 26.0 0.0 0
0.0 -7.894736842105263 0 26.0 0.0 0
0.0 -7.368421052631579 0 26.0 0.0 0
0.0 -6.842105263157895 0 26.0 0.0 0
0.0 -6.315789473684211 0 26.0 0.0 0
0.0 -5.789473684210526 0 26.0 0.0 0
0.0 -5.263157894736842 0 26.0 0.0 0
0.0 -4.7368421052631575 0 26.0 0.0 0
0.0 -4.2105263157894735 0 26.0 0.0 0
0.0 -3.6842105263157894 0 26.0 0.0 0
0.0 -3.1578947368421053 0 26.0 0.0 0
0.0 -2.631578947368421 0 26.0 0.0 0
0.0 -2.1052631578947367 0 -2722.8233580246906 -2748.8233580246906 0
0.0 -1.5789473684210527 0 0 0 0
0.0 -1.0526315789473684 1 0 0 0
0.0 -0.5263157894736842 1 0 0 0
0.0 -0.0 1 0 0 0
0.0 0.0 1 0 0 0
0.0 0.5263157894736842 1 0 0 0
0.0 1.0526315789473684 1 0 0 0
0.0 1.5789473684210527 0 0 0 0
0.0 2.1052631578947367 0 142200957.07880592 142200931.07880592 0
0.0 2.631578947368421 0 1.7177055415438796e+20 1.7177055415438796e+20 0
0.0 3.1578947368421053 0 -1.4836392267754703e+25 -1.4836392267754703e+25 0
0.0 3.6842105263157894 0 5.260615467202782e+30 5.260615467202782e+30 0
0.0 4.2105263157894735 0 -8.245720662239815e+36 -8.245720662239815e+36 0
0.0 4.7368421052631575 0 5.586853575367391e+43 5.586853575367391e+43 0
0.0 5.263157894736842 0 -1.5939702900111405e+51 -1.5939702900111405e+51 0
0.0 5.789473684210526 0 1.8762327788692624e+59 1.8762327788692624e+59 0
0.0 6.315789473684211 0 -8.969177348565845e+67 -8.969177348565845e+67 0
0.0 6.842105263157895 0 1.719820735971272e+77 1.719820735971272e+77 0
0.0 7.368421052631579 0 -1.3095245277862352e+87 -1.3095245277862352e+87 0
0.0 7.894736842105263 0 3.926809713072921e+97 3.926809713072921e+97 0
0.0 8.421052631578947 0 -4.605060964605224e+108 -4.605060964605224e+108 0
0.0 8.947368421052632 0 2.0995334428395793e+120 2.0995334428395793e+120 0
0.0 9.473684210526315 0 -3.7023769613501044e+132 -3.7023769613501044e+132 0
1.5789473684210527 -9.473684210526315 0 26.0 0.0 0
1.5789473684210527 -8.947368421052632 0 26.0 0.0 0
1.5789473684210527 -8.421052631578947 0 26.0 0.0 0
1.5789473684210527 -7.894736842105263 0 26.0 0.0 0
1.5789473684210527 -7.368421052631579 0 26.0 0.0 0
1.5789473684210527 -6.842105263157895 0 26.0 0.0 0
1.5789473684210527 -6.315789473684211 0 26.0 0.0 0
1.5789473684210527 -5.789473684210526 0 26.0 0.0 0
1.5789473684210527 -5.263157894736842 0 26.0 0.0 0
1.5789473684210527 -4.7368421052631575 0 26.0 0.0 0
1.5789473684210527 -4.2105263157894735 0 26.0 0.0 0
1.5789473684210527 -3.6842105263157894 0 26.0 0.0 0
1.5789473684210527 -3.1578947368421053 0 26.0 0.0 0
1.5789473684210527 -2.631578947368421 0 26.0 0.0 0
1.5789473684210527 -2.1052631578947367 0 -30706.16636536899 -30732.16636536899 0
1.5789473684210527 -1.5789473684210527 0 0 -0.11478301552190093 0
1.5789473684210527 -1.0526315789473684 1 0 0 0.039738926061761604
1.5789473684210527 -0.5263157894736842 1 0 0 0.039738926061761604
1.5789473684210527 -0.0 1 0 0 0.039738926061761604
1.5789473684210527 0.0 1 0 0 0.039738926061761604
1.5789473684210527 0.5263157894736842 1 0 0 0.039738926061761604
1.5789473684210527 1.0526315789473684 0 0 0 0
1.5789473684210527 1.5789473684210527 0 -3925055.655893762 -3925081.655893762 0
1.5789473684210527 2.1052631578947367 0 -727469679860.0188 -727469679886.0188 0
1.5789473684210527 2.631578947368421 0 -1.0017181250534926e+25 -1.0017181250534926e+25 0
1.5789473684210527 3.1578947368421053 0 1.8752586747697432e+31 1.8752586747697432e+31 0
1.5789473684210527 3.6842105263157894 0 -1.541355757797653e+38 -1.541355757797653e+38 0
1.5789473684210527 4.2105263157894735 0 6.375275125758174e+45 6.375275125758174e+45 0
1.5789473684210527 4.7368421052631575 0 -1.31196239759169e+54 -1.31196239759169e+54 0
1.5789473684210527 5.263157894736842 0 1.295534615886465e+63 1.295534615886465e+63 0
1.5789473684210527 5.789473684210526 0 -5.933443398610372e+72 -5.933443398610372e+72 0
1.5789473684210527 6.315789473684211 0 1.2258754201700116e+83 1.2258754201700116e+83 0
1.5789473684210527 6.842105263157895 0 -1.1172654772248173e+94 -1.1172654772248173e+94 0
1.5789473684210527 7.368421052631579 0 4.410532334568805e+105 4.410532334568805e+105 0
1.5789473684210527 7.894736842105263 0 -7.4273605834209e+117 -7.4273605834209e+117 0
1.5789473684210527 8.421052631578947 0 5.267366099029968e+130 5.267366099029968e+130 0
1.5789473684210527 8.947368421052632 0 -1.5558825566902939e+144 -1.5558825566902939e+144 0
1.5789473684210527 9.473684210526315 0 1.8959821504087268e+158 1.8959821504087268e+158 0
3.1578947368421053 -9.473684210526315 0 26.0 0.0 0
3.1578947368421053 -8.947368421052632 0 26.0 0.0 0
3.1578947368421053 -8.421052631578947 0 26.0 0.0 0
3.1578947368421053 -7.894736842105263 0 26.0 0.0 0
3.1578947368421053 -7.368421052631579 0 26.0 0.0 0
3.1578947368421053 -6.842105263157895 0 26.0 0.0 0
3.1578947368421053 -6.315789473684211 0 26.0 0.0 0
3.1578947368421053 -5.789473684210526 0 26.0 0.0 0
3.1578947368421053 -5.263157894736842 0 26.0 0.0 0
3.1578947368421053 -4.7368421052631575 0 26.0 0.0 0
3.1578947368421053 -4.2105263157894735 0 26.0 0.0 0
3.1578947368421053 -3.6842105263157894 0 26.0 0.0 0
3.1578947368421053 -3.1578947368421053 0 26.0 0.0 0
3.1578947368421053 -2.631578947368421 0 26.0 0.0 0
3.1578947368421053 -2.1052631578947367 0 -325749.60433334875 -325775.60433334875 0
3.1578947368421053 -1.5789473684210527 0 0 0.12331369468025088 0
3.1578947368421053 -1.0526315789473684 1 0 0.12331369468025088 -0.0970126600958668
3.1578947368421053 -0.5263157894736842 1 0 0 -0.0970126600958668
3.1578947368421053 -0.0 1 0 0 -0.0970126600958668
3.1578947368421053 0.0 1 0 0 -0.0970126600958668
3.1578947368421053 0.5263157894736842 1 0 0 -0.0970126600958668
3.1578947368421053 1.0526315789473684 0 0 0 0
3.1578947368421053 1.5789473684210527 0 2082472962.7356966 2082472936.7356966 0
3.1578947368421053 2.1052631578947367 0 3.619449289419551e+16 3.619449289419549e+16 0
3.1578947368421053 2.631578947368421 0 6.859802904511164e+30 6.859802904511164e+30 0
3.1578947368421053 3.1578947368421053 0 -2.3911351451737062e+38 -2.3911351451737062e+38 0
3.1578947368421053 3.6842105263157894 0 3.797920401858043e+46 3.797920401858043e+46 0
3.1578947368421053 4.2105263157894735 0 -3.2999874135514746e+55 -3.2999874135514746e+55 0
3.1578947368421053 4.7368421052631575 0 1.5856563292908617e+65 1.5856563292908617e+65 0
3.1578947368421053 5.263157894736842 0 -4.077044048362119e+75 -4.077044048362119e+75 0
3.1578947368421053 5.789473684210526 0 5.388855478535033e+86 5.388855478535033e+86 0
3.1578947368421053 6.315789473684211 0 -3.531654246334732e+98 -3.531654246334732e+98 0
3.1578947368421053 6.842105263157895 0 1.1134096351159759e+111 1.1134096351159759e+111 0
3.1578947368421053 7.368421052631579 0 -1.6466814161888176e+124 -1.6466814161888176e+124 0
3.1578947368421053 7.894736842105263 0 1.118600956601489e+138 1.118600956601489e+138 0
3.1578947368421053 8.421052631578947 0 -3.428105068322116e+152 -3.428105068322116e+152 0
3.1578947368421053 8.947368421052632 0 4.6669509503625184e+167 4.6669509503625184e+167 0
3.1578947368421053 9.473684210526315 0 -2.7846591452498413e+183 -2.7846591452498413e+183 0
4.7368421052631575 -9.473684210526315 0 26.0 0.0 0
4.7368421052631575 -8.947368421052632 0 26.0 0.0 0
4.7368421052631575 -8.421052631578947 0 26.0 0.0 0
4.7368421052631575 -7.894736842105263 0 26.0 0.0 0
4.7368421052631575 -7.368421052631579 0 26.0 0.0 0
4.7368421052631575 -6.842105263157895 0 26.0 0.0 0
4.7368421052631575 -6.315789473684211 0 26.0 0.0 0
4.7368421052631575 -5.789473684210526 0 26.0 0.0 0
4.7368421052631575 -5.263157894736842 0 26.0 0.0 0
4.7368421052631575 -4.7368421052631575 0 26.0 0.0 0
4.7368421052631575 -4.2105263157894735 0 26.0 0.0 0
4.7368421052631575 -3.6842105263157894 0 26.0 0.0 0
4.7368421052631575 -3.1578947368421053 0 26.0 0.0 0
4.7368421052631575 -2.631578947368421 0 26.0 0.0 0
4.7368421052631575 -2.1052631578947367 0 -3334562.1270824024 -3334588.1270824024 0
4.7368421052631575 -1.5789473684210527 0 400698008401.023 400698008375.023 0
4.7368421052631575 -1.0526315789473684 0 0 0.45129183469664824 0
4.7368421052631575 -0.5263157894736842 1 0 0.45129183469664824 -0.7026614018350568
4.7368421052631575 -0.0 1 0 0.45129183469664824 -0.7026614018350568
4.7368421052631575 0.0 1 0 0.45129183469664824 -0.7026614018350568
4.7368421052631575 0.5263157894736842 1 0 0 -0.7026614018350568
4.7368421052631575 1.0526315789473684 1 0 0 -0.7026614018350568
4.7368421052631575 1.5789473684210527 0 0 0 0
4.7368421052631575 2.1052631578947367 0 -1.5686321189325787e+22 -1.5686321189325787e+22 0
4.7368421052631575 2.631578947368421 0 -5.129440670938031e+37 -5.129440670938031e+37 0
4.7368421052631575 3.1578947368421053 0 3.123769640880059e+46 3.123769640880059e+46 0
4.7368421052631575 3.6842105263157894 0 -8.734305977087552e+55 -8.734305977087552e+55 0
4.7368421052631575 4.2105263157894735 0 1.4050964649103055e+66 1.4050964649103055e+66 0
4.7368421052631575 4.7368421052631575 0 -1.34896736016223e+77 -1.34896736016223e+77 0
4.7368421052631575 5.263157894736842 0 7.567927011625856e+88 7.567927011625856e+88 0
4.7368421052631575 5.789473684210526 0 -2.3863525210791604e+101 -2.3863525210791604e+101 0
4.7368421052631575 6.315789473684211 0 4.0622675436445675e+114 4.0622675436445675e+114 0
4.7368421052631575 6.842105263157895 0 -3.601268404345341e+128 -3.601268404345341e+128 0
4.7368421052631575 7.368421052631579 0 1.6123218128346762e+143 1.6123218128346762e+143 0
4.7368421052631575 7.894736842105263 0 -3.5515492887192595e+158 -3.5515492887192595e+158 0
4.7368421052631575 8.421052631578947 0 3.763957595243046e+174 3.763957595243046e+174 0
4.7368421052631575 8.947368421052632 0 -1.8824976087725724e+191 -1.8824976087725724e+191 0
4.7368421052631575 9.473684210526315 0 4.368701631321416e+208 4.368701631321416e+208 0
6.315789473684211 -9.473684210526315 0 26.0 0.0 0
6.315789473684211 -8.947368421052632 0 26.0 0.0 0
6.315789473684211 -8.421052631578947 0 26.0 0.0 0
6.315789473684211 -7.894736842105263 0 26.0 0.0 0
6.315789473684211 -7.368421052631579 0 26.0 0.0 0
6.315789473684211 -6.842105263157895 0 26.0 0.0 0
6.315789473684211 -6.315789473684211 0 26.0 0.0 0
6.315789473684211 -5.789473684210526 0 26.0 0.0 0
6.315789473684211 -5.263157894736842 0 26.0 0.0 0
6.315789473684211 -4.7368421052631575 0 26.0 0.0 0
6.315789473684211 -4.2105263157894735 0 26.0 0.0 0
6.315789473684211 -3.6842105263157894 0 26.0 0.0 0
6.315789473684211 -3.1578947368421053 0 26.0 0.0 0
6.315789473684211 -2.631578947368421 0 26.0 0.0 0
6.315789473684211 -2.1052631578947367 0 -33296851.706764754 -33296877.706764754 0
6.315789473684211 -1.5789473684210527 0 -1.5829727518502854e+17 -1.5829727518502858e+17 0
6.315789473684211 -1.0526315789473684 0 6.774400512661883e+23 6.774400512661883e+23 0
6.315789473684211 -0.5263157894736842 1 0 -0.7026614018350568 -1.859382951925492
6.315789473684211 -0.0 1 0 -0.7026614018350568 -1.859382951925492
6.315789473684211 0.0 1 0 0.45033780575373 -1.859382951925492
6.315789473684211 0.5263157894736842 1 0 0.45033780575373 -1.859382951925492
6.315789473684211 1.0526315789473684 1 0 0.45033780575373 -1.859382951925492
6.315789473684211 1.5789473684210527 0 0 0 0.45033780575373
6.315789473684211 2.1052631578947367 0 0 0 0
6.315789473684211 2.631578947368421 0 0 0 0
6.315789473684211 3.1578947368421053 0 -2.871975486980087e+55 -2.871975486980087e+55 0
6.315789473684211 3.6842105263157894 0 1.569447654248921e+66 1.569447654248921e+66 0
6.315789473684211 4.2105263157894735 0 -4.5103166830738483e+77 -4.5103166830738483e+77 0
6.315789473684211 4.7368421052631575 0 7.92557094680733e+89 7.92557094680733e+89 0
6.315789473684211 5.263157894736842 0 -8.639221326087664e+102 -8.639221326087664e+102 0
6.315789473684211 5.789473684210526 0 5.693247645202664e+116 5.693247645202664e+116 0
6.315789473684211 6.315789473684211 0 -2.1836428003877525e+131 -2.1836428003877525e+131 0
6.315789473684211 6.842105263157895 0 4.690239488986527e+146 4.690239488986527e+146 0
6.315789473684211 7.368421052631579 0 -5.448483113743611e+162 -5.448483113743611e+162 0
6.315789473684211 7.894736842105263 0 3.320965635896167e+179 3.320965635896167e+179 0
6.315789473684211 8.421052631578947 0 -1.0346201567956521e+197 -1.0346201567956521e+197 0
6.315789473684211 8.947368421052632 0 1.6103908304942083e+215 1.6103908304942083e+215 0
6.315789473684211 9.473684210526315 0 -1.2275637049734749e+234 -1.2275637049734749e+234 0
7.894736842105264 -9.473684210526315 0 26.0 0.0 0
7.894736842105264 -8.947368421052632 0 26.0 0.0 0
7.894736842105264 -8.421052631578947 0 26.0 0.0 0
7.894736842105264 -7.894736842105263 0 26.0 0.0 0
7.894736842105264 -7.368421052631579 0 26.0 0.0 0
7.894736842105264 -6.842105263157895 0 26.0 0.0 0
7.894736842105264 -6.315789473684211 0 26.0 0.0 0
7.894736842105264 -5.789473684210526 0 26.0 0.0 0
7.894736842105264 -5.263157894736842 0 26.0 0.0 0
7.894736842105264 -4.7368421052631575 0 26.0 0.0 0
7.894736842105264 -4.2105263157894735 0 26.0 0.0 0
7.894736842105264 -3.6842105263157894 0 26.0 0.0 0
7.894736842105264 -3.1578947368421053 0 26.0 0.0 0
7.894736842105264 -2.631578947368421 0 26.0 0.0 0
7.894736842105264 -2.1052631578947367 0 -326394403.1544048 -326394429.1544048 0
7.894736842105264 -1.5789473684210527 0 5.4007545183675376e+23 5.4007545183675376e+23 0
7.894736842105264 -1.0526315789473684 1 -5.660007803559696e+31 -5.660007803559696e+31 -3.3755068768168597
7.894736842105264 -0.5263157894736842 1 0 -1.859382951925492 -3.3755068768168597
7.894736842105264 -0.0 1 0 -1.859382951925492 -3.3755068768168597
7.894736842105264 0.0 1 0 -1.859382951925492 -3.3755068768168597
7.894736842105264 0.5263157894736842 1 0 -1.859382951925492 -3.3755068768168597
7.894736842105264 1.0526315789473684 0 0 -0.3239302306177114 0
7.894736842105264 1.5789473684210527 0 0 -0.3239302306177114 -0.3239302306177114
7.894736842105264 2.1052631578947367 0 0 -0.3239302306177114 -0.3239302306177114
7.894736842105264 2.631578947368421 0 0 0 -0.3239302306177114
7.894736842105264 3.1578947368421053 0 0 0 0
7.894736842105264 3.6842105263157894 0 0 0 0
7.894736842105264 4.2105263157894735 0 4.1448962734015377e+89 4.1448962734015377e+89 0
7.894736842105264 4.7368421052631575 0 -1.6118266912057527e+103 -1.6118266912057527e+103 0
7.894736842105264 5.263157894736842 0 3.3617348952150563e+117 3.3617348952150563e+117 0
7.894736842105264 5.789473684210526 0 -4.2710999302584084e+132 -4.2710999302584084e+132 0
7.894736842105264 6.315789473684211 0 3.321041726779382e+148 3.321041726779382e+148 0
7.894736842105264 6.842105263157895 0 -1.5393858920969903e+165 -1.5393858920969903e+165 0
7.894736842105264 7.368421052631579 0 4.1125472376799304e+182 4.1125472376799304e+182 0
7.894736842105264 7.894736842105263 0 -6.127573739159133e+200 -6.127573739159133e+200 0
7.894736842105264 8.421052631578947 0 4.943592572339013e+219 4.943592572339013e+219 0
7.894736842105264 8.947368421052632 0 -2.104144110924524e+239 -2.104144110924524e+239 0
7.894736842105264 9.473684210526315 0 4.617960058052911e+259 4.617960058052911e+259 0
9.473684210526315 -9.473684210526315 0 26.0 0.0 0
9.473684210526315 -8.947368421052632 0 26.0 0.0 0
9.473684210526315 -8.421052631578947 0 26.0 0.0 0
9.473684210526315 -7.894736842105263 0 26.0 0.0 0
9.473684210526315 -7.368421052631579 0 26.0 0.0 0
9.473684210526315 -6.842105263157895 0 26.0 0.0 0
9.473684210526315 -6.315789473684211 0 26.0 0.0 0
9.473684210526315 -5.789473684210526 0 26.0 0.0 0
9.473684210526315 -5.263157894736842 0 26.0 0.0 0
9.473684210526315 -4.7368421052631575 0 26.0 0.0 0
9.473684210526315 -4.2105263157894735 0 26.0 0.0 0
9.473684210526315 -3.6842105263157894 0 26.0 0.0 0
9.473684210526315 -3.1578947368421053 0 26.0 0.0 0
9.473684210526315 -2.631578947368421 0 26.0 0.0 0
9.473684210526315 -2.1052631578947367 1 -3154066037.12198 -3154066011.12198 -4.7913575786110005
9.473684210526315 -1.5789473684210527 1 0 -4.7913575786110005 -4.7913575786110005
9.473684210526315 -1.0526315789473684 1 0 -3.3755068768168597 -4.7913575786110005
9.473684210526315 -0.5263157894736842 1 0 -3.3755068768168597 -4.7913575786110005
9.473684210526315 -0.0 0 0 -3.3755068768168597 0
9.473684210526315 0.0 0 0 -3.3755068768168597 0
9.473684210526315 0.5263157894736842 0 0 -3.3755068768168597 0
9.473684210526315 1.0526315789473684 0 -4.486230836285347e+25 -4.486230836285347e+25 0
9.473684210526315 1.5789473684210527 0 -1.4814728819069086e+26 -1.4814728819069086e+26 0
9.473684210526315 2.1052631578947367 0 0 -2.1914215141877658 0
9.473684210526315 2.631578947368421 0 0 -2.1914215141877658 -2.1914215141877658
9.473684210526315 3.1578947368421053 0 0 0 -2.1914215141877658
9.473684210526315 3.6842105263157894 0 0 0 -2.1914215141877658
9.473684210526315 4.2105263157894735 0 0 0 0
9.473684210526315 4.7368421052631575 0 1.1017619542085022e+117 1.1017619542085022e+117 0
9.473684210526315 5.263157894736842 0 -5.040634756845571e+132 -5.040634756845571e+132 0
9.473684210526315 5.789473684210526 0 1.200555663885199e+149 1.200555663885199e+149 0
9.473684210526315 6.315789473684211 0 -1.7447322123398266e+166 -1.7447322123398266e+166 0
9.473684210526315 6.842105263157895 0 1.5781706777160393e+184 1.5781706777160393e+184 0
9.473684210526315 7.368421052631579 0 -8.71728285383139e+202 -8.71728285383139e+202 0
9.473684210526315 7.894736842105263 0 2.8511413023939534e+222 2.8511413023939534e+222 0
9.473684210526315 8.421052631578947 0 -5.347619247249813e+242 -5.347619247249813e+242 0
9.473684210526315 8.947368421052632 0 5.584754930991319e+263 5.584754930991319e+263 0
9.473684210526315 9.473684210526315 0 -3.163618417762422e+285 -3.163618417762422e+285 0
11.052631578947368 -9.473684210526315 0 26.0 0.0 0
11.052631578947368 -8.947368421052632 0 26.0 0.0 0
11.052631578947368 -8.421052631578947 0 26.0 0.0 0
11.052631578947368 -7.894736842105263 0 26.0 0.0 0
11.052631578947368 -7.368421052631579 0 26.0 0.0 0
11.052631578947368 -6.842105263157895 0 26.0 0.0 0
11.052631578947368 -6.315789473684211 0 26.0 0.0 0
11.052631578947368 -5.789473684210526 0 26.0 0.0 0
11.052631578947368 -5.263157894736842 0 26.0 0.0 0
11.052631578947368 -4.7368421052631575 0 26.0 0.0 0
11.052631578947368 -4.2105263157894735 0 26.0 0.0 0
11.052631578947368 -3.6842105263157894 1 -36.9160916011396 -10.916091601139602 -5.458045800569801
11.052631578947368 -3.1578947368421053 1 0 -5.458045800569801 -5.458045800569801
11.052631578947368 -2.631578947368421 1 0 -5.458045800569801 -5.458045800569801
11.052631578947368 -2.1052631578947367 0 0 -4.7913575786110005 0
11.052631578947368 -1.5789473684210527 0 0 -4.7913575786110005 0
11.052631578947368 -1.0526315789473684 0 0 -4.7913575786110005 0
11.052631578947368 -0.5263157894736842 0 0 -4.7913575786110005 0
11.052631578947368 -0.0 0 -3.833339476700592e+24 -3.833339476700592e+24 0
11.052631578947368 0.0 0 1.242015731721399e+37 1.242015731721399e+37 0
11.052631578947368 0.5263157894736842 0 -1.9757104649467697e+50 -1.9757104649467697e+50 0
11.052631578947368 1.0526315789473684 0 1.4348827209447785e+64 1.4348827209447785e+64 0
11.052631578947368 1.5789473684210527 0 -3.761982000106697e+78 -3.761982000106697e+78 0
11.052631578947368 2.1052631578947367 0 3.5606084865890545e+93 3.5606084865890545e+93 0
11.052631578947368 2.631578947368421 0 0 0 0
11.052631578947368 3.1578947368421053 0 0 0 -5.211128643901132
11.052631578947368 3.6842105263157894 0 0 0 -5.211128643901132
11.052631578947368 4.2105263157894735 0 -69.40815153944169 -22.619280183342816 -5.211128643901132
11.052631578947368 4.7368421052631575 0 4.419289616325214e+116 4.419289616325214e+116 0
11.052631578947368 5.263157894736842 0 3.29058452997862e+148 3.29058452997862e+148 0
11.052631578947368 5.789473684210526 0 -1.684978138609956e+166 -1.684978138609956e+166 0
11.052631578947368 6.315789473684211 0 4.494584833695277e+184 4.494584833695277e+184 0
11.052631578947368 6.842105263157895 0 -7.403265917695369e+203 -7.403265917695369e+203 0
11.052631578947368 7.368421052631579 0 7.733454965231806e+223 7.733454965231806e+223 0
11.052631578947368 7.894736842105263 0 -5.0462721941818474e+244 -5.0462721941818474e+244 0
11.052631578947368 8.421052631578947 0 1.998072306845368e+266 1.998072306845368e+266 0
11.052631578947368 8.947368421052632 0 -4.6517735349730755e+288 -4.6517735349730755e+288 0
11.052631578947368 9.473684210526315 0 inf inf 0
12.631578947368421 -9.473684210526315 0 26.0 0.0 0
12.631578947368421 -8.947368421052632 0 26.0 0.0 0
12.631578947368421 -8.421052631578947 0 26.0 0.0 0
12.631578947368421 -7.894736842105263 0 26.0 0.0 0
12.631578947368421 -7.368421052631579 0 26.0 0.0 0
12.631578947368421 -6.842105263157895 0 26.0 0.0 0
12.631578947368421 -6.315789473684211 0 26.0 0.0 0
12.631578947368421 -5.789473684210526 0 26.0 0.0 0
12.631578947368421 -5.263157894736842 0 26.0 0.0 0
12.631578947368421 -4.7368421052631575 0 26.0 0.0 0
12.631578947368421 -4.2105263157894735 0 26.0 0.0 0
12.631578947368421 -3.6842105263157894 0 0 -5.458045800569801 0
12.631578947368421 -3.1578947368421053 0 0 -5.458045800569801 0
12.631578947368421 -2.631578947368421 0 0 -5.458045800569801 0
12.631578947368421 -2.1052631578947367 0 -25037453132.528263 -25037453158.528263 0
12.631578947368421 -1.5789473684210527 0 -7.913989212203663e+20 -7.913989212203663e+20 0
12.631578947368421 -1.0526315789473684 0 9.412035075411191e+31 9.412035075411191e+31 0
12.631578947368421 -0.5263157894736842 0 -1.131458837646574e+44 -1.131458837646574e+44 0
12.631578947368421 -0.0 0 1.0521931787989666e+57 1.0521931787989666e+57 0
12.631578947368421 0.0 0 -6.475920964952741e+70 -6.475920964952741e+70 0
12.631578947368421 0.5263157894736842 0 2.328319325315538e+85 2.328319325315538e+85 0
12.631578947368421 1.0526315789473684 0 -4.4820319667065404e+100 -4.4820319667065404e+100 0
12.631578947368421 1.5789473684210527 0 4.129322636047838e+116 4.129322636047838e+116 0
12.631578947368421 2.1052631578947367 0 0 -9.090673834878357 0
12.631578947368421 2.631578947368421 0 0 -9.090673834878357 -9.090673834878357
12.631578947368421 3.1578947368421053 0 0 -9.090673834878357 -9.090673834878357
12.631578947368421 3.6842105263157894 0 -64.98053719267472 -18.191665836575837 -9.090673834878357
12.631578947368421 4.2105263157894735 0 -2141.464351819121 -2146.6754804630223 0
12.631578947368421 4.7368421052631575 0 -3.023368754422147e+118 -3.023368754422147e+118 0
12.631578947368421 5.263157894736842 0 -1.854792252051576e+165 -1.854792252051576e+165 0
12.631578947368421 5.789473684210526 0 1.946677846243212e+184 1.946677846243212e+184 0
12.631578947368421 6.315789473684211 0 -9.138564668076347e+203 -9.138564668076347e+203 0
12.631578947368421 6.842105263157895 0 2.589215593927959e+224 2.589215593927959e+224 0
12.631578947368421 7.368421052631579 0 -4.76369004946954e+245 -4.76369004946954e+245 0
12.631578947368421 7.894736842105263 0 5.724042147642806e+267 5.724042147642806e+267 0
12.631578947368421 8.421052631578947 0 -4.3989211720084744e+290 -4.3989211720084744e+290 0
12.631578947368421 8.947368421052632 0 inf inf 0
12.631578947368421 9.473684210526315 0 nan nan 0
14.210526315789474 -9.473684210526315 0 26.0 0.0 0
14.210526315789474 -8.947368421052632 0 26.0 0.0 0
14.210526315789474 -8.421052631578947 0 26.0 0.0 0
14.210526315789474 -7.894736842105263 0 26.0 0.0 0
14.210526315789474 -7.368421052631579 0 26.0 0.0 0
14.210526315789474 -6.842105263157895 0 26.0 0.0 0
14.210526315789474 -6.315789473684211 0 26.0 0.0 0
14.210526315789474 -5.789473684210526 0 26.0 0.0 0
14.210526315789474 -5.263157894736842 0 26.0 0.0 0
14.210526315789474 -4.7368421052631575 0 26.0 0.0 0
14.210526315789474 -4.2105263157894735 0 26.0 0.0 0
14.210526315789474 -3.6842105263157894 0 -198.4955555555555 -224.4955555555555 0
14.210526315789474 -3.1578947368421053 0 -1008.9245111111111 -1034.924511111111 0
14.210526315789474 -2.631578947368421 0 -3934.573040666667 -3960.573040666667 0
14.210526315789474 -2.1052631578947367 0 -432369008818.5298 -432369008844.5298 0
14.210526315789474 -1.5789473684210527 0 1.5007734766833336e+31 1.5007734766833336e+31 0
14.210526315789474 -1.0526315789473684 0 -5.715376549559665e+43 -5.715376549559665e+43 0
14.210526315789474 -0.5263157894736842 0 1.406745036484872e+57 1.406745036484872e+57 0
14.210526315789474 -0.0 0 -2.3519525285525136e+71 -2.3519525285525136e+71 0
14.210526315789474 0.0 0 2.6051358423731347e+86 2.6051358423731347e+86 0
14.210526315789474 0.5263157894736842 0 -1.8153741936633403e+102 -1.8153741936633403e+102 0
14.210526315789474 1.0526315789473684 0 7.513384664915117e+118 7.513384664915117e+118 0
14.210526315789474 1.5789473684210527 0 -1.714225805074198e+136 -1.714225805074198e+136 0
14.210526315789474 2.1052631578947367 0 2.0225723376940363e+154 2.0225723376940363e+154 0
14.210526315789474 2.631578947368421 0 -1.016573201887726e+155 -1.016573201887726e+155 0
14.210526315789474 3.1578947368421053 0 5.109439378442609e+155 5.109439378442609e+155 0
14.210526315789474 3.6842105263157894 0 -2.568075836890228e+156 -2.568075836890228e+156 0
14.210526315789474 4.2105263157894735 0 6.184883061550711e+158 6.184883061550711e+158 0
14.210526315789474 4.7368421052631575 0 -1.777925208443319e+162 -1.777925208443319e+162 0
14.210526315789474 5.263157894736842 0 9.053134874760387e+182 9.053134874760387e+182 0
14.210526315789474 5.789473684210526 0 -2.0532356838072327e+203 -2.0532356838072327e+203 0
14.210526315789474 6.315789473684211 0 1.6792266924807793e+224 1.6792266924807793e+224 0
14.210526315789474 6.842105263157895 0 -7.919242384141277e+245 -7.919242384141277e+245 0
14.210526315789474 7.368421052631579 0 2.442627634951242e+268 2.442627634951242e+268 0
14.210526315789474 7.894736842105263 0 -5.081541398655767e+291 -5.081541398655767e+291 0
14.210526315789474 8.421052631578947 0 inf inf 0
14.210526315789474 8.947368421052632 0 nan nan 0
14.210526315789474 9.473684210526315 0 nan nan 0
15.789473684210527 -9.473684210526315 0 26.0 0.0 0
15.789473684210527 -8.947368421052632 0 26.0 0.0 0
15.789473684210527 -8.421052631578947 0 26.0 0.0 0
15.789473684210527 -7.894736842105263 0 26.0 0.0 0
15.789473684210527 -7.368421052631579 0 26.0 0.0 0
15.789473684210527 -6.842105263157895 0 26.0 0.0 0
15.789473684210527 -6.315789473684211 0 26.0 0.0 0
15.789473684210527 -5.789473684210526 0 26.0 0.0 0
15.789473684210527 -5.263157894736842 0 26.0 0.0 0
15.789473684210527 -4.7368421052631575 0 26.0 0.0 0
15.789473684210527 -4.2105263157894735 0 26.0 0.0 0
15.789473684210527 -3.6842105263157894 0 -1912.3944024691352 -1938.3944024691352 0
15.789473684210527 -3.1578947368421053 0 -15907.601988296294 -15933.601988296294 0
15.789473684210527 -2.631578947368421 0 -91691.65106555037 -91717.65106555037 0
15.789473684210527 -2.1052631578947367 0 -5599899539796.944 -5599899539822.944 0
15.789473684210527 -1.5789473684210527 0 -2.4573625706169654e+42 -2.4573625706169654e+42 0
15.789473684210527 -1.0526315789473684 0 2.6699073013034567e+56 2.6699073013034567e+56 0
15.789473684210527 -0.5263157894736842 0 -1.2719807628797908e+71 -1.2719807628797908e+71 0
15.789473684210527 -0.0 0 3.6585529305529503e+86 3.6585529305529503e+86 0
15.789473684210527 0.0 0 -6.873631051284351e+102 -6.873631051284351e+102 0
15.789473684210527 0.5263157894736842 0 8.469072721677985e+119 8.469072721677985e+119 0
15.789473684210527 1.0526315789473684 0 -6.655120324930477e+137 -6.655120324930477e+137 0
15.789473684210527 1.5789473684210527 0 3.1693357380703834e+156 3.1693357380703834e+156 0
15.789473684210527 2.1052631578947367 0 -8.649394033496481e+175 -8.649394033496481e+175 0
15.789473684210527 2.631578947368421 0 8.503299100742654e+195 8.503299100742654e+195 0
15.789473684210527 3.1578947368421053 0 -3.0178415284722055e+216 -3.0178415284722055e+216 0
15.789473684210527 3.6842105263157894 0 3.86645186214084e+237 3.86645186214084e+237 0
15.789473684210527 4.2105263157894735 0 -1.7882819226578916e+259 -1.7882819226578916e+259 0
15.789473684210527 4.7368421052631575 0 2.98584024310466e+281 2.98584024310466e+281 0
15.789473684210527 5.263157894736842 0 -1.8000939675290683e+304 -1.8000939675290683e+304 0
15.789473684210527 5.789473684210526 0 inf inf 0
15.789473684210527 6.315789473684211 0 nan nan 0
15.789473684210527 6.842105263157895 0 nan nan 0
15.789473684210527 7.368421052631579 0 nan nan 0
15.789473684210527 7.894736842105263 0 nan nan 0
15.789473684210527 8.421052631578947 0 nan nan 0
15.789473684210527 8.947368421052632 0 nan nan 0
15.789473684210527 9.473684210526315 0 nan nan 0
17.36842105263158 -9.473684210526315 0 26.0 0.0 0
17.36842105263158 -8.947368421052632 0 26.0 0.0 0
17.36842105263158 -8.421052631578947 0 26.0 0.0 0
17.36842105263158 -7.894736842105263 0 26.0 0.0 0
17.36842105263158 -7.368421052631579 0 26.0 0.0 0
17.36842105263158 -6.842105263157895 0 26.0 0.0 0
17.36842105263158 -6.315789473684211 0 26.0 0.0 0
17.36842105263158 -5.789473684210526 0 26.0 0.0 0
17.36842105263158 -5.263157894736842 0 26.0 0.0 0
17.36842105263158 -4.7368421052631575 0 26.0 0.0 0
17.36842105263158 -4.2105263157894735 0 26.0 0.0 0
17.36842105263158 -3.6842105263157894 0 -16710.958779541834 -16736.958779541834 0
17.36842105263158 -3.1578947368421053 0 -197972.22236197992 -197998.22236197992 0
17.36842105263158 -2.631578947368421 0 -1506678.545427183 -1506704.545427183 0
17.36842105263158 -2.1052631578947367 0 -64469366039935.05 -64469366039961.05 0
17.36842105263158 -1.5789473684210527 0 3.474223325876291e+54 3.474223325876291e+54 0
17.36842105263158 -1.0526315789473684 0 -1.1327024046478843e+70 -1.1327024046478843e+70 0
17.36842105263158 -0.5263157894736842 0 1.0394034319999147e+86 1.0394034319999147e+86 0
17.36842105263158 -0.0 0 -5.048424775106073e+102 -5.048424775106073e+102 0
17.36842105263158 0.0 0 1.5544136839934315e+120 1.5544136839934315e+120 0
17.36842105263158 0.5263157894736842 0 -3.200143405024166e+138 -3.200143405024166e+138 0
17.36842105263158 1.0526315789473684 0 4.407495976679095e+157 4.407495976679095e+157 0
17.36842105263158 1.5789473684210527 0 -3.938436763094575e+177 -3.938436763094575e+177 0
17.36842105263158 2.1052631578947367 0 2.182678051165749e+198 2.182678051165749e+198 0
17.36842105263158 2.631578947368421 0 -6.195883132810147e+219 -6.195883132810147e+219 0
17.36842105263158 3.1578947368421053 0 8.24103295837446e+241 8.24103295837446e+241 0
17.36842105263158 3.6842105263157894 0 -4.8681036371869635e+264 -4.8681036371869635e+264 0
17.36842105263158 4.2105263157894735 0 1.2325091432282647e+288 1.2325091432282647e+288 0
17.36842105263158 4.7368421052631575 0 -inf -inf 0
17.36842105263158 5.263157894736842 0 nan nan 0
17.36842105263158 5.789473684210526 0 nan nan 0
17.36842105263158 6.315789473684211 0 nan nan 0
17.36842105263158 6.842105263157895 0 nan nan 0
17.36842105263158 7.368421052631579 0 nan nan 0
17.36842105263158 7.894736842105263 0 nan nan 0
17.36842105263158 8.421052631578947 0 nan nan 0
17.36842105263158 8.947368421052632 0 nan nan 0
17.36842105263158 9.473684210526315 0 nan nan 0
18.94736842105263 -9.473684210526315 0 26.0 0.0 0
18.94736842105263 -8.947368421052632 0 26.0 0.0 0
18.94736842105263 -8.421052631578947 0 26.0 0.0 0
18.94736842105263 -7.894736842105263 0 26.0 0.0 0
18.94736842105263 -7.368421052631579 0 26.0 0.0 0
18.94736842105263 -6.842105263157895 0 26.0 0.0 0
18.94736842105263 -6.315789473684211 0 26.0 0.0 0
18.94736842105263 -5.789473684210526 0 26.0 0.0 0
18.94736842105263 -5.263157894736842 0 26.0 0.0 0
18.94736842105263 -4.7368421052631575 0 26.0 0.0 0
18.94736842105263 -4.2105263157894735 0 26.0 0.0 0
18.94736842105263 -3.6842105263157894 0 -144488.34075091066 -144514.34075091066 0
18.94736842105263 -3.1578947368421053 0 -2231275.4211940607 -2231301.4211940607 0
18.94736842105263 -2.631578947368421 0 -21064528.822193492 -21064554.822193492 0
18.94736842105263 -2.1052631578947367 0 -695821504791161.8 -695821504791187.8 0
18.94736842105263 -1.5789473684210527 0 -4.2411206189164106e+67 -4.2411206189164106e+67 0
18.94736842105263 -1.0526315789473684 0 4.542991842104357e+84 4.542991842104357e+84 0
18.94736842105263 -0.5263157894736842 0 -8.229774306614446e+101 -8.229774306614446e+101 0
18.94736842105263 -0.0 0 6.735026475572234e+119 6.735026475572234e+119 0
18.94736842105263 0.0 0 -3.335312796252253e+138 -3.335312796252253e+138 0
18.94736842105263 0.5263157894736842 0 1.1070247875833448e+158 1.1070247875833448e+158 0
18.94736842105263 1.0526315789473684 0 -2.5329085986551023e+178 -2.5329085986551023e+178 0
18.94736842105263 1.5789473684210527 0 3.950189262013793e+199 3.950189262013793e+199 0
18.94736842105263 2.1052631578947367 0 -4.064367844272241e+221 -4.064367844272241e+221 0
18.94736842105263 2.631578947368421 0 2.489827536907567e+244 2.489827536907567e+244 0
18.94736842105263 3.1578947368421053 0 -8.346552976011695e+267 -8.346552976011695e+267 0
18.94736842105263 3.6842105263157894 0 1.4349466327124606e+292 1.4349466327124606e+292 0
18.94736842105263 4.2105263157894735 0 -inf -inf 0
18.94736842105263 4.7368421052631575 0 nan nan 0
18.94736842105263 5.263157894736842 0 nan nan 0
18.94736842105263 5.789473684210526 0 nan nan 0
18.94736842105263 6.315789473684211 0 nan nan 0
18.94736842105263 6.842105263157895 0 nan nan 0
18.94736842105263 7.368421052631579 0 nan nan 0
18.94736842105263 7.894736842105263 0 nan nan 0
18.94736842105263 8.421052631578947 0 nan nan 0
18.94736842105263 8.947368421052632 0 nan nan 0
18.94736842105263 9.473684210526315 0 nan nan 0
20.526315789473685 -9.473684210526315 0 26.0 0.0 0
20.526315789473685 -8.947368421052632 0 26.0 0.0 0
20.526315789473685 -8.421052631578947 0 26.0 0.0 0
20.526315789473685 -7.894736842105263 0 26.0 0.0 0
20.526315789473685 -7.368421052631579 0 26.0 0.0 0
20.526315789473685 -6.842105263157895 0 26.0 0.0 0
20.526315789473685 -6.315789473684211 0 26.0 0.0 0
20.526315789473685 -5.789473684210526 0 26.0 0.0 0
20.526315789473685 -5.263157894736842 0 26.0 0.0 0
20.526315789473685 -4.7368421052631575 0 26.0 0.0 0
20.526315789473685 -4.2105263157894735 0 26.0 0.0 0
20.526315789473685 -3.6842105263157894 0 -1247775.046639252 -1247801.046639252 0
20.526315789473685 -3.1578947368421053 0 -23770583.93847775 -23770609.93847775 0
20.526315789473685 -2.631578947368421 0 -267692604.23708874 -267692630.23708874 0
20.526315789473685 -2.1052631578947367 0 -7209639244727340.0 -7209639244727366.0 0
20.526315789473685 -1.5789473684210527 0 4.470312830711877e+81 4.470312830711877e+81 0
20.526315789473685 -1.0526315789473684 0 -1.7337591510561714e+100 -1.7337591510561714e+100 0
20.526315789473685 -0.5263157894736842 0 6.490412018005913e+118 6.490412018005913e+118 0
20.526315789473685 -0.0 0 -9.041284801873375e+137 -9.041284801873375e+137 0
20.526315789473685 0.0 0 7.145384589381283e+157 7.145384589381283e+157 0
20.526315789473685 0.5263157894736842 0 -3.739282496171342e+178 -3.739282496171342e+178 0
20.526315789473685 1.0526315789473684 0 1.3704553394265451e+200 1.3704553394265451e+200 0
20.526315789473685 1.5789473684210527 0 -3.5444048000773796e+222 -3.5444048000773796e+222 0
20.526315789473685 2.1052631578947367 0 6.344658494123733e+245 6.344658494123733e+245 0
20.526315789473685 2.631578947368421 0 -7.383366401275083e+269 -7.383366401275083e+269 0
20.526315789473685 3.1578947368421053 0 5.216042183091147e+294 5.216042183091147e+294 0
20.526315789473685 3.6842105263157894 0 -inf -inf 0
20.526315789473685 4.2105263157894735 0 nan nan 0
20.526315789473685 4.7368421052631575 0 nan nan 0
20.526315789473685 5.263157894736842 0 nan nan 0
20.526315789473685 5.789473684210526 0 nan nan 0
20.526315789473685 6.315789473684211 0 nan nan 0
20.526315789473685 6.842105263157895 0 nan nan 0
20.526315789473685 7.368421052631579 0 nan nan 0
20.526315789473685 7.894736842105263 0 nan nan 0
20.526315789473685 8.421052631578947 0 nan nan 0
20.526315789473685 8.947368421052632 0 nan nan 0
20.526315789473685 9.473684210526315 0 nan nan 0
22.105263157894736 -9.473684210526315 0 26.0 0.0 0
22.105263157894736 -8.947368421052632 0 26.0 0.0 0
22.105263157894736 -8.421052631578947 0 26.0 0.0 0
22.105263157894736 -7.894736842105263 0 26.0 0.0 0
22.105263157894736 -7.368421052631579 0 26.0 0.0 0
22.105263157894736 -6.842105263157895 0 26.0 0.0 0
22.105263157894736 -6.315789473684211 0 26.0 0.0 0
22.105263157894736 -5.789473684210526 0 26.0 0.0 0
22.105263157894736 -5.263157894736842 0 26.0 0.0 0
22.105263157894736 -4.7368421052631575 0 26.0 0.0 0
22.105263157894736 -4.2105263157894735 0 26.0 0.0 0
22.105263157894736 -3.6842105263157894 0 -10774042.814926254 -10774068.814926254 0
22.105263157894736 -3.1578947368421053 0 -244140373.3462289 -244140399.3462289 0
22.105263157894736 -2.631578947368421 0 -3192723959.609238 -3192723985.609238 0
22.105263157894736 -2.1052631578947367 0 -7.26264426122591e+16 -7.262644261225914e+16 0
22.105263157894736 -1.5789473684210527 0 -4.0684558482693367e+96 -4.0684558482693367e+96 0
22.105263157894736 -1.0526315789473684 0 6.270294524558401e+116 6.270294524558401e+116 0
22.105263157894736 -0.5263157894736842 0 -5.148765101155202e+136 -5.148765101155202e+136 0
22.105263157894736 -0.0 0 1.2464610750354952e+157 1.2464610750354952e+157 0
22.105263157894736 0.0 0 -1.573100303859541e+178 -1.573100303859541e+178 0
22.105263157894736 0.5263157894736842 0 1.2814478092199902e+200 1.2814478092199902e+200 0
22.105263157894736 1.0526315789473684 0 -7.339550231503184e+222 -7.339550231503184e+222 0
22.105263157894736 1.5789473684210527 0 3.0348784913953523e+246 3.0348784913953523e+246 0
22.105263157894736 2.1052631578947367 0 -9.006902919118924e+270 -9.006902919118924e+270 0
22.105263157894736 2.631578947368421 0 1.8445022863603065e+296 1.8445022863603065e+296 0
22.105263157894736 3.1578947368421053 0 -inf -inf 0
22.105263157894736 3.6842105263157894 0 nan nan 0
22.105263157894736 4.2105263157894735 0 nan nan 0
22.105263157894736 4.7368421052631575 0 nan nan 0
22.105263157894736 5.263157894736842 0 nan nan 0
22.105263157894736 5.789473684210526 0 nan nan 0
22.105263157894736 6.315789473684211 0 nan nan 0
22.105263157894736 6.842105263157895 0 nan nan 0
22.105263157894736 7.368421052631579 0 nan nan 0
22.105263157894736 7.894736842105263 0 nan nan 0
22.105263157894736 8.421052631578947 0 nan nan 0
22.105263157894736 8.947368421052632 0 nan nan 0
22.105263157894736 9.473684210526315 0 nan nan 0
23.68421052631579 -9.473684210526315 0 26.0 0.0 0
23.68421052631579 -8.947368421052632 0 26.0 0.0 0
23.68421052631579 -8.421052631578947 0 26.0 0.0 0
23.68421052631579 -7.894736842105263 0 26.0 0.0 0
23.68421052631579 -7.368421052631579 0 26.0 0.0 0
23.68421052631579 -6.842105263157895 0 26.0 0.0 0
23.68421052631579 -6.315789473684211 0 26.0 0.0 0
23.68421052631579 -5.789473684210526 0 26.0 0.0 0
23.68421052631579 -5.263157894736842 0 26.0 0.0 0
23.68421052631579 -4.7368421052631575 0 26.0 0.0 0
23.68421052631579 -4.2105263157894735 0 26.0 0.0 0
23.68421052631579 -3.6842105263157894 0 -93028072.62310213 -93028098.62310213 0
23.68421052631579 -3.1578947368421053 0 -2443848124.8288927 -2443848150.8288927 0
23.68421052631579 -2.631578947368421 0 -36389689678.68051 -36389689704.68051 0
23.68421052631579 -2.1052631578947367 0 -7.166732167994058e+17 -7.166732167994058e+17 0
23.68421052631579 -1.5789473684210527 0 3.1970961548891027e+112 3.1970961548891027e+112 0
23.68421052631579 -1.0526315789473684 0 -2.134866436807335e+134 -2.134866436807335e+134 0
23.68421052631579 -0.5263157894736842 0 4.1106103159213303e+155 4.1106103159213303e+155 0
23.68421052631579 -0.0 0 -1.7825637325163425e+177 -1.7825637325163425e+177 0
23.68421052631579 0.0 0 3.620612083968866e+199 3.620612083968866e+199 0
23.68421052631579 0.5263157894736842 0 -4.5651887992260337e+222 -4.5651887992260337e+222 0
23.68421052631579 1.0526315789473684 0 4.0204842087944996e+246 4.0204842087944996e+246 0
23.68421052631579 1.5789473684210527 0 -2.5891397571760153e+271 -2.5891397571760153e+271 0
23.68421052631579 2.1052631578947367 0 1.228854496494548e+297 1.228854496494548e+297 0
23.68421052631579 2.631578947368421 0 -inf -inf 0
23.68421052631579 3.1578947368421053 0 nan nan 0
23.68421052631579 3.6842105263157894 0 nan nan 0
23.68421052631579 4.2105263157894735 0 nan nan 0
23.68421052631579 4.7368421052631575 0 nan nan 0
23.68421052631579 5.263157894736842 0 nan nan 0
23.68421052631579 5.789473684210526 0 nan nan 0
23.68421052631579 6.315789473684211 0 nan nan 0
23.68421052631579 6.842105263157895 0 nan nan 0
23.68421052631579 7.368421052631579 0 nan nan 0
23.68421052631579 7.894736842105263 0 nan nan 0
23.68421052631579 8.421052631578947 0 nan nan 0
23.68421052631579 8.947368421052632 0 nan nan 0
23.68421052631579 9.473684210526315 0 nan nan 0
25.263157894736842 -9.473684210526315 0 26.0 0.0 0
25.263157894736842 -8.947368421052632 0 26.0 0.0 0
25.263157894736842 -8.421052631578947 0 26.0 0.0 0
25.263157894736842 -7.894736842105263 0 26.0 0.0 0
25.263157894736842 -7.368421052631579 0 26.0 0.0 0
25.263157894736842 -6.842105263157895 0 26.0 0.0 0
25.263157894736842 -6.315789473684211 0 26.0 0.0 0
25.263157894736842 -5.789473684210526 0 26.0 0.0 0
25.263157894736842 -5.263157894736842 0 26.0 0.0 0
25.263157894736842 -4.7368421052631575 0 26.0 0.0 0
25.263157894736842 -4.2105263157894735 0 26.0 0.0 0
25.263157894736842 -3.6842105263157894 0 -803245923.333474 -803245949.333474 0
25.263157894736842 -3.1578947368421053 0 -24000988940.084198 -24000988966.084198 0
25.263157894736842 -2.631578947368421 0 -400848324247.1998 -400848324273.1998 0
25.263157894736842 -2.1052631578947367 0 -6.961585469840611e+18 -6.961585469840611e+18 0
25.263157894736842 -1.5789473684210527 0 -2.169282878800218e+129 -2.169282878800218e+129 0
25.263157894736842 -1.0526315789473684 0 6.798242586245684e+152 6.798242586245684e+152 0
25.263157894736842 -0.5263157894736842 0 -3.287577673759585e+175 -3.287577673759585e+175 0
25.263157894736842 -0.0 0 2.65424563052578e+198 2.65424563052578e+198 0
25.263157894736842 0.0 0 -8.800453419016632e+221 -8.800453419016632e+221 0
25.263157894736842 0.5263157894736842 0 1.7178517059645799e+246 1.7178517059645799e+246 0
25.263157894736842 1.0526315789473684 0 -2.303595766430479e+271 -2.303595766430479e+271 0
25.263157894736842 1.5789473684210527 0 2.2679594813944175e+297 2.2679594813944175e+297 0
25.263157894736842 2.1052631578947367 0 -inf -inf 0
25.263157894736842 2.631578947368421 0 nan nan 0
25.263157894736842 3.1578947368421053 0 nan nan 0
25.263157894736842 3.6842105263157894 0 nan nan 0
25.263157894736842 4.2105263157894735 0 nan nan 0
25.263157894736842 4.7368421052631575 0 nan nan 0
25.263157894736842 5.263157894736842 0 nan nan 0
25.263157894736842 5.789473684210526 0 nan nan 0
25.263157894736842 6.315789473684211 0 nan nan 0
25.263157894736842 6.842105263157895 0 nan nan 0
25.263157894736842 7.368421052631579 0 nan nan 0
25.263157894736842 7.894736842105263 0 nan nan 0
25.263157894736842 8.421052631578947 0 nan nan 0
25.263157894736842 8.947368421052632 0 nan nan 0
25.263157894736842 9.473684210526315 0 nan nan 0
26.842105263157894 -9.473684210526315 0 26.0 0.0 0
26.842105263157894 -8.947368421052632 0 26.0 0.0 0
26.842105263157894 -8.421052631578947 0 26.0 0.0 0
26.842105263157894 -7.894736842105263 0 26.0 0.0 0
26.842105263157894 -7.368421052631579 0 26.0 0.0 0
26.842105263157894 -6.842105263157895 0 26.0 0.0 0
26.842105263157894 -6.315789473684211 0 26.0 0.0 0
26.842105263157894 -5.789473684210526 0 26.0 0.0 0
26.842105263157894 -5.263157894736842 0 26.0 0.0 0
26.842105263157894 -4.7368421052631575 0 26.0 0.0 0
26.842105263157894 -4.2105263157894735 0 26.0 0.0 0
26.842105263157894 -3.6842105263157894 0 -6935582498.744919 -6935582524.744919 0
26.842105263157894 -3.1578947368421053 0 -232272658727.70728 -232272658753.70728 0
26.842105263157894 -2.631578947368421 0 -4299606884660.4785 -4299606884686.4785 0
26.842105263157894 -2.1052631578947367 0 -6.678825854066147e+19 -6.678825854066147e+19 0
26.842105263157894 -1.5789473684210527 0 1.2708991185445134e+147 1.2708991185445134e+147 0
26.842105263157894 -1.0526315789473684 0 -2.0129397076172325e+172 -2.0129397076172325e+172 0
26.842105263157894 -0.5263157894736842 0 2.6152810919803278e+196 2.6152810919803278e+196 0
26.842105263157894 -0.0 0 -4.1124948311498336e+220 -4.1124948311498336e+220 0
26.842105263157894 0.0 0 2.2713930372263854e+245 2.2713930372263854e+245 0
26.842105263157894 0.5263157894736842 0 -6.899704621469621e+270 -6.899704621469621e+270 0
26.842105263157894 1.0526315789473684 0 1.402255871199131e+297 1.402255871199131e+297 0
26.842105263157894 1.5789473684210527 0 -inf -inf 0
26.842105263157894 2.1052631578947367 0 nan nan 0
26.842105263157894 2.631578947368421 0 nan nan 0
26.842105263157894 3.1578947368421053 0 nan nan 0
26.842105263157894 3.6842105263157894 0 nan nan 0
26.842105263157894 4.2105263157894735 0 nan nan 0
26.842105263157894 4.7368421052631575 0 nan nan 0
26.842105263157894 5.263157894736842 0 nan nan 0
26.842105263157894 5.789473684210526 0 nan nan 0
26.842105263157894 6.315789473684211 0 nan nan 0
26.842105263157894 6.842105263157895 0 nan nan 0
26.842105263157894 7.368421052631579 0 nan nan 0
26.842105263157894 7.894736842105263 0 nan nan 0
26.842105263157894 8.421052631578947 0 nan nan 0
26.842105263157894 8.947368421052632 0 nan nan 0
26.842105263157894 9.473684210526315 0 nan nan 0
28.42105263157895 -9.473684210526315 0 26.0 0.0 0
28.42105263157895 -8.947368421052632 0 26.0 0.0 0
28.42105263157895 -8.421052631578947 0 26.0 0.0 0
28.42105263157895 -7.894736842105263 0 26.0 0.0 0
28.42105263157895 -7.368421052631579 0 26.0 0.0 0
28.42105263157895 -6.842105263157895 0 26.0 0.0 0
28.42105263157895 -6.315789473684211 0 26.0 0.0 0
28.42105263157895 -5.789473684210526 0 26.0 0.0 0
28.42105263157895 -5.263157894736842 0 26.0 0.0 0
28.42105263157895 -4.7368421052631575 0 26.0 0.0 0
28.42105263157895 -4.2105263157894735 0 26.0 0.0 0
28.42105263157895 -3.6842105263157894 0 -59884901973.76974 -59884901999.76974 0
28.42105263157895 -3.1578947368421053 0 -2221729864165.4565 -2221729864191.4565 0
28.42105263157895 -2.631578947368421 0 -45145161588481.41 -45145161588507.41 0
28.42105263157895 -2.1052631578947367 0 -6.343475714268151e+20 -6.343475714268151e+20 0
28.42105263157895 -1.5789473684210527 0 -6.4289547339873464e+165 -6.4289547339873464e+165 0
28.42105263157895 -1.0526315789473684 0 5.513918928676723e+192 5.513918928676723e+192 0
28.42105263157895 -0.5263157894736842 0 -2.05298694138766e+218 -2.05298694138766e+218 0
28.42105263157895 -0.0 0 6.605979219492803e+243 6.605979219492803e+243 0
28.42105263157895 0.0 0 -6.237798492946312e+269 -6.237798492946312e+269 0
28.42105263157895 0.5263157894736842 0 2.977671486601383e+296 2.977671486601383e+296 0
28.42105263157895 1.0526315789473684 0 -inf -inf 0
28.42105263157895 1.5789473684210527 0 nan nan 0
28.42105263157895 2.1052631578947367 0 nan nan 0
28.42105263157895 2.631578947368421 0 nan nan 0
28.42105263157895 3.1578947368421053 0 nan nan 0
28.42105263157895 3.6842105263157894 0 nan nan 0
28.42105263157895 4.2105263157894735 0 nan nan 0
28.42105263157895 4.7368421052631575 0 nan nan 0
28.42105263157895 5.263157894736842 0 nan nan 0
28.42105263157895 5.789473684210526 0 nan nan 0
28.42105263157895 6.315789473684211 0 nan nan 0
28.42105263157895 6.842105263157895 0 nan nan 0
28.42105263157895 7.368421052631579 0 nan nan 0
28.42105263157895 7.894736842105263 0 nan nan 0
28.42105263157895 8.421052631578947 0 nan nan 0
28.42105263157895 8.947368421052632 0 nan nan 0
28.42105263157895 9.473684210526315 0 nan nan 0
