-50.0 -10.0 0 1 1 
-50.0 -9.473684210526315 0 1 1 
-50.0 -8.947368421052632 0 1 1 
-50.0 -8.421052631578947 0 1 1 
-50.0 -7.894736842105263 0 1 1 
-50.0 -7.368421052631579 0 1 1 
-50.0 -6.842105263157895 0 1 1 
-50.0 -6.315789473684211 0 1 1 
-50.0 -5.789473684210526 0 1 1 
-50.0 -5.263157894736842 0 1 1 
-50.0 -4.7368421052631575 0 1 1 
-50.0 -4.2105263157894735 0 1 1 
-50.0 -3.6842105263157894 0 1 1 
-50.0 -3.1578947368421053 0 1 1 
-50.0 -2.631578947368421 0 1 1 
-50.0 -2.1052631578947367 0 1 1 
-50.0 -1.5789473684210527 0 1 1 
-50.0 -1.0526315789473684 0 1 1 
-50.0 -0.5263157894736842 0 1 1 
-50.0 -0.0 0 1 1 
-50.0 0.0 0 1 1 
-50.0 0.5263157894736842 0 1 1 
-50.0 1.0526315789473684 0 1 1 
-50.0 1.5789473684210527 0 1 1 
-50.0 2.1052631578947367 0 1 1 
-50.0 2.631578947368421 0 1 1 
-50.0 3.1578947368421053 0 1 1 
-50.0 3.6842105263157894 0 1 1 
-50.0 4.2105263157894735 0 1 1 
-50.0 4.7368421052631575 0 1 1 
-50.0 5.263157894736842 0 1 1 
-50.0 5.789473684210526 0 1 1 
-50.0 6.315789473684211 0 1 1 
-50.0 6.842105263157895 0 1 1 
-50.0 7.368421052631579 0 1 1 
-50.0 7.894736842105263 0 1 1 
-50.0 8.421052631578947 0 1 1 
-50.0 8.947368421052632 0 1 1 
-50.0 9.473684210526315 0 1 1 
-50.0 10.0 0 1 1 
-47.36842105263158 -10.0 0 1 1 
-47.36842105263158 -9.473684210526315 0 1 1 
-47.36842105263158 -8.947368421052632 0 1 1 
-47.36842105263158 -8.421052631578947 0 1 1 
-47.36842105263158 -7.894736842105263 0 1 1 
-47.36842105263158 -7.368421052631579 0 1 1 
-47.36842105263158 -6.842105263157895 0 1 1 
-47.36842105263158 -6.315789473684211 0 1 1 
-47.36842105263158 -5.789473684210526 0 1 1 
-47.36842105263158 -5.263157894736842 0 1 1 
-47.36842105263158 -4.7368421052631575 0 1 1 
-47.36842105263158 -4.2105263157894735 0 1 1 
-47.36842105263158 -3.6842105263157894 0 1 1 
-47.36842105263158 -3.1578947368421053 0 1 1 
-47.36842105263158 -2.631578947368421 0 1 1 
-47.36842105263158 -2.1052631578947367 0 1 1 
-47.36842105263158 -1.5789473684210527 0 1 1 
-47.36842105263158 -1.0526315789473684 0 1 1 
-47.36842105263158 -0.5263157894736842 0 1 1 
-47.36842105263158 -0.0 0 1 1 
-47.36842105263158 0.0 0 1 1 
-47.36842105263158 0.5263157894736842 0 1 1 
-47.36842105263158 1.0526315789473684 0 1 1 
-47.36842105263158 1.5789473684210527 0 1 1 
-47.36842105263158 2.1052631578947367 0 1 1 
-47.36842105263158 2.631578947368421 0 1 1 
-47.36842105263158 3.1578947368421053 0 1 1 
-47.36842105263158 3.6842105263157894 0 1 1 
-47.36842105263158 4.2105263157894735 0 1 1 
-47.36842105263158 4.7368421052631575 0 1 1 
-47.36842105263158 5.263157894736842 0 1 1 
-47.36842105263158 5.789473684210526 0 1 1 
-47.36842105263158 6.315789473684211 0 1 1 
-47.36842105263158 6.842105263157895 0 1 1 
-47.36842105263158 7.368421052631579 0 1 1 
-47.36842105263158 7.894736842105263 0 1 1 
-47.36842105263158 8.421052631578947 0 1 1 
-47.36842105263158 8.947368421052632 0 1 1 
-47.36842105263158 9.473684210526315 0 1 1 
-47.36842105263158 10.0 0 1 1 
-44.736842105263165 -10.0 0 1 1 
-44.736842105263165 -9.473684210526315 0 1 1 
-44.736842105263165 -8.947368421052632 0 1 1 
-44.736842105263165 -8.421052631578947 0 1 1 
-44.736842105263165 -7.894736842105263 0 1 1 
-44.736842105263165 -7.368421052631579 0 1 1 
-44.736842105263165 -6.842105263157895 0 1 1 
-44.736842105263165 -6.315789473684211 0 1 1 
-44.736842105263165 -5.789473684210526 0 1 1 
-44.736842105263165 -5.263157894736842 0 1 1 
-44.736842105263165 -4.7368421052631575 0 1 1 
-44.736842105263165 -4.2105263157894735 0 1 1 
-44.736842105263165 -3.6842105263157894 0 1 1 
-44.736842105263165 -3.1578947368421053 0 1 1 
-44.736842105263165 -2.631578947368421 0 1 1 
-44.736842105263165 -2.1052631578947367 0 1 1 
-44.736842105263165 -1.5789473684210527 0 1 1 
-44.736842105263165 -1.0526315789473684 0 1 1 
-44.736842105263165 -0.5263157894736842 0 1 1 
-44.736842105263165 -0.0 0 1 1 
-44.736842105263165 0.0 0 1 1 
-44.736842105263165 0.5263157894736842 0 1 1 
-44.736842105263165 1.0526315789473684 0 1 1 
-44.736842105263165 1.5789473684210527 0 1 1 
-44.736842105263165 2.1052631578947367 0 1 1 
-44.736842105263165 2.631578947368421 0 1 1 
-44.736842105263165 3.1578947368421053 0 1 1 
-44.736842105263165 3.6842105263157894 0 1 1 
-44.736842105263165 4.2105263157894735 0 1 1 
-44.736842105263165 4.7368421052631575 0 1 1 
-44.736842105263165 5.263157894736842 0 1 1 
-44.736842105263165 5.789473684210526 0 1 1 
-44.736842105263165 6.315789473684211 0 1 1 
-44.736842105263165 6.842105263157895 0 1 1 
-44.736842105263165 7.368421052631579 0 1 1 
-44.736842105263165 7.894736842105263 0 1 1 
-44.736842105263165 8.421052631578947 0 1 1 
-44.736842105263165 8.947368421052632 0 1 1 
-44.736842105263165 9.473684210526315 0 1 1 
-44.736842105263165 10.0 0 1 1 
-42.10526315789474 -10.0 0 1 1 
-42.10526315789474 -9.473684210526315 0 1 1 
-42.10526315789474 -8.947368421052632 0 1 1 
-42.10526315789474 -8.421052631578947 0 1 1 
-42.10526315789474 -7.894736842105263 0 1 1 
-42.10526315789474 -7.368421052631579 0 1 1 
-42.10526315789474 -6.842105263157895 0 1 1 
-42.10526315789474 -6.315789473684211 0 1 1 
-42.10526315789474 -5.789473684210526 0 1 1 
-42.10526315789474 -5.263157894736842 0 1 1 
-42.10526315789474 -4.7368421052631575 0 1 1 
-42.10526315789474 -4.2105263157894735 0 1 1 
-42.10526315789474 -3.6842105263157894 0 1 1 
-42.10526315789474 -3.1578947368421053 0 1 1 
-42.10526315789474 -2.631578947368421 0 1 1 
-42.10526315789474 -2.1052631578947367 0 1 1 
-42.10526315789474 -1.5789473684210527 0 1 1 
-42.10526315789474 -1.0526315789473684 0 1 1 
-42.10526315789474 -0.5263157894736842 0 1 1 
-42.10526315789474 -0.0 0 1 1 
-42.10526315789474 0.0 0 1 1 
-42.10526315789474 0.5263157894736842 0 1 1 
-42.10526315789474 1.0526315789473684 0 1 1 
-42.10526315789474 1.5789473684210527 0 1 1 
-42.10526315789474 2.1052631578947367 0 1 1 
-42.10526315789474 2.631578947368421 0 1 1 
-42.10526315789474 3.1578947368421053 0 1 1 
-42.10526315789474 3.6842105263157894 0 1 1 
-42.10526315789474 4.2105263157894735 0 1 1 
-42.10526315789474 4.7368421052631575 0 1 1 
-42.10526315789474 5.263157894736842 0 1 1 
-42.10526315789474 5.789473684210526 0 1 1 
-42.10526315789474 6.315789473684211 0 1 1 
-42.10526315789474 6.842105263157895 0 1 1 
-42.10526315789474 7.368421052631579 0 1 1 
-42.10526315789474 7.894736842105263 0 1 1 
-42.10526315789474 8.421052631578947 0 1 1 
-42.10526315789474 8.947368421052632 0 1 1 
-42.10526315789474 9.473684210526315 0 1 1 
-42.10526315789474 10.0 0 1 1 
-39.473684210526315 -10.0 0 1 1 
-39.473684210526315 -9.473684210526315 0 1 1 
-39.473684210526315 -8.947368421052632 0 1 1 
-39.473684210526315 -8.421052631578947 0 1 1 
-39.473684210526315 -7.894736842105263 0 1 1 
-39.473684210526315 -7.368421052631579 0 1 1 
-39.473684210526315 -6.842105263157895 0 1 1 
-39.473684210526315 -6.315789473684211 0 1 1 
-39.473684210526315 -5.789473684210526 0 1 1 
-39.473684210526315 -5.263157894736842 0 1 1 
-39.473684210526315 -4.7368421052631575 0 1 1 
-39.473684210526315 -4.2105263157894735 0 1 1 
-39.473684210526315 -3.6842105263157894 0 1 1 
-39.473684210526315 -3.1578947368421053 0 1 1 
-39.473684210526315 -2.631578947368421 0 1 1 
-39.473684210526315 -2.1052631578947367 0 1 1 
-39.473684210526315 -1.5789473684210527 0 1 1 
-39.473684210526315 -1.0526315789473684 0 1 1 
-39.473684210526315 -0.5263157894736842 0 1 1 
-39.473684210526315 -0.0 0 1 1 
-39.473684210526315 0.0 0 1 1 
-39.473684210526315 0.5263157894736842 0 1 1 
-39.473684210526315 1.0526315789473684 0 1 1 
-39.473684210526315 1.5789473684210527 0 1 1 
-39.473684210526315 2.1052631578947367 0 1 1 
-39.473684210526315 2.631578947368421 0 1 1 
-39.473684210526315 3.1578947368421053 0 1 1 
-39.473684210526315 3.6842105263157894 0 1 1 
-39.473684210526315 4.2105263157894735 0 1 1 
-39.473684210526315 4.7368421052631575 0 1 1 
-39.473684210526315 5.263157894736842 0 1 1 
-39.473684210526315 5.789473684210526 0 1 1 
-39.473684210526315 6.315789473684211 0 1 1 
-39.473684210526315 6.842105263157895 0 1 1 
-39.473684210526315 7.368421052631579 0 1 1 
-39.473684210526315 7.894736842105263 0 1 1 
-39.473684210526315 8.421052631578947 0 1 1 
-39.473684210526315 8.947368421052632 0 1 1 
-39.473684210526315 9.473684210526315 0 1 1 
-39.473684210526315 10.0 0 1 1 
-36.8421052631579 -10.0 0 1 1 
-36.8421052631579 -9.473684210526315 0 1 1 
-36.8421052631579 -8.947368421052632 0 1 1 
-36.8421052631579 -8.421052631578947 0 1 1 
-36.8421052631579 -7.894736842105263 0 1 1 
-36.8421052631579 -7.368421052631579 0 1 1 
-36.8421052631579 -6.842105263157895 0 1 1 
-36.8421052631579 -6.315789473684211 0 1 1 
-36.8421052631579 -5.789473684210526 0 1 1 
-36.8421052631579 -5.263157894736842 0 1 1 
-36.8421052631579 -4.7368421052631575 0 1 1 
-36.8421052631579 -4.2105263157894735 0 1 1 
-36.8421052631579 -3.6842105263157894 0 1 1 
-36.8421052631579 -3.1578947368421053 0 1 1 
-36.8421052631579 -2.631578947368421 0 1 1 
-36.8421052631579 -2.1052631578947367 0 1 1 
-36.8421052631579 -1.5789473684210527 0 1 1 
-36.8421052631579 -1.0526315789473684 0 1 1 
-36.8421052631579 -0.5263157894736842 0 1 1 
-36.8421052631579 -0.0 0 1 1 
-36.8421052631579 0.0 0 1 1 
-36.8421052631579 0.5263157894736842 0 1 1 
-36.8421052631579 1.0526315789473684 0 1 1 
-36.8421052631579 1.5789473684210527 0 1 1 
-36.8421052631579 2.1052631578947367 0 1 1 
-36.8421052631579 2.631578947368421 0 1 1 
-36.8421052631579 3.1578947368421053 0 1 1 
-36.8421052631579 3.6842105263157894 0 1 1 
-36.8421052631579 4.2105263157894735 0 1 1 
-36.8421052631579 4.7368421052631575 0 1 1 
-36.8421052631579 5.263157894736842 0 1 1 
-36.8421052631579 5.789473684210526 0 1 1 
-36.8421052631579 6.315789473684211 0 1 1 
-36.8421052631579 6.842105263157895 0 1 1 
-36.8421052631579 7.368421052631579 0 1 1 
-36.8421052631579 7.894736842105263 0 1 1 
-36.8421052631579 8.421052631578947 0 1 1 
-36.8421052631579 8.947368421052632 0 1 1 
-36.8421052631579 9.473684210526315 0 1 1 
-36.8421052631579 10.0 0 1 1 
-34.21052631578948 -10.0 0 1 1 
-34.21052631578948 -9.473684210526315 0 1 1 
-34.21052631578948 -8.947368421052632 0 1 1 
-34.21052631578948 -8.421052631578947 0 1 1 
-34.21052631578948 -7.894736842105263 0 1 1 
-34.21052631578948 -7.368421052631579 0 1 1 
-34.21052631578948 -6.842105263157895 0 1 1 
-34.21052631578948 -6.315789473684211 0 1 1 
-34.21052631578948 -5.789473684210526 0 1 1 
-34.21052631578948 -5.263157894736842 0 1 1 
-34.21052631578948 -4.7368421052631575 0 1 1 
-34.21052631578948 -4.2105263157894735 0 1 1 
-34.21052631578948 -3.6842105263157894 0 1 1 
-34.21052631578948 -3.1578947368421053 0 1 1 
-34.21052631578948 -2.631578947368421 0 1 1 
-34.21052631578948 -2.1052631578947367 0 1 1 
-34.21052631578948 -1.5789473684210527 0 1 1 
-34.21052631578948 -1.0526315789473684 0 1 1 
-34.21052631578948 -0.5263157894736842 0 1 1 
-34.21052631578948 -0.0 0 1 1 
-34.21052631578948 0.0 0 1 1 
-34.21052631578948 0.5263157894736842 0 1 1 
-34.21052631578948 1.0526315789473684 0 1 1 
-34.21052631578948 1.5789473684210527 0 1 1 
-34.21052631578948 2.1052631578947367 0 1 1 
-34.21052631578948 2.631578947368421 0 1 1 
-34.21052631578948 3.1578947368421053 0 1 1 
-34.21052631578948 3.6842105263157894 0 1 1 
-34.21052631578948 4.2105263157894735 0 1 1 
-34.21052631578948 4.7368421052631575 0 1 1 
-34.21052631578948 5.263157894736842 0 1 1 
-34.21052631578948 5.789473684210526 0 1 1 
-34.21052631578948 6.315789473684211 0 1 1 
-34.21052631578948 6.842105263157895 0 1 1 
-34.21052631578948 7.368421052631579 0 1 1 
-34.21052631578948 7.894736842105263 0 1 1 
-34.21052631578948 8.421052631578947 0 1 1 
-34.21052631578948 8.947368421052632 0 1 1 
-34.21052631578948 9.473684210526315 0 1 1 
-34.21052631578948 10.0 0 1 1 
-31.578947368421055 -10.0 0 1 1 
-31.578947368421055 -9.473684210526315 0 1 1 
-31.578947368421055 -8.947368421052632 0 1 1 
-31.578947368421055 -8.421052631578947 0 1 1 
-31.578947368421055 -7.894736842105263 0 1 1 
-31.578947368421055 -7.368421052631579 0 1 1 
-31.578947368421055 -6.842105263157895 0 1 1 
-31.578947368421055 -6.315789473684211 0 1 1 
-31.578947368421055 -5.789473684210526 0 1 1 
-31.578947368421055 -5.263157894736842 0 1 1 
-31.578947368421055 -4.7368421052631575 0 1 1 
-31.578947368421055 -4.2105263157894735 0 1 1 
-31.578947368421055 -3.6842105263157894 0 1 1 
-31.578947368421055 -3.1578947368421053 0 1 1 
-31.578947368421055 -2.631578947368421 0 1 1 
-31.578947368421055 -2.1052631578947367 0 1 1 
-31.578947368421055 -1.5789473684210527 0 1 1 
-31.578947368421055 -1.0526315789473684 0 1 1 
-31.578947368421055 -0.5263157894736842 0 1 1 
-31.578947368421055 -0.0 0 1 1 
-31.578947368421055 0.0 0 1 1 
-31.578947368421055 0.5263157894736842 0 1 1 
-31.578947368421055 1.0526315789473684 0 1 1 
-31.578947368421055 1.5789473684210527 0 1 1 
-31.578947368421055 2.1052631578947367 0 1 1 
-31.578947368421055 2.631578947368421 0 1 1 
-31.578947368421055 3.1578947368421053 0 1 1 
-31.578947368421055 3.6842105263157894 0 1 1 
-31.578947368421055 4.2105263157894735 0 1 1 
-31.578947368421055 4.7368421052631575 0 1 1 
-31.578947368421055 5.263157894736842 0 1 1 
-31.578947368421055 5.789473684210526 0 1 1 
-31.578947368421055 6.315789473684211 0 1 1 
-31.578947368421055 6.842105263157895 0 1 1 
-31.578947368421055 7.368421052631579 0 1 1 
-31.578947368421055 7.894736842105263 0 1 1 
-31.578947368421055 8.421052631578947 0 1 1 
-31.578947368421055 8.947368421052632 0 1 1 
-31.578947368421055 9.473684210526315 0 1 1 
-31.578947368421055 10.0 0 1 1 
-28.947368421052634 -10.0 0 1 1 
-28.947368421052634 -9.473684210526315 0 1 1 
-28.947368421052634 -8.947368421052632 0 1 1 
-28.947368421052634 -8.421052631578947 0 1 1 
-28.947368421052634 -7.894736842105263 0 1 1 
-28.947368421052634 -7.368421052631579 0 1 1 
-28.947368421052634 -6.842105263157895 0 1 1 
-28.947368421052634 -6.315789473684211 0 1 1 
-28.947368421052634 -5.789473684210526 0 1 1 
-28.947368421052634 -5.263157894736842 0 1 1 
-28.947368421052634 -4.7368421052631575 0 1 1 
-28.947368421052634 -4.2105263157894735 0 1 1 
-28.947368421052634 -3.6842105263157894 0 1 1 
-28.947368421052634 -3.1578947368421053 0 1 1 
-28.947368421052634 -2.631578947368421 0 1 1 
-28.947368421052634 -2.1052631578947367 0 1 1 
-28.947368421052634 -1.5789473684210527 0 1 1 
-28.947368421052634 -1.0526315789473684 0 1 1 
-28.947368421052634 -0.5263157894736842 0 1 1 
-28.947368421052634 -0.0 0 1 1 
-28.947368421052634 0.0 0 1 1 
-28.947368421052634 0.5263157894736842 0 1 1 
-28.947368421052634 1.0526315789473684 0 1 1 
-28.947368421052634 1.5789473684210527 0 1 1 
-28.947368421052634 2.1052631578947367 0 1 1 
-28.947368421052634 2.631578947368421 0 1 1 
-28.947368421052634 3.1578947368421053 0 1 1 
-28.947368421052634 3.6842105263157894 0 1 1 
-28.947368421052634 4.2105263157894735 0 1 1 
-28.947368421052634 4.7368421052631575 0 1 1 
-28.947368421052634 5.263157894736842 0 1 1 
-28.947368421052634 5.789473684210526 0 1 1 
-28.947368421052634 6.315789473684211 0 1 1 
-28.947368421052634 6.842105263157895 0 1 1 
-28.947368421052634 7.368421052631579 0 1 1 
-28.947368421052634 7.894736842105263 0 1 1 
-28.947368421052634 8.421052631578947 0 1 1 
-28.947368421052634 8.947368421052632 0 1 1 
-28.947368421052634 9.473684210526315 0 1 1 
-28.947368421052634 10.0 0 1 1 
-26.315789473684212 -10.0 0 1 1 
-26.315789473684212 -9.473684210526315 0 1 1 
-26.315789473684212 -8.947368421052632 0 1 1 
-26.315789473684212 -8.421052631578947 0 1 1 
-26.315789473684212 -7.894736842105263 0 1 1 
-26.315789473684212 -7.368421052631579 0 1 1 
-26.315789473684212 -6.842105263157895 0 1 1 
-26.315789473684212 -6.315789473684211 0 1 1 
-26.315789473684212 -5.789473684210526 0 1 1 
-26.315789473684212 -5.263157894736842 0 1 1 
-26.315789473684212 -4.7368421052631575 0 1 1 
-26.315789473684212 -4.2105263157894735 0 1 1 
-26.315789473684212 -3.6842105263157894 0 1 1 
-26.315789473684212 -3.1578947368421053 0 1 1 
-26.315789473684212 -2.631578947368421 0 1 1 
-26.315789473684212 -2.1052631578947367 0 1 1 
-26.315789473684212 -1.5789473684210527 0 1 1 
-26.315789473684212 -1.0526315789473684 0 1 1 
-26.315789473684212 -0.5263157894736842 0 1 1 
-26.315789473684212 -0.0 0 1 1 
-26.315789473684212 0.0 0 1 1 
-26.315789473684212 0.5263157894736842 0 1 1 
-26.315789473684212 1.0526315789473684 0 1 1 
-26.315789473684212 1.5789473684210527 0 1 1 
-26.315789473684212 2.1052631578947367 0 1 1 
-26.315789473684212 2.631578947368421 0 1 1 
-26.315789473684212 3.1578947368421053 0 1 1 
-26.315789473684212 3.6842105263157894 0 1 1 
-26.315789473684212 4.2105263157894735 0 1 1 
-26.315789473684212 4.7368421052631575 0 1 1 
-26.315789473684212 5.263157894736842 0 1 1 
-26.315789473684212 5.789473684210526 0 1 1 
-26.315789473684212 6.315789473684211 0 1 1 
-26.315789473684212 6.842105263157895 0 1 1 
-26.315789473684212 7.368421052631579 0 1 1 
-26.315789473684212 7.894736842105263 0 1 1 
-26.315789473684212 8.421052631578947 0 1 1 
-26.315789473684212 8.947368421052632 0 1 1 
-26.315789473684212 9.473684210526315 0 1 1 
-26.315789473684212 10.0 0 1 1 
-23.68421052631579 -10.0 0 1 1 
-23.68421052631579 -9.473684210526315 0 1 1 
-23.68421052631579 -8.947368421052632 0 1 1 
-23.68421052631579 -8.421052631578947 0 1 1 
-23.68421052631579 -7.894736842105263 0 1 1 
-23.68421052631579 -7.368421052631579 0 1 1 
-23.68421052631579 -6.842105263157895 0 1 1 
-23.68421052631579 -6.315789473684211 0 1 1 
-23.68421052631579 -5.789473684210526 0 1 1 
-23.68421052631579 -5.263157894736842 0 1 1 
-23.68421052631579 -4.7368421052631575 0 1 1 
-23.68421052631579 -4.2105263157894735 0 1 1 
-23.68421052631579 -3.6842105263157894 0 1 1 
-23.68421052631579 -3.1578947368421053 0 1 1 
-23.68421052631579 -2.631578947368421 0 1 1 
-23.68421052631579 -2.1052631578947367 0 1 1 
-23.68421052631579 -1.5789473684210527 0 1 1 
-23.68421052631579 -1.0526315789473684 0 1 1 
-23.68421052631579 -0.5263157894736842 0 1 1 
-23.68421052631579 -0.0 0 1 1 
-23.68421052631579 0.0 0 1 1 
-23.68421052631579 0.5263157894736842 0 1 1 
-23.68421052631579 1.0526315789473684 0 1 1 
-23.68421052631579 1.5789473684210527 0 1 1 
-23.68421052631579 2.1052631578947367 0 1 1 
-23.68421052631579 2.631578947368421 0 1 1 
-23.68421052631579 3.1578947368421053 0 1 1 
-23.68421052631579 3.6842105263157894 0 1 1 
-23.68421052631579 4.2105263157894735 0 1 1 
-23.68421052631579 4.7368421052631575 0 1 1 
-23.68421052631579 5.263157894736842 0 1 1 
-23.68421052631579 5.789473684210526 0 1 1 
-23.68421052631579 6.315789473684211 0 1 1 
-23.68421052631579 6.842105263157895 0 1 1 
-23.68421052631579 7.368421052631579 0 1 1 
-23.68421052631579 7.894736842105263 0 1 1 
-23.68421052631579 8.421052631578947 0 1 1 
-23.68421052631579 8.947368421052632 0 1 1 
-23.68421052631579 9.473684210526315 0 1 1 
-23.68421052631579 10.0 0 1 1 
-21.05263157894737 -10.0 0 1 1 
-21.05263157894737 -9.473684210526315 0 1 1 
-21.05263157894737 -8.947368421052632 0 1 1 
-21.05263157894737 -8.421052631578947 0 1 1 
-21.05263157894737 -7.894736842105263 0 1 1 
-21.05263157894737 -7.368421052631579 0 1 1 
-21.05263157894737 -6.842105263157895 0 1 1 
-21.05263157894737 -6.315789473684211 0 1 1 
-21.05263157894737 -5.789473684210526 0 1 1 
-21.05263157894737 -5.263157894736842 0 1 1 
-21.05263157894737 -4.7368421052631575 0 1 1 
-21.05263157894737 -4.2105263157894735 0 1 1 
-21.05263157894737 -3.6842105263157894 0 1 1 
-21.05263157894737 -3.1578947368421053 0 1 1 
-21.05263157894737 -2.631578947368421 0 1 1 
-21.05263157894737 -2.1052631578947367 0 1 1 
-21.05263157894737 -1.5789473684210527 0 1 1 
-21.05263157894737 -1.0526315789473684 0 1 1 
-21.05263157894737 -0.5263157894736842 0 1 1 
-21.05263157894737 -0.0 0 1 1 
-21.05263157894737 0.0 0 1 1 
-21.05263157894737 0.5263157894736842 0 1 1 
-21.05263157894737 1.0526315789473684 0 1 1 
-21.05263157894737 1.5789473684210527 0 1 1 
-21.05263157894737 2.1052631578947367 0 1 1 
-21.05263157894737 2.631578947368421 0 1 1 
-21.05263157894737 3.1578947368421053 0 1 1 
-21.05263157894737 3.6842105263157894 0 1 1 
-21.05263157894737 4.2105263157894735 0 1 1 
-21.05263157894737 4.7368421052631575 0 1 1 
-21.05263157894737 5.263157894736842 0 1 1 
-21.05263157894737 5.789473684210526 0 1 1 
-21.05263157894737 6.315789473684211 0 1 1 
-21.05263157894737 6.842105263157895 0 1 1 
-21.05263157894737 7.368421052631579 0 1 1 
-21.05263157894737 7.894736842105263 0 1 1 
-21.05263157894737 8.421052631578947 0 1 1 
-21.05263157894737 8.947368421052632 0 1 1 
-21.05263157894737 9.473684210526315 0 1 1 
-21.05263157894737 10.0 0 1 1 
-18.42105263157895 -10.0 0 1 1 
-18.42105263157895 -9.473684210526315 0 1 1 
-18.42105263157895 -8.947368421052632 0 1 1 
-18.42105263157895 -8.421052631578947 0 1 1 
-18.42105263157895 -7.894736842105263 0 1 1 
-18.42105263157895 -7.368421052631579 0 1 1 
-18.42105263157895 -6.842105263157895 0 1 1 
-18.42105263157895 -6.315789473684211 0 1 1 
-18.42105263157895 -5.789473684210526 0 1 1 
-18.42105263157895 -5.263157894736842 0 1 1 
-18.42105263157895 -4.7368421052631575 0 1 1 
-18.42105263157895 -4.2105263157894735 0 1 1 
-18.42105263157895 -3.6842105263157894 0 1 1 
-18.42105263157895 -3.1578947368421053 0 1 1 
-18.42105263157895 -2.631578947368421 0 1 1 
-18.42105263157895 -2.1052631578947367 0 1 1 
-18.42105263157895 -1.5789473684210527 0 1 1 
-18.42105263157895 -1.0526315789473684 0 1 1 
-18.42105263157895 -0.5263157894736842 0 1 1 
-18.42105263157895 -0.0 0 1 1 
-18.42105263157895 0.0 0 1 1 
-18.42105263157895 0.5263157894736842 0 1 1 
-18.42105263157895 1.0526315789473684 0 1 1 
-18.42105263157895 1.5789473684210527 0 1 1 
-18.42105263157895 2.1052631578947367 0 1 1 
-18.42105263157895 2.631578947368421 0 1 1 
-18.42105263157895 3.1578947368421053 0 1 1 
-18.42105263157895 3.6842105263157894 0 1 1 
-18.42105263157895 4.2105263157894735 0 1 1 
-18.42105263157895 4.7368421052631575 0 1 1 
-18.42105263157895 5.263157894736842 0 1 1 
-18.42105263157895 5.789473684210526 0 1 1 
-18.42105263157895 6.315789473684211 0 1 1 
-18.42105263157895 6.842105263157895 0 1 1 
-18.42105263157895 7.368421052631579 0 1 1 
-18.42105263157895 7.894736842105263 0 1 1 
-18.42105263157895 8.421052631578947 0 1 1 
-18.42105263157895 8.947368421052632 0 1 1 
-18.42105263157895 9.473684210526315 0 1 1 
-18.42105263157895 10.0 0 1 1 
-15.789473684210527 -10.0 0 1 1 
-15.789473684210527 -9.473684210526315 0 1 1 
-15.789473684210527 -8.947368421052632 0 1 1 
-15.789473684210527 -8.421052631578947 0 1 1 
-15.789473684210527 -7.894736842105263 0 1 1 
-15.789473684210527 -7.368421052631579 0 1 1 
-15.789473684210527 -6.842105263157895 0 1 1 
-15.789473684210527 -6.315789473684211 0 1 1 
-15.789473684210527 -5.789473684210526 0 1 1 
-15.789473684210527 -5.263157894736842 0 1 1 
-15.789473684210527 -4.7368421052631575 0 1 1 
-15.789473684210527 -4.2105263157894735 0 1 1 
-15.789473684210527 -3.6842105263157894 0 1 1 
-15.789473684210527 -3.1578947368421053 0 1 1 
-15.789473684210527 -2.631578947368421 0 1 1 
-15.789473684210527 -2.1052631578947367 0 1 1 
-15.789473684210527 -1.5789473684210527 0 1 1 
-15.789473684210527 -1.0526315789473684 0 1 1 
-15.789473684210527 -0.5263157894736842 1 0 0 
-15.789473684210527 -0.0 1 0 0 
-15.789473684210527 0.0 1 0 0 
-15.789473684210527 0.5263157894736842 1 0 0 
-15.789473684210527 1.0526315789473684 0 1 1 
-15.789473684210527 1.5789473684210527 0 1 1 
-15.789473684210527 2.1052631578947367 0 1 1 
-15.789473684210527 2.631578947368421 0 1 1 
-15.789473684210527 3.1578947368421053 0 1 1 
-15.789473684210527 3.6842105263157894 0 1 1 
-15.789473684210527 4.2105263157894735 0 1 1 
-15.789473684210527 4.7368421052631575 0 1 1 
-15.789473684210527 5.263157894736842 0 1 1 
-15.789473684210527 5.789473684210526 0 1 1 
-15.789473684210527 6.315789473684211 0 1 1 
-15.789473684210527 6.842105263157895 0 1 1 
-15.789473684210527 7.368421052631579 0 1 1 
-15.789473684210527 7.894736842105263 0 1 1 
-15.789473684210527 8.421052631578947 0 1 1 
-15.789473684210527 8.947368421052632 0 1 1 
-15.789473684210527 9.473684210526315 0 1 1 
-15.789473684210527 10.0 0 1 1 
-13.157894736842106 -10.0 0 1 1 
-13.157894736842106 -9.473684210526315 0 1 1 
-13.157894736842106 -8.947368421052632 0 1 1 
-13.157894736842106 -8.421052631578947 0 1 1 
-13.157894736842106 -7.894736842105263 0 1 1 
-13.157894736842106 -7.368421052631579 0 1 1 
-13.157894736842106 -6.842105263157895 0 1 1 
-13.157894736842106 -6.315789473684211 0 1 1 
-13.157894736842106 -5.789473684210526 0 1 1 
-13.157894736842106 -5.263157894736842 0 1 1 
-13.157894736842106 -4.7368421052631575 0 1 1 
-13.157894736842106 -4.2105263157894735 0 1 1 
-13.157894736842106 -3.6842105263157894 0 1 1 
-13.157894736842106 -3.1578947368421053 0 1 1 
-13.157894736842106 -2.631578947368421 0 1 1 
-13.157894736842106 -2.1052631578947367 0 1 1 
-13.157894736842106 -1.5789473684210527 0 1 1 
-13.157894736842106 -1.0526315789473684 1 0 0 
-13.157894736842106 -0.5263157894736842 1 0 0 
-13.157894736842106 -0.0 1 0 0 
-13.157894736842106 0.0 1 0 0 
-13.157894736842106 0.5263157894736842 1 0 0 
-13.157894736842106 1.0526315789473684 1 0 0 
-13.157894736842106 1.5789473684210527 0 1 1 
-13.157894736842106 2.1052631578947367 0 1 1 
-13.157894736842106 2.631578947368421 0 1 1 
-13.157894736842106 3.1578947368421053 0 1 1 
-13.157894736842106 3.6842105263157894 0 1 1 
-13.157894736842106 4.2105263157894735 0 1 1 
-13.157894736842106 4.7368421052631575 0 1 1 
-13.157894736842106 5.263157894736842 0 1 1 
-13.157894736842106 5.789473684210526 0 1 1 
-13.157894736842106 6.315789473684211 0 1 1 
-13.157894736842106 6.842105263157895 0 1 1 
-13.157894736842106 7.368421052631579 0 1 1 
-13.157894736842106 7.894736842105263 0 1 1 
-13.157894736842106 8.421052631578947 0 1 1 
-13.157894736842106 8.947368421052632 0 1 1 
-13.157894736842106 9.473684210526315 0 1 1 
-13.157894736842106 10.0 0 1 1 
-10.526315789473685 -10.0 0 1 1 
-10.526315789473685 -9.473684210526315 0 1 1 
-10.526315789473685 -8.947368421052632 0 1 1 
-10.526315789473685 -8.421052631578947 0 1 1 
-10.526315789473685 -7.894736842105263 0 1 1 
-10.526315789473685 -7.368421052631579 0 1 1 
-10.526315789473685 -6.842105263157895 0 1 1 
-10.526315789473685 -6.315789473684211 0 1 1 
-10.526315789473685 -5.789473684210526 0 1 1 
-10.526315789473685 -5.263157894736842 0 1 1 
-10.526315789473685 -4.7368421052631575 0 1 1 
-10.526315789473685 -4.2105263157894735 0 1 1 
-10.526315789473685 -3.6842105263157894 0 1 1 
-10.526315789473685 -3.1578947368421053 0 1 1 
-10.526315789473685 -2.631578947368421 0 1 1 
-10.526315789473685 -2.1052631578947367 0 1 1 
-10.526315789473685 -1.5789473684210527 0 1 1 
-10.526315789473685 -1.0526315789473684 1 0 0 
-10.526315789473685 -0.5263157894736842 1 0 0 
-10.526315789473685 -0.0 1 0 0 
-10.526315789473685 0.0 1 0 0 
-10.526315789473685 0.5263157894736842 1 0 0 
-10.526315789473685 1.0526315789473684 1 0 0 
-10.526315789473685 1.5789473684210527 0 1 1 
-10.526315789473685 2.1052631578947367 0 1 1 
-10.526315789473685 2.631578947368421 0 1 1 
-10.526315789473685 3.1578947368421053 0 1 1 
-10.526315789473685 3.6842105263157894 0 1 1 
-10.526315789473685 4.2105263157894735 0 1 1 
-10.526315789473685 4.7368421052631575 0 1 1 
-10.526315789473685 5.263157894736842 0 1 1 
-10.526315789473685 5.789473684210526 0 1 1 
-10.526315789473685 6.315789473684211 0 1 1 
-10.526315789473685 6.842105263157895 0 1 1 
-10.526315789473685 7.368421052631579 0 1 1 
-10.526315789473685 7.894736842105263 0 1 1 
-10.526315789473685 8.421052631578947 0 1 1 
-10.526315789473685 8.947368421052632 0 1 1 
-10.526315789473685 9.473684210526315 0 1 1 
-10.526315789473685 10.0 0 1 1 
-7.894736842105264 -10.0 0 1 1 
-7.894736842105264 -9.473684210526315 0 1 1 
-7.894736842105264 -8.947368421052632 0 1 1 
-7.894736842105264 -8.421052631578947 0 1 1 
-7.894736842105264 -7.894736842105263 0 1 1 
-7.894736842105264 -7.368421052631579 0 1 1 
-7.894736842105264 -6.842105263157895 0 1 1 
-7.894736842105264 -6.315789473684211 0 1 1 
-7.894736842105264 -5.789473684210526 0 1 1 
-7.894736842105264 -5.263157894736842 0 1 1 
-7.894736842105264 -4.7368421052631575 0 1 1 
-7.894736842105264 -4.2105263157894735 0 1 1 
-7.894736842105264 -3.6842105263157894 0 1 1 
-7.894736842105264 -3.1578947368421053 0 1 1 
-7.894736842105264 -2.631578947368421 0 1 1 
-7.894736842105264 -2.1052631578947367 0 1 1 
-7.894736842105264 -1.5789473684210527 0 1 1 
-7.894736842105264 -1.0526315789473684 1 0 0 
-7.894736842105264 -0.5263157894736842 1 0 0 
-7.894736842105264 -0.0 1 0 0 
-7.894736842105264 0.0 1 0 0 
-7.894736842105264 0.5263157894736842 1 0 0 
-7.894736842105264 1.0526315789473684 1 0 0 
-7.894736842105264 1.5789473684210527 0 1 1 
-7.894736842105264 2.1052631578947367 0 1 1 
-7.894736842105264 2.631578947368421 0 1 1 
-7.894736842105264 3.1578947368421053 0 1 1 
-7.894736842105264 3.6842105263157894 0 1 1 
-7.894736842105264 4.2105263157894735 0 1 1 
-7.894736842105264 4.7368421052631575 0 1 1 
-7.894736842105264 5.263157894736842 0 1 1 
-7.894736842105264 5.789473684210526 0 1 1 
-7.894736842105264 6.315789473684211 0 1 1 
-7.894736842105264 6.842105263157895 0 1 1 
-7.894736842105264 7.368421052631579 0 1 1 
-7.894736842105264 7.894736842105263 0 1 1 
-7.894736842105264 8.421052631578947 0 1 1 
-7.894736842105264 8.947368421052632 0 1 1 
-7.894736842105264 9.473684210526315 0 1 1 
-7.894736842105264 10.0 0 1 1 
-5.2631578947368425 -10.0 0 1 1 
-5.2631578947368425 -9.473684210526315 0 1 1 
-5.2631578947368425 -8.947368421052632 0 1 1 
-5.2631578947368425 -8.421052631578947 0 1 1 
-5.2631578947368425 -7.894736842105263 0 1 1 
-5.2631578947368425 -7.368421052631579 0 1 1 
-5.2631578947368425 -6.842105263157895 0 1 1 
-5.2631578947368425 -6.315789473684211 0 1 1 
-5.2631578947368425 -5.789473684210526 0 1 1 
-5.2631578947368425 -5.263157894736842 0 1 1 
-5.2631578947368425 -4.7368421052631575 0 1 1 
-5.2631578947368425 -4.2105263157894735 0 1 1 
-5.2631578947368425 -3.6842105263157894 0 1 1 
-5.2631578947368425 -3.1578947368421053 0 1 1 
-5.2631578947368425 -2.631578947368421 0 1 1 
-5.2631578947368425 -2.1052631578947367 0 1 1 
-5.2631578947368425 -1.5789473684210527 0 1 1 
-5.2631578947368425 -1.0526315789473684 1 0 0 
-5.2631578947368425 -0.5263157894736842 1 0 0 
-5.2631578947368425 -0.0 1 0 0 
-5.2631578947368425 0.0 1 0 0 
-5.2631578947368425 0.5263157894736842 1 0 0 
-5.2631578947368425 1.0526315789473684 1 0 0 
-5.2631578947368425 1.5789473684210527 0 1 1 
-5.2631578947368425 2.1052631578947367 0 1 1 
-5.2631578947368425 2.631578947368421 0 1 1 
-5.2631578947368425 3.1578947368421053 0 1 1 
-5.2631578947368425 3.6842105263157894 0 1 1 
-5.2631578947368425 4.2105263157894735 0 1 1 
-5.2631578947368425 4.7368421052631575 0 1 1 
-5.2631578947368425 5.263157894736842 0 1 1 
-5.2631578947368425 5.789473684210526 0 1 1 
-5.2631578947368425 6.315789473684211 0 1 1 
-5.2631578947368425 6.842105263157895 0 1 1 
-5.2631578947368425 7.368421052631579 0 1 1 
-5.2631578947368425 7.894736842105263 0 1 1 
-5.2631578947368425 8.421052631578947 0 1 1 
-5.2631578947368425 8.947368421052632 0 1 1 
-5.2631578947368425 9.473684210526315 0 1 1 
-5.2631578947368425 10.0 0 1 1 
-2.6315789473684212 -10.0 0 1 1 
-2.6315789473684212 -9.473684210526315 0 1 1 
-2.6315789473684212 -8.947368421052632 0 1 1 
-2.6315789473684212 -8.421052631578947 0 1 1 
-2.6315789473684212 -7.894736842105263 0 1 1 
-2.6315789473684212 -7.368421052631579 0 1 1 
-2.6315789473684212 -6.842105263157895 0 1 1 
-2.6315789473684212 -6.315789473684211 0 1 1 
-2.6315789473684212 -5.789473684210526 0 1 1 
-2.6315789473684212 -5.263157894736842 0 1 1 
-2.6315789473684212 -4.7368421052631575 0 1 1 
-2.6315789473684212 -4.2105263157894735 0 1 1 
-2.6315789473684212 -3.6842105263157894 0 1 1 
-2.6315789473684212 -3.1578947368421053 0 1 1 
-2.6315789473684212 -2.631578947368421 0 1 1 
-2.6315789473684212 -2.1052631578947367 0 1 1 
-2.6315789473684212 -1.5789473684210527 0 1 1 
-2.6315789473684212 -1.0526315789473684 1 0 0 
-2.6315789473684212 -0.5263157894736842 1 0 0 
-2.6315789473684212 -0.0 1 0 0 
-2.6315789473684212 0.0 1 0 0 
-2.6315789473684212 0.5263157894736842 1 0 0 
-2.6315789473684212 1.0526315789473684 1 0 0 
-2.6315789473684212 1.5789473684210527 0 1 1 
-2.6315789473684212 2.1052631578947367 0 1 1 
-2.6315789473684212 2.631578947368421 0 1 1 
-2.6315789473684212 3.1578947368421053 0 1 1 
-2.6315789473684212 3.6842105263157894 0 1 1 
-2.6315789473684212 4.2105263157894735 0 1 1 
-2.6315789473684212 4.7368421052631575 0 1 1 
-2.6315789473684212 5.263157894736842 0 1 1 
-2.6315789473684212 5.789473684210526 0 1 1 
-2.6315789473684212 6.315789473684211 0 1 1 
-2.6315789473684212 6.842105263157895 0 1 1 
-2.6315789473684212 7.368421052631579 0 1 1 
-2.6315789473684212 7.894736842105263 0 1 1 
-2.6315789473684212 8.421052631578947 0 1 1 
-2.6315789473684212 8.947368421052632 0 1 1 
-2.6315789473684212 9.473684210526315 0 1 1 
-2.6315789473684212 10.0 0 1 1 
-0.0 -10.0 0 1 1 
-0.0 -9.473684210526315 0 1 1 
-0.0 -8.947368421052632 0 1 1 
-0.0 -8.421052631578947 0 1 1 
-0.0 -7.894736842105263 0 1 1 
-0.0 -7.368421052631579 0 1 1 
-0.0 -6.842105263157895 0 1 1 
-0.0 -6.315789473684211 0 1 1 
-0.0 -5.789473684210526 0 1 1 
-0.0 -5.263157894736842 0 1 1 
-0.0 -4.7368421052631575 0 1 1 
-0.0 -4.2105263157894735 0 1 1 
-0.0 -3.6842105263157894 0 1 1 
-0.0 -3.1578947368421053 0 1 1 
-0.0 -2.631578947368421 0 1 1 
-0.0 -2.1052631578947367 0 1 1 
-0.0 -1.5789473684210527 0 1 1 
-0.0 -1.0526315789473684 1 0 0 
-0.0 -0.5263157894736842 1 0 0 
-0.0 -0.0 1 0 0 
-0.0 0.0 1 0 0 
-0.0 0.5263157894736842 1 0 0 
-0.0 1.0526315789473684 1 0 0 
-0.0 1.5789473684210527 0 1 1 
-0.0 2.1052631578947367 0 1 1 
-0.0 2.631578947368421 0 1 1 
-0.0 3.1578947368421053 0 1 1 
-0.0 3.6842105263157894 0 1 1 
-0.0 4.2105263157894735 0 1 1 
-0.0 4.7368421052631575 0 1 1 
-0.0 5.263157894736842 0 1 1 
-0.0 5.789473684210526 0 1 1 
-0.0 6.315789473684211 0 1 1 
-0.0 6.842105263157895 0 1 1 
-0.0 7.368421052631579 0 1 1 
-0.0 7.894736842105263 0 1 1 
-0.0 8.421052631578947 0 1 1 
-0.0 8.947368421052632 0 1 1 
-0.0 9.473684210526315 0 1 1 
-0.0 10.0 0 1 1 
0.0 -10.0 0 1 1 
0.0 -9.473684210526315 0 1 1 
0.0 -8.947368421052632 0 1 1 
0.0 -8.421052631578947 0 1 1 
0.0 -7.894736842105263 0 1 1 
0.0 -7.368421052631579 0 1 1 
0.0 -6.842105263157895 0 1 1 
0.0 -6.315789473684211 0 1 1 
0.0 -5.789473684210526 0 1 1 
0.0 -5.263157894736842 0 1 1 
0.0 -4.7368421052631575 0 1 1 
0.0 -4.2105263157894735 0 1 1 
0.0 -3.6842105263157894 0 1 1 
0.0 -3.1578947368421053 0 1 1 
0.0 -2.631578947368421 0 1 1 
0.0 -2.1052631578947367 0 1 1 
0.0 -1.5789473684210527 0 1 1 
0.0 -1.0526315789473684 1 0 0 
0.0 -0.5263157894736842 1 0 0 
0.0 -0.0 1 0 0 
0.0 0.0 1 0 0 
0.0 0.5263157894736842 1 0 0 
0.0 1.0526315789473684 1 0 0 
0.0 1.5789473684210527 0 1 1 
0.0 2.1052631578947367 0 1 1 
0.0 2.631578947368421 0 1 1 
0.0 3.1578947368421053 0 1 1 
0.0 3.6842105263157894 0 1 1 
0.0 4.2105263157894735 0 1 1 
0.0 4.7368421052631575 0 1 1 
0.0 5.263157894736842 0 1 1 
0.0 5.789473684210526 0 1 1 
0.0 6.315789473684211 0 1 1 
0.0 6.842105263157895 0 1 1 
0.0 7.368421052631579 0 1 1 
0.0 7.894736842105263 0 1 1 
0.0 8.421052631578947 0 1 1 
0.0 8.947368421052632 0 1 1 
0.0 9.473684210526315 0 1 1 
0.0 10.0 0 1 1 
2.6315789473684212 -10.0 0 1 1 
2.6315789473684212 -9.473684210526315 0 1 1 
2.6315789473684212 -8.947368421052632 0 1 1 
2.6315789473684212 -8.421052631578947 0 1 1 
2.6315789473684212 -7.894736842105263 0 1 1 
2.6315789473684212 -7.368421052631579 0 1 1 
2.6315789473684212 -6.842105263157895 0 1 1 
2.6315789473684212 -6.315789473684211 0 1 1 
2.6315789473684212 -5.789473684210526 0 1 1 
2.6315789473684212 -5.263157894736842 0 1 1 
2.6315789473684212 -4.7368421052631575 0 1 1 
2.6315789473684212 -4.2105263157894735 0 1 1 
2.6315789473684212 -3.6842105263157894 0 1 1 
2.6315789473684212 -3.1578947368421053 0 1 1 
2.6315789473684212 -2.631578947368421 0 1 1 
2.6315789473684212 -2.1052631578947367 0 1 1 
2.6315789473684212 -1.5789473684210527 0 1 1 
2.6315789473684212 -1.0526315789473684 1 0 0 
2.6315789473684212 -0.5263157894736842 1 0 0 
2.6315789473684212 -0.0 1 0 0 
2.6315789473684212 0.0 1 0 0 
2.6315789473684212 0.5263157894736842 1 0 0 
2.6315789473684212 1.0526315789473684 0 1 1 
2.6315789473684212 1.5789473684210527 0 1 1 
2.6315789473684212 2.1052631578947367 0 1 1 
2.6315789473684212 2.631578947368421 0 1 1 
2.6315789473684212 3.1578947368421053 0 1 1 
2.6315789473684212 3.6842105263157894 0 1 1 
2.6315789473684212 4.2105263157894735 0 1 1 
2.6315789473684212 4.7368421052631575 0 1 1 
2.6315789473684212 5.263157894736842 0 1 1 
2.6315789473684212 5.789473684210526 0 1 1 
2.6315789473684212 6.315789473684211 0 1 1 
2.6315789473684212 6.842105263157895 0 1 1 
2.6315789473684212 7.368421052631579 0 1 1 
2.6315789473684212 7.894736842105263 0 1 1 
2.6315789473684212 8.421052631578947 0 1 1 
2.6315789473684212 8.947368421052632 0 1 1 
2.6315789473684212 9.473684210526315 0 1 1 
2.6315789473684212 10.0 0 1 1 
5.2631578947368425 -10.0 0 1 1 
5.2631578947368425 -9.473684210526315 0 1 1 
5.2631578947368425 -8.947368421052632 0 1 1 
5.2631578947368425 -8.421052631578947 0 1 1 
5.2631578947368425 -7.894736842105263 0 1 1 
5.2631578947368425 -7.368421052631579 0 1 1 
5.2631578947368425 -6.842105263157895 0 1 1 
5.2631578947368425 -6.315789473684211 0 1 1 
5.2631578947368425 -5.789473684210526 0 1 1 
5.2631578947368425 -5.263157894736842 0 1 1 
5.2631578947368425 -4.7368421052631575 0 1 1 
5.2631578947368425 -4.2105263157894735 0 1 1 
5.2631578947368425 -3.6842105263157894 0 1 1 
5.2631578947368425 -3.1578947368421053 0 1 1 
5.2631578947368425 -2.631578947368421 0 1 1 
5.2631578947368425 -2.1052631578947367 0 1 1 
5.2631578947368425 -1.5789473684210527 1 0 0 
5.2631578947368425 -1.0526315789473684 1 0 0 
5.2631578947368425 -0.5263157894736842 1 0 0 
5.2631578947368425 -0.0 1 0 0 
5.2631578947368425 0.0 1 0 0 
5.2631578947368425 0.5263157894736842 0 1 1 
5.2631578947368425 1.0526315789473684 0 1 1 
5.2631578947368425 1.5789473684210527 0 1 1 
5.2631578947368425 2.1052631578947367 0 1 1 
5.2631578947368425 2.631578947368421 0 1 1 
5.2631578947368425 3.1578947368421053 0 1 1 
5.2631578947368425 3.6842105263157894 0 1 1 
5.2631578947368425 4.2105263157894735 0 1 1 
5.2631578947368425 4.7368421052631575 0 1 1 
5.2631578947368425 5.263157894736842 0 1 1 
5.2631578947368425 5.789473684210526 0 1 1 
5.2631578947368425 6.315789473684211 0 1 1 
5.2631578947368425 6.842105263157895 0 1 1 
5.2631578947368425 7.368421052631579 0 1 1 
5.2631578947368425 7.894736842105263 0 1 1 
5.2631578947368425 8.421052631578947 0 1 1 
5.2631578947368425 8.947368421052632 0 1 1 
5.2631578947368425 9.473684210526315 0 1 1 
5.2631578947368425 10.0 0 1 1 
7.894736842105264 -10.0 0 1 1 
7.894736842105264 -9.473684210526315 0 1 1 
7.894736842105264 -8.947368421052632 0 1 1 
7.894736842105264 -8.421052631578947 0 1 1 
7.894736842105264 -7.894736842105263 0 1 1 
7.894736842105264 -7.368421052631579 0 1 1 
7.894736842105264 -6.842105263157895 0 1 1 
7.894736842105264 -6.315789473684211 0 1 1 
7.894736842105264 -5.789473684210526 0 1 1 
7.894736842105264 -5.263157894736842 0 1 1 
7.894736842105264 -4.7368421052631575 0 1 1 
7.894736842105264 -4.2105263157894735 0 1 1 
7.894736842105264 -3.6842105263157894 0 1 1 
7.894736842105264 -3.1578947368421053 0 1 1 
7.894736842105264 -2.631578947368421 0 1 1 
7.894736842105264 -2.1052631578947367 0 1 1 
7.894736842105264 -1.5789473684210527 1 0 0 
7.894736842105264 -1.0526315789473684 1 0 0 
7.894736842105264 -0.5263157894736842 1 0 0 
7.894736842105264 -0.0 0 1 1 
7.894736842105264 0.0 0 1 1 
7.894736842105264 0.5263157894736842 0 1 1 
7.894736842105264 1.0526315789473684 0 1 1 
7.894736842105264 1.5789473684210527 0 1 1 
7.894736842105264 2.1052631578947367 0 1 1 
7.894736842105264 2.631578947368421 0 1 1 
7.894736842105264 3.1578947368421053 0 1 1 
7.894736842105264 3.6842105263157894 0 1 1 
7.894736842105264 4.2105263157894735 0 1 1 
7.894736842105264 4.7368421052631575 0 1 1 
7.894736842105264 5.263157894736842 0 1 1 
7.894736842105264 5.789473684210526 0 1 1 
7.894736842105264 6.315789473684211 0 1 1 
7.894736842105264 6.842105263157895 0 1 1 
7.894736842105264 7.368421052631579 0 1 1 
7.894736842105264 7.894736842105263 0 1 1 
7.894736842105264 8.421052631578947 0 1 1 
7.894736842105264 8.947368421052632 0 1 1 
7.894736842105264 9.473684210526315 0 1 1 
7.894736842105264 10.0 0 1 1 
10.526315789473685 -10.0 0 1 1 
10.526315789473685 -9.473684210526315 0 1 1 
10.526315789473685 -8.947368421052632 0 1 1 
10.526315789473685 -8.421052631578947 0 1 1 
10.526315789473685 -7.894736842105263 0 1 1 
10.526315789473685 -7.368421052631579 0 1 1 
10.526315789473685 -6.842105263157895 0 1 1 
10.526315789473685 -6.315789473684211 0 1 1 
10.526315789473685 -5.789473684210526 0 1 1 
10.526315789473685 -5.263157894736842 0 1 1 
10.526315789473685 -4.7368421052631575 0 1 1 
10.526315789473685 -4.2105263157894735 0 1 1 
10.526315789473685 -3.6842105263157894 0 1 1 
10.526315789473685 -3.1578947368421053 0 1 1 
10.526315789473685 -2.631578947368421 0 1 1 
10.526315789473685 -2.1052631578947367 0 1 1 
10.526315789473685 -1.5789473684210527 0 1 1 
10.526315789473685 -1.0526315789473684 1 0 0 
10.526315789473685 -0.5263157894736842 1 0 0 
10.526315789473685 -0.0 1 0 0 
10.526315789473685 0.0 1 0 0 
10.526315789473685 0.5263157894736842 0 1 1 
10.526315789473685 1.0526315789473684 0 1 1 
10.526315789473685 1.5789473684210527 0 1 1 
10.526315789473685 2.1052631578947367 0 1 1 
10.526315789473685 2.631578947368421 0 1 1 
10.526315789473685 3.1578947368421053 0 1 1 
10.526315789473685 3.6842105263157894 0 1 1 
10.526315789473685 4.2105263157894735 0 1 1 
10.526315789473685 4.7368421052631575 0 1 1 
10.526315789473685 5.263157894736842 0 1 1 
10.526315789473685 5.789473684210526 0 1 1 
10.526315789473685 6.315789473684211 0 1 1 
10.526315789473685 6.842105263157895 0 1 1 
10.526315789473685 7.368421052631579 0 1 1 
10.526315789473685 7.894736842105263 0 1 1 
10.526315789473685 8.421052631578947 0 1 1 
10.526315789473685 8.947368421052632 0 1 1 
10.526315789473685 9.473684210526315 0 1 1 
10.526315789473685 10.0 0 1 1 
13.157894736842106 -10.0 0 1 1 
13.157894736842106 -9.473684210526315 0 1 1 
13.157894736842106 -8.947368421052632 0 1 1 
13.157894736842106 -8.421052631578947 0 1 1 
13.157894736842106 -7.894736842105263 0 1 1 
13.157894736842106 -7.368421052631579 0 1 1 
13.157894736842106 -6.842105263157895 0 1 1 
13.157894736842106 -6.315789473684211 0 1 1 
13.157894736842106 -5.789473684210526 0 1 1 
13.157894736842106 -5.263157894736842 0 1 1 
13.157894736842106 -4.7368421052631575 0 1 1 
13.157894736842106 -4.2105263157894735 0 1 1 
13.157894736842106 -3.6842105263157894 0 1 1 
13.157894736842106 -3.1578947368421053 0 1 1 
13.157894736842106 -2.631578947368421 0 1 1 
13.157894736842106 -2.1052631578947367 0 1 1 
13.157894736842106 -1.5789473684210527 0 1 1 
13.157894736842106 -1.0526315789473684 0 1 1 
13.157894736842106 -0.5263157894736842 1 0 0 
13.157894736842106 -0.0 1 0 0 
13.157894736842106 0.0 1 0 0 
13.157894736842106 0.5263157894736842 0 1 1 
13.157894736842106 1.0526315789473684 0 1 1 
13.157894736842106 1.5789473684210527 0 1 1 
13.157894736842106 2.1052631578947367 0 1 1 
13.157894736842106 2.631578947368421 0 1 1 
13.157894736842106 3.1578947368421053 0 1 1 
13.157894736842106 3.6842105263157894 0 1 1 
13.157894736842106 4.2105263157894735 0 1 1 
13.157894736842106 4.7368421052631575 0 1 1 
13.157894736842106 5.263157894736842 0 1 1 
13.157894736842106 5.789473684210526 0 1 1 
13.157894736842106 6.315789473684211 0 1 1 
13.157894736842106 6.842105263157895 0 1 1 
13.157894736842106 7.368421052631579 0 1 1 
13.157894736842106 7.894736842105263 0 1 1 
13.157894736842106 8.421052631578947 0 1 1 
13.157894736842106 8.947368421052632 0 1 1 
13.157894736842106 9.473684210526315 0 1 1 
13.157894736842106 10.0 0 1 1 
15.789473684210527 -10.0 0 1 1 
15.789473684210527 -9.473684210526315 0 1 1 
15.789473684210527 -8.947368421052632 0 1 1 
15.789473684210527 -8.421052631578947 0 1 1 
15.789473684210527 -7.894736842105263 0 1 1 
15.789473684210527 -7.368421052631579 0 1 1 
15.789473684210527 -6.842105263157895 0 1 1 
15.789473684210527 -6.315789473684211 0 1 1 
15.789473684210527 -5.789473684210526 0 1 1 
15.789473684210527 -5.263157894736842 0 1 1 
15.789473684210527 -4.7368421052631575 0 1 1 
15.789473684210527 -4.2105263157894735 0 1 1 
15.789473684210527 -3.6842105263157894 0 1 1 
15.789473684210527 -3.1578947368421053 0 1 1 
15.789473684210527 -2.631578947368421 0 1 1 
15.789473684210527 -2.1052631578947367 0 1 1 
15.789473684210527 -1.5789473684210527 0 1 1 
15.789473684210527 -1.0526315789473684 0 1 1 
15.789473684210527 -0.5263157894736842 0 1 1 
15.789473684210527 -0.0 1 0 0 
15.789473684210527 0.0 1 0 0 
15.789473684210527 0.5263157894736842 1 0 0 
15.789473684210527 1.0526315789473684 0 1 1 
15.789473684210527 1.5789473684210527 0 1 1 
15.789473684210527 2.1052631578947367 0 1 1 
15.789473684210527 2.631578947368421 0 1 1 
15.789473684210527 3.1578947368421053 0 1 1 
15.789473684210527 3.6842105263157894 0 1 1 
15.789473684210527 4.2105263157894735 0 1 1 
15.789473684210527 4.7368421052631575 0 1 1 
15.789473684210527 5.263157894736842 0 1 1 
15.789473684210527 5.789473684210526 0 1 1 
15.789473684210527 6.315789473684211 0 1 1 
15.789473684210527 6.842105263157895 0 1 1 
15.789473684210527 7.368421052631579 0 1 1 
15.789473684210527 7.894736842105263 0 1 1 
15.789473684210527 8.421052631578947 0 1 1 
15.789473684210527 8.947368421052632 0 1 1 
15.789473684210527 9.473684210526315 0 1 1 
15.789473684210527 10.0 0 1 1 
18.42105263157895 -10.0 0 1 1 
18.42105263157895 -9.473684210526315 0 1 1 
18.42105263157895 -8.947368421052632 0 1 1 
18.42105263157895 -8.421052631578947 0 1 1 
18.42105263157895 -7.894736842105263 0 1 1 
18.42105263157895 -7.368421052631579 0 1 1 
18.42105263157895 -6.842105263157895 0 1 1 
18.42105263157895 -6.315789473684211 0 1 1 
18.42105263157895 -5.789473684210526 0 1 1 
18.42105263157895 -5.263157894736842 0 1 1 
18.42105263157895 -4.7368421052631575 0 1 1 
18.42105263157895 -4.2105263157894735 0 1 1 
18.42105263157895 -3.6842105263157894 0 1 1 
18.42105263157895 -3.1578947368421053 0 1 1 
18.42105263157895 -2.631578947368421 0 1 1 
18.42105263157895 -2.1052631578947367 0 1 1 
18.42105263157895 -1.5789473684210527 0 1 1 
18.42105263157895 -1.0526315789473684 0 1 1 
18.42105263157895 -0.5263157894736842 0 1 1 
18.42105263157895 -0.0 0 1 1 
18.42105263157895 0.0 0 1 1 
18.42105263157895 0.5263157894736842 0 1 1 
18.42105263157895 1.0526315789473684 0 1 1 
18.42105263157895 1.5789473684210527 0 1 1 
18.42105263157895 2.1052631578947367 0 1 1 
18.42105263157895 2.631578947368421 0 1 1 
18.42105263157895 3.1578947368421053 0 1 1 
18.42105263157895 3.6842105263157894 0 1 1 
18.42105263157895 4.2105263157894735 0 1 1 
18.42105263157895 4.7368421052631575 0 1 1 
18.42105263157895 5.263157894736842 0 1 1 
18.42105263157895 5.789473684210526 0 1 1 
18.42105263157895 6.315789473684211 0 1 1 
18.42105263157895 6.842105263157895 0 1 1 
18.42105263157895 7.368421052631579 0 1 1 
18.42105263157895 7.894736842105263 0 1 1 
18.42105263157895 8.421052631578947 0 1 1 
18.42105263157895 8.947368421052632 0 1 1 
18.42105263157895 9.473684210526315 0 1 1 
18.42105263157895 10.0 0 1 1 
21.05263157894737 -10.0 0 1 1 
21.05263157894737 -9.473684210526315 0 1 1 
21.05263157894737 -8.947368421052632 0 1 1 
21.05263157894737 -8.421052631578947 0 1 1 
21.05263157894737 -7.894736842105263 0 1 1 
21.05263157894737 -7.368421052631579 0 1 1 
21.05263157894737 -6.842105263157895 0 1 1 
21.05263157894737 -6.315789473684211 0 1 1 
21.05263157894737 -5.789473684210526 0 1 1 
21.05263157894737 -5.263157894736842 0 1 1 
21.05263157894737 -4.7368421052631575 0 1 1 
21.05263157894737 -4.2105263157894735 0 1 1 
21.05263157894737 -3.6842105263157894 0 1 1 
21.05263157894737 -3.1578947368421053 0 1 1 
21.05263157894737 -2.631578947368421 0 1 1 
21.05263157894737 -2.1052631578947367 0 1 1 
21.05263157894737 -1.5789473684210527 0 1 1 
21.05263157894737 -1.0526315789473684 0 1 1 
21.05263157894737 -0.5263157894736842 0 1 1 
21.05263157894737 -0.0 0 1 1 
21.05263157894737 0.0 0 1 1 
21.05263157894737 0.5263157894736842 0 1 1 
21.05263157894737 1.0526315789473684 0 1 1 
21.05263157894737 1.5789473684210527 0 1 1 
21.05263157894737 2.1052631578947367 0 1 1 
21.05263157894737 2.631578947368421 0 1 1 
21.05263157894737 3.1578947368421053 0 1 1 
21.05263157894737 3.6842105263157894 0 1 1 
21.05263157894737 4.2105263157894735 0 1 1 
21.05263157894737 4.7368421052631575 0 1 1 
21.05263157894737 5.263157894736842 0 1 1 
21.05263157894737 5.789473684210526 0 1 1 
21.05263157894737 6.315789473684211 0 1 1 
21.05263157894737 6.842105263157895 0 1 1 
21.05263157894737 7.368421052631579 0 1 1 
21.05263157894737 7.894736842105263 0 1 1 
21.05263157894737 8.421052631578947 0 1 1 
21.05263157894737 8.947368421052632 0 1 1 
21.05263157894737 9.473684210526315 0 1 1 
21.05263157894737 10.0 0 1 1 
23.68421052631579 -10.0 0 1 1 
23.68421052631579 -9.473684210526315 0 1 1 
23.68421052631579 -8.947368421052632 0 1 1 
23.68421052631579 -8.421052631578947 0 1 1 
23.68421052631579 -7.894736842105263 0 1 1 
23.68421052631579 -7.368421052631579 0 1 1 
23.68421052631579 -6.842105263157895 0 1 1 
23.68421052631579 -6.315789473684211 0 1 1 
23.68421052631579 -5.789473684210526 0 1 1 
23.68421052631579 -5.263157894736842 0 1 1 
23.68421052631579 -4.7368421052631575 0 1 1 
23.68421052631579 -4.2105263157894735 0 1 1 
23.68421052631579 -3.6842105263157894 0 1 1 
23.68421052631579 -3.1578947368421053 0 1 1 
23.68421052631579 -2.631578947368421 0 1 1 
23.68421052631579 -2.1052631578947367 0 1 1 
23.68421052631579 -1.5789473684210527 0 1 1 
23.68421052631579 -1.0526315789473684 0 1 1 
23.68421052631579 -0.5263157894736842 0 1 1 
23.68421052631579 -0.0 0 1 1 
23.68421052631579 0.0 0 1 1 
23.68421052631579 0.5263157894736842 0 1 1 
23.68421052631579 1.0526315789473684 0 1 1 
23.68421052631579 1.5789473684210527 0 1 1 
23.68421052631579 2.1052631578947367 0 1 1 
23.68421052631579 2.631578947368421 0 1 1 
23.68421052631579 3.1578947368421053 0 1 1 
23.68421052631579 3.6842105263157894 0 1 1 
23.68421052631579 4.2105263157894735 0 1 1 
23.68421052631579 4.7368421052631575 0 1 1 
23.68421052631579 5.263157894736842 0 1 1 
23.68421052631579 5.789473684210526 0 1 1 
23.68421052631579 6.315789473684211 0 1 1 
23.68421052631579 6.842105263157895 0 1 1 
23.68421052631579 7.368421052631579 0 1 1 
23.68421052631579 7.894736842105263 0 1 1 
23.68421052631579 8.421052631578947 0 1 1 
23.68421052631579 8.947368421052632 0 1 1 
23.68421052631579 9.473684210526315 0 1 1 
23.68421052631579 10.0 0 1 1 
26.315789473684212 -10.0 0 1 1 
26.315789473684212 -9.473684210526315 0 1 1 
26.315789473684212 -8.947368421052632 0 1 1 
26.315789473684212 -8.421052631578947 0 1 1 
26.315789473684212 -7.894736842105263 0 1 1 
26.315789473684212 -7.368421052631579 0 1 1 
26.315789473684212 -6.842105263157895 0 1 1 
26.315789473684212 -6.315789473684211 0 1 1 
26.315789473684212 -5.789473684210526 0 1 1 
26.315789473684212 -5.263157894736842 0 1 1 
26.315789473684212 -4.7368421052631575 0 1 1 
26.315789473684212 -4.2105263157894735 0 1 1 
26.315789473684212 -3.6842105263157894 0 1 1 
26.315789473684212 -3.1578947368421053 0 1 1 
26.315789473684212 -2.631578947368421 0 1 1 
26.315789473684212 -2.1052631578947367 0 1 1 
26.315789473684212 -1.5789473684210527 0 1 1 
26.315789473684212 -1.0526315789473684 0 1 1 
26.315789473684212 -0.5263157894736842 0 1 1 
26.315789473684212 -0.0 0 1 1 
26.315789473684212 0.0 0 1 1 
26.315789473684212 0.5263157894736842 0 1 1 
26.315789473684212 1.0526315789473684 0 1 1 
26.315789473684212 1.5789473684210527 0 1 1 
26.315789473684212 2.1052631578947367 0 1 1 
26.315789473684212 2.631578947368421 0 1 1 
26.315789473684212 3.1578947368421053 0 1 1 
26.315789473684212 3.6842105263157894 0 1 1 
26.315789473684212 4.2105263157894735 0 1 1 
26.315789473684212 4.7368421052631575 0 1 1 
26.315789473684212 5.263157894736842 0 1 1 
26.315789473684212 5.789473684210526 0 1 1 
26.315789473684212 6.315789473684211 0 1 1 
26.315789473684212 6.842105263157895 0 1 1 
26.315789473684212 7.368421052631579 0 1 1 
26.315789473684212 7.894736842105263 0 1 1 
26.315789473684212 8.421052631578947 0 1 1 
26.315789473684212 8.947368421052632 0 1 1 
26.315789473684212 9.473684210526315 0 1 1 
26.315789473684212 10.0 0 1 1 
28.947368421052634 -10.0 0 1 1 
28.947368421052634 -9.473684210526315 0 1 1 
28.947368421052634 -8.947368421052632 0 1 1 
28.947368421052634 -8.421052631578947 0 1 1 
28.947368421052634 -7.894736842105263 0 1 1 
28.947368421052634 -7.368421052631579 0 1 1 
28.947368421052634 -6.842105263157895 0 1 1 
28.947368421052634 -6.315789473684211 0 1 1 
28.947368421052634 -5.789473684210526 0 1 1 
28.947368421052634 -5.263157894736842 0 1 1 
28.947368421052634 -4.7368421052631575 0 1 1 
28.947368421052634 -4.2105263157894735 0 1 1 
28.947368421052634 -3.6842105263157894 0 1 1 
28.947368421052634 -3.1578947368421053 0 1 1 
28.947368421052634 -2.631578947368421 0 1 1 
28.947368421052634 -2.1052631578947367 0 1 1 
28.947368421052634 -1.5789473684210527 0 1 1 
28.947368421052634 -1.0526315789473684 0 1 1 
28.947368421052634 -0.5263157894736842 0 1 1 
28.947368421052634 -0.0 0 1 1 
28.947368421052634 0.0 0 1 1 
28.947368421052634 0.5263157894736842 0 1 1 
28.947368421052634 1.0526315789473684 0 1 1 
28.947368421052634 1.5789473684210527 0 1 1 
28.947368421052634 2.1052631578947367 0 1 1 
28.947368421052634 2.631578947368421 0 1 1 
28.947368421052634 3.1578947368421053 0 1 1 
28.947368421052634 3.6842105263157894 0 1 1 
28.947368421052634 4.2105263157894735 0 1 1 
28.947368421052634 4.7368421052631575 0 1 1 
28.947368421052634 5.263157894736842 0 1 1 
28.947368421052634 5.789473684210526 0 1 1 
28.947368421052634 6.315789473684211 0 1 1 
28.947368421052634 6.842105263157895 0 1 1 
28.947368421052634 7.368421052631579 0 1 1 
28.947368421052634 7.894736842105263 0 1 1 
28.947368421052634 8.421052631578947 0 1 1 
28.947368421052634 8.947368421052632 0 1 1 
28.947368421052634 9.473684210526315 0 1 1 
28.947368421052634 10.0 0 1 1 
31.578947368421055 -10.0 0 1 1 
31.578947368421055 -9.473684210526315 0 1 1 
31.578947368421055 -8.947368421052632 0 1 1 
31.578947368421055 -8.421052631578947 0 1 1 
31.578947368421055 -7.894736842105263 0 1 1 
31.578947368421055 -7.368421052631579 0 1 1 
31.578947368421055 -6.842105263157895 0 1 1 
31.578947368421055 -6.315789473684211 0 1 1 
31.578947368421055 -5.789473684210526 0 1 1 
31.578947368421055 -5.263157894736842 0 1 1 
31.578947368421055 -4.7368421052631575 0 1 1 
31.578947368421055 -4.2105263157894735 0 1 1 
31.578947368421055 -3.6842105263157894 0 1 1 
31.578947368421055 -3.1578947368421053 0 1 1 
31.578947368421055 -2.631578947368421 0 1 1 
31.578947368421055 -2.1052631578947367 0 1 1 
31.578947368421055 -1.5789473684210527 0 1 1 
31.578947368421055 -1.0526315789473684 0 1 1 
31.578947368421055 -0.5263157894736842 0 1 1 
31.578947368421055 -0.0 0 1 1 
31.578947368421055 0.0 0 1 1 
31.578947368421055 0.5263157894736842 0 1 1 
31.578947368421055 1.0526315789473684 0 1 1 
31.578947368421055 1.5789473684210527 0 1 1 
31.578947368421055 2.1052631578947367 0 1 1 
31.578947368421055 2.631578947368421 0 1 1 
31.578947368421055 3.1578947368421053 0 1 1 
31.578947368421055 3.6842105263157894 0 1 1 
31.578947368421055 4.2105263157894735 0 1 1 
31.578947368421055 4.7368421052631575 0 1 1 
31.578947368421055 5.263157894736842 0 1 1 
31.578947368421055 5.789473684210526 0 1 1 
31.578947368421055 6.315789473684211 0 1 1 
31.578947368421055 6.842105263157895 0 1 1 
31.578947368421055 7.368421052631579 0 1 1 
31.578947368421055 7.894736842105263 0 1 1 
31.578947368421055 8.421052631578947 0 1 1 
31.578947368421055 8.947368421052632 0 1 1 
31.578947368421055 9.473684210526315 0 1 1 
31.578947368421055 10.0 0 1 1 
34.21052631578948 -10.0 0 1 1 
34.21052631578948 -9.473684210526315 0 1 1 
34.21052631578948 -8.947368421052632 0 1 1 
34.21052631578948 -8.421052631578947 0 1 1 
34.21052631578948 -7.894736842105263 0 1 1 
34.21052631578948 -7.368421052631579 0 1 1 
34.21052631578948 -6.842105263157895 0 1 1 
34.21052631578948 -6.315789473684211 0 1 1 
34.21052631578948 -5.789473684210526 0 1 1 
34.21052631578948 -5.263157894736842 0 1 1 
34.21052631578948 -4.7368421052631575 0 1 1 
34.21052631578948 -4.2105263157894735 0 1 1 
34.21052631578948 -3.6842105263157894 0 1 1 
34.21052631578948 -3.1578947368421053 0 1 1 
34.21052631578948 -2.631578947368421 0 1 1 
34.21052631578948 -2.1052631578947367 0 1 1 
34.21052631578948 -1.5789473684210527 0 1 1 
34.21052631578948 -1.0526315789473684 0 1 1 
34.21052631578948 -0.5263157894736842 0 1 1 
34.21052631578948 -0.0 0 1 1 
34.21052631578948 0.0 0 1 1 
34.21052631578948 0.5263157894736842 0 1 1 
34.21052631578948 1.0526315789473684 0 1 1 
34.21052631578948 1.5789473684210527 0 1 1 
34.21052631578948 2.1052631578947367 0 1 1 
34.21052631578948 2.631578947368421 0 1 1 
34.21052631578948 3.1578947368421053 0 1 1 
34.21052631578948 3.6842105263157894 0 1 1 
34.21052631578948 4.2105263157894735 0 1 1 
34.21052631578948 4.7368421052631575 0 1 1 
34.21052631578948 5.263157894736842 0 1 1 
34.21052631578948 5.789473684210526 0 1 1 
34.21052631578948 6.315789473684211 0 1 1 
34.21052631578948 6.842105263157895 0 1 1 
34.21052631578948 7.368421052631579 0 1 1 
34.21052631578948 7.894736842105263 0 1 1 
34.21052631578948 8.421052631578947 0 1 1 
34.21052631578948 8.947368421052632 0 1 1 
34.21052631578948 9.473684210526315 0 1 1 
34.21052631578948 10.0 0 1 1 
36.8421052631579 -10.0 0 1 1 
36.8421052631579 -9.473684210526315 0 1 1 
36.8421052631579 -8.947368421052632 0 1 1 
36.8421052631579 -8.421052631578947 0 1 1 
36.8421052631579 -7.894736842105263 0 1 1 
36.8421052631579 -7.368421052631579 0 1 1 
36.8421052631579 -6.842105263157895 0 1 1 
36.8421052631579 -6.315789473684211 0 1 1 
36.8421052631579 -5.789473684210526 0 1 1 
36.8421052631579 -5.263157894736842 0 1 1 
36.8421052631579 -4.7368421052631575 0 1 1 
36.8421052631579 -4.2105263157894735 0 1 1 
36.8421052631579 -3.6842105263157894 0 1 1 
36.8421052631579 -3.1578947368421053 0 1 1 
36.8421052631579 -2.631578947368421 0 1 1 
36.8421052631579 -2.1052631578947367 0 1 1 
36.8421052631579 -1.5789473684210527 0 1 1 
36.8421052631579 -1.0526315789473684 0 1 1 
36.8421052631579 -0.5263157894736842 0 1 1 
36.8421052631579 -0.0 0 1 1 
36.8421052631579 0.0 0 1 1 
36.8421052631579 0.5263157894736842 0 1 1 
36.8421052631579 1.0526315789473684 0 1 1 
36.8421052631579 1.5789473684210527 0 1 1 
36.8421052631579 2.1052631578947367 0 1 1 
36.8421052631579 2.631578947368421 0 1 1 
36.8421052631579 3.1578947368421053 0 1 1 
36.8421052631579 3.6842105263157894 0 1 1 
36.8421052631579 4.2105263157894735 0 1 1 
36.8421052631579 4.7368421052631575 0 1 1 
36.8421052631579 5.263157894736842 0 1 1 
36.8421052631579 5.789473684210526 0 1 1 
36.8421052631579 6.315789473684211 0 1 1 
36.8421052631579 6.842105263157895 0 1 1 
36.8421052631579 7.368421052631579 0 1 1 
36.8421052631579 7.894736842105263 0 1 1 
36.8421052631579 8.421052631578947 0 1 1 
36.8421052631579 8.947368421052632 0 1 1 
36.8421052631579 9.473684210526315 0 1 1 
36.8421052631579 10.0 0 1 1 
39.473684210526315 -10.0 0 1 1 
39.473684210526315 -9.473684210526315 0 1 1 
39.473684210526315 -8.947368421052632 0 1 1 
39.473684210526315 -8.421052631578947 0 1 1 
39.473684210526315 -7.894736842105263 0 1 1 
39.473684210526315 -7.368421052631579 0 1 1 
39.473684210526315 -6.842105263157895 0 1 1 
39.473684210526315 -6.315789473684211 0 1 1 
39.473684210526315 -5.789473684210526 0 1 1 
39.473684210526315 -5.263157894736842 0 1 1 
39.473684210526315 -4.7368421052631575 0 1 1 
39.473684210526315 -4.2105263157894735 0 1 1 
39.473684210526315 -3.6842105263157894 0 1 1 
39.473684210526315 -3.1578947368421053 0 1 1 
39.473684210526315 -2.631578947368421 0 1 1 
39.473684210526315 -2.1052631578947367 0 1 1 
39.473684210526315 -1.5789473684210527 0 1 1 
39.473684210526315 -1.0526315789473684 0 1 1 
39.473684210526315 -0.5263157894736842 0 1 1 
39.473684210526315 -0.0 0 1 1 
39.473684210526315 0.0 0 1 1 
39.473684210526315 0.5263157894736842 0 1 1 
39.473684210526315 1.0526315789473684 0 1 1 
39.473684210526315 1.5789473684210527 0 1 1 
39.473684210526315 2.1052631578947367 0 1 1 
39.473684210526315 2.631578947368421 0 1 1 
39.473684210526315 3.1578947368421053 0 1 1 
39.473684210526315 3.6842105263157894 0 1 1 
39.473684210526315 4.2105263157894735 0 1 1 
39.473684210526315 4.7368421052631575 0 1 1 
39.473684210526315 5.263157894736842 0 1 1 
39.473684210526315 5.789473684210526 0 1 1 
39.473684210526315 6.315789473684211 0 1 1 
39.473684210526315 6.842105263157895 0 1 1 
39.473684210526315 7.368421052631579 0 1 1 
39.473684210526315 7.894736842105263 0 1 1 
39.473684210526315 8.421052631578947 0 1 1 
39.473684210526315 8.947368421052632 0 1 1 
39.473684210526315 9.473684210526315 0 1 1 
39.473684210526315 10.0 0 1 1 
42.10526315789474 -10.0 0 1 1 
42.10526315789474 -9.473684210526315 0 1 1 
42.10526315789474 -8.947368421052632 0 1 1 
42.10526315789474 -8.421052631578947 0 1 1 
42.10526315789474 -7.894736842105263 0 1 1 
42.10526315789474 -7.368421052631579 0 1 1 
42.10526315789474 -6.842105263157895 0 1 1 
42.10526315789474 -6.315789473684211 0 1 1 
42.10526315789474 -5.789473684210526 0 1 1 
42.10526315789474 -5.263157894736842 0 1 1 
42.10526315789474 -4.7368421052631575 0 1 1 
42.10526315789474 -4.2105263157894735 0 1 1 
42.10526315789474 -3.6842105263157894 0 1 1 
42.10526315789474 -3.1578947368421053 0 1 1 
42.10526315789474 -2.631578947368421 0 1 1 
42.10526315789474 -2.1052631578947367 0 1 1 
42.10526315789474 -1.5789473684210527 0 1 1 
42.10526315789474 -1.0526315789473684 0 1 1 
42.10526315789474 -0.5263157894736842 0 1 1 
42.10526315789474 -0.0 0 1 1 
42.10526315789474 0.0 0 1 1 
42.10526315789474 0.5263157894736842 0 1 1 
42.10526315789474 1.0526315789473684 0 1 1 
42.10526315789474 1.5789473684210527 0 1 1 
42.10526315789474 2.1052631578947367 0 1 1 
42.10526315789474 2.631578947368421 0 1 1 
42.10526315789474 3.1578947368421053 0 1 1 
42.10526315789474 3.6842105263157894 0 1 1 
42.10526315789474 4.2105263157894735 0 1 1 
42.10526315789474 4.7368421052631575 0 1 1 
42.10526315789474 5.263157894736842 0 1 1 
42.10526315789474 5.789473684210526 0 1 1 
42.10526315789474 6.315789473684211 0 1 1 
42.10526315789474 6.842105263157895 0 1 1 
42.10526315789474 7.368421052631579 0 1 1 
42.10526315789474 7.894736842105263 0 1 1 
42.10526315789474 8.421052631578947 0 1 1 
42.10526315789474 8.947368421052632 0 1 1 
42.10526315789474 9.473684210526315 0 1 1 
42.10526315789474 10.0 0 1 1 
44.736842105263165 -10.0 0 1 1 
44.736842105263165 -9.473684210526315 0 1 1 
44.736842105263165 -8.947368421052632 0 1 1 
44.736842105263165 -8.421052631578947 0 1 1 
44.736842105263165 -7.894736842105263 0 1 1 
44.736842105263165 -7.368421052631579 0 1 1 
44.736842105263165 -6.842105263157895 0 1 1 
44.736842105263165 -6.315789473684211 0 1 1 
44.736842105263165 -5.789473684210526 0 1 1 
44.736842105263165 -5.263157894736842 0 1 1 
44.736842105263165 -4.7368421052631575 0 1 1 
44.736842105263165 -4.2105263157894735 0 1 1 
44.736842105263165 -3.6842105263157894 0 1 1 
44.736842105263165 -3.1578947368421053 0 1 1 
44.736842105263165 -2.631578947368421 0 1 1 
44.736842105263165 -2.1052631578947367 0 1 1 
44.736842105263165 -1.5789473684210527 0 1 1 
44.736842105263165 -1.0526315789473684 0 1 1 
44.736842105263165 -0.5263157894736842 0 1 1 
44.736842105263165 -0.0 0 1 1 
44.736842105263165 0.0 0 1 1 
44.736842105263165 0.5263157894736842 0 1 1 
44.736842105263165 1.0526315789473684 0 1 1 
44.736842105263165 1.5789473684210527 0 1 1 
44.736842105263165 2.1052631578947367 0 1 1 
44.736842105263165 2.631578947368421 0 1 1 
44.736842105263165 3.1578947368421053 0 1 1 
44.736842105263165 3.6842105263157894 0 1 1 
44.736842105263165 4.2105263157894735 0 1 1 
44.736842105263165 4.7368421052631575 0 1 1 
44.736842105263165 5.263157894736842 0 1 1 
44.736842105263165 5.789473684210526 0 1 1 
44.736842105263165 6.315789473684211 0 1 1 
44.736842105263165 6.842105263157895 0 1 1 
44.736842105263165 7.368421052631579 0 1 1 
44.736842105263165 7.894736842105263 0 1 1 
44.736842105263165 8.421052631578947 0 1 1 
44.736842105263165 8.947368421052632 0 1 1 
44.736842105263165 9.473684210526315 0 1 1 
44.736842105263165 10.0 0 1 1 
47.36842105263158 -10.0 0 1 1 
47.36842105263158 -9.473684210526315 0 1 1 
47.36842105263158 -8.947368421052632 0 1 1 
47.36842105263158 -8.421052631578947 0 1 1 
47.36842105263158 -7.894736842105263 0 1 1 
47.36842105263158 -7.368421052631579 0 1 1 
47.36842105263158 -6.842105263157895 0 1 1 
47.36842105263158 -6.315789473684211 0 1 1 
47.36842105263158 -5.789473684210526 0 1 1 
47.36842105263158 -5.263157894736842 0 1 1 
47.36842105263158 -4.7368421052631575 0 1 1 
47.36842105263158 -4.2105263157894735 0 1 1 
47.36842105263158 -3.6842105263157894 0 1 1 
47.36842105263158 -3.1578947368421053 0 1 1 
47.36842105263158 -2.631578947368421 0 1 1 
47.36842105263158 -2.1052631578947367 0 1 1 
47.36842105263158 -1.5789473684210527 0 1 1 
47.36842105263158 -1.0526315789473684 0 1 1 
47.36842105263158 -0.5263157894736842 0 1 1 
47.36842105263158 -0.0 0 1 1 
47.36842105263158 0.0 0 1 1 
47.36842105263158 0.5263157894736842 0 1 1 
47.36842105263158 1.0526315789473684 0 1 1 
47.36842105263158 1.5789473684210527 0 1 1 
47.36842105263158 2.1052631578947367 0 1 1 
47.36842105263158 2.631578947368421 0 1 1 
47.36842105263158 3.1578947368421053 0 1 1 
47.36842105263158 3.6842105263157894 0 1 1 
47.36842105263158 4.2105263157894735 0 1 1 
47.36842105263158 4.7368421052631575 0 1 1 
47.36842105263158 5.263157894736842 0 1 1 
47.36842105263158 5.789473684210526 0 1 1 
47.36842105263158 6.315789473684211 0 1 1 
47.36842105263158 6.842105263157895 0 1 1 
47.36842105263158 7.368421052631579 0 1 1 
47.36842105263158 7.894736842105263 0 1 1 
47.36842105263158 8.421052631578947 0 1 1 
47.36842105263158 8.947368421052632 0 1 1 
47.36842105263158 9.473684210526315 0 1 1 
47.36842105263158 10.0 0 1 1 
50.0 -10.0 0 1 1 
50.0 -9.473684210526315 0 1 1 
50.0 -8.947368421052632 0 1 1 
50.0 -8.421052631578947 0 1 1 
50.0 -7.894736842105263 0 1 1 
50.0 -7.368421052631579 0 1 1 
50.0 -6.842105263157895 0 1 1 
50.0 -6.315789473684211 0 1 1 
50.0 -5.789473684210526 0 1 1 
50.0 -5.263157894736842 0 1 1 
50.0 -4.7368421052631575 0 1 1 
50.0 -4.2105263157894735 0 1 1 
50.0 -3.6842105263157894 0 1 1 
50.0 -3.1578947368421053 0 1 1 
50.0 -2.631578947368421 0 1 1 
50.0 -2.1052631578947367 0 1 1 
50.0 -1.5789473684210527 0 1 1 
50.0 -1.0526315789473684 0 1 1 
50.0 -0.5263157894736842 0 1 1 
50.0 -0.0 0 1 1 
50.0 0.0 0 1 1 
50.0 0.5263157894736842 0 1 1 
50.0 1.0526315789473684 0 1 1 
50.0 1.5789473684210527 0 1 1 
50.0 2.1052631578947367 0 1 1 
50.0 2.631578947368421 0 1 1 
50.0 3.1578947368421053 0 1 1 
50.0 3.6842105263157894 0 1 1 
50.0 4.2105263157894735 0 1 1 
50.0 4.7368421052631575 0 1 1 
50.0 5.263157894736842 0 1 1 
50.0 5.789473684210526 0 1 1 
50.0 6.315789473684211 0 1 1 
50.0 6.842105263157895 0 1 1 
50.0 7.368421052631579 0 1 1 
50.0 7.894736842105263 0 1 1 
50.0 8.421052631578947 0 1 1 
50.0 8.947368421052632 0 1 1 
50.0 9.473684210526315 0 1 1 
50.0 10.0 0 1 1 
