-28.42105263157895 -9.473684210526315 0 -0.5330764552246174 -53.06615291044923 0 0
-28.42105263157895 -8.947368421052632 0 5.4842014214279295 -41.03159715714414 0 0
-28.42105263157895 -8.421052631578947 0 25.900466275886565 -0.19906744822686906 0 0
-28.42105263157895 -7.894736842105263 0 33.21439398859823 14.42878797719646 0 0
-28.42105263157895 -7.368421052631579 0 34.22885819828237 16.45771639656474 0 0
-28.42105263157895 -6.842105263157895 0 33.38072908192279 14.761458163845575 0 0
-28.42105263157895 -6.315789473684211 0 32.463164647122525 12.926329294245045 0 0
-28.42105263157895 -5.789473684210526 0 31.90191058917535 11.8038211783507 0 0
-28.42105263157895 -5.263157894736842 0 31.628677770679648 11.257355541359303 0 0
-28.42105263157895 -4.7368421052631575 0 31.512345398281102 11.024690796562194 0 0
-28.42105263157895 -4.2105263157894735 0 31.467146627760446 10.93429325552089 0 0
-28.42105263157895 -3.6842105263157894 0 31.450753550124105 10.901507100248196 0 0
-28.42105263157895 -3.1578947368421053 0 31.445129150669565 10.890258301339133 0 0
-28.42105263157895 -2.631578947368421 0 31.443288856175517 10.886577712351034 0 0
-28.42105263157895 -2.1052631578947367 0 31.44271182023657 10.885423640473148 0 0
-28.42105263157895 -1.5789473684210527 0 31.442537990337886 10.885075980675772 0 0
-28.42105263157895 -1.0526315789473684 0 31.442487651723532 10.884975303447073 0 0
-28.42105263157895 -0.5263157894736842 0 31.44247365902344 10.884947318046887 0 0
-28.42105263157895 -0.0 0 31.442469940438908 10.884939880877814 0 0
-28.42105263157895 0.0 0 31.442469003150435 10.884938006300867 0 0
-28.42105263157895 0.5263157894736842 0 31.442468782446056 10.884937564892116 0 0
-28.42105263157895 1.0526315789473684 0 31.442468735381425 10.884937470762846 0 0
-28.42105263157895 1.5789473684210527 0 31.44246872697056 10.88493745394112 0 0
-28.42105263157895 2.1052631578947367 0 31.442468726051576 10.88493745210315 0 0
-28.42105263157895 2.631578947368421 0 31.442468726197692 10.884937452395398 0 0
-28.42105263157895 3.1578947368421053 0 31.442468726343147 10.884937452686303 0 0
-28.42105263157895 3.6842105263157894 0 31.44246872640804 10.884937452816086 0 0
-28.42105263157895 4.2105263157894735 0 31.44246872643073 10.884937452861466 0 0
-28.42105263157895 4.7368421052631575 0 31.442468726437472 10.88493745287494 0 0
-28.42105263157895 5.263157894736842 0 31.44246872643915 10.884937452878297 0 0
-28.42105263157895 5.789473684210526 0 31.442468726439447 10.88493745287889 0 0
-28.42105263157895 6.315789473684211 0 31.44246872643944 10.884937452878878 0 0
-28.42105263157895 6.842105263157895 0 31.442468726439415 10.884937452878832 0 0
-28.42105263157895 7.368421052631579 0 31.442468726439383 10.884937452878766 0 0
-28.42105263157895 7.894736842105263 0 31.44246771160148 10.884935423202952 0 0
-28.42105263157895 8.421052631578947 0 31.369977645436716 10.739955290873427 0 0
-28.42105263157895 8.947368421052632 0 33.13739206137283 14.274784122745643 0 0
-28.42105263157895 9.473684210526315 0 57.58098555591567 63.161971111831335 0 0
-26.842105263157894 -9.473684210526315 0 -2.924511364873312 -57.84902272974663 0 0
-26.842105263157894 -8.947368421052632 0 -45.20582976127611 -142.4116595225522 0 0
-26.842105263157894 -8.421052631578947 0 -10.186638600341995 -72.37327720068399 0 0
-26.842105263157894 -7.894736842105263 0 25.145694001723967 -1.7086119965520616 0 0
-26.842105263157894 -7.368421052631579 0 42.17947043274648 32.358940865492954 0 0
-26.842105263157894 -6.842105263157895 0 49.12722896781957 46.25445793563914 0 0
-26.842105263157894 -6.315789473684211 0 51.033078811028425 50.06615762205686 0 0
-26.842105263157894 -5.789473684210526 0 51.15538185290807 50.31076370581617 0 0
-26.842105263157894 -5.263157894736842 0 50.914551410571306 49.829102821142605 0 0
-26.842105263157894 -4.7368421052631575 0 50.71618038615488 49.43236077230978 0 0
-26.842105263157894 -4.2105263157894735 0 50.607948308642754 49.21589661728552 0 0
-26.842105263157894 -3.6842105263157894 0 50.55855452773217 49.11710905546434 0 0
-26.842105263157894 -3.1578947368421053 0 50.53833382755876 49.07666765511752 0 0
-26.842105263157894 -2.631578947368421 0 50.530666187370805 49.061332374741625 0 0
-26.842105263157894 -2.1052631578947367 0 50.527923432288105 49.055846864576196 0 0
-26.842105263157894 -1.5789473684210527 0 50.52698630201304 49.05397260402609 0 0
-26.842105263157894 -1.0526315789473684 0 50.52667727631066 49.053354552621315 0 0
-26.842105263157894 -0.5263157894736842 0 50.52657790053267 49.05315580106536 0 0
-26.842105263157894 -0.0 0 50.52654636226167 49.05309272452335 0 0
-26.842105263157894 0.0 0 50.526536342527876 49.05307268505577 0 0
-26.842105263157894 0.5263157894736842 0 50.5265331047823 49.05306620956461 0 0
-26.842105263157894 1.0526315789473684 0 50.52653202490596 49.053064049811944 0 0
-26.842105263157894 1.5789473684210527 0 50.526531649803104 49.05306329960621 0 0
-26.842105263157894 2.1052631578947367 0 50.52653151410439 49.05306302820878 0 0
-26.842105263157894 2.631578947368421 0 50.52653146339628 49.05306292679256 0 0
-26.842105263157894 3.1578947368421053 0 50.526531444062925 49.05306288812585 0 0
-26.842105263157894 3.6842105263157894 0 50.52653143663223 49.053062873264466 0 0
-26.842105263157894 4.2105263157894735 0 50.526531433780235 49.05306286756047 0 0
-26.842105263157894 4.7368421052631575 0 50.52653143269397 49.05306286538794 0 0
-26.842105263157894 5.263157894736842 0 50.52653143228491 49.05306286456983 0 0
-26.842105263157894 5.789473684210526 0 50.52653143213291 49.05306286426584 0 0
-26.842105263157894 6.315789473684211 0 50.526531432077206 49.05306286415443 0 0
-26.842105263157894 6.842105263157895 0 50.5265314320571 49.05306286411421 0 0
-26.842105263157894 7.368421052631579 0 50.526531432049936 49.05306286409987 0 0
-26.842105263157894 7.894736842105263 0 50.49859936206942 48.99719872413883 0 0
-26.842105263157894 8.421052631578947 0 49.161050965289704 46.32210193057941 0 0
-26.842105263157894 8.947368421052632 0 41.76586001198511 31.531720023970216 0 0
-26.842105263157894 9.473684210526315 0 76.5995485067165 101.199097013433 0 0
-25.263157894736842 -9.473684210526315 0 48.12653425721466 44.2530685144293 0 0
-25.263157894736842 -8.947368421052632 0 -19.043453769934224 -90.08690753986846 0 0
-25.263157894736842 -8.421052631578947 0 -47.12057024052633 -146.24114048105264 0 0
-25.263157894736842 -7.894736842105263 0 10.487119131262334 -31.02576173747534 0 0
-25.263157894736842 -7.368421052631579 0 55.34042975006132 58.680859500122615 0 0
-25.263157894736842 -6.842105263157895 0 81.824808194629 111.649616389258 0 0
-25.263157894736842 -6.315789473684211 0 96.33346297623385 140.66692595246766 0 0
-25.263157894736842 -5.789473684210526 0 102.73104507536002 153.46209015072006 0 0
-25.263157894736842 -5.263157894736842 0 105.15265479465282 158.30530958930566 0 0
-25.263157894736842 -4.7368421052631575 0 105.93640933321475 159.8728186664295 0 0
-25.263157894736842 -4.2105263157894735 0 106.1529726892809 160.30594537856183 0 0
-25.263157894736842 -3.6842105263157894 0 106.20032796956336 160.40065593912675 0 0
-25.263157894736842 -3.1578947368421053 0 106.20594634164708 160.41189268329416 0 0
-25.263157894736842 -2.631578947368421 0 106.20425662193075 160.4085132438615 0 0
-25.263157894736842 -2.1052631578947367 0 106.20258584730078 160.40517169460156 0 0
-25.263157894736842 -1.5789473684210527 0 106.20171370649314 160.40342741298628 0 0
-25.263157894736842 -1.0526315789473684 0 106.20133759157046 160.4026751831409 0 0
-25.263157894736842 -0.5263157894736842 0 106.20118784668361 160.40237569336725 0 0
-25.263157894736842 -0.0 0 106.2011294166532 160.4022588333064 0 0
-25.263157894736842 0.0 0 106.20110612093362 160.40221224186726 0 0
-25.263157894736842 0.5263157894736842 0 106.20109641593743 160.40219283187486 0 0
-25.263157894736842 1.0526315789473684 0 106.2010921919898 160.40218438397957 0 0
-25.263157894736842 1.5789473684210527 0 106.20109030234187 160.4021806046837 0 0
-25.263157894736842 2.1052631578947367 0 106.20108945063316 160.40217890126632 0 0
-25.263157894736842 2.631578947368421 0 106.20108906987701 160.40217813975403 0 0
-25.263157894736842 3.1578947368421053 0 106.20108890263887 160.40217780527772 0 0
-25.263157894736842 3.6842105263157894 0 106.20108883079963 160.4021776615993 0 0
-25.263157894736842 4.2105263157894735 0 106.20108880066526 160.40217760133055 0 0
-25.263157894736842 4.7368421052631575 0 106.20108878831971 160.40217757663942 0 0
-25.263157894736842 5.263157894736842 0 106.20108878337489 160.4021775667498 0 0
-25.263157894736842 5.789473684210526 0 106.20108878143587 160.4021775628717 0 0
-25.263157894736842 6.315789473684211 0 106.20108878069033 160.40217756138065 0 0
-25.263157894736842 6.842105263157895 0 106.20108878040884 160.40217756081768 0 0
-25.263157894736842 7.368421052631579 0 106.20108880762693 160.40217761525383 0 0
-25.263157894736842 7.894736842105263 0 106.27663303033664 160.55326606067328 0 0
-25.263157894736842 8.421052631578947 0 106.07719169517065 160.15438339034134 0 0
-25.263157894736842 8.947368421052632 0 90.14519578209064 128.29039156418128 0 0
-25.263157894736842 9.473684210526315 0 83.61035510081072 115.22071020162147 0 0
-23.68421052631579 -9.473684210526315 0 42.21067910620208 32.42135821240416 0 0
-23.68421052631579 -8.947368421052632 0 55.98614817659486 59.97229635318974 0 0
-23.68421052631579 -8.421052631578947 0 -36.07044431727043 -124.14088863454086 0 0
-23.68421052631579 -7.894736842105263 0 -32.40139724751876 -116.80279449503752 0 0
-23.68421052631579 -7.368421052631579 0 29.217954224632148 6.4359084492643035 0 0
-23.68421052631579 -6.842105263157895 0 68.10689695355865 84.21379390711729 0 0
-23.68421052631579 -6.315789473684211 0 94.56063535482104 137.1212707096421 0 0
-23.68421052631579 -5.789473684210526 0 110.27116232343239 168.5423246468648 0 0
-23.68421052631579 -5.263157894736842 0 117.89248085371196 183.78496170742392 0 0
-23.68421052631579 -4.7368421052631575 0 121.30850674623947 190.617013492479 0 0
-23.68421052631579 -4.2105263157894735 0 122.65775751693809 193.31551503387618 0 0
-23.68421052631579 -3.6842105263157894 0 123.1662325093942 194.3324650187884 0 0
-23.68421052631579 -3.1578947368421053 0 123.34374360636583 194.6874872127317 0 0
-23.68421052631579 -2.631578947368421 0 123.40408325731792 194.80816651463584 0 0
-23.68421052631579 -2.1052631578947367 0 123.42359263862504 194.8471852772501 0 0
-23.68421052631579 -1.5789473684210527 0 123.42980623270142 194.8596124654029 0 0
-23.68421052631579 -1.0526315789473684 0 123.43170604789799 194.86341209579598 0 0
-23.68421052631579 -0.5263157894736842 0 123.42643758840703 194.85287517725868 0 0
-23.68421052631579 -0.0 0 123.43053034495298 194.86106069019488 0 0
-23.68421052631579 0.0 0 123.42748078931058 194.8549615789635 0 0
-23.68421052631579 0.5263157894736842 0 123.42844000963835 194.85688001960284 0 0
-23.68421052631579 1.0526315789473684 0 123.43392375173948 194.86784750336534 0 0
-23.68421052631579 1.5789473684210527 0 123.43003911945496 194.86007823895054 0 0
-23.68421052631579 2.1052631578947367 0 123.43313496953216 194.86626993905202 0 0
-23.68421052631579 2.631578947368421 0 123.43221225807022 194.86442451614414 0 0
-23.68421052631579 3.1578947368421053 0 123.4325746317277 194.86514926345433 0 0
-23.68421052631579 3.6842105263157894 0 123.43252653152138 194.8650530630431 0 0
-23.68421052631579 4.2105263157894735 0 123.4325173612483 194.8650347224965 0 0
-23.68421052631579 4.7368421052631575 0 123.43248493705272 194.86496987410547 0 0
-23.68421052631579 5.263157894736842 0 123.4324702763407 194.8649405526814 0 0
-23.68421052631579 5.789473684210526 0 123.43246204024815 194.86492408049634 0 0
-23.68421052631579 6.315789473684211 0 123.43245885030763 194.86491770061525 0 0
-23.68421052631579 6.842105263157895 0 123.43245751374474 194.86491502748947 0 0
-23.68421052631579 7.368421052631579 0 123.43839175727035 194.87678351454068 0 0
-23.68421052631579 7.894736842105263 0 123.89174657333663 195.78349314667327 0 0
-23.68421052631579 8.421052631578947 0 127.72739941495527 203.45479882991057 0 0
-23.68421052631579 8.947368421052632 0 111.92618320782213 171.85236641564427 0 0
-23.68421052631579 9.473684210526315 0 65.27933423483731 78.55866846967459 0 0
-22.105263157894736 -9.473684210526315 0 14.711849271651484 -22.57630145669703 0 0
-22.105263157894736 -8.947368421052632 0 73.847777627073 95.69555525414599 0 0
-22.105263157894736 -8.421052631578947 0 47.052590194602445 42.10518038920487 0 0
-22.105263157894736 -7.894736842105263 0 -56.12901214384168 -164.25802428768338 0 0
-22.105263157894736 -7.368421052631579 0 -23.60317580533262 -99.20635161066528 0 0
-22.105263157894736 -6.842105263157895 0 16.26651126055893 -19.466977478882114 0 0
-22.105263157894736 -6.315789473684211 0 37.80973045026462 23.61946090052919 0 0
-22.105263157894736 -5.789473684210526 0 56.09431425874515 60.18862851749037 0 0
-22.105263157894736 -5.263157894736842 0 65.8642005836109 79.72840116722179 0 0
-22.105263157894736 -4.7368421052631575 0 70.96215749332144 89.92431498664288 0 0
-22.105263157894736 -4.2105263157894735 0 73.33353621921405 94.66707243842811 0 0
-22.105263157894736 -3.6842105263157894 0 74.30690412873363 96.61380825746724 0 0
-22.105263157894736 -3.1578947368421053 0 74.71655633548916 97.43311267097832 0 0
-22.105263157894736 -2.631578947368421 0 74.86314589259914 97.72629178519824 0 0
-22.105263157894736 -2.1052631578947367 0 74.92093175673655 97.8418635134731 0 0
-22.105263157894736 -1.5789473684210527 0 74.93949837691939 97.8789967538388 0 0
-22.105263157894736 -1.0526315789473684 0 74.91121462014577 97.82242946178718 0 0
-22.105263157894736 -0.5263157894736842 0 74.86751506019219 97.7350329773439 0 0
-22.105263157894736 -0.0 0 74.94027399793555 97.8805494113808 0 0
-22.105263157894736 0.0 0 74.87961197014536 97.7592260310598 0 0
-22.105263157894736 0.5263157894736842 0 74.94212180507358 97.88424519136302 0 0
-22.105263157894736 1.0526315789473684 0 74.98078304259684 97.96156516432518 0 0
-22.105263157894736 1.5789473684210527 0 74.91609363324757 97.83218772401995 0 0
-22.105263157894736 2.1052631578947367 0 74.97215565824186 97.94431112329835 0 0
-22.105263157894736 2.631578947368421 0 74.9431131299084 97.88622633657366 0 0
-22.105263157894736 3.1578947368421053 0 74.95324818615317 97.9064963430665 0 0
-22.105263157894736 3.6842105263157894 0 74.94858400571209 97.89716802227977 0 0
-22.105263157894736 4.2105263157894735 0 74.94971944471456 97.89943888547089 0 0
-22.105263157894736 4.7368421052631575 0 74.94908378735022 97.89816757612559 0 0
-22.105263157894736 5.263157894736842 0 74.9492241946368 97.89844838876519 0 0
-22.105263157894736 5.789473684210526 0 74.94915044765955 97.89830089549923 0 0
-22.105263157894736 6.315789473684211 0 74.9491684206238 97.89833684118415 0 0
-22.105263157894736 6.842105263157895 0 74.94916000210873 97.89832000423974 0 0
-22.105263157894736 7.368421052631579 0 74.92761351286569 97.8552270257236 0 0
-22.105263157894736 7.894736842105263 0 74.95390118612336 97.90780237224945 0 0
-22.105263157894736 8.421052631578947 0 78.0588447187111 104.1176894374212 0 0
-22.105263157894736 8.947368421052632 0 52.8863242321125 53.77264846422537 0 0
-22.105263157894736 9.473684210526315 0 6.901176844754374 -38.197646310491365 0 0
-20.526315789473685 -9.473684210526315 0 -17.53134077431477 -87.06268154862956 0 0
-20.526315789473685 -8.947368421052632 0 52.76455210749205 53.52910421498407 0 0
-20.526315789473685 -8.421052631578947 0 86.04370391651082 120.0874078330217 0 0
-20.526315789473685 -7.894736842105263 0 -8.406522944457905 -68.81304588891582 0 0
-20.526315789473685 -7.368421052631579 0 -95.07682088938135 -242.1536417787627 0 0
-20.526315789473685 -6.842105263157895 0 -50.17650317357532 -152.35300634715065 0 0
-20.526315789473685 -6.315789473684211 0 -49.104253461998645 -150.20850692399728 0 0
-20.526315789473685 -5.789473684210526 0 -35.74394585601229 -123.48789171202458 0 0
-20.526315789473685 -5.263157894736842 0 -28.21299476480744 -108.42598952961484 0 0
-20.526315789473685 -4.7368421052631575 0 -23.86655411154989 -99.73310822309978 0 0
-20.526315789473685 -4.2105263157894735 0 -21.345859031293948 -94.69171806258791 0 0
-20.526315789473685 -3.6842105263157894 0 -20.273024795606588 -92.54604959121315 0 0
-20.526315789473685 -3.1578947368421053 0 -19.764749271981245 -91.52949854396257 0 0
-20.526315789473685 -2.631578947368421 0 -19.558031922960268 -91.11606384592054 0 0
-20.526315789473685 -2.1052631578947367 0 -19.48693054242856 -90.97386108485716 0 0
-20.526315789473685 -1.5789473684210527 0 -19.537184105276843 -91.07436243341442 0 0
-20.526315789473685 -1.0526315789473684 0 -19.85765190434224 -91.71518397524167 0 0
-20.526315789473685 -0.5263157894736842 0 -19.673528738724798 -91.34753354651406 0 0
-20.526315789473685 -0.0 0 -19.26759937568587 -90.53528497219403 0 0
-20.526315789473685 0.0 0 -19.521419818819872 -91.04316704384368 0 0
-20.526315789473685 0.5263157894736842 0 -19.025172490167556 -90.05065029807295 0 0
-20.526315789473685 1.0526315789473684 0 -19.197993587571077 -90.39576336535674 0 0
-20.526315789473685 1.5789473684210527 0 -19.587915070361632 -91.17597543092478 0 0
-20.526315789473685 2.1052631578947367 0 -19.339145881815774 -90.67821089219055 0 0
-20.526315789473685 2.631578947368421 0 -19.496586071517584 -90.99321460113674 0 0
-20.526315789473685 3.1578947368421053 0 -19.429637917503555 -90.85925446396354 0 0
-20.526315789473685 3.6842105263157894 0 -19.45461992592508 -90.90925032099176 0 0
-20.526315789473685 4.2105263157894735 0 -19.443811486185417 -90.88761794444923 0 0
-20.526315789473685 4.7368421052631575 0 -19.448541133987412 -90.89708464747358 0 0
-20.526315789473685 5.263157894736842 0 -19.447411115089558 -90.89482111673345 0 0
-20.526315789473685 5.789473684210526 0 -19.448248796148995 -90.89649810870955 0 0
-20.526315789473685 6.315789473684211 0 -19.44815698603375 -90.89631373425237 0 0
-20.526315789473685 6.842105263157895 0 -19.448276509124952 -90.89655312713913 0 0
-20.526315789473685 7.368421052631579 0 -19.459851925769584 -90.91970380191603 0 0
-20.526315789473685 7.894736842105263 0 -19.78771902971181 -91.57543808195052 0 0
-20.526315789473685 8.421052631578947 0 -16.88008342990917 -85.760166849652 0 0
-20.526315789473685 8.947368421052632 0 -51.33711174115417 -154.674223487006 0 0
-20.526315789473685 9.473684210526315 0 -71.27774325237655 -194.5554865021164 0 0
-18.94736842105263 -9.473684210526315 0 -44.24845205579669 -140.4969041115934 0 0
-18.94736842105263 -8.947368421052632 0 15.765991374324923 -20.46801725135017 0 0
-18.94736842105263 -8.421052631578947 0 79.03562859685067 106.07125719370134 0 0
-18.94736842105263 -7.894736842105263 0 34.2361869997566 16.472373999513195 0 0
-18.94736842105263 -7.368421052631579 0 -107.38845734763397 -266.776914695268 0 0
-18.94736842105263 -6.842105263157895 0 -137.07475073275802 -326.14950146551604 0 0
-18.94736842105263 -6.315789473684211 0 -112.66361255899979 -277.3272251179996 0 0
-18.94736842105263 -5.789473684210526 0 -133.27106853945122 -318.54213707890244 0 0
-18.94736842105263 -5.263157894736842 0 -113.94061494003063 -279.88122988006126 0 0
-18.94736842105263 -4.7368421052631575 0 -119.21731302203412 -290.4346260440683 0 0
-18.94736842105263 -4.2105263157894735 0 -112.04432499980894 -276.0886499996179 0 0
-18.94736842105263 -3.6842105263157894 0 -113.33781458177947 -278.6756291635589 0 0
-18.94736842105263 -3.1578947368421053 0 -111.18067859784341 -274.3613571956868 0 0
-18.94736842105263 -2.631578947368421 0 -111.67674706282102 -275.3534941256421 0 0
-18.94736842105263 -2.1052631578947367 0 -111.13969384169097 -274.27935037248375 0 0
-18.94736842105263 -1.5789473684210527 0 -111.95104295971704 -275.9008085419367 0 0
-18.94736842105263 -1.0526315789473684 0 -112.37266116680932 -276.7615715631557 0 0
-18.94736842105263 -0.5263157894736842 0 -111.9938993285646 -275.9843534532249 0 0
-18.94736842105263 -0.0 0 -112.90624587874636 -277.8248632249629 0 0
-18.94736842105263 0.0 0 -112.6046975754108 -277.21175855494107 0 0
-18.94736842105263 0.5263157894736842 0 -112.37080844581376 -276.7350233590209 0 0
-18.94736842105263 1.0526315789473684 0 -111.67264698711696 -275.35155925759483 0 0
-18.94736842105263 1.5789473684210527 0 -111.61690472405601 -275.2291636214429 0 0
-18.94736842105263 2.1052631578947367 0 -111.5463675616 -275.09586013558953 0 0
-18.94736842105263 2.631578947368421 0 -110.96067813073498 -273.9193617993824 0 0
-18.94736842105263 3.1578947368421053 0 -111.48025941856463 -274.9617516400448 0 0
-18.94736842105263 3.6842105263157894 0 -111.04202250737632 -274.0832984393521 0 0
-18.94736842105263 4.2105263157894735 0 -111.31066533840038 -274.6217766265971 0 0
-18.94736842105263 4.7368421052631575 0 -111.1263359812882 -274.2524080877705 0 0
-18.94736842105263 5.263157894736842 0 -111.23727077467129 -274.4746966608401 0 0
-18.94736842105263 5.789473684210526 0 -111.17108684634633 -274.3420829390326 0 0
-18.94736842105263 6.315789473684211 0 -111.21174104536468 -274.4235350134643 0 0
-18.94736842105263 6.842105263157895 0 -111.18879661281018 -274.37756243710373 0 0
-18.94736842105263 7.368421052631579 0 -111.18723441380894 -274.374486708751 0 0
-18.94736842105263 7.894736842105263 0 -112.1904533940509 -276.38089641848507 0 0
-18.94736842105263 8.421052631578947 0 -109.42955663119288 -270.85911928894484 0 0
-18.94736842105263 8.947368421052632 0 -149.22721646364005 -350.45442943528167 0 0
-18.94736842105263 9.473684210526315 0 -133.95878369047256 -319.9175696802218 0 0
-17.36842105263158 -9.473684210526315 0 -61.14092136130188 -174.28184272260376 0 0
-17.36842105263158 -8.947368421052632 0 -19.319629216586 -90.63925843317199 0 0
-17.36842105263158 -8.421052631578947 0 44.74982493445145 37.49964986890292 0 0
-17.36842105263158 -7.894736842105263 0 43.21632328962232 34.43264657924465 0 0
-17.36842105263158 -7.368421052631579 0 -85.01286959080701 -222.02573918161406 0 0
-17.36842105263158 -6.842105263157895 0 -187.95576059573384 -427.9115211914678 0 0
-17.36842105263158 -6.315789473684211 0 -172.74616918014303 -397.492338360286 0 0
-17.36842105263158 -5.789473684210526 0 -185.40314688771508 -422.8062937754303 0 0
-17.36842105263158 -5.263157894736842 0 -191.58291383786616 -435.1658276757323 0 0
-17.36842105263158 -4.7368421052631575 0 -174.6487361360609 -401.2974722721218 0 0
-17.36842105263158 -4.2105263157894735 0 -186.53931237957315 -425.07862475914635 0 0
-17.36842105263158 -3.6842105263157894 0 -171.80699245126334 -395.6139849025266 0 0
-17.36842105263158 -3.1578947368421053 0 -180.63551800498013 -413.2710360099603 0 0
-17.36842105263158 -2.631578947368421 0 -172.36934036978204 -396.73865172990463 0 0
-17.36842105263158 -2.1052631578947367 0 -178.11284490576298 -408.2195459079361 0 0
-17.36842105263158 -1.5789473684210527 0 -175.64825996882877 -403.43216406387796 0 0
-17.36842105263158 -1.0526315789473684 0 -177.8625027241094 -407.44663614112704 0 0
-17.36842105263158 -0.5263157894736842 0 -176.2724444775929 -403.55499675126936 0 0
-17.36842105263158 -0.0 0 -181.29456269053048 -414.37238655005046 0 0
-17.36842105263158 0.0 0 -177.28643150277367 -405.58493939317407 0 0
-17.36842105263158 0.5263157894736842 0 -180.3580088985454 -412.5957681671397 0 0
-17.36842105263158 1.0526315789473684 0 -177.47940278705593 -407.19195454064595 0 0
-17.36842105263158 1.5789473684210527 0 -176.07681628844148 -403.9049507425072 0 0
-17.36842105263158 2.1052631578947367 0 -177.55700531631274 -407.3168673973782 0 0
-17.36842105263158 2.631578947368421 0 -174.4663756212551 -400.7805256380989 0 0
-17.36842105263158 3.1578947368421053 0 -176.0439728582475 -404.1970332376486 0 0
-17.36842105263158 3.6842105263157894 0 -174.95483290197274 -401.8334201729263 0 0
-17.36842105263158 4.2105263157894735 0 -175.29927192850715 -402.65106993931283 0 0
-17.36842105263158 4.7368421052631575 0 -175.17265493840318 -402.3094399146176 0 0
-17.36842105263158 5.263157894736842 0 -175.11012208249556 -402.24460942028514 0 0
-17.36842105263158 5.789473684210526 0 -175.21687948348867 -402.41726351161185 0 0
-17.36842105263158 6.315789473684211 0 -175.1026873469475 -402.21651908945535 0 0
-17.36842105263158 6.842105263157895 0 -175.20850074805645 -402.4094821002866 0 0
-17.36842105263158 7.368421052631579 0 -175.06199620390876 -402.1290618024619 0 0
-17.36842105263158 7.894736842105263 0 -176.77583536335248 -405.54825695773167 0 0
-17.36842105263158 8.421052631578947 0 -173.642189540759 -399.2866966899508 0 0
-17.36842105263158 8.947368421052632 0 -213.45657141862955 -478.911612482397 0 0
-17.36842105263158 9.473684210526315 0 -168.6960932553249 -389.39329337483224 0 0
-15.789473684210527 -9.473684210526315 0 -69.36860900055221 -190.73721800110445 0 0
-15.789473684210527 -8.947368421052632 0 -44.44605964193752 -140.89211928387505 0 0
-15.789473684210527 -8.421052631578947 0 6.4522604422513155 -39.0954791154974 0 0
-15.789473684210527 -7.894736842105263 0 22.262597705612684 -7.47480458877466 0 0
-15.789473684210527 -7.368421052631579 0 -65.30928408501424 -182.61856817002848 0 0
-15.789473684210527 -6.842105263157895 0 -192.43758046539656 -436.8751609307932 0 0
-15.789473684210527 -6.315789473684211 0 -217.30741202558812 -486.61482405117624 0 0
-15.789473684210527 -5.789473684210526 0 -211.83945143806594 -475.6789028761319 0 0
-15.789473684210527 -5.263157894736842 0 -233.745191074001 -519.490382148002 0 0
-15.789473684210527 -4.7368421052631575 0 -218.70812757807875 -489.4162551561575 0 0
-15.789473684210527 -4.2105263157894735 0 -217.78123398305948 -487.562467966119 0 0
-15.789473684210527 -3.6842105263157894 0 -220.91634681447715 -493.8326936289543 0 0
-15.789473684210527 -3.1578947368421053 0 -206.52572040641127 -465.05168246542206 0 0
-15.789473684210527 -2.631578947368421 0 -220.01851468607228 -492.0185374351921 0 0
-15.789473684210527 -2.1052631578947367 0 -204.73371285514787 -461.8257834073126 0 0
-15.789473684210527 -1.5789473684210527 0 -220.10551624582982 -490.10543612474135 0 0
-15.789473684210527 -1.0526315789473684 0 -206.73372943708043 -454.88237615198943 0 0
-15.789473684210527 -0.5263157894736842 1 -215.7210517512267 -471.3423942106384 0 0
-15.789473684210527 -0.0 1 -205.81028310904588 -453.5984496614504 0 0
-15.789473684210527 0.0 1 -216.31335718862152 -474.2927399200275 0 0
-15.789473684210527 0.5263157894736842 1 -202.0746109542603 -454.88730542481665 0 0
-15.789473684210527 1.0526315789473684 0 -219.40501527265462 -491.5278988475145 0 0
-15.789473684210527 1.5789473684210527 0 -208.41871141586432 -467.8978746737809 0 0
-15.789473684210527 2.1052631578947367 0 -214.48027864280834 -481.71797958383956 0 0
-15.789473684210527 2.631578947368421 0 -213.01557407146805 -477.43788129353237 0 0
-15.789473684210527 3.1578947368421053 0 -210.05648407551928 -472.55659150556653 0 0
-15.789473684210527 3.6842105263157894 0 -213.47182655639466 -478.61743270467656 0 0
-15.789473684210527 4.2105263157894735 0 -209.19000374013535 -470.6174633418001 0 0
-15.789473684210527 4.7368421052631575 0 -212.48622260838428 -476.80028445054114 0 0
-15.789473684210527 5.263157894736842 0 -209.63604596657797 -471.3967183711858 0 0
-15.789473684210527 5.789473684210526 0 -211.67625352863067 -475.26228568237275 0 0
-15.789473684210527 6.315789473684211 0 -210.16674774147964 -472.3988534046917 0 0
-15.789473684210527 6.842105263157895 0 -211.21951354125372 -474.39163233840617 0 0
-15.789473684210527 7.368421052631579 0 -210.39137131722018 -472.8171496322721 0 0
-15.789473684210527 7.894736842105263 0 -212.93962797648274 -477.85427567334386 0 0
-15.789473684210527 8.421052631578947 0 -209.66162077644478 -471.34165013844233 0 0
-15.789473684210527 8.947368421052632 0 -243.17737620817405 -538.3418456465898 0 0
-15.789473684210527 9.473684210526315 0 -180.4065749028995 -412.8227884587579 0 0
-14.210526315789474 -9.473684210526315 0 -71.08659388361912 -194.17318776723826 0 0
-14.210526315789474 -8.947368421052632 0 -58.515245992243464 -169.03049198448696 0 0
-14.210526315789474 -8.421052631578947 0 -24.1464832783521 -100.2929665567042 0 0
-14.210526315789474 -7.894736842105263 0 -9.163278761856066 -70.32655752371215 0 0
-14.210526315789474 -7.368421052631579 0 -65.04319990877198 -182.086399817544 0 0
-14.210526315789474 -6.842105263157895 0 -175.41181265243705 -402.8236253048741 0 0
-14.210526315789474 -6.315789473684211 0 -233.10898311538915 -518.2179662307784 0 0
-14.210526315789474 -5.789473684210526 0 -229.94042265754962 -511.88084531509924 0 0
-14.210526315789474 -5.263157894736842 0 -247.48955984264575 -546.9791196852916 0 0
-14.210526315789474 -4.7368421052631575 0 -248.90846399371867 -549.8169279874373 0 0
-14.210526315789474 -4.2105263157894735 0 -235.1074606822781 -522.2149213645562 0 0
-14.210526315789474 -3.6842105263157894 0 -240.1669583950122 -532.3343147431937 0 0
-14.210526315789474 -3.1578947368421053 0 -229.8519935544169 -511.68157732099024 0 0
-14.210526315789474 -2.631578947368421 0 -223.92955467282115 -500.16266991135035 0 0
-14.210526315789474 -2.1052631578947367 0 -233.2521230154691 -517.1016146860138 0 0
-14.210526315789474 -1.5789473684210527 0 -215.89251303622854 -474.18033845036865 0 0
-14.210526315789474 -1.0526315789473684 1 -233.13485078276554 -506.5786773515707 0 0
-14.210526315789474 -0.5263157894736842 1 -205.6554266432908 -454.3373838933079 0 0
-14.210526315789474 -0.0 1 -225.71563877196417 -490.9520928774825 0 0
-14.210526315789474 0.0 1 -203.54299119491395 -449.4377451733514 0 0
-14.210526315789474 0.5263157894736842 1 -222.28415489070738 -484.9049291325402 0 0
-14.210526315789474 1.0526315789473684 1 -204.29604942105559 -459.6056602491228 0 0
-14.210526315789474 1.5789473684210527 0 -240.30566006266136 -533.7672814121102 0 0
-14.210526315789474 2.1052631578947367 0 -208.87823664535927 -467.99069636649955 0 0
-14.210526315789474 2.631578947368421 0 -242.84308754088454 -539.3895594160789 0 0
-14.210526315789474 3.1578947368421053 0 -214.208276911781 -478.8902212121949 0 0
-14.210526315789474 3.6842105263157894 0 -233.22200255865525 -519.7423623406489 0 0
-14.210526315789474 4.2105263157894735 0 -219.11319176332591 -489.1532042725896 0 0
-14.210526315789474 4.7368421052631575 0 -225.55957825897005 -503.9915589930439 0 0
-14.210526315789474 5.263157894736842 0 -222.0133188837189 -495.32490053186524 0 0
-14.210526315789474 5.789473684210526 0 -222.13539526573686 -496.83159058100205 0 0
-14.210526315789474 6.315789473684211 0 -223.1720916220549 -497.8979360753337 0 0
-14.210526315789474 6.842105263157895 0 -221.1507613044702 -494.65555902360677 0 0
-14.210526315789474 7.368421052631579 0 -223.2386294711478 -498.1969856279634 0 0
-14.210526315789474 7.894736842105263 0 -223.04493739721207 -498.3110300897024 0 0
-14.210526315789474 8.421052631578947 0 -223.68515182105 -499.19247619059547 0 0
-14.210526315789474 8.947368421052632 0 -241.7587912723231 -535.6500295581425 0 0
-14.210526315789474 9.473684210526315 0 -173.9576064845184 -399.8139738722155 0 0
-12.631578947368421 -9.473684210526315 0 -67.17259247008235 -186.3451849401647 0 0
-12.631578947368421 -8.947368421052632 0 -63.34120939157797 -178.68241878315595 0 0
-12.631578947368421 -8.421052631578947 0 -42.93242952656425 -137.86485905312853 0 0
-12.631578947368421 -7.894736842105263 0 -37.84446805345503 -127.6889361069101 0 0
-12.631578947368421 -7.368421052631579 0 -77.70417660105352 -207.4083532021071 0 0
-12.631578947368421 -6.842105263157895 0 -162.10413519543027 -376.20827039086055 0 0
-12.631578947368421 -6.315789473684211 0 -226.52055848095327 -505.0411169619066 0 0
-12.631578947368421 -5.789473684210526 0 -239.80238327642138 -531.6047665528429 0 0
-12.631578947368421 -5.263157894736842 0 -251.0230358801797 -554.0460717603594 0 0
-12.631578947368421 -4.7368421052631575 0 -263.22757019638357 -578.4551403927671 0 0
-12.631578947368421 -4.2105263157894735 0 -248.90416491455807 -549.8083298291162 0 0
-12.631578947368421 -3.6842105263157894 0 -243.1977803485748 -538.3987006466494 0 0
-12.631578947368421 -3.1578947368421053 0 -234.32357189213445 -520.5167153455628 0 0
-12.631578947368421 -2.631578947368421 0 -218.67839483637664 -490.3618750275532 0 0
-12.631578947368421 -2.1052631578947367 0 -214.99456769518363 -480.53883844779955 0 0
-12.631578947368421 -1.5789473684210527 0 -212.99840563060928 -468.49858257306965 0 0
-12.631578947368421 -1.0526315789473684 1 -186.86047362426126 -414.4570753698741 0 0
-12.631578947368421 -0.5263157894736842 1 -201.1359213492449 -443.9330422206109 0 0
-12.631578947368421 -0.0 1 -169.98971055976548 -380.68415499531733 0 0
-12.631578947368421 0.0 1 -204.70488389715265 -450.0882630344488 0 0
-12.631578947368421 0.5263157894736842 1 -173.36314971391894 -389.06344112251367 0 0
-12.631578947368421 1.0526315789473684 1 -207.44011416050841 -463.44932164046304 0 0
-12.631578947368421 1.5789473684210527 0 -187.72485961726292 -428.3254239550379 0 0
-12.631578947368421 2.1052631578947367 0 -236.64266654781196 -523.9788746012766 0 0
-12.631578947368421 2.631578947368421 0 -181.15544388535434 -415.02248904607586 0 0
-12.631578947368421 3.1578947368421053 0 -253.04194508970144 -557.6574618754903 0 0
-12.631578947368421 3.6842105263157894 0 -169.50857482875614 -391.1619274059527 0 0
-12.631578947368421 4.2105263157894735 0 -247.53184885518806 -547.1061890733396 0 0
-12.631578947368421 4.7368421052631575 0 -167.92953657867128 -387.6891734594212 0 0
-12.631578947368421 5.263157894736842 0 -233.23650200501828 -518.7189778404916 0 0
-12.631578947368421 5.789473684210526 0 -174.49853297523805 -400.71235794591365 0 0
-12.631578947368421 6.315789473684211 0 -219.89328259184802 -492.0842446754177 0 0
-12.631578947368421 6.842105263157895 0 -182.6615741550795 -417.02992415068616 0 0
-12.631578947368421 7.368421052631579 0 -210.22133244314 -472.7206954550344 0 0
-12.631578947368421 7.894736842105263 0 -190.75409050814204 -433.25225528258443 0 0
-12.631578947368421 8.421052631578947 0 -208.94785066896185 -470.1339497849677 0 0
-12.631578947368421 8.947368421052632 0 -193.31808311771988 -438.4400362367534 0 0
-12.631578947368421 9.473684210526315 0 -130.19341315418168 -312.53673835465804 0 0
-11.052631578947368 -9.473684210526315 0 -52.74588511600018 -157.49177023200033 0 0
-11.052631578947368 -8.947368421052632 0 -60.329112100524895 -172.65822420104982 0 0
-11.052631578947368 -8.421052631578947 0 -49.72506415876269 -151.4501283175254 0 0
-11.052631578947368 -7.894736842105263 0 -57.18779507174665 -166.37559014349333 0 0
-11.052631578947368 -7.368421052631579 0 -93.7914084859059 -239.58281697181184 0 0
-11.052631578947368 -6.842105263157895 0 -157.86393733031133 -367.72787466062266 0 0
-11.052631578947368 -6.315789473684211 0 -215.39597802867553 -482.79195605735106 0 0
-11.052631578947368 -5.789473684210526 0 -239.67170898070086 -531.3434179614017 0 0
-11.052631578947368 -5.263157894736842 0 -255.5988537469735 -563.1977074939471 0 0
-11.052631578947368 -4.7368421052631575 0 -270.4694726779813 -592.9389453559625 0 0
-11.052631578947368 -4.2105263157894735 0 -263.1663414686894 -578.335295321013 0 0
-11.052631578947368 -3.6842105263157894 0 -242.72631399366358 -537.3156495666284 0 0
-11.052631578947368 -3.1578947368421053 0 -222.4183004230719 -497.9000043338989 0 0
-11.052631578947368 -2.631578947368421 0 -188.8524663993544 -428.36504279285884 0 0
-11.052631578947368 -2.1052631578947367 0 -158.90795526182555 -359.64189697020856 0 0
-11.052631578947368 -1.5789473684210527 1 -118.45572377687526 -279.3136281090601 0 0
-11.052631578947368 -1.0526315789473684 1 -100.2647659125375 -241.64935352749768 0 0
-11.052631578947368 -0.5263157894736842 1 -46.112562608207355 -132.4678682757842 0 0
-11.052631578947368 -0.0 1 -83.83810512992041 -209.30644116092952 0 0
-11.052631578947368 0.0 1 -33.411990940884905 -106.83286625785331 0 0
-11.052631578947368 0.5263157894736842 1 -106.54001499566414 -253.66238255582164 0 0
-11.052631578947368 1.0526315789473684 1 -52.5864575881821 -145.41351393725154 0 0
-11.052631578947368 1.5789473684210527 1 -132.65770936807795 -315.4008698327385 0 0
-11.052631578947368 2.1052631578947367 0 -102.41962734897457 -256.76757863334296 0 0
-11.052631578947368 2.631578947368421 0 -156.01190331105863 -362.3881845696076 0 0
-11.052631578947368 3.1578947368421053 0 -98.45282677176058 -250.57613390774839 0 0
-11.052631578947368 3.6842105263157894 0 -176.27714149508537 -402.57621355852996 0 0
-11.052631578947368 4.2105263157894735 0 -50.2663154416681 -154.58043575842268 0 0
-11.052631578947368 4.7368421052631575 0 -182.248108872724 -414.369447534546 0 0
-11.052631578947368 5.263157894736842 0 -5.056956097779491 -64.28569222027858 0 0
-11.052631578947368 5.789473684210526 0 -172.21305577668508 -394.16851661347084 0 0
-11.052631578947368 6.315789473684211 0 13.244571316041828 -27.894002042551676 0 0
-11.052631578947368 6.842105263157895 0 -149.8004701427809 -349.00276902491345 0 0
-11.052631578947368 7.368421052631579 0 6.049065069067922 -42.80838144765039 0 0
-11.052631578947368 7.894736842105263 0 -120.9001634171421 -290.4601281276823 0 0
-11.052631578947368 8.421052631578947 0 -34.25167230134714 -124.61852320137615 0 0
-11.052631578947368 8.947368421052632 0 -30.58847387458576 -108.61629740513666 0 0
-11.052631578947368 9.473684210526315 0 98.4605237326055 141.5321955042805 0 0
-9.473684210526315 -9.473684210526315 0 2.041832552375361 -47.916334895249285 0 0
-9.473684210526315 -8.947368421052632 0 -43.71701208204674 -139.43402416409347 0 0
-9.473684210526315 -8.421052631578947 0 -43.53732842334718 -139.07465684669435 0 0
-9.473684210526315 -7.894736842105263 0 -64.62546766686023 -181.25093533372046 0 0
-9.473684210526315 -7.368421052631579 0 -106.43476039406292 -264.8695207881259 0 0
-9.473684210526315 -6.842105263157895 0 -159.47113350873818 -370.94226701747635 0 0
-9.473684210526315 -6.315789473684211 0 -207.3740560997169 -466.7481121994339 0 0
-9.473684210526315 -5.789473684210526 0 -237.72806175811093 -527.4561235162219 0 0
-9.473684210526315 -5.263157894736842 0 -264.66263866694 -581.3252773338801 0 0
-9.473684210526315 -4.7368421052631575 0 -294.18045185616205 -640.3609037123241 0 0
-9.473684210526315 -4.2105263157894735 0 -298.7772535670219 -649.5609565557664 0 0
-9.473684210526315 -3.6842105263157894 0 -280.7028225296579 -613.0303879217042 0 0
-9.473684210526315 -3.1578947368421053 0 -235.806128487729 -526.5728287461025 0 0
-9.473684210526315 -2.631578947368421 0 -174.530432596438 -397.3331589584721 0 0
-9.473684210526315 -2.1052631578947367 0 -74.84684802927461 -192.71076814987828 0 0
-9.473684210526315 -1.5789473684210527 1 70.41216327136863 94.75494168510306 0 0
-9.473684210526315 -1.0526315789473684 1 143.10324758783136 258.6328106202003 0 0
-9.473684210526315 -0.5263157894736842 1 397.51403262061285 719.1851822916744 0 0
-9.473684210526315 -0.0 1 204.7286270594895 452.7818653689401 0 0
-9.473684210526315 0.0 1 910.2651467151809 1580.4412738635258 0 0
-9.473684210526315 0.5263157894736842 1 -636.928782495015 -875.1311707296152 0 0
-9.473684210526315 1.0526315789473684 1 3083.1925458242185 5085.786500486278 0 0
-9.473684210526315 1.5789473684210527 1 -5646.070857326791 -9094.307128549033 0 0
-9.473684210526315 2.1052631578947367 0 14429.266040943872 23373.666308971824 0 0
-9.473684210526315 2.631578947368421 0 -31256.306071760224 -50277.34549435298 0 0
-9.473684210526315 3.1578947368421053 0 72885.83296360691 116193.0406323082 0 0
-9.473684210526315 3.6842105263157894 0 -166855.52254072798 -263682.96345889266 0 0
-9.473684210526315 4.2105263157894735 0 402856.8988771942 630806.0189081316 0 0
-9.473684210526315 4.7368421052631575 0 -979808.7122461345 -1525298.7240568013 0 0
-9.473684210526315 5.263157894736842 0 2527223.6728417957 3910958.638118076 0 0
-9.473684210526315 5.789473684210526 0 -6486042.385334962 -10031327.61025121 0 0
-9.473684210526315 6.315789473684211 0 17861527.44039297 27517783.528460257 0 0
-9.473684210526315 6.842105263157895 0 -47331314.78392732 -73186715.65920998 0 0
-9.473684210526315 7.368421052631579 0 137461700.6160861 211538416.9559356 0 0
-9.473684210526315 7.894736842105263 0 -364184967.16529 -564819851.9826399 0 0
-9.473684210526315 8.421052631578947 0 1180465428.274823 1800459484.308448 0 0
-9.473684210526315 8.947368421052632 0 -2796111367.850831 -4360922811.778127 0 0
-9.473684210526315 9.473684210526315 0 2105043732.4882174 4823108169.034446 0 0
-7.894736842105264 -9.473684210526315 0 305.42987023011034 558.8597404602207 0 0
-7.894736842105264 -8.947368421052632 0 28.606169525195046 5.212339050390085 0 0
-7.894736842105264 -8.421052631578947 0 -5.256189725989592 -62.5123794519792 0 0
-7.894736842105264 -7.894736842105263 0 -56.169405532283314 -164.33881106456664 0 0
-7.894736842105264 -7.368421052631579 0 -111.42285413394066 -274.8457082678813 0 0
-7.894736842105264 -6.842105263157895 0 -162.11651256924316 -376.23302513848625 0 0
-7.894736842105264 -6.315789473684211 0 -202.6267982492846 -457.2535964985693 0 0
-7.894736842105264 -5.789473684210526 0 -238.45619565689867 -528.9123913137973 0 0
-7.894736842105264 -5.263157894736842 0 -291.3275236976849 -634.6550473953698 0 0
-7.894736842105264 -4.7368421052631575 0 -376.3809714888068 -804.7619429776137 0 0
-7.894736842105264 -4.2105263157894735 0 -462.19421272541666 -976.406591452117 0 0
-7.894736842105264 -3.6842105263157894 0 -528.786035114291 -1108.2404207023849 0 0
-7.894736842105264 -3.1578947368421053 0 -571.0358541278672 -1208.21761339541 0 0
-7.894736842105264 -2.631578947368421 0 -545.9750268460098 -1095.1615892627992 0 0
-7.894736842105264 -2.1052631578947367 0 -393.88458156184515 -971.7380836196771 0 0
-7.894736842105264 -1.5789473684210527 1 -197.80563108824936 -97.14159796574995 0 0
-7.894736842105264 -1.0526315789473684 1 -676.0154964931976 -1681.4917486309496 0 0
-7.894736842105264 -0.5263157894736842 1 6477.552492891579 10312.778183523245 0 0
-7.894736842105264 -0.0 1 -93800.83681577005 -111383.42209479351 0 0
-7.894736842105264 0.0 1 -423364.7419453957 -394729.04648458003 0 0
-7.894736842105264 0.5263157894736842 1 -9729640.867296135 -10550175.009309305 0 0
-7.894736842105264 1.0526315789473684 1 -261825620.2151431 -272162839.29324555 0 0
-7.894736842105264 1.5789473684210527 1 5084638447.689381 5307808091.573498 0 0
-7.894736842105264 2.1052631578947367 0 248138763710.42426 259711133114.46536 0 0
-7.894736842105264 2.631578947368421 0 -30277063698450.715 -31681046583054.504 0 0
-7.894736842105264 3.1578947368421053 0 -7941885256776490.0 -8310039813548067.0 0 0
-7.894736842105264 3.6842105263157894 0 4.934794847157187e+18 5.163554300370939e+18 0 0
-7.894736842105264 4.2105263157894735 0 7.534350233996318e+21 7.883615816038172e+21 0 0
-7.894736842105264 4.7368421052631575 0 -2.9760143238672833e+25 -3.1139717246052564e+25 0 0
-7.894736842105264 5.263157894736842 0 -3.1403378568295637e+29 -3.2859127099787554e+29 0 0
-7.894736842105264 5.789473684210526 0 9.092296179034316e+33 9.513782573618679e+33 0 0
-7.894736842105264 6.315789473684211 0 7.34799824286557e+38 7.688625211654724e+38 0 0
-7.894736842105264 6.842105263157895 0 -1.6767016561269776e+44 -1.754427559674221e+44 0 0
-7.894736842105264 7.368421052631579 0 -1.0876931634477968e+50 -1.138114735826048e+50 0 0
-7.894736842105264 7.894736842105263 0 2.0139031104202485e+56 2.107260469698818e+56 0 0
-7.894736842105264 8.421052631578947 0 1.0635475929923284e+63 1.1128498629153953e+63 0 0
-7.894736842105264 8.947368421052632 0 -1.6814874887710185e+70 -1.7594352464359136e+70 0 0
-7.894736842105264 9.473684210526315 0 -8.01435451200209e+77 -8.385871378772646e+77 0 0
-6.315789473684211 -9.473684210526315 0 -720209811.92411 -1440419675.8482203 0 0
-6.315789473684211 -8.947368421052632 0 -4592096.169532821 -9184244.339065611 0 0
-6.315789473684211 -8.421052631578947 0 -44525547.03218059 -89051146.06436118 0 0
-6.315789473684211 -7.894736842105263 0 -3575103.7623679317 -7150259.524735864 0 0
-6.315789473684211 -7.368421052631579 0 -1693114.9209918124 -3386281.841983625 0 0
-6.315789473684211 -6.842105263157895 0 49880.14078931656 99708.28157863347 0 0
-6.315789473684211 -6.315789473684211 0 -203867.66555459594 -407787.33110919205 0 0
-6.315789473684211 -5.789473684210526 0 96008.94027162576 191965.88054325164 0 0
-6.315789473684211 -5.263157894736842 0 -100957.0778860176 -201966.1557720353 0 0
-6.315789473684211 -4.7368421052631575 0 138888.1281117218 277724.2562234437 0 0
-6.315789473684211 -4.2105263157894735 0 -312440.6846624156 -624933.4250142119 0 0
-6.315789473684211 -3.6842105263157894 0 1034141.9512216209 2068237.2744879748 0 0
-6.315789473684211 -3.1578947368421053 0 -4839628.302782463 -9679396.400194038 0 0
-6.315789473684211 -2.631578947368421 0 29497228.160606846 58995206.33880413 0 0
-6.315789473684211 -2.1052631578947367 0 -223289886.24075848 -446587820.40081584 0 0
-6.315789473684211 -1.5789473684210527 1 1752123470.8120973 3504322359.4013734 0 0
-6.315789473684211 -1.0526315789473684 1 -23769483843.93543 -47540044172.82812 0 0
-6.315789473684211 -0.5263157894736842 1 -516137589463.3663 -1032290555910.4952 0 0
-6.315789473684211 -0.0 1 125280868541336.89 250567891696803.2 0 0
-6.315789473684211 0.0 1 2.1726037695564413e+17 4.345320069062607e+17 0 0
-6.315789473684211 0.5263157894736842 1 -2.729792266701227e+21 -5.459725786318179e+21 0 0
-6.315789473684211 1.0526315789473684 1 -2.332516584489618e+26 -4.665153864589803e+26 0 0
-6.315789473684211 1.5789473684210527 1 1.268541158292276e+32 2.5371479569966236e+32 0 0
-6.315789473684211 2.1052631578947367 0 4.188191597696208e+38 8.376599912540702e+38 0 0
-6.315789473684211 2.631578947368421 0 -8.327118422095191e+45 -1.6654667729290973e+46 0 0
-6.315789473684211 3.1578947368421053 0 -1.027047890503506e+54 -2.0541489253975655e+54 0 0
-6.315789473684211 3.6842105263157894 0 8.314566105849252e+62 1.6629562447281966e+63 0 0
-6.315789473684211 4.2105263157894735 0 4.737666827907054e+72 9.475578805449821e+72 0 0
-6.315789473684211 4.7368421052631575 0 -2.04157773199799e+83 -4.083261105033111e+83 0 0
-6.315789473684211 5.263157894736842 0 -7.109863826991091e+94 -1.4220095552483802e+95 0 0
-6.315789473684211 5.789473684210526 0 2.1184465800605745e+107 4.237002778721663e+107 0 0
-6.315789473684211 6.315789473684211 0 5.657876175089445e+120 1.1316045115865801e+121 0 0
-6.315789473684211 6.842105263157895 0 -1.4049163597589804e+135 -2.8099054166379383e+135 0 0
-6.315789473684211 7.368421052631579 0 -3.3351202705746445e+150 -6.670413116289984e+150 0 0
-6.315789473684211 7.894736842105263 0 7.72742531015939e+166 1.545525047441756e+167 0 0
-6.315789473684211 8.421052631578947 0 1.7722352764232457e+184 3.544562256811374e+184 0 0
-6.315789473684211 8.947368421052632 0 -4.125165933627494e+202 -8.250545323152717e+202 0 0
-6.315789473684211 9.473684210526315 0 -1.1151887771161218e+222 -2.2304352594555942e+222 0 0
-4.7368421052631575 -9.473684210526315 0 -1.1209237344751662e+20 -2.2418474689503327e+20 0 0
-4.7368421052631575 -8.947368421052632 0 9.669135280149594e+19 1.9338270560299195e+20 0 0
-4.7368421052631575 -8.421052631578947 0 -4.204388959808112e+19 -8.408777919616226e+19 0 0
-4.7368421052631575 -7.894736842105263 0 6.734112679178622e+18 1.3468225358357248e+19 0 0
-4.7368421052631575 -7.368421052631579 0 -2.414400838910265e+18 -4.828801677820531e+18 0 0
-4.7368421052631575 -6.842105263157895 0 9.249823726093219e+17 1.8499647452186442e+18 0 0
-4.7368421052631575 -6.315789473684211 0 -5.373107626432205e+17 -1.0746215252864415e+18 0 0
-4.7368421052631575 -5.789473684210526 0 3.75979984919547e+17 7.519599698390943e+17 0 0
-4.7368421052631575 -5.263157894736842 0 -4.0914054229068243e+17 -8.182810845813652e+17 0 0
-4.7368421052631575 -4.7368421052631575 0 8.16030865908694e+17 1.6320617318173883e+18 0 0
-4.7368421052631575 -4.2105263157894735 0 -3.0964760091425116e+18 -6.192952018285025e+18 0 0
-4.7368421052631575 -3.6842105263157894 0 2.040936183930655e+19 4.081872367861312e+19 0 0
-4.7368421052631575 -3.1578947368421053 0 -2.221653579283196e+20 -4.443307158566394e+20 0 0
-4.7368421052631575 -2.631578947368421 0 3.4261466012839576e+21 6.852293202567917e+21 0 0
-4.7368421052631575 -2.1052631578947367 0 -1.121674507409079e+23 -2.243349014818159e+23 0 0
-4.7368421052631575 -1.5789473684210527 1 -1.3001300763344915e+25 -2.6002601526689846e+25 0 0
-4.7368421052631575 -1.0526315789473684 1 3.808310091343546e+28 7.616620182687098e+28 0 0
-4.7368421052631575 -0.5263157894736842 1 2.666012753032267e+33 5.332025506064537e+33 0 0
-4.7368421052631575 -0.0 1 -5.235213048862712e+39 -1.0470426097725431e+40 0 0
-4.7368421052631575 0.0 1 -3.160549279909994e+47 -6.3210985598199924e+47 0 0
-4.7368421052631575 0.5263157894736842 1 6.140703228254915e+56 1.2281406456509837e+57 0 0
-4.7368421052631575 1.0526315789473684 1 3.8628679943572794e+67 7.725735988714565e+67 0 0
-4.7368421052631575 1.5789473684210527 1 -7.643344793344772e+79 -1.5286689586689555e+80 0 0
-4.7368421052631575 2.1052631578947367 0 -4.598074466566304e+93 -9.196148933132615e+93 0 0
-4.7368421052631575 2.631578947368421 0 8.273120306026947e+108 1.6546240612053908e+109 0 0
-4.7368421052631575 3.1578947368421053 0 4.5122575050976795e+125 9.024515010195367e+125 0 0
-4.7368421052631575 3.6842105263157894 0 -7.805921053496853e+143 -1.561184210699372e+144 0 0
-4.7368421052631575 4.2105263157894735 0 -4.601043590317173e+163 -9.202087180634352e+163 0 0
-4.7368421052631575 4.7368421052631575 0 1.0098900736020415e+185 2.0197801472040842e+185 0 0
-4.7368421052631575 5.263157894736842 0 9.094329724463078e+207 1.8188659448926167e+208 0 0
-4.7368421052631575 5.789473684210526 0 -3.704608588638632e+232 -7.409217177277269e+232 0 0
-4.7368421052631575 6.315789473684211 0 -7.493826771848372e+258 -1.4987653543696755e+259 0 0
-4.7368421052631575 6.842105263157895 0 8.204193949991548e+286 1.640838789998311e+287 0 0
-4.7368421052631575 7.368421052631579 0 inf inf 0 0
-4.7368421052631575 7.894736842105263 0 nan nan 0 0
-4.7368421052631575 8.421052631578947 0 nan nan 0 0
-4.7368421052631575 8.947368421052632 0 nan nan 0 0
-4.7368421052631575 9.473684210526315 0 nan nan 0 0
-3.1578947368421053 -9.473684210526315 0 -9.187131625720253e+36 -1.8374263251440507e+37 0 0
-3.1578947368421053 -8.947368421052632 0 7.711836822654129e+37 1.5423673645308257e+38 0 0
-3.1578947368421053 -8.421052631578947 0 -2.079230476234007e+38 -4.158460952468014e+38 0 0
-3.1578947368421053 -7.894736842105263 0 1.478150180003975e+38 2.9563003600079502e+38 0 0
-3.1578947368421053 -7.368421052631579 0 -5.432855914335885e+37 -1.0865711828671774e+38 0 0
-3.1578947368421053 -6.842105263157895 0 2.2908770992641234e+37 4.581754198528248e+37 0 0
-3.1578947368421053 -6.315789473684211 0 -1.2387092813924925e+37 -2.477418562784985e+37 0 0
-3.1578947368421053 -5.789473684210526 0 9.059125098529739e+36 1.8118250197059479e+37 0 0
-3.1578947368421053 -5.263157894736842 0 -1.1471752205020815e+37 -2.2943504410041626e+37 0 0
-3.1578947368421053 -4.7368421052631575 0 3.227014541565804e+37 6.454029083131606e+37 0 0
-3.1578947368421053 -4.2105263157894735 0 -2.0173017327528277e+38 -4.0346034655056546e+38 0 0
-3.1578947368421053 -3.6842105263157894 0 2.485157097802426e+39 4.97031419560485e+39 0 0
-3.1578947368421053 -3.1578947368421053 0 -5.977623533229867e+40 -1.1955247066459733e+41 0 0
-3.1578947368421053 -2.631578947368421 0 1.9235410626862283e+42 3.847082125372456e+42 0 0
-3.1578947368421053 -2.1052631578947367 0 -4.596744175735058e+44 -9.193488351470115e+44 0 0
-3.1578947368421053 -1.5789473684210527 1 -2.5759013796529058e+48 -5.1518027593058103e+48 0 0
-3.1578947368421053 -1.0526315789473684 1 8.021173534639901e+53 1.60423470692798e+54 0 0
-3.1578947368421053 -0.5263157894736842 1 2.066278936722678e+61 4.132557873445355e+61 0 0
-3.1578947368421053 -0.0 1 -6.152086611190604e+70 -1.2304173222381206e+71 0 0
-3.1578947368421053 0.0 1 -2.747740450687793e+82 -5.495480901375585e+82 0 0
-3.1578947368421053 0.5263157894736842 1 2.249456817621257e+96 4.498913635242514e+96 0 0
-3.1578947368421053 1.0526315789473684 1 3.918809567990615e+112 7.83761913598123e+112 0 0
-3.1578947368421053 1.5789473684210527 1 -1.6084522675449716e+131 -3.2169045350899433e+131 0 0
-3.1578947368421053 2.1052631578947367 0 -1.6827106837904292e+152 -3.3654213675808585e+152 0 0
-3.1578947368421053 2.631578947368421 0 4.8408738185963726e+175 9.681747637192745e+175 0 0
-3.1578947368421053 3.1578947368421053 0 4.1843315290300895e+201 8.368663058060179e+201 0 0
-3.1578947368421053 3.6842105263157894 0 -1.2133129756874735e+230 -2.426625951374947e+230 0 0
-3.1578947368421053 4.2105263157894735 0 -1.3492316454175654e+261 -2.6984632908351307e+261 0 0
-3.1578947368421053 4.7368421052631575 0 6.715365929600256e+294 1.3430731859200511e+295 0 0
-3.1578947368421053 5.263157894736842 0 inf inf 0 0
-3.1578947368421053 5.789473684210526 0 nan nan 0 0
-3.1578947368421053 6.315789473684211 0 nan nan 0 0
-3.1578947368421053 6.842105263157895 0 nan nan 0 0
-3.1578947368421053 7.368421052631579 0 nan nan 0 0
-3.1578947368421053 7.894736842105263 0 nan nan 0 0
-3.1578947368421053 8.421052631578947 0 nan nan 0 0
-3.1578947368421053 8.947368421052632 0 nan nan 0 0
-3.1578947368421053 9.473684210526315 0 nan nan 0 0
-1.5789473684210527 -9.473684210526315 0 -2.336812640362927e+59 -4.673625280725854e+59 0 0
-1.5789473684210527 -8.947368421052632 0 5.380519953629347e+61 1.0761039907258694e+62 0 0
-1.5789473684210527 -8.421052631578947 0 -3.6449272905441756e+63 -7.289854581088351e+63 0 0
-1.5789473684210527 -7.894736842105263 0 4.8949164578511935e+64 9.789832915702387e+64 0 0
-1.5789473684210527 -7.368421052631579 0 -1.239693934586778e+65 -2.4793878691735565e+65 0 0
-1.5789473684210527 -6.842105263157895 0 9.988812134404597e+64 1.9977624268809202e+65 0 0
-1.5789473684210527 -6.315789473684211 0 -5.868217399576784e+64 -1.1736434799153568e+65 0 0
-1.5789473684210527 -5.789473684210526 0 4.379321638869957e+64 8.758643277739912e+64 0 0
-1.5789473684210527 -5.263157894736842 0 -6.361137394620269e+64 -1.2722274789240536e+65 0 0
-1.5789473684210527 -4.7368421052631575 0 2.4170419873726784e+65 4.834083974745357e+65 0 0
-1.5789473684210527 -4.2105263157894735 0 -2.3105037493805924e+66 -4.621007498761185e+66 0 0
-1.5789473684210527 -3.6842105263157894 0 4.894678918023909e+67 9.789357836047819e+67 0 0
-1.5789473684210527 -3.1578947368421053 0 -2.3321321187397575e+69 -4.664264237479515e+69 0 0
-1.5789473684210527 -2.631578947368421 0 2.126557264435028e+71 4.253114528870056e+71 0 0
-1.5789473684210527 -2.1052631578947367 0 2.265863455644192e+74 4.531726911288384e+74 0 0
-1.5789473684210527 -1.5789473684210527 1 -4.657618296961493e+79 -9.315236593922986e+79 0 0
-1.5789473684210527 -1.0526315789473684 1 -2.0358538903211524e+87 -4.071707780642305e+87 0 0
-1.5789473684210527 -0.5263157894736842 1 2.8852976065336067e+97 5.7705952130672134e+97 0 0
-1.5789473684210527 -0.0 1 2.056777706334057e+110 4.113555412668114e+110 0 0
-1.5789473684210527 0.0 1 -1.1218006713410249e+126 -2.2436013426820497e+126 0 0
-1.5789473684210527 0.5263157894736842 1 -6.857926608154232e+144 -1.3715853216308465e+145 0 0
-1.5789473684210527 1.0526315789473684 1 6.580065792187362e+166 1.3160131584374723e+167 0 0
-1.5789473684210527 1.5789473684210527 1 1.3216205419824171e+192 2.6432410839648343e+192 0 0
-1.5789473684210527 2.1052631578947367 0 -7.188753494197493e+220 -1.4377506988394986e+221 0 0
-1.5789473684210527 2.631578947368421 0 -1.3547876444041816e+253 -2.7095752888083632e+253 0 0
-1.5789473684210527 3.1578947368421053 0 1.1363976690353094e+289 2.272795338070619e+289 0 0
-1.5789473684210527 3.6842105263157894 0 inf inf 0 0
-1.5789473684210527 4.2105263157894735 0 nan nan 0 0
-1.5789473684210527 4.7368421052631575 0 nan nan 0 0
-1.5789473684210527 5.263157894736842 0 nan nan 0 0
-1.5789473684210527 5.789473684210526 0 nan nan 0 0
-1.5789473684210527 6.315789473684211 0 nan nan 0 0
-1.5789473684210527 6.842105263157895 0 nan nan 0 0
-1.5789473684210527 7.368421052631579 0 nan nan 0 0
-1.5789473684210527 7.894736842105263 0 nan nan 0 0
-1.5789473684210527 8.421052631578947 0 nan nan 0 0
-1.5789473684210527 8.947368421052632 0 nan nan 0 0
-1.5789473684210527 9.473684210526315 0 nan nan 0 0
-0.0 -9.473684210526315 0 1.1276414905021634e+87 2.255282981004327e+87 0 0
-0.0 -8.947368421052632 0 -2.835637540704399e+91 -5.671275081408798e+91 0 0
-0.0 -8.421052631578947 0 2.2157136901237428e+95 4.4314273802474856e+95 0 0
-0.0 -7.894736842105263 0 -3.303321465127443e+98 -6.606642930254886e+98 0 0
-0.0 -7.368421052631579 0 7.145281956232507e+100 1.4290563912465015e+101 0 0
-0.0 -6.842105263157895 0 -2.561822469028527e+102 -5.123644938057054e+102 0 0
-0.0 -6.315789473684211 0 1.6917784756029014e+103 3.383556951205803e+103 0 0
-0.0 -5.789473684210526 0 -2.4256217656957707e+103 -4.851243531391541e+103 0 0
-0.0 -5.263157894736842 0 4.310190079139611e+103 8.620380158279222e+103 0 0
-0.0 -4.7368421052631575 0 -2.040217283424266e+104 -4.080434566848532e+104 0 0
-0.0 -4.2105263157894735 0 2.8443728540198184e+105 5.688745708039637e+105 0 0
-0.0 -3.6842105263157894 0 -8.441758096039256e+106 -1.688351619207851e+107 0 0
-0.0 -3.1578947368421053 0 1.2951542241178805e+109 2.590308448235761e+109 0 0
-0.0 -2.631578947368421 0 3.4512162311593575e+112 6.902432462318715e+112 0 0
-0.0 -2.1052631578947367 0 -9.77316003572296e+117 -1.954632007144592e+118 0 0
-0.0 -1.5789473684210527 0 -6.400791541356796e+125 -1.2801583082713592e+126 0 0
-0.0 -1.0526315789473684 1 2.0881149245864887e+136 4.1762298491729774e+136 0 0
-0.0 -0.5263157894736842 1 6.842839288707984e+149 1.3685678577415968e+150 0 0
-0.0 -0.0 1 -4.3531270763093455e+166 -8.706254152618691e+166 0 0
-0.0 0.0 1 -1.002693576842116e+187 -2.005387153684232e+187 0 0
-0.0 0.5263157894736842 1 1.5009911239274279e+211 3.0019822478548557e+211 0 0
-0.0 1.0526315789473684 1 2.510507879765052e+239 5.021015759530104e+239 0 0
-0.0 1.5789473684210527 0 -7.747432065483642e+271 -1.5494864130967283e+272 0 0
-0.0 2.1052631578947367 0 -inf -inf 0 0
-0.0 2.631578947368421 0 nan nan 0 0
-0.0 3.1578947368421053 0 nan nan 0 0
-0.0 3.6842105263157894 0 nan nan 0 0
-0.0 4.2105263157894735 0 nan nan 0 0
-0.0 4.7368421052631575 0 nan nan 0 0
-0.0 5.263157894736842 0 nan nan 0 0
-0.0 5.789473684210526 0 nan nan 0 0
-0.0 6.315789473684211 0 nan nan 0 0
-0.0 6.842105263157895 0 nan nan 0 0
-0.0 7.368421052631579 0 nan nan 0 0
-0.0 7.894736842105263 0 nan nan 0 0
-0.0 8.421052631578947 0 nan nan 0 0
-0.0 8.947368421052632 0 nan nan 0 0
-0.0 9.473684210526315 0 nan nan 0 0
0.0 -9.473684210526315 0 -2.736443366405729e+116 -5.472886732811459e+116 0 0
0.0 -8.947368421052632 0 1.107921664117157e+123 2.2158433282343142e+123 0 0
0.0 -8.421052631578947 0 -1.5664066495644264e+129 -3.1328132991288534e+129 0 0
0.0 -7.894736842105263 0 4.6499267415586175e+134 9.299853483117237e+134 0 0
0.0 -7.368421052631579 0 -1.9494505990538089e+139 -3.898901198107619e+139 0 0
0.0 -6.842105263157895 0 1.0920943682334048e+143 2.1841887364668104e+143 0 0
0.0 -6.315789473684211 0 -1.0046420891111138e+146 -2.0092841782222284e+146 0 0
0.0 -5.789473684210526 0 9.930772740687423e+147 1.986154548137486e+148 0 0
0.0 -5.263157894736842 0 -2.6341665952867784e+149 -5.26833319057356e+149 0 0
0.0 -4.7368421052631575 0 -3.8517400074034194e+150 -7.703480014806843e+150 0 0
0.0 -4.2105263157894735 0 4.330068307164584e+152 8.660136614329174e+152 0 0
0.0 -3.6842105263157894 0 3.945570771686712e+155 7.891141543373429e+155 0 0
0.0 -3.1578947368421053 0 -9.32211312495015e+159 -1.8644226249900313e+160 0 0
0.0 -2.631578947368421 0 -1.3268318010696004e+166 -2.653663602139203e+166 0 0
0.0 -2.1052631578947367 0 2.9013437728102492e+174 5.802687545620503e+174 0 0
0.0 -1.5789473684210527 0 2.498807591706197e+185 4.997615183412398e+185 0 0
0.0 -1.0526315789473684 1 -2.1585228367077507e+199 -4.317045673415505e+199 0 0
0.0 -0.5263157894736842 1 -4.698029439558939e+216 -9.396058879117885e+216 0 0
0.0 -0.0 1 6.34176358715652e+237 1.268352717431305e+238 0 0
0.0 0.0 1 1.261400972664189e+263 2.5228019453283803e+263 0 0
0.0 0.5263157894736842 1 -8.359675259592443e+292 -1.67193505191849e+293 0 0
0.0 1.0526315789473684 1 -inf -inf 0 0
0.0 1.5789473684210527 0 nan nan 0 0
0.0 2.1052631578947367 0 nan nan 0 0
0.0 2.631578947368421 0 nan nan 0 0
0.0 3.1578947368421053 0 nan nan 0 0
0.0 3.6842105263157894 0 nan nan 0 0
0.0 4.2105263157894735 0 nan nan 0 0
0.0 4.7368421052631575 0 nan nan 0 0
0.0 5.263157894736842 0 nan nan 0 0
0.0 5.789473684210526 0 nan nan 0 0
0.0 6.315789473684211 0 nan nan 0 0
0.0 6.842105263157895 0 nan nan 0 0
0.0 7.368421052631579 0 nan nan 0 0
0.0 7.894736842105263 0 nan nan 0 0
0.0 8.421052631578947 0 nan nan 0 0
0.0 8.947368421052632 0 nan nan 0 0
0.0 9.473684210526315 0 nan nan 0 0
1.5789473684210527 -9.473684210526315 0 -3.7530765441820115e+145 -7.506153088364023e+145 0 0
1.5789473684210527 -8.947368421052632 0 2.301293644656296e+154 4.602587289312591e+154 0 0
1.5789473684210527 -8.421052631578947 0 -5.6367174247105726e+162 -1.1273434849421144e+163 0 0
1.5789473684210527 -7.894736842105263 0 3.3276844059342034e+170 6.655368811868406e+170 0 0
1.5789473684210527 -7.368421052631579 0 -3.003495352691521e+177 -6.006990705383041e+177 0 0
1.5789473684210527 -6.842105263157895 0 3.055706289152235e+183 6.111412578304469e+183 0 0
1.5789473684210527 -6.315789473684211 0 -4.052478258512431e+188 -8.104956517024861e+188 0 0
1.5789473684210527 -5.789473684210526 0 6.873016166332433e+192 1.3746032332664863e+193 0 0
1.5789473684210527 -5.263157894736842 0 -7.5736000411306e+195 -1.5147200082261197e+196 0 0
1.5789473684210527 -4.7368421052631575 0 1.1802070385279648e+199 2.360414077055929e+199 0 0
1.5789473684210527 -4.2105263157894735 0 7.785741594939672e+202 1.5571483189879343e+203 0 0
1.5789473684210527 -3.6842105263157894 0 -6.388252039410279e+207 -1.2776504078820559e+208 0 0
1.5789473684210527 -3.1578947368421053 0 -1.737837036737137e+214 -3.475674073474274e+214 0 0
1.5789473684210527 -2.631578947368421 0 4.491985866196694e+222 8.983971732393389e+222 0 0
1.5789473684210527 -2.1052631578947367 0 3.3508656411277375e+233 6.701731282255475e+233 0 0
1.5789473684210527 -1.5789473684210527 0 -2.2690095409896357e+247 -4.5380190819792713e+247 0 0
1.5789473684210527 -1.0526315789473684 1 -4.301463854417826e+264 -8.602927708835653e+264 0 -0.11414466310484543
1.5789473684210527 -0.5263157894736842 1 6.721636869897888e+285 1.3443273739795775e+286 0 -0.11414466310484543
1.5789473684210527 -0.0 1 inf inf 0 -0.11414466310484543
1.5789473684210527 0.0 1 nan nan 0 -0.11414466310484543
1.5789473684210527 0.5263157894736842 1 nan nan 0 -0.11414466310484543
1.5789473684210527 1.0526315789473684 0 nan nan 0 0
1.5789473684210527 1.5789473684210527 0 nan nan 0 0
1.5789473684210527 2.1052631578947367 0 nan nan 0 0
1.5789473684210527 2.631578947368421 0 nan nan 0 0
1.5789473684210527 3.1578947368421053 0 nan nan 0 0
1.5789473684210527 3.6842105263157894 0 nan nan 0 0
1.5789473684210527 4.2105263157894735 0 nan nan 0 0
1.5789473684210527 4.7368421052631575 0 nan nan 0 0
1.5789473684210527 5.263157894736842 0 nan nan 0 0
1.5789473684210527 5.789473684210526 0 nan nan 0 0
1.5789473684210527 6.315789473684211 0 nan nan 0 0
1.5789473684210527 6.842105263157895 0 nan nan 0 0
1.5789473684210527 7.368421052631579 0 nan nan 0 0
1.5789473684210527 7.894736842105263 0 nan nan 0 0
1.5789473684210527 8.421052631578947 0 nan nan 0 0
1.5789473684210527 8.947368421052632 0 nan nan 0 0
1.5789473684210527 9.473684210526315 0 nan nan 0 0
3.1578947368421053 -9.473684210526315 0 8.986381918701686e+173 1.7972763837403373e+174 0 0
3.1578947368421053 -8.947368421052632 0 -7.218892292767785e+184 -1.443778458553557e+185 0 0
3.1578947368421053 -8.421052631578947 0 2.6795042072551374e+195 5.359008414510275e+195 0 0
3.1578947368421053 -7.894736842105263 0 -2.8171012793655713e+205 -5.634202558731143e+205 0 0
3.1578947368421053 -7.368421052631579 0 5.287027315648721e+214 1.0574054631297442e+215 0 0
3.1578947368421053 -6.842105263157895 0 -1.1144710864221299e+223 -2.2289421728442597e+223 0 0
3.1578947368421053 -6.315789473684211 0 1.8885765995565974e+230 3.7771531991131947e+230 0 0
3.1578947368421053 -5.789473684210526 0 -5.484326624929975e+236 -1.096865324985995e+237 0 0
3.1578947368421053 -5.263157894736842 0 -1.9929671241812864e+242 -3.9859342483625727e+242 0 0
3.1578947368421053 -4.7368421052631575 0 2.4008781752465297e+248 4.801756350493059e+248 0 0
3.1578947368421053 -4.2105263157894735 0 1.453587043920389e+255 2.907174087840778e+255 0 0
3.1578947368421053 -3.6842105263157894 0 -1.1972220628232918e+263 -2.3944441256465835e+263 0 0
3.1578947368421053 -3.1578947368421053 0 -3.7688500310650584e+272 -7.537700062130117e+272 0 0
3.1578947368421053 -2.631578947368421 0 1.3566866102795655e+284 2.713373220559131e+284 0 0
3.1578947368421053 -2.1052631578947367 0 1.7637259492941408e+298 3.5274518985882816e+298 0 0
3.1578947368421053 -1.5789473684210527 0 -inf -inf 0 0
3.1578947368421053 -1.0526315789473684 1 -inf -inf 0 0.12177467314037134
3.1578947368421053 -0.5263157894736842 1 nan nan 0 0.12177467314037134
3.1578947368421053 -0.0 1 nan nan 0 0.12177467314037134
3.1578947368421053 0.0 1 nan nan 0 0.12177467314037134
3.1578947368421053 0.5263157894736842 1 nan nan 0 0.12177467314037134
3.1578947368421053 1.0526315789473684 0 nan nan 0 0
3.1578947368421053 1.5789473684210527 0 nan nan 0 0
3.1578947368421053 2.1052631578947367 0 nan nan 0 0
3.1578947368421053 2.631578947368421 0 nan nan 0 0
3.1578947368421053 3.1578947368421053 0 nan nan 0 0
3.1578947368421053 3.6842105263157894 0 nan nan 0 0
3.1578947368421053 4.2105263157894735 0 nan nan 0 0
3.1578947368421053 4.7368421052631575 0 nan nan 0 0
3.1578947368421053 5.263157894736842 0 nan nan 0 0
3.1578947368421053 5.789473684210526 0 nan nan 0 0
3.1578947368421053 6.315789473684211 0 nan nan 0 0
3.1578947368421053 6.842105263157895 0 nan nan 0 0
3.1578947368421053 7.368421052631579 0 nan nan 0 0
3.1578947368421053 7.894736842105263 0 nan nan 0 0
3.1578947368421053 8.421052631578947 0 nan nan 0 0
3.1578947368421053 8.947368421052632 0 nan nan 0 0
3.1578947368421053 9.473684210526315 0 nan nan 0 0
4.7368421052631575 -9.473684210526315 0 -1.4997818168720578e+201 -2.9995636337441156e+201 0 0
4.7368421052631575 -8.947368421052632 0 1.3524298421633535e+214 2.704859684326707e+214 0 0
4.7368421052631575 -8.421052631578947 0 -6.573725903719916e+226 -1.3147451807439832e+227 0 0
4.7368421052631575 -7.894736842105263 0 1.0792162606393473e+239 2.1584325212786945e+239 0 0
4.7368421052631575 -7.368421052631579 0 -3.859973204334698e+250 -7.719946408669396e+250 0 0
4.7368421052631575 -6.842105263157895 0 1.8560434934381344e+261 3.712086986876269e+261 0 0
4.7368421052631575 -6.315789473684211 0 -5.143714876989155e+270 -1.028742975397831e+271 0 0
4.7368421052631575 -5.789473684210526 0 1.396084314130587e+279 2.792168628261174e+279 0 0
4.7368421052631575 -5.263157894736842 0 -4.159052946925534e+286 -8.318105893851068e+286 0 0
4.7368421052631575 -4.7368421052631575 0 -1.422764178779129e+293 -2.845528357558258e+293 0 0
4.7368421052631575 -4.2105263157894735 0 5.434718594341801e+300 1.0869437188683602e+301 0 0
4.7368421052631575 -3.6842105263157894 0 inf inf 0 0
4.7368421052631575 -3.1578947368421053 0 nan nan 0 0
4.7368421052631575 -2.631578947368421 0 nan nan 0 0
4.7368421052631575 -2.1052631578947367 0 nan nan 0 0
4.7368421052631575 -1.5789473684210527 0 nan nan 0 0
4.7368421052631575 -1.0526315789473684 0 nan nan 0 0
4.7368421052631575 -0.5263157894736842 1 nan nan 0 0.44019923434156283
4.7368421052631575 -0.0 1 nan nan 0 0.44019923434156283
4.7368421052631575 0.0 1 nan nan 0 0.44019923434156283
4.7368421052631575 0.5263157894736842 1 nan nan 0 0.44019923434156283
4.7368421052631575 1.0526315789473684 1 nan nan 0 0.44019923434156283
4.7368421052631575 1.5789473684210527 0 nan nan 0 0
4.7368421052631575 2.1052631578947367 0 nan nan 0 0
4.7368421052631575 2.631578947368421 0 nan nan 0 0
4.7368421052631575 3.1578947368421053 0 nan nan 0 0
4.7368421052631575 3.6842105263157894 0 nan nan 0 0
4.7368421052631575 4.2105263157894735 0 nan nan 0 0
4.7368421052631575 4.7368421052631575 0 nan nan 0 0
4.7368421052631575 5.263157894736842 0 nan nan 0 0
4.7368421052631575 5.789473684210526 0 nan nan 0 0
4.7368421052631575 6.315789473684211 0 nan nan 0 0
4.7368421052631575 6.842105263157895 0 nan nan 0 0
4.7368421052631575 7.368421052631579 0 nan nan 0 0
4.7368421052631575 7.894736842105263 0 nan nan 0 0
4.7368421052631575 8.421052631578947 0 nan nan 0 0
4.7368421052631575 8.947368421052632 0 nan nan 0 0
4.7368421052631575 9.473684210526315 0 nan nan 0 0
6.315789473684211 -9.473684210526315 0 7.664779591571856e+227 1.5329559183143715e+228 0 0
6.315789473684211 -8.947368421052632 0 -6.684523623668023e+242 -1.336904724733605e+243 0 0
6.315789473684211 -8.421052631578947 0 3.68838033373876e+257 7.376760667477522e+257 0 0
6.315789473684211 -7.894736842105263 0 -8.262393626992167e+271 -1.652478725398434e+272 0 0
6.315789473684211 -7.368421052631579 0 5.013071119941493e+285 1.0026142239882988e+286 0 0
6.315789473684211 -6.842105263157895 0 -5.353426111282866e+298 -1.0706852222565733e+299 0 0
6.315789473684211 -6.315789473684211 0 inf inf 0 0
6.315789473684211 -5.789473684210526 0 inf inf 0 0
6.315789473684211 -5.263157894736842 0 nan nan 0 0
6.315789473684211 -4.7368421052631575 0 nan nan 0 0
6.315789473684211 -4.2105263157894735 0 nan nan 0 0
6.315789473684211 -3.6842105263157894 0 nan nan 0 0
6.315789473684211 -3.1578947368421053 0 nan nan 0 0
6.315789473684211 -2.631578947368421 0 nan nan 0 0
6.315789473684211 -2.1052631578947367 0 nan nan 0 0
6.315789473684211 -1.5789473684210527 0 nan nan 0 0
6.315789473684211 -1.0526315789473684 0 nan nan 0 0
6.315789473684211 -0.5263157894736842 0 nan nan 0 0
6.315789473684211 -0.0 0 nan nan 0 0
6.315789473684211 0.0 0 nan nan 0 0
6.315789473684211 0.5263157894736842 1 nan nan 0 0.42107633066613637
6.315789473684211 1.0526315789473684 1 nan nan 0 0.42107633066613637
6.315789473684211 1.5789473684210527 1 nan nan 0 0.42107633066613637
6.315789473684211 2.1052631578947367 0 nan nan 0 0
6.315789473684211 2.631578947368421 0 nan nan 0 0
6.315789473684211 3.1578947368421053 0 nan nan 0 0
6.315789473684211 3.6842105263157894 0 nan nan 0 0
6.315789473684211 4.2105263157894735 0 nan nan 0 0
6.315789473684211 4.7368421052631575 0 nan nan 0 0
6.315789473684211 5.263157894736842 0 nan nan 0 0
6.315789473684211 5.789473684210526 0 nan nan 0 0
6.315789473684211 6.315789473684211 0 nan nan 0 0
6.315789473684211 6.842105263157895 0 nan nan 0 0
6.315789473684211 7.368421052631579 0 nan nan 0 0
6.315789473684211 7.894736842105263 0 nan nan 0 0
6.315789473684211 8.421052631578947 0 nan nan 0 0
6.315789473684211 8.947368421052632 0 nan nan 0 0
6.315789473684211 9.473684210526315 0 nan nan 0 0
7.894736842105264 -9.473684210526315 0 -2.1357161394191506e+254 -4.271432278838301e+254 0 0
7.894736842105264 -8.947368421052632 0 1.5734984199233906e+271 3.146996839846781e+271 0 0
7.894736842105264 -8.421052631578947 0 -8.643708546918318e+287 -1.7287417093836637e+288 0 0
7.894736842105264 -7.894736842105263 0 2.3242562906026904e+304 4.648512581205381e+304 0 0
7.894736842105264 -7.368421052631579 0 -inf -inf 0 0
7.894736842105264 -6.842105263157895 0 nan nan 0 0
7.894736842105264 -6.315789473684211 0 nan nan 0 0
7.894736842105264 -5.789473684210526 0 nan nan 0 0
7.894736842105264 -5.263157894736842 0 nan nan 0 0
7.894736842105264 -4.7368421052631575 0 nan nan 0 0
7.894736842105264 -4.2105263157894735 0 nan nan 0 0
7.894736842105264 -3.6842105263157894 0 nan nan 0 0
7.894736842105264 -3.1578947368421053 0 nan nan 0 0
7.894736842105264 -2.631578947368421 0 nan nan 0 0
7.894736842105264 -2.1052631578947367 0 nan nan 0 0
7.894736842105264 -1.5789473684210527 0 nan nan 0 0
7.894736842105264 -1.0526315789473684 0 nan nan 0 0
7.894736842105264 -0.5263157894736842 0 nan nan 0 0
7.894736842105264 -0.0 0 nan nan 0 0
7.894736842105264 0.0 0 nan nan 0 0
7.894736842105264 0.5263157894736842 0 nan nan 0 0
7.894736842105264 1.0526315789473684 0 nan nan 0 0
7.894736842105264 1.5789473684210527 1 nan nan 0 -0.3769104257514407
7.894736842105264 2.1052631578947367 1 nan nan 0 -0.3769104257514407
7.894736842105264 2.631578947368421 1 nan nan 0 -0.3769104257514407
7.894736842105264 3.1578947368421053 0 nan nan 0 0
7.894736842105264 3.6842105263157894 0 nan nan 0 0
7.894736842105264 4.2105263157894735 0 nan nan 0 0
7.894736842105264 4.7368421052631575 0 nan nan 0 0
7.894736842105264 5.263157894736842 0 nan nan 0 0
7.894736842105264 5.789473684210526 0 nan nan 0 0
7.894736842105264 6.315789473684211 0 nan nan 0 0
7.894736842105264 6.842105263157895 0 nan nan 0 0
7.894736842105264 7.368421052631579 0 nan nan 0 0
7.894736842105264 7.894736842105263 0 nan nan 0 0
7.894736842105264 8.421052631578947 0 nan nan 0 0
7.894736842105264 8.947368421052632 0 nan nan 0 0
7.894736842105264 9.473684210526315 0 nan nan 0 0
9.473684210526315 -9.473684210526315 0 5.039985007214704e+280 1.0079970014429407e+281 0 0
9.473684210526315 -8.947368421052632 0 -2.779786793683588e+299 -5.559573587367176e+299 0 0
9.473684210526315 -8.421052631578947 0 inf inf 0 0
9.473684210526315 -7.894736842105263 0 nan nan 0 0
9.473684210526315 -7.368421052631579 0 nan nan 0 0
9.473684210526315 -6.842105263157895 0 nan nan 0 0
9.473684210526315 -6.315789473684211 0 nan nan 0 0
9.473684210526315 -5.789473684210526 0 nan nan 0 0
9.473684210526315 -5.263157894736842 0 nan nan 0 0
9.473684210526315 -4.7368421052631575 0 nan nan 0 0
9.473684210526315 -4.2105263157894735 0 nan nan 0 0
9.473684210526315 -3.6842105263157894 0 nan nan 0 0
9.473684210526315 -3.1578947368421053 0 nan nan 0 0
9.473684210526315 -2.631578947368421 0 nan nan 0 0
9.473684210526315 -2.1052631578947367 0 nan nan 0 0
9.473684210526315 -1.5789473684210527 0 nan nan 0 0
9.473684210526315 -1.0526315789473684 0 nan nan 0 0
9.473684210526315 -0.5263157894736842 0 nan nan 0 0
9.473684210526315 -0.0 0 nan nan 0 0
9.473684210526315 0.0 0 nan nan 0 0
9.473684210526315 0.5263157894736842 0 nan nan 0 0
9.473684210526315 1.0526315789473684 0 nan nan 0 0
9.473684210526315 1.5789473684210527 0 nan nan 0 0
9.473684210526315 2.1052631578947367 0 nan nan 0 0
9.473684210526315 2.631578947368421 1 nan nan 0 -2.266410537795564
9.473684210526315 3.1578947368421053 1 nan nan 0 -2.266410537795564
9.473684210526315 3.6842105263157894 1 nan nan 0 -2.266410537795564
9.473684210526315 4.2105263157894735 0 nan nan 0 0
9.473684210526315 4.7368421052631575 0 nan nan 0 0
9.473684210526315 5.263157894736842 0 nan nan 0 0
9.473684210526315 5.789473684210526 0 nan nan 0 0
9.473684210526315 6.315789473684211 0 nan nan 0 0
9.473684210526315 6.842105263157895 0 nan nan 0 0
9.473684210526315 7.368421052631579 0 nan nan 0 0
9.473684210526315 7.894736842105263 0 nan nan 0 0
9.473684210526315 8.421052631578947 0 nan nan 0 0
9.473684210526315 8.947368421052632 0 nan nan 0 0
9.473684210526315 9.473684210526315 0 nan nan 0 0
11.052631578947368 -9.473684210526315 0 -inf -inf 0 0
11.052631578947368 -8.947368421052632 0 nan nan 0 0
11.052631578947368 -8.421052631578947 0 nan nan 0 0
11.052631578947368 -7.894736842105263 0 nan nan 0 0
11.052631578947368 -7.368421052631579 0 nan nan 0 0
11.052631578947368 -6.842105263157895 0 nan nan 0 0
11.052631578947368 -6.315789473684211 0 nan nan 0 0
11.052631578947368 -5.789473684210526 0 nan nan 0 0
11.052631578947368 -5.263157894736842 0 nan nan 0 0
11.052631578947368 -4.7368421052631575 0 nan nan 0 0
11.052631578947368 -4.2105263157894735 0 nan nan 0 0
11.052631578947368 -3.6842105263157894 0 nan nan 0 0
11.052631578947368 -3.1578947368421053 0 nan nan 0 0
11.052631578947368 -2.631578947368421 0 nan nan 0 0
11.052631578947368 -2.1052631578947367 0 nan nan 0 0
11.052631578947368 -1.5789473684210527 0 nan nan 0 0
11.052631578947368 -1.0526315789473684 0 nan nan 0 0
11.052631578947368 -0.5263157894736842 0 nan nan 0 0
11.052631578947368 -0.0 0 nan nan 0 0
11.052631578947368 0.0 0 nan nan 0 0
11.052631578947368 0.5263157894736842 0 nan nan 0 0
11.052631578947368 1.0526315789473684 0 nan nan 0 0
11.052631578947368 1.5789473684210527 0 nan nan 0 0
11.052631578947368 2.1052631578947367 0 nan nan 0 0
11.052631578947368 2.631578947368421 0 nan nan 0 0
11.052631578947368 3.1578947368421053 1 nan nan 0 -5.296217017184587
11.052631578947368 3.6842105263157894 1 nan nan 0 -5.296217017184587
11.052631578947368 4.2105263157894735 1 nan nan 0 -5.296217017184587
11.052631578947368 4.7368421052631575 0 nan nan 0 0
11.052631578947368 5.263157894736842 0 nan nan 0 0
11.052631578947368 5.789473684210526 0 nan nan 0 0
11.052631578947368 6.315789473684211 0 nan nan 0 0
11.052631578947368 6.842105263157895 0 nan nan 0 0
11.052631578947368 7.368421052631579 0 nan nan 0 0
11.052631578947368 7.894736842105263 0 nan nan 0 0
11.052631578947368 8.421052631578947 0 nan nan 0 0
11.052631578947368 8.947368421052632 0 nan nan 0 0
11.052631578947368 9.473684210526315 0 nan nan 0 0
12.631578947368421 -9.473684210526315 0 nan nan 0 0
12.631578947368421 -8.947368421052632 0 nan nan 0 0
12.631578947368421 -8.421052631578947 0 nan nan 0 0
12.631578947368421 -7.894736842105263 0 nan nan 0 0
12.631578947368421 -7.368421052631579 0 nan nan 0 0
12.631578947368421 -6.842105263157895 0 nan nan 0 0
12.631578947368421 -6.315789473684211 0 nan nan 0 0
12.631578947368421 -5.789473684210526 0 nan nan 0 0
12.631578947368421 -5.263157894736842 0 nan nan 0 0
12.631578947368421 -4.7368421052631575 0 nan nan 0 0
12.631578947368421 -4.2105263157894735 0 nan nan 0 0
12.631578947368421 -3.6842105263157894 0 nan nan 0 0
12.631578947368421 -3.1578947368421053 0 nan nan 0 0
12.631578947368421 -2.631578947368421 0 nan nan 0 0
12.631578947368421 -2.1052631578947367 0 nan nan 0 0
12.631578947368421 -1.5789473684210527 0 nan nan 0 0
12.631578947368421 -1.0526315789473684 0 nan nan 0 0
12.631578947368421 -0.5263157894736842 0 nan nan 0 0
12.631578947368421 -0.0 0 nan nan 0 0
12.631578947368421 0.0 0 nan nan 0 0
12.631578947368421 0.5263157894736842 0 nan nan 0 0
12.631578947368421 1.0526315789473684 0 nan nan 0 0
12.631578947368421 1.5789473684210527 0 nan nan 0 0
12.631578947368421 2.1052631578947367 0 nan nan 0 0
12.631578947368421 2.631578947368421 1 nan nan 0 -9.163029263048116
12.631578947368421 3.1578947368421053 1 nan nan 0 -9.163029263048116
12.631578947368421 3.6842105263157894 1 nan nan 0 -9.163029263048116
12.631578947368421 4.2105263157894735 0 nan nan 0 0
12.631578947368421 4.7368421052631575 0 nan nan 0 0
12.631578947368421 5.263157894736842 0 nan nan 0 0
12.631578947368421 5.789473684210526 0 nan nan 0 0
12.631578947368421 6.315789473684211 0 nan nan 0 0
12.631578947368421 6.842105263157895 0 nan nan 0 0
12.631578947368421 7.368421052631579 0 nan nan 0 0
12.631578947368421 7.894736842105263 0 nan nan 0 0
12.631578947368421 8.421052631578947 0 nan nan 0 0
12.631578947368421 8.947368421052632 0 nan nan 0 0
12.631578947368421 9.473684210526315 0 nan nan 0 0
14.210526315789474 -9.473684210526315 0 nan nan 0 0
14.210526315789474 -8.947368421052632 0 nan nan 0 0
14.210526315789474 -8.421052631578947 0 nan nan 0 0
14.210526315789474 -7.894736842105263 0 nan nan 0 0
14.210526315789474 -7.368421052631579 0 nan nan 0 0
14.210526315789474 -6.842105263157895 0 nan nan 0 0
14.210526315789474 -6.315789473684211 0 nan nan 0 0
14.210526315789474 -5.789473684210526 0 nan nan 0 0
14.210526315789474 -5.263157894736842 0 nan nan 0 0
14.210526315789474 -4.7368421052631575 0 nan nan 0 0
14.210526315789474 -4.2105263157894735 0 nan nan 0 0
14.210526315789474 -3.6842105263157894 0 nan nan 0 0
14.210526315789474 -3.1578947368421053 0 nan nan 0 0
14.210526315789474 -2.631578947368421 0 nan nan 0 0
14.210526315789474 -2.1052631578947367 0 nan nan 0 0
14.210526315789474 -1.5789473684210527 0 nan nan 0 0
14.210526315789474 -1.0526315789473684 0 nan nan 0 0
14.210526315789474 -0.5263157894736842 0 nan nan 0 0
14.210526315789474 -0.0 0 nan nan 0 0
14.210526315789474 0.0 0 nan nan 0 0
14.210526315789474 0.5263157894736842 0 nan nan 0 0
14.210526315789474 1.0526315789473684 0 nan nan 0 0
14.210526315789474 1.5789473684210527 0 nan nan 0 0
14.210526315789474 2.1052631578947367 0 nan nan 0 0
14.210526315789474 2.631578947368421 0 nan nan 0 0
14.210526315789474 3.1578947368421053 0 nan nan 0 0
14.210526315789474 3.6842105263157894 0 nan nan 0 0
14.210526315789474 4.2105263157894735 0 nan nan 0 0
14.210526315789474 4.7368421052631575 0 nan nan 0 0
14.210526315789474 5.263157894736842 0 nan nan 0 0
14.210526315789474 5.789473684210526 0 nan nan 0 0
14.210526315789474 6.315789473684211 0 nan nan 0 0
14.210526315789474 6.842105263157895 0 nan nan 0 0
14.210526315789474 7.368421052631579 0 nan nan 0 0
14.210526315789474 7.894736842105263 0 nan nan 0 0
14.210526315789474 8.421052631578947 0 nan nan 0 0
14.210526315789474 8.947368421052632 0 nan nan 0 0
14.210526315789474 9.473684210526315 0 nan nan 0 0
15.789473684210527 -9.473684210526315 0 nan nan 0 0
15.789473684210527 -8.947368421052632 0 nan nan 0 0
15.789473684210527 -8.421052631578947 0 nan nan 0 0
15.789473684210527 -7.894736842105263 0 nan nan 0 0
15.789473684210527 -7.368421052631579 0 nan nan 0 0
15.789473684210527 -6.842105263157895 0 nan nan 0 0
15.789473684210527 -6.315789473684211 0 nan nan 0 0
15.789473684210527 -5.789473684210526 0 nan nan 0 0
15.789473684210527 -5.263157894736842 0 nan nan 0 0
15.789473684210527 -4.7368421052631575 0 nan nan 0 0
15.789473684210527 -4.2105263157894735 0 nan nan 0 0
15.789473684210527 -3.6842105263157894 0 nan nan 0 0
15.789473684210527 -3.1578947368421053 0 nan nan 0 0
15.789473684210527 -2.631578947368421 0 nan nan 0 0
15.789473684210527 -2.1052631578947367 0 nan nan 0 0
15.789473684210527 -1.5789473684210527 0 nan nan 0 0
15.789473684210527 -1.0526315789473684 0 nan nan 0 0
15.789473684210527 -0.5263157894736842 0 nan nan 0 0
15.789473684210527 -0.0 0 nan nan 0 0
15.789473684210527 0.0 0 nan nan 0 0
15.789473684210527 0.5263157894736842 0 nan nan 0 0
15.789473684210527 1.0526315789473684 0 nan nan 0 0
15.789473684210527 1.5789473684210527 0 nan nan 0 0
15.789473684210527 2.1052631578947367 0 nan nan 0 0
15.789473684210527 2.631578947368421 0 nan nan 0 0
15.789473684210527 3.1578947368421053 0 nan nan 0 0
15.789473684210527 3.6842105263157894 0 nan nan 0 0
15.789473684210527 4.2105263157894735 0 nan nan 0 0
15.789473684210527 4.7368421052631575 0 nan nan 0 0
15.789473684210527 5.263157894736842 0 nan nan 0 0
15.789473684210527 5.789473684210526 0 nan nan 0 0
15.789473684210527 6.315789473684211 0 nan nan 0 0
15.789473684210527 6.842105263157895 0 nan nan 0 0
15.789473684210527 7.368421052631579 0 nan nan 0 0
15.789473684210527 7.894736842105263 0 nan nan 0 0
15.789473684210527 8.421052631578947 0 nan nan 0 0
15.789473684210527 8.947368421052632 0 nan nan 0 0
15.789473684210527 9.473684210526315 0 nan nan 0 0
17.36842105263158 -9.473684210526315 0 nan nan 0 0
17.36842105263158 -8.947368421052632 0 nan nan 0 0
17.36842105263158 -8.421052631578947 0 nan nan 0 0
17.36842105263158 -7.894736842105263 0 nan nan 0 0
17.36842105263158 -7.368421052631579 0 nan nan 0 0
17.36842105263158 -6.842105263157895 0 nan nan 0 0
17.36842105263158 -6.315789473684211 0 nan nan 0 0
17.36842105263158 -5.789473684210526 0 nan nan 0 0
17.36842105263158 -5.263157894736842 0 nan nan 0 0
17.36842105263158 -4.7368421052631575 0 nan nan 0 0
17.36842105263158 -4.2105263157894735 0 nan nan 0 0
17.36842105263158 -3.6842105263157894 0 nan nan 0 0
17.36842105263158 -3.1578947368421053 0 nan nan 0 0
17.36842105263158 -2.631578947368421 0 nan nan 0 0
17.36842105263158 -2.1052631578947367 0 nan nan 0 0
17.36842105263158 -1.5789473684210527 0 nan nan 0 0
17.36842105263158 -1.0526315789473684 0 nan nan 0 0
17.36842105263158 -0.5263157894736842 0 nan nan 0 0
17.36842105263158 -0.0 0 nan nan 0 0
17.36842105263158 0.0 0 nan nan 0 0
17.36842105263158 0.5263157894736842 0 nan nan 0 0
17.36842105263158 1.0526315789473684 0 nan nan 0 0
17.36842105263158 1.5789473684210527 0 nan nan 0 0
17.36842105263158 2.1052631578947367 0 nan nan 0 0
17.36842105263158 2.631578947368421 0 nan nan 0 0
17.36842105263158 3.1578947368421053 0 nan nan 0 0
17.36842105263158 3.6842105263157894 0 nan nan 0 0
17.36842105263158 4.2105263157894735 0 nan nan 0 0
17.36842105263158 4.7368421052631575 0 nan nan 0 0
17.36842105263158 5.263157894736842 0 nan nan 0 0
17.36842105263158 5.789473684210526 0 nan nan 0 0
17.36842105263158 6.315789473684211 0 nan nan 0 0
17.36842105263158 6.842105263157895 0 nan nan 0 0
17.36842105263158 7.368421052631579 0 nan nan 0 0
17.36842105263158 7.894736842105263 0 nan nan 0 0
17.36842105263158 8.421052631578947 0 nan nan 0 0
17.36842105263158 8.947368421052632 0 nan nan 0 0
17.36842105263158 9.473684210526315 0 nan nan 0 0
18.94736842105263 -9.473684210526315 0 nan nan 0 0
18.94736842105263 -8.947368421052632 0 nan nan 0 0
18.94736842105263 -8.421052631578947 0 nan nan 0 0
18.94736842105263 -7.894736842105263 0 nan nan 0 0
18.94736842105263 -7.368421052631579 0 nan nan 0 0
18.94736842105263 -6.842105263157895 0 nan nan 0 0
18.94736842105263 -6.315789473684211 0 nan nan 0 0
18.94736842105263 -5.789473684210526 0 nan nan 0 0
18.94736842105263 -5.263157894736842 0 nan nan 0 0
18.94736842105263 -4.7368421052631575 0 nan nan 0 0
18.94736842105263 -4.2105263157894735 0 nan nan 0 0
18.94736842105263 -3.6842105263157894 0 nan nan 0 0
18.94736842105263 -3.1578947368421053 0 nan nan 0 0
18.94736842105263 -2.631578947368421 0 nan nan 0 0
18.94736842105263 -2.1052631578947367 0 nan nan 0 0
18.94736842105263 -1.5789473684210527 0 nan nan 0 0
18.94736842105263 -1.0526315789473684 0 nan nan 0 0
18.94736842105263 -0.5263157894736842 0 nan nan 0 0
18.94736842105263 -0.0 0 nan nan 0 0
18.94736842105263 0.0 0 nan nan 0 0
18.94736842105263 0.5263157894736842 0 nan nan 0 0
18.94736842105263 1.0526315789473684 0 nan nan 0 0
18.94736842105263 1.5789473684210527 0 nan nan 0 0
18.94736842105263 2.1052631578947367 0 nan nan 0 0
18.94736842105263 2.631578947368421 0 nan nan 0 0
18.94736842105263 3.1578947368421053 0 nan nan 0 0
18.94736842105263 3.6842105263157894 0 nan nan 0 0
18.94736842105263 4.2105263157894735 0 nan nan 0 0
18.94736842105263 4.7368421052631575 0 nan nan 0 0
18.94736842105263 5.263157894736842 0 nan nan 0 0
18.94736842105263 5.789473684210526 0 nan nan 0 0
18.94736842105263 6.315789473684211 0 nan nan 0 0
18.94736842105263 6.842105263157895 0 nan nan 0 0
18.94736842105263 7.368421052631579 0 nan nan 0 0
18.94736842105263 7.894736842105263 0 nan nan 0 0
18.94736842105263 8.421052631578947 0 nan nan 0 0
18.94736842105263 8.947368421052632 0 nan nan 0 0
18.94736842105263 9.473684210526315 0 nan nan 0 0
20.526315789473685 -9.473684210526315 0 nan nan 0 0
20.526315789473685 -8.947368421052632 0 nan nan 0 0
20.526315789473685 -8.421052631578947 0 nan nan 0 0
20.526315789473685 -7.894736842105263 0 nan nan 0 0
20.526315789473685 -7.368421052631579 0 nan nan 0 0
20.526315789473685 -6.842105263157895 0 nan nan 0 0
20.526315789473685 -6.315789473684211 0 nan nan 0 0
20.526315789473685 -5.789473684210526 0 nan nan 0 0
20.526315789473685 -5.263157894736842 0 nan nan 0 0
20.526315789473685 -4.7368421052631575 0 nan nan 0 0
20.526315789473685 -4.2105263157894735 0 nan nan 0 0
20.526315789473685 -3.6842105263157894 0 nan nan 0 0
20.526315789473685 -3.1578947368421053 0 nan nan 0 0
20.526315789473685 -2.631578947368421 0 nan nan 0 0
20.526315789473685 -2.1052631578947367 0 nan nan 0 0
20.526315789473685 -1.5789473684210527 0 nan nan 0 0
20.526315789473685 -1.0526315789473684 0 nan nan 0 0
20.526315789473685 -0.5263157894736842 0 nan nan 0 0
20.526315789473685 -0.0 0 nan nan 0 0
20.526315789473685 0.0 0 nan nan 0 0
20.526315789473685 0.5263157894736842 0 nan nan 0 0
20.526315789473685 1.0526315789473684 0 nan nan 0 0
20.526315789473685 1.5789473684210527 0 nan nan 0 0
20.526315789473685 2.1052631578947367 0 nan nan 0 0
20.526315789473685 2.631578947368421 0 nan nan 0 0
20.526315789473685 3.1578947368421053 0 nan nan 0 0
20.526315789473685 3.6842105263157894 0 nan nan 0 0
20.526315789473685 4.2105263157894735 0 nan nan 0 0
20.526315789473685 4.7368421052631575 0 nan nan 0 0
20.526315789473685 5.263157894736842 0 nan nan 0 0
20.526315789473685 5.789473684210526 0 nan nan 0 0
20.526315789473685 6.315789473684211 0 nan nan 0 0
20.526315789473685 6.842105263157895 0 nan nan 0 0
20.526315789473685 7.368421052631579 0 nan nan 0 0
20.526315789473685 7.894736842105263 0 nan nan 0 0
20.526315789473685 8.421052631578947 0 nan nan 0 0
20.526315789473685 8.947368421052632 0 nan nan 0 0
20.526315789473685 9.473684210526315 0 nan nan 0 0
22.105263157894736 -9.473684210526315 0 nan nan 0 0
22.105263157894736 -8.947368421052632 0 nan nan 0 0
22.105263157894736 -8.421052631578947 0 nan nan 0 0
22.105263157894736 -7.894736842105263 0 nan nan 0 0
22.105263157894736 -7.368421052631579 0 nan nan 0 0
22.105263157894736 -6.842105263157895 0 nan nan 0 0
22.105263157894736 -6.315789473684211 0 nan nan 0 0
22.105263157894736 -5.789473684210526 0 nan nan 0 0
22.105263157894736 -5.263157894736842 0 nan nan 0 0
22.105263157894736 -4.7368421052631575 0 nan nan 0 0
22.105263157894736 -4.2105263157894735 0 nan nan 0 0
22.105263157894736 -3.6842105263157894 0 nan nan 0 0
22.105263157894736 -3.1578947368421053 0 nan nan 0 0
22.105263157894736 -2.631578947368421 0 nan nan 0 0
22.105263157894736 -2.1052631578947367 0 nan nan 0 0
22.105263157894736 -1.5789473684210527 0 nan nan 0 0
22.105263157894736 -1.0526315789473684 0 nan nan 0 0
22.105263157894736 -0.5263157894736842 0 nan nan 0 0
22.105263157894736 -0.0 0 nan nan 0 0
22.105263157894736 0.0 0 nan nan 0 0
22.105263157894736 0.5263157894736842 0 nan nan 0 0
22.105263157894736 1.0526315789473684 0 nan nan 0 0
22.105263157894736 1.5789473684210527 0 nan nan 0 0
22.105263157894736 2.1052631578947367 0 nan nan 0 0
22.105263157894736 2.631578947368421 0 nan nan 0 0
22.105263157894736 3.1578947368421053 0 nan nan 0 0
22.105263157894736 3.6842105263157894 0 nan nan 0 0
22.105263157894736 4.2105263157894735 0 nan nan 0 0
22.105263157894736 4.7368421052631575 0 nan nan 0 0
22.105263157894736 5.263157894736842 0 nan nan 0 0
22.105263157894736 5.789473684210526 0 nan nan 0 0
22.105263157894736 6.315789473684211 0 nan nan 0 0
22.105263157894736 6.842105263157895 0 nan nan 0 0
22.105263157894736 7.368421052631579 0 nan nan 0 0
22.105263157894736 7.894736842105263 0 nan nan 0 0
22.105263157894736 8.421052631578947 0 nan nan 0 0
22.105263157894736 8.947368421052632 0 nan nan 0 0
22.105263157894736 9.473684210526315 0 nan nan 0 0
23.68421052631579 -9.473684210526315 0 nan nan 0 0
23.68421052631579 -8.947368421052632 0 nan nan 0 0
23.68421052631579 -8.421052631578947 0 nan nan 0 0
23.68421052631579 -7.894736842105263 0 nan nan 0 0
23.68421052631579 -7.368421052631579 0 nan nan 0 0
23.68421052631579 -6.842105263157895 0 nan nan 0 0
23.68421052631579 -6.315789473684211 0 nan nan 0 0
23.68421052631579 -5.789473684210526 0 nan nan 0 0
23.68421052631579 -5.263157894736842 0 nan nan 0 0
23.68421052631579 -4.7368421052631575 0 nan nan 0 0
23.68421052631579 -4.2105263157894735 0 nan nan 0 0
23.68421052631579 -3.6842105263157894 0 nan nan 0 0
23.68421052631579 -3.1578947368421053 0 nan nan 0 0
23.68421052631579 -2.631578947368421 0 nan nan 0 0
23.68421052631579 -2.1052631578947367 0 nan nan 0 0
23.68421052631579 -1.5789473684210527 0 nan nan 0 0
23.68421052631579 -1.0526315789473684 0 nan nan 0 0
23.68421052631579 -0.5263157894736842 0 nan nan 0 0
23.68421052631579 -0.0 0 nan nan 0 0
23.68421052631579 0.0 0 nan nan 0 0
23.68421052631579 0.5263157894736842 0 nan nan 0 0
23.68421052631579 1.0526315789473684 0 nan nan 0 0
23.68421052631579 1.5789473684210527 0 nan nan 0 0
23.68421052631579 2.1052631578947367 0 nan nan 0 0
23.68421052631579 2.631578947368421 0 nan nan 0 0
23.68421052631579 3.1578947368421053 0 nan nan 0 0
23.68421052631579 3.6842105263157894 0 nan nan 0 0
23.68421052631579 4.2105263157894735 0 nan nan 0 0
23.68421052631579 4.7368421052631575 0 nan nan 0 0
23.68421052631579 5.263157894736842 0 nan nan 0 0
23.68421052631579 5.789473684210526 0 nan nan 0 0
23.68421052631579 6.315789473684211 0 nan nan 0 0
23.68421052631579 6.842105263157895 0 nan nan 0 0
23.68421052631579 7.368421052631579 0 nan nan 0 0
23.68421052631579 7.894736842105263 0 nan nan 0 0
23.68421052631579 8.421052631578947 0 nan nan 0 0
23.68421052631579 8.947368421052632 0 nan nan 0 0
23.68421052631579 9.473684210526315 0 nan nan 0 0
25.263157894736842 -9.473684210526315 0 nan nan 0 0
25.263157894736842 -8.947368421052632 0 nan nan 0 0
25.263157894736842 -8.421052631578947 0 nan nan 0 0
25.263157894736842 -7.894736842105263 0 nan nan 0 0
25.263157894736842 -7.368421052631579 0 nan nan 0 0
25.263157894736842 -6.842105263157895 0 nan nan 0 0
25.263157894736842 -6.315789473684211 0 nan nan 0 0
25.263157894736842 -5.789473684210526 0 nan nan 0 0
25.263157894736842 -5.263157894736842 0 nan nan 0 0
25.263157894736842 -4.7368421052631575 0 nan nan 0 0
25.263157894736842 -4.2105263157894735 0 nan nan 0 0
25.263157894736842 -3.6842105263157894 0 nan nan 0 0
25.263157894736842 -3.1578947368421053 0 nan nan 0 0
25.263157894736842 -2.631578947368421 0 nan nan 0 0
25.263157894736842 -2.1052631578947367 0 nan nan 0 0
25.263157894736842 -1.5789473684210527 0 nan nan 0 0
25.263157894736842 -1.0526315789473684 0 nan nan 0 0
25.263157894736842 -0.5263157894736842 0 nan nan 0 0
25.263157894736842 -0.0 0 nan nan 0 0
25.263157894736842 0.0 0 nan nan 0 0
25.263157894736842 0.5263157894736842 0 nan nan 0 0
25.263157894736842 1.0526315789473684 0 nan nan 0 0
25.263157894736842 1.5789473684210527 0 nan nan 0 0
25.263157894736842 2.1052631578947367 0 nan nan 0 0
25.263157894736842 2.631578947368421 0 nan nan 0 0
25.263157894736842 3.1578947368421053 0 nan nan 0 0
25.263157894736842 3.6842105263157894 0 nan nan 0 0
25.263157894736842 4.2105263157894735 0 nan nan 0 0
25.263157894736842 4.7368421052631575 0 nan nan 0 0
25.263157894736842 5.263157894736842 0 nan nan 0 0
25.263157894736842 5.789473684210526 0 nan nan 0 0
25.263157894736842 6.315789473684211 0 nan nan 0 0
25.263157894736842 6.842105263157895 0 nan nan 0 0
25.263157894736842 7.368421052631579 0 nan nan 0 0
25.263157894736842 7.894736842105263 0 nan nan 0 0
25.263157894736842 8.421052631578947 0 nan nan 0 0
25.263157894736842 8.947368421052632 0 nan nan 0 0
25.263157894736842 9.473684210526315 0 nan nan 0 0
26.842105263157894 -9.473684210526315 0 nan nan 0 0
26.842105263157894 -8.947368421052632 0 nan nan 0 0
26.842105263157894 -8.421052631578947 0 nan nan 0 0
26.842105263157894 -7.894736842105263 0 nan nan 0 0
26.842105263157894 -7.368421052631579 0 nan nan 0 0
26.842105263157894 -6.842105263157895 0 nan nan 0 0
26.842105263157894 -6.315789473684211 0 nan nan 0 0
26.842105263157894 -5.789473684210526 0 nan nan 0 0
26.842105263157894 -5.263157894736842 0 nan nan 0 0
26.842105263157894 -4.7368421052631575 0 nan nan 0 0
26.842105263157894 -4.2105263157894735 0 nan nan 0 0
26.842105263157894 -3.6842105263157894 0 nan nan 0 0
26.842105263157894 -3.1578947368421053 0 nan nan 0 0
26.842105263157894 -2.631578947368421 0 nan nan 0 0
26.842105263157894 -2.1052631578947367 0 nan nan 0 0
26.842105263157894 -1.5789473684210527 0 nan nan 0 0
26.842105263157894 -1.0526315789473684 0 nan nan 0 0
26.842105263157894 -0.5263157894736842 0 nan nan 0 0
26.842105263157894 -0.0 0 nan nan 0 0
26.842105263157894 0.0 0 nan nan 0 0
26.842105263157894 0.5263157894736842 0 nan nan 0 0
26.842105263157894 1.0526315789473684 0 nan nan 0 0
26.842105263157894 1.5789473684210527 0 nan nan 0 0
26.842105263157894 2.1052631578947367 0 nan nan 0 0
26.842105263157894 2.631578947368421 0 nan nan 0 0
26.842105263157894 3.1578947368421053 0 nan nan 0 0
26.842105263157894 3.6842105263157894 0 nan nan 0 0
26.842105263157894 4.2105263157894735 0 nan nan 0 0
26.842105263157894 4.7368421052631575 0 nan nan 0 0
26.842105263157894 5.263157894736842 0 nan nan 0 0
26.842105263157894 5.789473684210526 0 nan nan 0 0
26.842105263157894 6.315789473684211 0 nan nan 0 0
26.842105263157894 6.842105263157895 0 nan nan 0 0
26.842105263157894 7.368421052631579 0 nan nan 0 0
26.842105263157894 7.894736842105263 0 nan nan 0 0
26.842105263157894 8.421052631578947 0 nan nan 0 0
26.842105263157894 8.947368421052632 0 nan nan 0 0
26.842105263157894 9.473684210526315 0 nan nan 0 0
28.42105263157895 -9.473684210526315 0 nan nan 0 0
28.42105263157895 -8.947368421052632 0 nan nan 0 0
28.42105263157895 -8.421052631578947 0 nan nan 0 0
28.42105263157895 -7.894736842105263 0 nan nan 0 0
28.42105263157895 -7.368421052631579 0 nan nan 0 0
28.42105263157895 -6.842105263157895 0 nan nan 0 0
28.42105263157895 -6.315789473684211 0 nan nan 0 0
28.42105263157895 -5.789473684210526 0 nan nan 0 0
28.42105263157895 -5.263157894736842 0 nan nan 0 0
28.42105263157895 -4.7368421052631575 0 nan nan 0 0
28.42105263157895 -4.2105263157894735 0 nan nan 0 0
28.42105263157895 -3.6842105263157894 0 nan nan 0 0
28.42105263157895 -3.1578947368421053 0 nan nan 0 0
28.42105263157895 -2.631578947368421 0 nan nan 0 0
28.42105263157895 -2.1052631578947367 0 nan nan 0 0
28.42105263157895 -1.5789473684210527 0 nan nan 0 0
28.42105263157895 -1.0526315789473684 0 nan nan 0 0
28.42105263157895 -0.5263157894736842 0 nan nan 0 0
28.42105263157895 -0.0 0 nan nan 0 0
28.42105263157895 0.0 0 nan nan 0 0
28.42105263157895 0.5263157894736842 0 nan nan 0 0
28.42105263157895 1.0526315789473684 0 nan nan 0 0
28.42105263157895 1.5789473684210527 0 nan nan 0 0
28.42105263157895 2.1052631578947367 0 nan nan 0 0
28.42105263157895 2.631578947368421 0 nan nan 0 0
28.42105263157895 3.1578947368421053 0 nan nan 0 0
28.42105263157895 3.6842105263157894 0 nan nan 0 0
28.42105263157895 4.2105263157894735 0 nan nan 0 0
28.42105263157895 4.7368421052631575 0 nan nan 0 0
28.42105263157895 5.263157894736842 0 nan nan 0 0
28.42105263157895 5.789473684210526 0 nan nan 0 0
28.42105263157895 6.315789473684211 0 nan nan 0 0
28.42105263157895 6.842105263157895 0 nan nan 0 0
28.42105263157895 7.368421052631579 0 nan nan 0 0
28.42105263157895 7.894736842105263 0 nan nan 0 0
28.42105263157895 8.421052631578947 0 nan nan 0 0
28.42105263157895 8.947368421052632 0 nan nan 0 0
28.42105263157895 9.473684210526315 0 nan nan 0 0
