-47.63076923076923 -22.25 0.0 29 10.826541601606518 0.0 0.0 
-47.63076923076923 -17.8 0.0 35 6.828126570847633 0.0 0.0 
-47.63076923076923 -13.350000000000001 0.0 36 6.746632344017167 0.0 0.0 
-47.63076923076923 -8.9 0.0 37 6.453435549528144 0.0 0.0 
-47.63076923076923 -4.45 0.0 37 6.47988500077839 0.0 0.0 
-47.63076923076923 -0.0 0.0 36 6.209130629000356 0.0 0.0 
-47.63076923076923 0.0 0.0 36 5.780326532216407 0.0 0.0 
-47.63076923076923 4.45 0.0 35 5.330774073038471 0.0 0.0 
-47.63076923076923 8.9 0.0 35 4.418683766597505 0.0 0.0 
-47.63076923076923 13.350000000000001 0.0 33 2.814246250065179 0.0 0.0 
-47.63076923076923 17.8 0.0 31 0.6627600712020032 0.0 0.0 
-47.63076923076923 22.25 0.0 27 -5.5437939894036266 0.0 0.0 
-43.66153846153846 -22.25 0.0 13 -6.000737304793478 0.0 0.0 
-43.66153846153846 -17.8 0.0 16 -4.691360576980976 0.0 0.0 
-43.66153846153846 -13.350000000000001 0.0 15 -5.5252781771108985 0.0 0.0 
-43.66153846153846 -8.9 0.0 15 -5.111318325320817 0.0 0.0 
-43.66153846153846 -4.45 0.0 15 -5.056545173493674 0.0 0.0 
-43.66153846153846 -0.0 0.0 16 -5.200436468905872 0.0 0.0 
-43.66153846153846 0.0 0.0 16 -4.921591302573336 0.0 0.0 
-43.66153846153846 4.45 0.0 15 -4.6204202437785415 0.0 0.0 
-43.66153846153846 8.9 0.0 16 -4.846500837539667 0.0 0.0 
-43.66153846153846 13.350000000000001 0.0 16 -4.74677944278223 0.0 0.0 
-43.66153846153846 17.8 0.0 16 -4.401034310358729 0.0 0.0 
-43.66153846153846 22.25 0.0 14 -5.049719032573727 0.0 0.0 
-39.69230769230769 -22.25 0.0 24 -1.323923073122737 0.0 0.0 
-39.69230769230769 -17.8 0.0 26 -0.3513816100455578 0.0 0.0 
-39.69230769230769 -13.350000000000001 0.0 25 -0.8939494486525893 0.0 0.0 
-39.69230769230769 -8.9 0.0 26 -0.7129187836932845 0.0 0.0 
-39.69230769230769 -4.45 0.0 27 -1.1825852503403214 0.0 0.0 
-39.69230769230769 -0.0 0.0 26 -0.9028239556630886 0.0 0.0 
-39.69230769230769 0.0 0.0 26 -0.6380055445453261 0.0 0.0 
-39.69230769230769 4.45 0.0 26 -0.7996216894073984 0.0 0.0 
-39.69230769230769 8.9 0.0 26 -1.1528655042994504 0.0 0.0 
-39.69230769230769 13.350000000000001 0.0 24 -1.0718422956513949 0.0 0.0 
-39.69230769230769 17.8 0.0 24 -1.7180917507566102 0.0 0.0 
-39.69230769230769 22.25 0.0 21 -3.2424482846455316 0.0 0.0 
-35.723076923076924 -22.25 0.0 22 -4.751654786550244 0.0 0.0 
-35.723076923076924 -17.8 0.0 22 -2.29036071336351 0.0 0.0 
-35.723076923076924 -13.350000000000001 0.0 21 -3.3259610372343738 0.0 0.0 
-35.723076923076924 -8.9 0.0 21 -3.399107669414489 0.0 0.0 
-35.723076923076924 -4.45 0.0 21 -3.3901453313092924 0.0 0.0 
-35.723076923076924 -0.0 0.0 21 -3.065072862955008 0.0 0.0 
-35.723076923076924 0.0 0.0 21 -2.8393420082607514 0.0 0.0 
-35.723076923076924 4.45 0.0 22 -2.793241522734709 0.0 0.0 
-35.723076923076924 8.9 0.0 21 -2.435408105109228 0.0 0.0 
-35.723076923076924 13.350000000000001 0.0 21 -2.096666242902854 0.0 0.0 
-35.723076923076924 17.8 0.0 21 -2.429705083533009 0.0 0.0 
-35.723076923076924 22.25 0.0 19 -2.567227332592231 0.0 0.0 
-31.753846153846155 -22.25 0.0 24 -4.365175245860351 0.0 0.0 
-31.753846153846155 -17.8 0.0 23 -1.4342238671648975 0.0 0.0 
-31.753846153846155 -13.350000000000001 0.0 23 -2.795552296454983 0.0 0.0 
-31.753846153846155 -8.9 0.0 24 -2.868716834344306 0.0 0.0 
-31.753846153846155 -4.45 0.0 23 -2.865027145823184 0.0 0.0 
-31.753846153846155 -0.0 0.0 23 -2.828906744478021 0.0 0.0 
-31.753846153846155 0.0 0.0 23 -2.334243520278347 0.0 0.0 
-31.753846153846155 4.45 0.0 23 -1.7644034784376834 0.0 0.0 
-31.753846153846155 8.9 0.0 24 -1.6620186688299583 0.0 0.0 
-31.753846153846155 13.350000000000001 0.0 23 -1.3999213516591755 0.0 0.0 
-31.753846153846155 17.8 0.0 22 -1.8552424009732802 0.0 0.0 
-31.753846153846155 22.25 0.0 20 -1.7486622155635265 0.0 0.0 
-27.784615384615385 -22.25 0.0 25 -5.19747884167353 0.0 0.0 
-27.784615384615385 -17.8 0.0 24 -1.930943864880891 0.0 0.0 
-27.784615384615385 -13.350000000000001 0.0 23 -3.273146296120513 0.0 0.0 
-27.784615384615385 -8.9 0.0 23 -3.1116092239575024 0.0 0.0 
-27.784615384615385 -4.45 0.0 22 -3.460697514665368 0.0 0.0 
-27.784615384615385 -0.0 0.0 21 -3.213260661597215 0.0 0.0 
-27.784615384615385 0.0 0.0 21 -2.401233240173852 0.0 0.0 
-27.784615384615385 4.45 0.0 22 -1.6007389498658595 0.0 0.0 
-27.784615384615385 8.9 0.0 22 -1.46472566528844 0.0 0.0 
-27.784615384615385 13.350000000000001 0.0 22 -1.181407806593469 0.0 0.0 
-27.784615384615385 17.8 0.0 22 -1.9310490133578848 0.0 0.0 
-27.784615384615385 22.25 0.0 20 -1.1761739187503562 0.0 0.0 
-23.815384615384616 -22.25 0.0 25 -5.215012567026612 0.0 0.0 
-23.815384615384616 -17.8 0.0 24 -1.5761984890296672 0.0 0.0 
-23.815384615384616 -13.350000000000001 0.0 24 -3.0311484146688197 0.0 0.0 
-23.815384615384616 -8.9 0.0 24 -3.241305076501143 0.0 0.0 
-23.815384615384616 -4.45 0.0 23 -3.7322578122183394 0.0 0.0 
-23.815384615384616 -0.0 0.0 20 -4.138117721679576 0.0 0.0 
-23.815384615384616 0.0 0.0 20 -2.9172289686787494 0.0 0.0 
-23.815384615384616 4.45 0.0 23 -1.4564856875074474 0.0 0.0 
-23.815384615384616 8.9 0.0 23 -1.5648941535186687 0.0 0.0 
-23.815384615384616 13.350000000000001 0.0 23 -1.1361356842814487 0.0 0.0 
-23.815384615384616 17.8 0.0 22 -1.8408158676483826 0.0 0.0 
-23.815384615384616 22.25 0.0 21 -0.6111784103613827 0.0 0.0 
-19.846153846153847 -22.25 0.0 26 -5.155864451650479 0.0 0.0 
-19.846153846153847 -17.8 0.0 24 -1.4558417025842707 0.0 0.0 
-19.846153846153847 -13.350000000000001 0.0 25 -3.2252983831906707 0.0 0.0 
-19.846153846153847 -8.9 0.0 24 -3.1128205284385566 0.0 0.0 
-19.846153846153847 -4.45 0.0 23 -4.095031926139428 0.0 0.0 
-19.846153846153847 -0.0 0.0 20 -4.514512039625372 0.0 0.0 
-19.846153846153847 0.0 0.0 20 -1.8050994305556518 0.0 0.0 
-19.846153846153847 4.45 0.0 22 -0.5991159788986258 0.0 0.0 
-19.846153846153847 8.9 0.0 22 -1.3001574725410696 0.0 0.0 
-19.846153846153847 13.350000000000001 0.0 23 -0.7770606676804089 0.0 0.0 
-19.846153846153847 17.8 0.0 22 -1.6256269550709133 0.0 0.0 
-19.846153846153847 22.25 0.0 21 -0.3612884575363239 0.0 0.0 
-15.876923076923077 -22.25 0.0 26 -5.366844443523733 0.0 0.0 
-15.876923076923077 -17.8 0.0 25 -1.6119272638496553 0.0 0.0 
-15.876923076923077 -13.350000000000001 0.0 25 -2.9887907263001097 0.0 0.0 
-15.876923076923077 -8.9 0.0 25 -2.267019978744598 0.0 0.0 
-15.876923076923077 -4.45 0.0 24 -3.324242641258708 0.0 0.0 
-15.876923076923077 4.45 0.0 25 0.3580469720325468 0.0 0.0 
-15.876923076923077 8.9 0.0 23 -0.28944316431725786 0.0 0.0 
-15.876923076923077 13.350000000000001 0.0 23 -0.35717016405585383 0.0 0.0 
-15.876923076923077 17.8 0.0 22 -1.340188022626582 0.0 0.0 
-15.876923076923077 22.25 0.0 21 -0.3472506080052423 0.0 0.0 
-11.907692307692308 -22.25 0.0 26 -5.3932306555641345 0.0 0.0 
-11.907692307692308 -17.8 0.0 25 -1.4275976980401077 0.0 0.0 
-11.907692307692308 -13.350000000000001 0.0 25 -2.487354013097871 0.0 0.0 
-11.907692307692308 -8.9 0.0 25 -1.5791904296825745 0.0 0.0 
-11.907692307692308 -4.45 0.0 25 -1.7629337941940881 0.0 0.0 
-11.907692307692308 4.45 0.0 25 -0.5237582231377943 0.0 0.0 
-11.907692307692308 8.9 0.0 24 -0.31265272158233726 0.0 0.0 
-11.907692307692308 13.350000000000001 0.0 24 -0.550902117783249 0.0 0.0 
-11.907692307692308 17.8 0.0 22 -1.3155839172730646 0.0 0.0 
-11.907692307692308 22.25 0.0 21 -0.19851527345196243 0.0 0.0 
-7.938461538461539 -22.25 0.0 26 -5.24844843321113 0.0 0.0 
-7.938461538461539 -17.8 0.0 25 -1.2369122874434888 0.0 0.0 
-7.938461538461539 -13.350000000000001 0.0 25 -2.2231084753732464 0.0 0.0 
-7.938461538461539 -8.9 0.0 25 -1.4177955846327834 0.0 0.0 
-7.938461538461539 -4.45 0.0 24 -1.3807328980323526 0.0 0.0 
-7.938461538461539 4.45 0.0 26 -1.0202545352335564 0.0 0.0 
-7.938461538461539 8.9 0.0 24 -0.774370908918372 0.0 0.0 
-7.938461538461539 13.350000000000001 0.0 23 -0.4819160875336675 0.0 0.0 
-7.938461538461539 17.8 0.0 22 -1.2997618227921932 0.0 0.0 
-7.938461538461539 22.25 0.0 22 -0.08059990317332796 0.0 0.0 
-3.9692307692307693 -22.25 0.0 26 -5.159496478946276 0.0 0.0 
-3.9692307692307693 -17.8 0.0 25 -1.0468090608759464 0.0 0.0 
-3.9692307692307693 -13.350000000000001 0.0 25 -1.995306489624297 0.0 0.0 
-3.9692307692307693 -8.9 0.0 25 -1.0414682787154614 0.0 0.0 
-3.9692307692307693 -4.45 0.0 25 -0.9689127919619234 0.0 0.0 
-3.9692307692307693 4.45 0.0 26 -1.7821657089799912 0.0 0.0 
-3.9692307692307693 8.9 0.0 24 -1.0253454462925014 0.0 0.0 
-3.9692307692307693 13.350000000000001 0.0 23 -0.41148763400832095 0.0 0.0 
-3.9692307692307693 17.8 0.0 23 -1.6411405610347347 0.0 0.0 
-3.9692307692307693 22.25 0.0 22 -0.1124444140280638 0.0 0.0 
-0.0 -22.25 0.0 26 -5.186009653720364 0.0 0.0 
-0.0 -17.8 0.0 25 -1.0915233109633289 0.0 0.0 
-0.0 -13.350000000000001 0.0 24 -1.8670423360216712 0.0 0.0 
-0.0 -8.9 0.0 25 -1.0260379175120398 0.0 0.0 
-0.0 -4.45 0.0 25 -0.7320980800547052 0.0 0.0 
-0.0 4.45 0.0 26 -2.1813639202919073 0.0 0.0 
-0.0 8.9 0.0 24 -1.142526318275332 0.0 0.0 
-0.0 13.350000000000001 0.0 23 -0.8760650190027608 0.0 0.0 
-0.0 17.8 0.0 22 -1.8717615877030602 0.0 0.0 
-0.0 22.25 0.0 21 -0.03771280917765334 0.0 0.0 
0.0 -22.25 0.0 26 -5.293774720136948 0.0 0.0 
0.0 -17.8 0.0 24 -1.2057284102876604 0.0 0.0 
0.0 -13.350000000000001 0.0 23 -1.9893784266844674 0.0 0.0 
0.0 -8.9 0.0 24 -0.9268140770702034 0.0 0.0 
0.0 -4.45 0.0 25 0.37873871008778315 0.0 0.0 
0.0 4.45 0.0 24 -3.093547639265223 0.0 0.0 
0.0 8.9 0.0 23 -1.5036876280171532 0.0 0.0 
0.0 13.350000000000001 0.0 23 -1.2946937057134136 0.0 0.0 
0.0 17.8 0.0 21 -1.7644278043556538 0.0 0.0 
0.0 22.25 0.0 22 0.012261560537298342 0.0 0.0 
3.9692307692307693 -22.25 0.0 26 -5.564078549617908 0.0 0.0 
3.9692307692307693 -17.8 0.0 24 -1.51021605253832 0.0 0.0 
3.9692307692307693 -13.350000000000001 0.0 23 -2.313096643221803 0.0 0.0 
3.9692307692307693 -8.9 0.0 22 -0.4700041144111823 0.0 0.0 
3.9692307692307693 -4.45 0.0 22 0.6617338001548242 0.0 0.0 
3.9692307692307693 4.45 0.0 26 -2.9043728311210746 0.0 0.0 
3.9692307692307693 8.9 0.0 23 -0.5141965136982952 0.0 0.0 
3.9692307692307693 13.350000000000001 0.0 23 -0.9334238340434842 0.0 0.0 
3.9692307692307693 17.8 0.0 22 -1.4976144587731974 0.0 0.0 
3.9692307692307693 22.25 0.0 21 0.322995113992796 0.0 0.0 
7.938461538461539 -22.25 0.0 26 -5.666494548168453 0.0 0.0 
7.938461538461539 -17.8 0.0 23 -1.4716342359271548 0.0 0.0 
7.938461538461539 -13.350000000000001 0.0 22 -2.45550784111823 0.0 0.0 
7.938461538461539 -8.9 0.0 21 -1.8757249325966028 0.0 0.0 
7.938461538461539 -4.45 0.0 18 -1.9514478902179726 0.0 0.0 
7.938461538461539 -0.0 0.0 16 -4.191763170083439 0.0 0.0 
7.938461538461539 0.0 0.0 22 -5.7447276087397015 0.0 0.0 
7.938461538461539 4.45 0.0 26 -3.925036696398104 0.0 0.0 
7.938461538461539 8.9 0.0 22 -2.186410484494794 0.0 0.0 
7.938461538461539 13.350000000000001 0.0 22 -1.1899766216433505 0.0 0.0 
7.938461538461539 17.8 0.0 21 -1.525040672465736 0.0 0.0 
7.938461538461539 22.25 0.0 21 0.31159725775944436 0.0 0.0 
11.907692307692308 -22.25 0.0 26 -6.058594401984721 0.0 0.0 
11.907692307692308 -17.8 0.0 23 -1.8082215849035834 0.0 0.0 
11.907692307692308 -13.350000000000001 0.0 22 -2.960533902299926 0.0 0.0 
11.907692307692308 -8.9 0.0 21 -2.4710543681255377 0.0 0.0 
11.907692307692308 -4.45 0.0 19 -2.6553987562293155 0.0 0.0 
11.907692307692308 -0.0 0.0 16 -4.874746978849453 0.0 0.0 
11.907692307692308 0.0 0.0 18 -5.687468548732252 0.0 0.0 
11.907692307692308 4.45 0.0 22 -3.411861606468887 0.0 0.0 
11.907692307692308 8.9 0.0 21 -2.060815750197407 0.0 0.0 
11.907692307692308 13.350000000000001 0.0 22 -1.3084566570181604 0.0 0.0 
11.907692307692308 17.8 0.0 21 -1.6730187584626157 0.0 0.0 
11.907692307692308 22.25 0.0 21 0.09191773911120671 0.0 0.0 
15.876923076923077 -22.25 0.0 26 -6.54033327738528 0.0 0.0 
15.876923076923077 -17.8 0.0 23 -2.304406458032531 0.0 0.0 
15.876923076923077 -13.350000000000001 0.0 21 -3.5530583940707077 0.0 0.0 
15.876923076923077 -8.9 0.0 21 -3.0866884026167236 0.0 0.0 
15.876923076923077 -4.45 0.0 20 -3.096752360348854 0.0 0.0 
15.876923076923077 -0.0 0.0 20 -3.850730820072893 0.0 0.0 
15.876923076923077 0.0 0.0 20 -4.210670540722861 0.0 0.0 
15.876923076923077 4.45 0.0 21 -3.1024310887046838 0.0 0.0 
15.876923076923077 8.9 0.0 21 -2.4934315642409532 0.0 0.0 
15.876923076923077 13.350000000000001 0.0 21 -1.4697795935344382 0.0 0.0 
15.876923076923077 17.8 0.0 21 -1.8945805847817319 0.0 0.0 
15.876923076923077 22.25 0.0 21 -0.06422796717570103 0.0 0.0 
19.846153846153847 -22.25 0.0 25 -6.850278060028355 0.0 0.0 
19.846153846153847 -17.8 0.0 22 -2.8651869113945554 0.0 0.0 
19.846153846153847 -13.350000000000001 0.0 21 -4.10303503367859 0.0 0.0 
19.846153846153847 -8.9 0.0 20 -3.5680544809540042 0.0 0.0 
19.846153846153847 -4.45 0.0 20 -3.761546338161412 0.0 0.0 
19.846153846153847 -0.0 0.0 18 -3.9429146758894222 0.0 0.0 
19.846153846153847 0.0 0.0 18 -3.7675338946896213 0.0 0.0 
19.846153846153847 4.45 0.0 20 -3.166638348933464 0.0 0.0 
19.846153846153847 8.9 0.0 20 -2.622153649323788 0.0 0.0 
19.846153846153847 13.350000000000001 0.0 20 -1.2993368591154812 0.0 0.0 
19.846153846153847 17.8 0.0 20 -1.9754352985178087 0.0 0.0 
19.846153846153847 22.25 0.0 21 0.04424616269430228 0.0 0.0 
23.815384615384616 -22.25 0.0 25 -7.352515427544523 0.0 0.0 
23.815384615384616 -17.8 0.0 22 -3.393269378817314 0.0 0.0 
23.815384615384616 -13.350000000000001 0.0 21 -4.444414438015986 0.0 0.0 
23.815384615384616 -8.9 0.0 21 -4.100131642920499 0.0 0.0 
23.815384615384616 -4.45 0.0 19 -4.144854812848341 0.0 0.0 
23.815384615384616 -0.0 0.0 19 -4.068301299938399 0.0 0.0 
23.815384615384616 0.0 0.0 19 -3.85497066195396 0.0 0.0 
23.815384615384616 4.45 0.0 20 -3.3153730327827415 0.0 0.0 
23.815384615384616 8.9 0.0 19 -2.363463499711998 0.0 0.0 
23.815384615384616 13.350000000000001 0.0 20 -1.4479736300599348 0.0 0.0 
23.815384615384616 17.8 0.0 20 -2.071489636220176 0.0 0.0 
23.815384615384616 22.25 0.0 21 0.37264573701214454 0.0 0.0 
27.784615384615385 -22.25 0.0 24 -8.030181277682377 0.0 0.0 
27.784615384615385 -17.8 0.0 22 -3.819812830425848 0.0 0.0 
27.784615384615385 -13.350000000000001 0.0 21 -4.9852539310331165 0.0 0.0 
27.784615384615385 -8.9 0.0 20 -4.408741255779858 0.0 0.0 
27.784615384615385 -4.45 0.0 19 -4.401195363143369 0.0 0.0 
27.784615384615385 -0.0 0.0 18 -3.8359544626923805 0.0 0.0 
27.784615384615385 0.0 0.0 18 -3.4419433006848803 0.0 0.0 
27.784615384615385 4.45 0.0 19 -2.9311917414810913 0.0 0.0 
27.784615384615385 8.9 0.0 19 -2.392476033786211 0.0 0.0 
27.784615384615385 13.350000000000001 0.0 20 -1.6456637682611113 0.0 0.0 
27.784615384615385 17.8 0.0 19 -1.75228759054571 0.0 0.0 
27.784615384615385 22.25 0.0 20 0.5178605231932115 0.0 0.0 
31.753846153846155 -22.25 0.0 24 -8.419832045319671 0.0 0.0 
31.753846153846155 -17.8 0.0 21 -4.0148325710387 0.0 0.0 
31.753846153846155 -13.350000000000001 0.0 20 -5.00465688185336 0.0 0.0 
31.753846153846155 -8.9 0.0 20 -4.444589186812792 0.0 0.0 
31.753846153846155 -4.45 0.0 19 -4.100218301008914 0.0 0.0 
31.753846153846155 -0.0 0.0 19 -3.7898669466772876 0.0 0.0 
31.753846153846155 0.0 0.0 19 -3.7515337598143073 0.0 0.0 
31.753846153846155 4.45 0.0 18 -3.0867728602105853 0.0 0.0 
31.753846153846155 8.9 0.0 19 -2.5141746582899027 0.0 0.0 
31.753846153846155 13.350000000000001 0.0 19 -1.41938725791628 0.0 0.0 
31.753846153846155 17.8 0.0 19 -1.7539804260731753 0.0 0.0 
31.753846153846155 22.25 0.0 20 0.5775012309618166 0.0 0.0 
35.723076923076924 -22.25 0.0 24 -8.809355432627068 0.0 0.0 
35.723076923076924 -17.8 0.0 21 -4.328294448749962 0.0 0.0 
35.723076923076924 -13.350000000000001 0.0 20 -5.304710483593432 0.0 0.0 
35.723076923076924 -8.9 0.0 20 -4.8098586110534844 0.0 0.0 
35.723076923076924 -4.45 0.0 19 -4.436697338029298 0.0 0.0 
35.723076923076924 -0.0 0.0 19 -4.231560119375579 0.0 0.0 
35.723076923076924 0.0 0.0 19 -3.788892485830251 0.0 0.0 
35.723076923076924 4.45 0.0 18 -3.07171466005556 0.0 0.0 
35.723076923076924 8.9 0.0 18 -2.5932823027836056 0.0 0.0 
35.723076923076924 13.350000000000001 0.0 18 -1.584663609776754 0.0 0.0 
35.723076923076924 17.8 0.0 18 -1.9251618388320153 0.0 0.0 
35.723076923076924 22.25 0.0 20 0.7884368701885831 0.0 0.0 
39.69230769230769 -22.25 0.0 26 -8.746049675911738 0.0 0.0 
39.69230769230769 -17.8 0.0 22 -3.6625457194005726 0.0 0.0 
39.69230769230769 -13.350000000000001 0.0 22 -4.811898361478597 0.0 0.0 
39.69230769230769 -8.9 0.0 21 -4.086462192447779 0.0 0.0 
39.69230769230769 -4.45 0.0 20 -3.649838778874673 0.0 0.0 
39.69230769230769 -0.0 0.0 20 -3.4116145932177306 0.0 0.0 
39.69230769230769 0.0 0.0 19 -2.9689669696300096 0.0 0.0 
39.69230769230769 4.45 0.0 19 -2.9523589031229784 0.0 0.0 
39.69230769230769 8.9 0.0 19 -2.645696516013437 0.0 0.0 
39.69230769230769 13.350000000000001 0.0 19 -1.7809761016046741 0.0 0.0 
39.69230769230769 17.8 0.0 19 -1.9380812628218687 0.0 0.0 
39.69230769230769 22.25 0.0 20 0.9098702617035683 0.0 0.0 
43.66153846153846 -22.25 0.0 17 -10.961748107391434 0.0 0.0 
43.66153846153846 -17.8 0.0 13 -7.081696166653402 0.0 0.0 
43.66153846153846 -13.350000000000001 0.0 12 -8.384585676505129 0.0 0.0 
43.66153846153846 -8.9 0.0 12 -7.5402557722682815 0.0 0.0 
43.66153846153846 -4.45 0.0 11 -7.274406187543604 0.0 0.0 
43.66153846153846 -0.0 0.0 10 -6.894195895729476 0.0 0.0 
43.66153846153846 0.0 0.0 10 -6.896956721556809 0.0 0.0 
43.66153846153846 4.45 0.0 10 -6.862219186112151 0.0 0.0 
43.66153846153846 8.9 0.0 10 -6.381974855036607 0.0 0.0 
43.66153846153846 13.350000000000001 0.0 11 -5.522910112402544 0.0 0.0 
43.66153846153846 17.8 0.0 11 -5.401747413806433 0.0 0.0 
43.66153846153846 22.25 0.0 12 -2.221841781038495 0.0 0.0 
47.63076923076923 -22.25 0.0 36 -7.260807189879668 0.0 0.0 
47.63076923076923 -17.8 0.0 32 -0.843744720207408 0.0 0.0 
47.63076923076923 -13.350000000000001 0.0 32 -1.0267646225004095 0.0 0.0 
47.63076923076923 -8.9 0.0 31 -0.34767742487888037 0.0 0.0 
47.63076923076923 -4.45 0.0 30 -0.30246229842559913 0.0 0.0 
47.63076923076923 -0.0 0.0 30 -0.43396826007869654 0.0 0.0 
47.63076923076923 0.0 0.0 29 -0.7084114859381319 0.0 0.0 
47.63076923076923 4.45 0.0 28 -0.6581971987972819 0.0 0.0 
47.63076923076923 8.9 0.0 27 -0.5944011371142455 0.0 0.0 
47.63076923076923 13.350000000000001 0.0 26 -0.038850510550798384 0.0 0.0 
47.63076923076923 17.8 0.0 24 -0.4632937798348432 0.0 0.0 
47.63076923076923 22.25 0.0 24 5.5876039531596975 0.0 0.0 
