-28.42105263157895 -9.473684210526315 0 -19.8163573963133 -91.63271479262662 0
-28.42105263157895 -8.947368421052632 0 16.75363130322864 -18.49273739354271 0
-28.42105263157895 -8.421052631578947 0 59.93985307155827 67.87970614311654 0
-28.42105263157895 -7.894736842105263 0 59.35236793893191 66.70473587786384 0
-28.42105263157895 -7.368421052631579 0 37.0946725708505 22.189345141700997 0
-28.42105263157895 -6.842105263157895 0 14.969855440511287 -22.06028911897743 0
-28.42105263157895 -6.315789473684211 0 1.4886549881983235 -49.02269002360336 0
-28.42105263157895 -5.789473684210526 0 -4.459270459438727 -60.91854091887747 0
-28.42105263157895 -5.263157894736842 0 -6.3171293150724 -64.63425863014481 0
-28.42105263157895 -4.7368421052631575 0 -6.563816604062296 -65.12763320812459 0
-28.42105263157895 -4.2105263157894735 0 -6.38577528444122 -64.77155056888245 0
-28.42105263157895 -3.6842105263157894 0 -6.193826793529926 -64.38765358705987 0
-28.42105263157895 -3.1578947368421053 0 -6.072909896513419 -64.14581979302685 0
-28.42105263157895 -2.631578947368421 0 -6.010938780287603 -64.02187756057518 0
-28.42105263157895 -2.1052631578947367 0 -5.982821534620918 -63.96564306924185 0
-28.42105263157895 -1.5789473684210527 0 -5.971113948387899 -63.94222789677579 0
-28.42105263157895 -1.0526315789473684 0 -5.966554477774505 -63.933108955549 0
-28.42105263157895 -0.5263157894736842 0 -5.964875253619319 -63.92975050723865 0
-28.42105263157895 -0.0 0 -5.9642865747301315 -63.92857314946026 0
-28.42105263157895 0.0 0 -5.9640894706971075 -63.928178941394215 0
-28.42105263157895 0.5263157894736842 0 -5.964026394175466 -63.928052788350925 0
-28.42105263157895 1.0526315789473684 0 -5.964007144613099 -63.92801428922623 0
-28.42105263157895 1.5789473684210527 0 -5.964001578326364 -63.928003156652736 0
-28.42105263157895 2.1052631578947367 0 -5.964000074180969 -63.92800014836194 0
-28.42105263157895 2.631578947368421 0 -5.963999705689407 -63.927999411378806 0
-28.42105263157895 3.1578947368421053 0 -5.963999630085947 -63.9279992601719 0
-28.42105263157895 3.6842105263157894 0 -5.963999620860125 -63.927999241720244 0
-28.42105263157895 4.2105263157894735 0 -5.963999622965002 -63.927999245929975 0
-28.42105263157895 4.7368421052631575 0 -5.963999625282423 -63.927999250564824 0
-28.42105263157895 5.263157894736842 0 -5.963999626540112 -63.927999253080216 0
-28.42105263157895 5.789473684210526 0 -5.963999627099316 -63.92799925419864 0
-28.42105263157895 6.315789473684211 0 -5.963999627324327 -63.92799925464868 0
-28.42105263157895 6.842105263157895 0 -5.963999627409439 -63.92799925481887 0
-28.42105263157895 7.368421052631579 0 -5.960122077894344 -63.92024415578868 0
-28.42105263157895 7.894736842105263 0 -5.8900187575133 -63.780037515026606 0
-28.42105263157895 8.421052631578947 0 -4.8630379413176605 -61.72607588263533 0
-28.42105263157895 8.947368421052632 0 5.971797567458822 -40.056404865082364 0
-28.42105263157895 9.473684210526315 0 27.413629634151462 2.8272592683029316 0
-26.842105263157894 -9.473684210526315 0 -33.400086728044194 -118.80017345608837 0
-26.842105263157894 -8.947368421052632 0 -121.46724754205015 -294.93449508410026 0
-26.842105263157894 -8.421052631578947 0 -45.908076807929405 -143.8161536158588 0
-26.842105263157894 -7.894736842105263 0 18.397336321443852 -15.205327357112296 0
-26.842105263157894 -7.368421052631579 0 37.789144980465196 23.578289960930377 0
-26.842105263157894 -6.842105263157895 0 21.276919975729832 -9.446160048540321 0
-26.842105263157894 -6.315789473684211 0 -9.587572792806906 -71.17514558561378 0
-26.842105263157894 -5.789473684210526 0 -36.5011077590419 -125.00221551808382 0
-26.842105263157894 -5.263157894736842 0 -53.2639806646832 -158.5279613293664 0
-26.842105263157894 -4.7368421052631575 0 -61.59014776322583 -175.18029552645166 0
-26.842105263157894 -4.2105263157894735 0 -65.00285648387205 -182.00571296774413 0
-26.842105263157894 -3.6842105263157894 0 -66.13062308524965 -184.2612461704993 0
-26.842105263157894 -3.1578947368421053 0 -66.38653398509952 -184.7730679701991 0
-26.842105263157894 -2.631578947368421 0 -66.38209820284789 -184.76419640569583 0
-26.842105263157894 -2.1052631578947367 0 -66.33248789095838 -184.66497578191678 0
-26.842105263157894 -1.5789473684210527 0 -66.29408246616829 -184.58816493233664 0
-26.842105263157894 -1.0526315789473684 0 -66.27239286847623 -184.5447857369524 0
-26.842105263157894 -0.5263157894736842 0 -66.26185333717083 -184.5237066743416 0
-26.842105263157894 -0.0 0 -66.25719847397154 -184.51439694794308 0
-26.842105263157894 0.0 0 -66.25528102822224 -184.51056205644448 0
-26.842105263157894 0.5263157894736842 0 -66.25453355825891 -184.50906711651785 0
-26.842105263157894 1.0526315789473684 0 -66.25425526818404 -184.50851053636808 0
-26.842105263157894 1.5789473684210527 0 -66.2541556979325 -184.508311395865 0
-26.842105263157894 2.1052631578947367 0 -66.25412130893255 -184.5082426178651 0
-26.842105263157894 2.631578947368421 0 -66.25410980552479 -184.50821961104958 0
-26.842105263157894 3.1578947368421053 0 -66.25410606844049 -184.508212136881 0
-26.842105263157894 3.6842105263157894 0 -66.25410488647726 -184.50820977295456 0
-26.842105263157894 4.2105263157894735 0 -66.25410452159429 -184.50820904318857 0
-26.842105263157894 4.7368421052631575 0 -66.2541044113006 -184.50820882260126 0
-26.842105263157894 5.263157894736842 0 -66.25410437851406 -184.50820875702814 0
-26.842105263157894 5.789473684210526 0 -66.25410436886719 -184.50820873773435 0
-26.842105263157894 6.315789473684211 0 -66.2541043660311 -184.50820873206223 0
-26.842105263157894 6.842105263157895 0 -66.25410436518729 -184.5082087303746 0
-26.842105263157894 7.368421052631579 0 -66.27861747336175 -184.5572349467235 0
-26.842105263157894 7.894736842105263 0 -66.79949726076643 -185.5989945215329 0
-26.842105263157894 8.421052631578947 0 -70.93622297180343 -193.8724459436068 0
-26.842105263157894 8.947368421052632 0 -81.54047552874783 -215.0809510574957 0
-26.842105263157894 9.473684210526315 0 -8.493577030573547 -68.98715406114714 0
-25.263157894736842 -9.473684210526315 0 70.65381005291255 89.30762010582511 0
-25.263157894736842 -8.947368421052632 0 -97.0551430705874 -246.11028614117484 0
-25.263157894736842 -8.421052631578947 0 -168.92673291630166 -389.8534658326033 0
-25.263157894736842 -7.894736842105263 0 -70.10252344178858 -192.20504688357715 0
-25.263157894736842 -7.368421052631579 0 -0.0968736448573786 -52.19374728971474 0
-25.263157894736842 -6.842105263157895 0 31.904956222051396 11.809912444102764 0
-25.263157894736842 -6.315789473684211 0 31.735524104221703 11.471048208443364 0
-25.263157894736842 -5.789473684210526 0 6.338894270932009 -39.322211458136024 0
-25.263157894736842 -5.263157894736842 0 -29.956440156153192 -111.91288031230633 0
-25.263157894736842 -4.7368421052631575 0 -63.88021239586957 -179.76042479173907 0
-25.263157894736842 -4.2105263157894735 0 -89.17770657008509 -230.35541314017013 0
-25.263157894736842 -3.6842105263157894 0 -105.4310779258281 -262.8621558516562 0
-25.263157894736842 -3.1578947368421053 0 -114.81702435355578 -281.6340487071115 0
-25.263157894736842 -2.631578947368421 0 -119.81647800383391 -291.6329560076679 0
-25.263157894736842 -2.1052631578947367 0 -122.31574616500231 -296.63149233000456 0
-25.263157894736842 -1.5789473684210527 0 -123.50309788444827 -299.0061957688966 0
-25.263157894736842 -1.0526315789473684 0 -124.04446886412278 -300.0889377282456 0
-25.263157894736842 -0.5263157894736842 0 -124.28344902596274 -300.5668980519198 0
-25.263157894736842 -0.0 0 -124.38620415543093 -300.77240831085487 0
-25.263157894736842 0.0 0 -124.4296596505973 -300.8593193011866 0
-25.263157894736842 0.5263157894736842 0 -124.4478018669088 -300.89560373380925 0
-25.263157894736842 1.0526315789473684 0 -124.45525045730582 -300.91050091460875 0
-25.263157894736842 1.5789473684210527 0 -124.45842011525713 -300.91684023051266 0
-25.263157894736842 2.1052631578947367 0 -124.45971449305688 -300.9194289861131 0
-25.263157894736842 2.631578947368421 0 -124.46028101459729 -300.92056202919423 0
-25.263157894736842 3.1578947368421053 0 -124.46052328178962 -300.9210465635791 0
-25.263157894736842 3.6842105263157894 0 -124.46063110380169 -300.9212622076034 0
-25.263157894736842 4.2105263157894735 0 -124.46067962318253 -300.92135924636506 0
-25.263157894736842 4.7368421052631575 0 -124.46070178017065 -300.92140356034133 0
-25.263157894736842 5.263157894736842 0 -124.46071186065548 -300.92142372131093 0
-25.263157894736842 5.789473684210526 0 -124.46071643585532 -300.9214328717107 0
-25.263157894736842 6.315789473684211 0 -124.46071850114276 -300.92143700228553 0
-25.263157894736842 6.842105263157895 0 -124.46115593468727 -300.92231186937454 0
-25.263157894736842 7.368421052631579 0 -124.4545787315042 -300.90915746300846 0
-25.263157894736842 7.894736842105263 0 -123.88104275950795 -299.76208551901584 0
-25.263157894736842 8.421052631578947 0 -118.26447435524041 -288.52894871048073 0
-25.263157894736842 8.947368421052632 0 -129.42901843403942 -310.8580368680789 0
-25.263157894736842 9.473684210526315 0 -14.87736982012801 -81.75473964025606 0
-23.68421052631579 -9.473684210526315 0 69.0107898682449 86.02157973648981 0
-23.68421052631579 -8.947368421052632 0 80.8830368107222 109.7660736214444 0
-23.68421052631579 -8.421052631578947 0 -155.86546821774118 -363.73093643548236 0
-23.68421052631579 -7.894736842105263 0 -168.11550111673807 -388.2310022334762 0
-23.68421052631579 -7.368421052631579 0 -60.80050795920115 -173.60101591840225 0
-23.68421052631579 -6.842105263157895 0 14.148163029720724 -23.703673940558467 0
-23.68421052631579 -6.315789473684211 0 64.93483530348225 77.86967060696455 0
-23.68421052631579 -5.789473684210526 0 97.31930276041868 142.63860552083733 0
-23.68421052631579 -5.263157894736842 0 102.29826494182012 152.59652988364027 0
-23.68421052631579 -4.7368421052631575 0 80.21671573520851 108.433431470417 0
-23.68421052631579 -4.2105263157894735 0 38.63070101568942 25.261402031378935 0
-23.68421052631579 -3.6842105263157894 0 -11.54246794912661 -75.08493589825324 0
-23.68421052631579 -3.1578947368421053 0 -60.83457913718801 -173.669158274376 0
-23.68421052631579 -2.631578947368421 0 -103.5687350387045 -259.1374700774089 0
-23.68421052631579 -2.1052631578947367 0 -137.60951014271262 -327.21902028542524 0
-23.68421052631579 -1.5789473684210527 0 -163.1576216788653 -378.31524335773054 0
-23.68421052631579 -1.0526315789473684 0 -181.5298569595737 -415.05971391984906 0
-23.68421052631579 -0.5263157894736842 0 -194.34182864543806 -440.68365730227674 0
-23.68421052631579 -0.0 0 -203.08094238270755 -458.16188477916126 0
-23.68421052631579 0.0 0 -208.95298655960835 -469.905973136398 0
-23.68421052631579 0.5263157894736842 0 -212.85488563177606 -477.70977128154675 0
-23.68421052631579 1.0526315789473684 0 -215.43018156200247 -482.8603631325468 0
-23.68421052631579 1.5789473684210527 0 -217.12309834533679 -486.2461966976103 0
-23.68421052631579 2.1052631578947367 0 -218.23049237387795 -488.4609847517613 0
-23.68421052631579 2.631578947368421 0 -218.95468070484384 -489.90936141247585 0
-23.68421052631579 3.1578947368421053 0 -219.42686898543622 -490.8537379726247 0
-23.68421052631579 3.6842105263157894 0 -219.73479051046814 -491.46958102209794 0
-23.68421052631579 4.2105263157894735 0 -219.9353723521578 -491.8707447050649 0
-23.68421052631579 4.7368421052631575 0 -220.066024091253 -492.13204818299613 0
-23.68421052631579 5.263157894736842 0 -220.15109759260108 -492.3021951855205 0
-23.68421052631579 5.789473684210526 0 -220.206489230991 -492.41297846218947 0
-23.68421052631579 6.315789473684211 0 -220.24255046646624 -492.4851009330673 0
-23.68421052631579 6.842105263157895 0 -220.2760918230803 -492.5521836462485 0
-23.68421052631579 7.368421052631579 0 -220.51718222490211 -493.0343644498613 0
-23.68421052631579 7.894736842105263 0 -221.36772291359762 -494.73544582723264 0
-23.68421052631579 8.421052631578947 0 -208.5396531965211 -469.07930639306676 0
-23.68421052631579 8.947368421052632 0 -169.1035604160871 -390.20712083218945 0
-23.68421052631579 9.473684210526315 0 23.64349348025739 -4.7130130394936955 0
-22.105263157894736 -9.473684210526315 0 34.60664185918 17.213283718359985 0
-22.105263157894736 -8.947368421052632 0 106.36893117289692 160.73786234579387 0
-22.105263157894736 -8.421052631578947 0 108.70096509129243 165.40193018258492 0
-22.105263157894736 -7.894736842105263 0 -160.56956650004486 -373.1391330000897 0
-22.105263157894736 -7.368421052631579 0 -80.43241840322335 -212.86483680644673 0
-22.105263157894736 -6.842105263157895 0 59.39641913453829 66.7928382690766 0
-22.105263157894736 -6.315789473684211 0 153.12283022261747 254.24566044523493 0
-22.105263157894736 -5.789473684210526 0 252.29665681608984 452.5933136321796 0
-22.105263157894736 -5.263157894736842 0 339.3499740054518 626.6999480109037 0
-22.105263157894736 -4.7368421052631575 0 398.50254192168717 745.0050838433743 0
-22.105263157894736 -4.2105263157894735 0 420.7606313192863 789.5212626385728 0
-22.105263157894736 -3.6842105263157894 0 403.6106668859197 755.2213337718397 0
-22.105263157894736 -3.1578947368421053 0 354.84495197388486 657.68990394777 0
-22.105263157894736 -2.631578947368421 0 286.7430107714938 521.4860215429877 0
-22.105263157894736 -2.1052631578947367 0 211.92877132833664 371.85754265667333 0
-22.105263157894736 -1.5789473684210527 0 140.1239664463908 228.24793286836447 0
-22.105263157894736 -1.0526315789473684 0 77.18501738435174 102.37003421024717 0
-22.105263157894736 -0.5263157894736842 0 25.563481671807352 -0.8730350255591617 0
-22.105263157894736 -0.0 0 -14.701773950228386 -81.40354665195478 0
-22.105263157894736 0.0 0 -44.91876305192002 -141.8375242113929 0
-22.105263157894736 0.5263157894736842 0 -66.88919827326453 -185.77839425816106 0
-22.105263157894736 1.0526315789473684 0 -82.49821367622266 -216.9964271081019 0
-22.105263157894736 1.5789473684210527 0 -93.3708746705131 -238.7417487019681 0
-22.105263157894736 2.1052631578947367 0 -100.82028684632135 -253.64057364540426 0
-22.105263157894736 2.631578947368421 0 -105.87756080162376 -263.75512145215885 0
-22.105263157894736 3.1578947368421053 0 -109.27119091313904 -270.5423818119708 0
-22.105263157894736 3.6842105263157894 0 -111.53625251722252 -275.07250500069176 0
-22.105263157894736 4.2105263157894735 0 -113.03784292468669 -278.07568584481317 0
-22.105263157894736 4.7368421052631575 0 -114.0296081509282 -280.0592162944903 0
-22.105263157894736 5.263157894736842 0 -114.68220893347544 -281.36441786560715 0
-22.105263157894736 5.789473684210526 0 -115.11061637317414 -282.22123274475973 0
-22.105263157894736 6.315789473684211 0 -115.39125912169362 -282.78251824302504 0
-22.105263157894736 6.842105263157895 0 -115.5809620848997 -283.1619241694618 0
-22.105263157894736 7.368421052631579 0 -115.92360137798468 -283.84720275588023 0
-22.105263157894736 7.894736842105263 0 -116.90811009175053 -285.8162201834317 0
-22.105263157894736 8.421052631578947 0 -101.95581718712526 -255.91163437423086 0
-22.105263157894736 8.947368421052632 0 -53.608275418873674 -159.21655083773555 0
-22.105263157894736 9.473684210526315 0 86.95479999165042 121.90959998330318 0
-20.526315789473685 -9.473684210526315 0 7.657036522313241 -36.68592695537353 0
-20.526315789473685 -8.947368421052632 0 53.768603881549815 55.53720776309958 0
-20.526315789473685 -8.421052631578947 0 200.2953630144739 348.59072602894787 0
-20.526315789473685 -7.894736842105263 0 186.5564970934865 321.112994186973 0
-20.526315789473685 -7.368421052631579 0 -129.33851051514537 -310.6770210302907 0
-20.526315789473685 -6.842105263157895 0 98.76530663367876 145.53061326735747 0
-20.526315789473685 -6.315789473684211 0 196.06468309541714 340.12936619083433 0
-20.526315789473685 -5.789473684210526 0 278.87186408080174 505.74372816160366 0
-20.526315789473685 -5.263157894736842 0 397.7070147385962 743.4140294771923 0
-20.526315789473685 -4.7368421052631575 0 481.98379334861943 911.967586697239 0
-20.526315789473685 -4.2105263157894735 0 551.5426475641667 1051.0852951283334 0
-20.526315789473685 -3.6842105263157894 0 581.9621398478016 1111.9242796956034 0
-20.526315789473685 -3.1578947368421053 0 579.0671645963052 1106.1343291926105 0
-20.526315789473685 -2.631578947368421 0 545.7926372866757 1039.5852745733512 0
-20.526315789473685 -2.1052631578947367 0 492.9343927235051 933.8687854023334 0
-20.526315789473685 -1.5789473684210527 0 430.22456894696245 808.4491364665936 0
-20.526315789473685 -1.0526315789473684 0 366.7296879822961 681.4593991542603 0
-20.526315789473685 -0.5263157894736842 0 308.4806421438163 564.9612642618795 0
-20.526315789473685 -0.0 0 258.7470574178164 465.4941218965328 0
-20.526315789473685 0.0 0 218.49061769535143 384.9812269889862 0
-20.526315789473685 0.5263157894736842 0 187.40603923460407 322.8120562837307 0
-20.526315789473685 1.0526315789473684 0 164.10154204876451 276.20309936104957 0
-20.526315789473685 1.5789473684210527 0 147.16031710521526 242.32062435176832 0
-20.526315789473685 2.1052631578947367 0 135.18785735117228 218.37572037317574 0
-20.526315789473685 2.631578947368421 0 126.82573545186699 201.65146776634484 0
-20.526315789473685 3.1578947368421053 0 121.08141136330741 190.16282442850866 0
-20.526315789473685 3.6842105263157894 0 117.1950598467462 182.39011878169845 0
-20.526315789473685 4.2105263157894735 0 114.56693986822924 177.1338802244266 0
-20.526315789473685 4.7368421052631575 0 112.82269627494554 173.6453922893294 0
-20.526315789473685 5.263157894736842 0 111.65799745306339 171.31599504583414 0
-20.526315789473685 5.789473684210526 0 110.89233328025763 169.78466648553086 0
-20.526315789473685 6.315789473684211 0 110.38559510583346 168.77119025211027 0
-20.526315789473685 6.842105263157895 0 110.05352743893792 168.10705485602818 0
-20.526315789473685 7.368421052631579 0 109.61898008684477 167.23796018554316 0
-20.526315789473685 7.894736842105263 0 109.30085149802784 166.60170298960475 0
-20.526315789473685 8.421052631578947 0 117.23790345349077 182.47580691053142 0
-20.526315789473685 8.947368421052632 0 117.73193688839265 183.46387377564173 0
-20.526315789473685 9.473684210526315 0 176.30626703886517 300.6125340787097 0
-18.94736842105263 -9.473684210526315 0 -4.335233891777225 -60.67046778355446 0
-18.94736842105263 -8.947368421052632 0 6.8504141631178435 -38.29917167376435 0
-18.94736842105263 -8.421052631578947 0 154.8657647218776 257.7315294437553 0
-18.94736842105263 -7.894736842105263 0 460.5826416025151 869.1652832050302 0
-18.94736842105263 -7.368421052631579 0 88.3134500453046 124.62690009060927 0
-18.94736842105263 -6.842105263157895 0 -78.69474763938518 -209.38949527877045 0
-18.94736842105263 -6.315789473684211 0 185.6535662779916 319.3071325559832 0
-18.94736842105263 -5.789473684210526 0 87.0598208210358 122.11964164207154 0
-18.94736842105263 -5.263157894736842 0 230.59229863916013 409.1845972783203 0
-18.94736842105263 -4.7368421052631575 0 254.69767657933176 457.39535315866357 0
-18.94736842105263 -4.2105263157894735 0 308.85430737028014 565.7086147405603 0
-18.94736842105263 -3.6842105263157894 0 339.50023379285494 627.00046758571 0
-18.94736842105263 -3.1578947368421053 0 341.2066581948886 630.4133163897773 0
-18.94736842105263 -2.631578947368421 0 338.67508750352465 625.350175691818 0
-18.94736842105263 -2.1052631578947367 0 311.8909455049184 571.7819336127433 0
-18.94736842105263 -1.5789473684210527 0 287.4769865423417 522.9533768391572 0
-18.94736842105263 -1.0526315789473684 0 253.78805331141007 455.5763280252333 0
-18.94736842105263 -0.5263157894736842 0 226.3700022719075 400.74248281485296 0
-18.94736842105263 -0.0 0 198.55930513624634 345.1176965302386 0
-18.94736842105263 0.0 0 177.99551240979898 303.99399909458964 0
-18.94736842105263 0.5263157894736842 0 159.82241335161558 267.64426477254455 0
-18.94736842105263 1.0526315789473684 0 147.36148874798192 242.7222812963085 0
-18.94736842105263 1.5789473684210527 0 137.14830114522482 222.2977494574925 0
-18.94736842105263 2.1052631578947367 0 130.3777296083711 208.75433975433646 0
-18.94736842105263 2.631578947368421 0 125.37855803847617 198.75803187353642 0
-18.94736842105263 3.1578947368421053 0 121.85724477038264 191.71380431977605 0
-18.94736842105263 3.6842105263157894 0 119.57447693963495 187.14944059134584 0
-18.94736842105263 4.2105263157894735 0 117.90034948283702 183.800364079875 0
-18.94736842105263 4.7368421052631575 0 116.86299010977311 181.7262059792772 0
-18.94736842105263 5.263157894736842 0 116.12128564125554 180.24242105182688 0
-18.94736842105263 5.789473684210526 0 115.65158458989856 179.30326831869445 0
-18.94736842105263 6.315789473684211 0 115.33426137756004 178.66845767018648 0
-18.94736842105263 6.842105263157895 0 115.1333798644263 178.2668023230655 0
-18.94736842105263 7.368421052631579 0 114.56911474322209 177.1382016631183 0
-18.94736842105263 7.894736842105263 0 113.83594365575489 175.67190552812863 0
-18.94736842105263 8.421052631578947 0 108.12913683585595 164.2582617939857 0
-18.94736842105263 8.947368421052632 0 86.87321157836743 121.74643235759862 0
-18.94736842105263 9.473684210526315 0 170.12489358150685 288.2497838277883 0
-17.36842105263158 -9.473684210526315 0 -2.579927262159014 -57.159854524318035 0
-17.36842105263158 -8.947368421052632 0 -10.35344856400831 -72.70689712801664 0
-17.36842105263158 -8.421052631578947 0 106.11762319461305 160.23524638922615 0
-17.36842105263158 -7.894736842105263 0 523.4350316362609 994.8700632725217 0
-17.36842105263158 -7.368421052631579 0 473.1680055713865 894.3360111427733 0
-17.36842105263158 -6.842105263157895 0 -367.4542847678084 -786.9085695356168 0
-17.36842105263158 -6.315789473684211 0 135.8246067108351 219.6492134216702 0
-17.36842105263158 -5.789473684210526 0 -126.81032295402079 -305.62064590804164 0
-17.36842105263158 -5.263157894736842 0 -28.301335140546016 -108.60267028109206 0
-17.36842105263158 -4.7368421052631575 0 13.376947552631407 -25.2461048947373 0
-17.36842105263158 -4.2105263157894735 0 -29.58291764875034 -111.16583529750068 0
-17.36842105263158 -3.6842105263157894 0 43.959075171082844 35.918150342165745 0
-17.36842105263158 -3.1578947368421053 0 -3.806568886182447 -59.613138458281355 0
-17.36842105263158 -2.631578947368421 0 24.87645359773387 -2.246776669042106 0
-17.36842105263158 -2.1052631578947367 0 1.4595596956694408 -49.0873751382843 0
-17.36842105263158 -1.5789473684210527 0 -3.9882648751875536 -59.95826764277575 0
-17.36842105263158 -1.0526315789473684 0 -7.590598571401728 -67.0863551062709 0
-17.36842105263158 -0.5263157894736842 0 -26.514569098517114 -104.96733257205966 0
-17.36842105263158 -0.0 0 -20.241178043601877 -92.42216393017179 0
-17.36842105263158 0.0 0 -39.11722919138063 -130.16284378193677 0
-17.36842105263158 0.5263157894736842 0 -29.694946807622244 -111.43646537479873 0
-17.36842105263158 1.0526315789473684 0 -44.448186339633196 -140.87044991913547 0
-17.36842105263158 1.5789473684210527 0 -34.97226597149621 -121.9522848594608 0
-17.36842105263158 2.1052631578947367 0 -46.135550607210334 -144.27441864827057 0
-17.36842105263158 2.631578947368421 0 -38.31321156662139 -128.61736287501543 0
-17.36842105263158 3.1578947368421053 0 -45.94891490312533 -143.90905462323423 0
-17.36842105263158 3.6842105263157894 0 -40.72515999102332 -133.43901788387103 0
-17.36842105263158 4.2105263157894735 0 -45.2606950395041 -142.53169676753618 0
-17.36842105263158 4.7368421052631575 0 -42.17184910242197 -136.33482997183125 0
-17.36842105263158 5.263157894736842 0 -44.70234901094105 -141.41204330579222 0
-17.36842105263158 5.789473684210526 0 -42.95204796624347 -137.89817197983825 0
-17.36842105263158 6.315789473684211 0 -44.351085259770485 -140.70685527064632 0
-17.36842105263158 6.842105263157895 0 -43.33665863653705 -138.66966723608255 0
-17.36842105263158 7.368421052631579 0 -44.790447117107476 -141.5837048752021 0
-17.36842105263158 7.894736842105263 0 -45.51858762115387 -143.03502336939766 0
-17.36842105263158 8.421052631578947 0 -61.90992423775664 -175.8214776349218 0
-17.36842105263158 8.947368421052632 0 -67.34200142985364 -186.68267752741207 0
-17.36842105263158 9.473684210526315 0 42.628708950593264 33.256793559508054 0
-15.789473684210527 -9.473684210526315 0 6.963854559224282 -38.07229088155144 0
-15.789473684210527 -8.947368421052632 0 -1.395485754637665 -54.79097150927532 0
-15.789473684210527 -8.421052631578947 0 98.61060110835678 145.2212022167136 0
-15.789473684210527 -7.894736842105263 0 486.72723694877504 921.4544738975502 0
-15.789473684210527 -7.368421052631579 0 671.0459958246852 1290.0919916493704 0
-15.789473684210527 -6.842105263157895 0 -297.7477522859182 -647.4955045718364 0
-15.789473684210527 -6.315789473684211 0 -254.06159680171865 -560.1231936034374 0
-15.789473684210527 -5.789473684210526 0 11.84464029766832 -28.31071940466336 0
-15.789473684210527 -5.263157894736842 0 -478.230148943059 -1008.4602978861182 0
-15.789473684210527 -4.7368421052631575 0 79.94941089108396 107.89882178216816 0
-15.789473684210527 -4.2105263157894735 0 -407.1244006135871 -866.2488012271743 0
-15.789473684210527 -3.6842105263157894 0 -0.7674080282841409 -53.53483042007572 0
-15.789473684210527 -3.1578947368421053 0 -304.7540085294741 -661.5070659018188 0
-15.789473684210527 -2.631578947368421 0 -78.21781843971841 -208.4540249814027 0
-15.789473684210527 -2.1052631578947367 0 -252.5115028748858 -556.9252847392422 0
-15.789473684210527 -1.5789473684210527 0 -111.35533893939026 -274.1251960831535 0
-15.789473684210527 -1.0526315789473684 0 -239.41215608924534 -530.1257861854444 0
-15.789473684210527 -0.5263157894736842 1 -116.03977266050964 -283.40138696313187 0
-15.789473684210527 -0.0 1 -242.03064975225573 -535.4366729276519 0
-15.789473684210527 0.0 1 -111.6569036646771 -275.08841771454115 0
-15.789473684210527 0.5263157894736842 1 -245.42202507584796 -542.818189105996 0
-15.789473684210527 1.0526315789473684 0 -109.49129443368827 -270.9975016938158 0
-15.789473684210527 1.5789473684210527 0 -245.18724929775854 -542.352803395985 0
-15.789473684210527 2.1052631578947367 0 -109.65338781427758 -271.325964186045 0
-15.789473684210527 2.631578947368421 0 -242.37079588015808 -536.7267699340618 0
-15.789473684210527 3.1578947368421053 0 -113.14640716395601 -278.3021569567942 0
-15.789473684210527 3.6842105263157894 0 -236.6806325200601 -525.3571574748955 0
-15.789473684210527 4.2105263157894735 0 -119.79890601973631 -291.59739741480576 0
-15.789473684210527 4.7368421052631575 0 -228.68514307514207 -509.37426495964365 0
-15.789473684210527 5.263157894736842 0 -128.1335626737582 -308.26050933320715 0
-15.789473684210527 5.789473684210526 0 -219.97116478554625 -491.95073558782644 0
-15.789473684210527 6.315789473684211 0 -136.62415117097657 -325.23879794213696 0
-15.789473684210527 6.842105263157895 0 -211.68084582342368 -475.3717353534842 0
-15.789473684210527 7.368421052631579 0 -145.09419416405473 -342.178223460393 0
-15.789473684210527 7.894736842105263 0 -208.2704352921108 -468.55090490718436 0
-15.789473684210527 8.421052631578947 0 -173.3047953998977 -398.5999709746567 0
-15.789473684210527 8.947368421052632 0 -202.05703568160317 -456.1234620968982 0
-15.789473684210527 9.473684210526315 0 -38.075902172721136 -128.14723194608956 0
-14.210526315789474 -9.473684210526315 0 19.578369179296857 -12.843261641406274 0
-14.210526315789474 -8.947368421052632 0 22.968465254276783 -6.063069491446434 0
-14.210526315789474 -8.421052631578947 0 114.53647006407051 177.07294012814106 0
-14.210526315789474 -7.894736842105263 0 424.1327344626426 796.2654689252852 0
-14.210526315789474 -7.368421052631579 0 635.0658607492751 1218.1317214985502 0
-14.210526315789474 -6.842105263157895 0 -116.1844337233411 -284.368867446682 0
-14.210526315789474 -6.315789473684211 0 -526.2468960357486 -1104.4937920714974 0
-14.210526315789474 -5.789473684210526 0 -9.401271439859745 -70.80254287971925 0
-14.210526315789474 -5.263157894736842 0 -432.0541482458057 -916.1082964916118 0
-14.210526315789474 -4.7368421052631575 0 -299.5048387773368 -651.0096775546731 0
-14.210526315789474 -4.2105263157894735 0 -40.02583394372215 -132.05168723324886 0
-14.210526315789474 -3.6842105263157894 0 -649.6456684459155 -1351.290213286315 0
-14.210526315789474 -3.1578947368421053 0 266.136729717241 480.2593623068841 0
-14.210526315789474 -2.631578947368421 0 -817.4059829117759 -1686.7514040043998 0
-14.210526315789474 -2.1052631578947367 0 394.89991982135336 738.3032316220733 0
-14.210526315789474 -1.5789473684210527 0 -849.4864773494396 -1750.344987190005 0
-14.210526315789474 -1.0526315789473684 1 422.7117923595558 794.019820149657 0
-14.210526315789474 -0.5263157894736842 1 -844.1715653866494 -1739.6862064846123 0
-14.210526315789474 -0.0 1 426.9705425274962 802.5986544672897 0
-14.210526315789474 0.0 1 -847.5610843409735 -1746.459957932067 0
-14.210526315789474 0.5263157894736842 1 438.18465874132545 824.5627646615965 0
-14.210526315789474 1.0526315789473684 1 -867.3055034370004 -1786.67244752267 0
-14.210526315789474 1.5789473684210527 0 457.9768901306252 864.0411199685626 0
-14.210526315789474 2.1052631578947367 0 -892.8238099974252 -1837.7070761963384 0
-14.210526315789474 2.631578947368421 0 476.76826255983667 901.5756146961172 0
-14.210526315789474 3.1578947368421053 0 -913.8151416847409 -1879.6455884145546 0
-14.210526315789474 3.6842105263157894 0 487.34810961692307 922.6960467700272 0
-14.210526315789474 4.2105263157894735 0 -922.8632242375501 -1897.7141022570172 0
-14.210526315789474 4.7368421052631575 0 484.9590408034322 917.8986621173283 0
-14.210526315789474 5.263157894736842 0 -916.1028081426255 -1884.182116138363 0
-14.210526315789474 5.789473684210526 0 467.64847216637196 883.2718826203777 0
-14.210526315789474 6.315789473684211 0 -893.7249323822736 -1839.4249588186458 0
-14.210526315789474 6.842105263157895 0 436.8576315550452 821.691556792073 0
-14.210526315789474 7.368421052631579 0 -859.0031211057311 -1769.9844855047568 0
-14.210526315789474 7.894736842105263 0 391.86130721617934 731.7031362245989 0
-14.210526315789474 8.421052631578947 0 -838.9191045767153 -1729.8209805259344 0
-14.210526315789474 8.947368421052632 0 375.8609836817497 699.7063993607901 0
-14.210526315789474 9.473684210526315 0 -334.9084640414658 -721.8068781043435 0
-12.631578947368421 -9.473684210526315 0 31.74910529610063 11.498210592201259 0
-12.631578947368421 -8.947368421052632 0 53.925723956553945 55.85144791310789 0
-12.631578947368421 -8.421052631578947 0 134.75251337921003 217.50502675842006 0
-12.631578947368421 -7.894736842105263 0 344.1124409683078 636.2248819366157 0
-12.631578947368421 -7.368421052631579 0 471.5515505907921 891.1031011815841 0
-12.631578947368421 -6.842105263157895 0 -51.54008287379796 -155.08016574759586 0
-12.631578947368421 -6.315789473684211 0 -544.1092805783027 -1140.2185611566053 0
-12.631578947368421 -5.789473684210526 0 -176.47130231343274 -404.9426046268656 0
-12.631578947368421 -5.263157894736842 0 -266.0926538550227 -584.1853077100454 0
-12.631578947368421 -4.7368421052631575 0 -478.54881332960855 -1009.0976266592172 0
-12.631578947368421 -4.2105263157894735 0 -95.50622495448243 -243.01262735679242 0
-12.631578947368421 -3.6842105263157894 0 -347.6820444636025 -747.35661715466 0
-12.631578947368421 -3.1578947368421053 0 -456.66107363263734 -965.3803718306285 0
-12.631578947368421 -2.631578947368421 0 286.18431465605227 520.4433619837423 0
-12.631578947368421 -2.1052631578947367 0 -1110.8744795428 -2273.2671721678216 0
-12.631578947368421 -1.5789473684210527 0 1021.2702314133589 1991.1609934394996 0
-12.631578947368421 -1.0526315789473684 1 -1629.9707506639425 -3311.266585400542 0
-12.631578947368421 -0.5263157894736842 1 1570.6442467932707 3089.908804832854 0
-12.631578947368421 -0.0 1 -1929.290732765449 -3909.8641277774827 0
-12.631578947368421 0.0 1 1919.7920421176077 3788.1361687236204 0
-12.631578947368421 0.5263157894736842 1 -2123.6494132326493 -4298.906806437852 0
-12.631578947368421 1.0526315789473684 1 2159.553015319181 4267.076080937488 0
-12.631578947368421 1.5789473684210527 0 -2309.496638579666 -4670.967056557117 0
-12.631578947368421 2.1052631578947367 0 2375.679459322726 4699.384137640899 0
-12.631578947368421 2.631578947368421 0 -2500.9218516456094 -5053.8846288398645 0
-12.631578947368421 3.1578947368421053 0 2564.188843892721 5076.4288523096875 0
-12.631578947368421 3.6842105263157894 0 -2684.3563028195313 -5420.755687184941 0
-12.631578947368421 4.2105263157894735 0 2708.790110920326 5365.6178277370755 0
-12.631578947368421 4.7368421052631575 0 -2840.4790199810222 -5732.981255775052 0
-12.631578947368421 5.263157894736842 0 2802.482329408256 5552.97841433344 0
-12.631578947368421 5.789473684210526 0 -2950.7957292466986 -5953.59401260871 0
-12.631578947368421 6.315789473684211 0 2838.8200103707477 5625.63516539553 0
-12.631578947368421 6.842105263157895 0 -2999.374206263392 -6050.737919734953 0
-12.631578947368421 7.368421052631579 0 2812.1211972111287 5572.228885357807 0
-12.631578947368421 7.894736842105263 0 -3009.578449689391 -6071.143161702942 0
-12.631578947368421 8.421052631578947 0 2765.938174931249 5479.86420810352 0
-12.631578947368421 8.947368421052632 0 -2594.5263912562855 -5241.042684560634 0
-12.631578947368421 9.473684210526315 0 1111.4615605818176 2170.9152365375617 0
-11.052631578947368 -9.473684210526315 0 41.67735999686572 31.35471999373143 0
-11.052631578947368 -8.947368421052632 0 85.1043553859603 118.2087107719206 0
-11.052631578947368 -8.421052631578947 0 152.30791560639463 252.61583121278926 0
-11.052631578947368 -7.894736842105263 0 251.99643172951204 451.9928634590241 0
-11.052631578947368 -7.368421052631579 0 272.9532957602752 493.90659152055053 0
-11.052631578947368 -6.842105263157895 0 -91.37027696215799 -234.74055392431615 0
-11.052631578947368 -6.315789473684211 0 -486.1472054526309 -1024.2944109052617 0
-11.052631578947368 -5.789473684210526 0 -271.0601141580652 -594.1202283161306 0
-11.052631578947368 -5.263157894736842 0 -240.16415432435988 -532.3283086487196 0
-11.052631578947368 -4.7368421052631575 0 -448.74093488964024 -949.4820053692913 0
-11.052631578947368 -4.2105263157894735 0 -259.9519324656463 -571.8965149962498 0
-11.052631578947368 -3.6842105263157894 0 -247.25113896852827 -546.5566713373125 0
-11.052631578947368 -3.1578947368421053 0 -330.30201497120976 -712.551348854545 0
-11.052631578947368 -2.631578947368421 0 -241.50217757658703 -534.5081374085279 0
-11.052631578947368 -2.1052631578947367 0 215.37679225457225 379.3173366698531 0
-11.052631578947368 -1.5789473684210527 1 -805.2941520367642 -1661.9584161486596 0
-11.052631578947368 -1.0526315789473684 1 1100.5563995995003 2149.8562193423386 0
-11.052631578947368 -0.5263157894736842 1 -1164.591199275977 -2380.602293276039 0
-11.052631578947368 -0.0 1 1706.23096454969 3361.433953768125 0
-11.052631578947368 0.0 1 -1054.3896603302842 -2160.483681945806 0
-11.052631578947368 0.5263157894736842 1 2053.0141820056247 4057.0164836956556 0
-11.052631578947368 1.0526315789473684 1 -764.4595009857511 -1581.8798904350408 0
-11.052631578947368 1.5789473684210527 1 2043.7622224845982 4055.0110693434726 0
-11.052631578947368 2.1052631578947367 0 2.1910408304958082 -52.12871557744154 0
-11.052631578947368 2.631578947368421 0 -148.89282254611336 -175.83316315038968 0
-11.052631578947368 3.1578947368421053 0 5356.632444235711 10665.264292387936 0
-11.052631578947368 3.6842105263157894 0 -20313.546025519638 -39198.394923713175 0
-11.052631578947368 4.2105263157894735 0 48808.339083079016 97753.5130025034 0
-11.052631578947368 4.7368421052631575 0 -187372.48166275048 -362892.3886436697 0
-11.052631578947368 5.263157894736842 0 412641.15475504333 825783.0634952361 0
-11.052631578947368 5.789473684210526 0 -1549915.2380729974 -3009047.1017892184 0
-11.052631578947368 6.315789473684211 0 3535076.192508839 7045330.228936503 0
-11.052631578947368 6.842105263157895 0 -12576939.921829123 -24501686.931527443 0
-11.052631578947368 7.368421052631579 0 30847552.385669738 61076750.78941365 0
-11.052631578947368 7.894736842105263 0 -101362119.20503707 -198361223.33027595 0
-11.052631578947368 8.421052631578947 0 282463709.78264254 551864633.5113306 0
-11.052631578947368 8.947368421052632 0 -678187462.6661851 -1369047592.6209455 0
-11.052631578947368 9.473684210526315 0 1454491990.8715296 2830261267.669387 0
-9.473684210526315 -9.473684210526315 0 48.88192429810171 45.76384859620344 0
-9.473684210526315 -8.947368421052632 0 112.58120511915565 173.1624102383113 0
-9.473684210526315 -8.421052631578947 0 167.28995589281698 282.5799117856339 0
-9.473684210526315 -7.894736842105263 0 160.08419940638402 268.1683988127681 0
-9.473684210526315 -7.368421052631579 0 93.07360638011484 134.1472127602296 0
-9.473684210526315 -6.842105263157895 0 -164.8250699168542 -381.65013983370835 0
-9.473684210526315 -6.315789473684211 0 -427.2836592210964 -906.5673184421929 0
-9.473684210526315 -5.789473684210526 0 -311.98809593771557 -675.9761918754311 0
-9.473684210526315 -5.263157894736842 0 -268.20920456131387 -588.4184091226276 0
-9.473684210526315 -4.7368421052631575 0 -487.12382888115434 -1026.2479742353498 0
-9.473684210526315 -4.2105263157894735 0 -326.70920681876896 -705.3984189629795 0
-9.473684210526315 -3.6842105263157894 0 -345.46167280388744 -743.0751759021913 0
-9.473684210526315 -3.1578947368421053 0 -255.3298951577628 -562.5607739862937 0
-9.473684210526315 -2.631578947368421 0 -71.92352544338046 -195.1569956956004 0
-9.473684210526315 -2.1052631578947367 0 52.11078998141156 52.10846279647214 0
-9.473684210526315 -1.5789473684210527 1 652.4328948589894 1253.6144923404709 0
-9.473684210526315 -1.0526315789473684 1 795.8564566216924 1542.5601753561953 0
-9.473684210526315 -0.5263157894736842 1 2135.731892490069 4237.108651451256 0
-9.473684210526315 -0.0 1 4015.9519363561267 7577.250226003422 0
-9.473684210526315 0.0 1 6983.199464477196 18985.966282570284 0
-9.473684210526315 0.5263157894736842 1 15164.589817774853 -31006.80902973804 0
-9.473684210526315 1.0526315789473684 1 -206874.25302833016 -244919.63625532459 0
-9.473684210526315 1.5789473684210527 1 1759311.6324929253 284727.25702877995 0
-9.473684210526315 2.1052631578947367 0 -920471422.3841099 -3162628796.0014706 0
-9.473684210526315 2.631578947368421 0 14668914551.4703 50203581365.36959 0
-9.473684210526315 3.1578947368421053 0 -4771996154894.685 -16575978635290.662 0
-9.473684210526315 3.6842105263157894 0 -1670421959563386.5 -5779200498275813.0 0
-9.473684210526315 4.2105263157894735 0 2.604299573219375e+18 9.019255700422231e+18 0
-9.473684210526315 4.7368421052631575 0 1.0058372923572508e+22 3.4828414520723857e+22 0
-9.473684210526315 5.263157894736842 0 -1.2221197657996806e+26 -4.231906554531103e+26 0
-9.473684210526315 5.789473684210526 0 -3.942909975052051e+30 -1.3653249384275674e+31 0
-9.473684210526315 6.315789473684211 0 4.045206867543443e+35 1.400749762115866e+36 0
-9.473684210526315 6.842105263157895 0 1.0653428610877914e+41 3.689003716473515e+41 0
-9.473684210526315 7.368421052631579 0 -9.394249532078062e+46 -3.252983132563638e+47 0
-9.473684210526315 7.894736842105263 0 -1.9893195935153928e+53 -6.888493842445033e+53 0
-9.473684210526315 8.421052631578947 0 1.6017412388644824e+60 5.546411308005854e+60 0
-9.473684210526315 8.947368421052632 0 2.4791575910403802e+67 8.584674825802499e+67 0
-9.473684210526315 9.473684210526315 0 -1.5002142902886564e+74 -5.194850016554906e+74 0
-7.894736842105264 -9.473684210526315 0 53.66002265696336 55.32004531392671 0
-7.894736842105264 -8.947368421052632 0 134.55143932817396 217.10287865634797 0
-7.894736842105264 -8.421052631578947 0 180.96378360382374 309.9275672076475 0
-7.894736842105264 -7.894736842105263 0 80.09248941294723 108.18497882589458 0
-7.894736842105264 -7.368421052631579 0 -47.597490306714604 -147.19498061342927 0
-7.894736842105264 -6.842105263157895 0 -223.4236746070264 -498.8473492140529 0
-7.894736842105264 -6.315789473684211 0 -382.1978642680677 -816.3957285361353 0
-7.894736842105264 -5.789473684210526 0 -329.9091798804429 -711.818359760886 0
-7.894736842105264 -5.263157894736842 0 -376.05930233146705 -804.1186046629342 0
-7.894736842105264 -4.7368421052631575 0 -643.704395258754 -1339.409811753141 0
-7.894736842105264 -4.2105263157894735 0 -623.839442389874 -1299.5828360741862 0
-7.894736842105264 -3.6842105263157894 0 -681.5768487829388 -1416.4103096448284 0
-7.894736842105264 -3.1578947368421053 0 -754.9871378439743 -1556.5912463342463 0
-7.894736842105264 -2.631578947368421 0 -4.205533357032152 -71.49758954960748 0
-7.894736842105264 -2.1052631578947367 0 -3479.9445063446346 -7052.747719825344 0
-7.894736842105264 -1.5789473684210527 1 23714.789256230168 48088.13388702953 0
-7.894736842105264 -1.0526315789473684 1 -215904.36788611952 -437704.0739785918 0
-7.894736842105264 -0.5263157894736842 1 2645606.787576453 5327607.060069978 0
-7.894736842105264 -0.0 1 -297762574.25860643 -601916506.9284089 0
-7.894736842105264 0.0 1 572004097380.068 1124736564665.6924 0
-7.894736842105264 0.5263157894736842 1 -1.3936674697095666e+16 -2.7455431890339724e+16 0
-7.894736842105264 1.0526315789473684 1 -9.197163360150524e+20 -1.8115209584952806e+21 0
-7.894736842105264 1.5789473684210527 1 6.719008407857766e+27 1.3234273037788967e+28 0
-7.894736842105264 2.1052631578947367 0 -1.6933504143146037e+35 -3.335350989322307e+35 0
-7.894736842105264 2.631578947368421 0 -1.7481002489416693e+43 -3.443190598878086e+43 0
-7.894736842105264 3.1578947368421053 0 4.550910505514151e+53 8.963818006910645e+53 0
-7.894736842105264 3.6842105263157894 0 -4.223008115658355e+65 -8.3179566201266845e+65 0
-7.894736842105264 4.2105263157894735 0 1.304516017359127e+80 2.569473547137298e+80 0
-7.894736842105264 4.7368421052631575 0 5.639534521425372e+97 1.1108054311441228e+98 0
-7.894736842105264 5.263157894736842 0 9.888122183726945e+118 1.947639434384465e+119 0
-7.894736842105264 5.789473684210526 0 -2.0291279290631755e+144 -3.9967240479271326e+144 0
-7.894736842105264 6.315789473684211 0 1.4060337773706655e+174 2.769430615845711e+174 0
-7.894736842105264 6.842105263157895 0 9.499982582022816e+208 1.87118851880321e+209 0
-7.894736842105264 7.368421052631579 0 1.8077182034419066e+249 3.560618683567958e+249 0
-7.894736842105264 7.894736842105263 0 -2.7987224703639266e+295 -5.512575742793039e+295 0
-7.894736842105264 8.421052631578947 0 inf inf 0
-7.894736842105264 8.947368421052632 0 inf inf 0
-7.894736842105264 9.473684210526315 0 inf inf 0
-6.315789473684211 -9.473684210526315 0 56.60161953000481 61.20323906000962 0
-6.315789473684211 -8.947368421052632 0 150.81067496736648 249.62134993473296 0
-6.315789473684211 -8.421052631578947 0 193.6627666161511 335.3255332323022 0
-6.315789473684211 -7.894736842105263 0 18.132874653841924 -15.734250692316039 0
-6.315789473684211 -7.368421052631579 0 -148.0845902206145 -348.16918044122906 0
-6.315789473684211 -6.842105263157895 0 -253.47570442067826 -558.9514088413566 0
-6.315789473684211 -6.315789473684211 0 -343.55732740837266 -739.1146548167453 0
-6.315789473684211 -5.789473684210526 0 -357.3523831953078 -766.7047663906156 0
-6.315789473684211 -5.263157894736842 0 -633.3861389882059 -1318.772277976412 0
-6.315789473684211 -4.7368421052631575 0 -1436.4160264919362 -2924.8364426355492 0
-6.315789473684211 -4.2105263157894735 0 -1541.006815068331 -3133.280931210445 0
-6.315789473684211 -3.6842105263157894 0 -5885.737184267396 -11843.59396501224 0
-6.315789473684211 -3.1578947368421053 0 23386.382421885013 47074.76895398185 0
-6.315789473684211 -2.631578947368421 0 -245065.68695380448 -494297.9679097602 0
-6.315789473684211 -2.1052631578947367 0 11109534.06846814 22403989.587173987 0
-6.315789473684211 -1.5789473684210527 1 2471673363.1480784 4988720508.7023325 0
-6.315789473684211 -1.0526315789473684 1 -7985822492710.177 -16118518700033.18 0
-6.315789473684211 -0.5263157894736842 1 -4.0375320299676966e+17 -8.152863462794849e+17 0
-6.315789473684211 -0.0 1 -9.162947027716608e+23 -1.8483255799484493e+24 0
-6.315789473684211 0.0 1 -2.4319328926504576e+33 -4.903578658374085e+33 0
-6.315789473684211 0.5263157894736842 1 2.454822299083954e+45 4.9495480488524564e+45 0
-6.315789473684211 1.0526315789473684 1 -1.7674077710261698e+61 -3.563548464481191e+61 0
-6.315789473684211 1.5789473684210527 1 1.9166712412216177e+82 3.864501996645271e+82 0
-6.315789473684211 2.1052631578947367 0 3.4280922419006475e+109 6.911915318907532e+109 0
-6.315789473684211 2.631578947368421 0 1.010433810779266e+144 2.0372943440970965e+144 0
-6.315789473684211 3.1578947368421053 0 -4.940473328274438e+186 -9.961264420767545e+186 0
-6.315789473684211 3.6842105263157894 0 4.05951321368342e+238 8.185022335749384e+238 0
-6.315789473684211 4.2105263157894735 0 5.711357699550363e+300 1.151556550689418e+301 0
-6.315789473684211 4.7368421052631575 0 inf inf 0
-6.315789473684211 5.263157894736842 0 nan nan 0
-6.315789473684211 5.789473684210526 0 nan nan 0
-6.315789473684211 6.315789473684211 0 nan nan 0
-6.315789473684211 6.842105263157895 0 nan nan 0
-6.315789473684211 7.368421052631579 0 nan nan 0
-6.315789473684211 7.894736842105263 0 nan nan 0
-6.315789473684211 8.421052631578947 0 nan nan 0
-6.315789473684211 8.947368421052632 0 nan nan 0
-6.315789473684211 9.473684210526315 0 nan nan 0
-4.7368421052631575 -9.473684210526315 0 58.29808379380241 64.59616758760485 0
-4.7368421052631575 -8.947368421052632 0 162.09625145818572 272.1925029163715 0
-4.7368421052631575 -8.421052631578947 0 204.98310859470848 357.966217189417 0
-4.7368421052631575 -7.894736842105263 0 -25.360550025042016 -102.72110005008403 0
-4.7368421052631575 -7.368421052631579 0 -215.65399639551657 -483.3079927910332 0
-4.7368421052631575 -6.842105263157895 0 -259.50628200668433 -571.0125640133687 0
-4.7368421052631575 -6.315789473684211 0 -304.8224590773212 -661.6449181546425 0
-4.7368421052631575 -5.789473684210526 0 -405.66038229244873 -863.3207645848973 0
-4.7368421052631575 -5.263157894736842 0 -1352.7039291677902 -2757.4078583355795 0
-4.7368421052631575 -4.7368421052631575 0 -4335.168363311987 -8722.356878095381 0
-4.7368421052631575 -4.2105263157894735 0 366.0219651770692 684.9493859609372 0
-4.7368421052631575 -3.6842105263157894 0 -108391.4475790171 -217077.4555550133 0
-4.7368421052631575 -3.1578947368421053 0 2385394.1563738575 4781602.42172342 0
-4.7368421052631575 -2.631578947368421 0 -147054868.761273 -295118278.3720277 0
-4.7368421052631575 -2.1052631578947367 0 -215011418831.45886 -430976352434.35236 0
-4.7368421052631575 -1.5789473684210527 1 -660866850445246.1 -1323491467356100.5 0
-4.7368421052631575 -1.0526315789473684 1 -4.800468904932687e+22 -9.60280580078835e+22 0
-4.7368421052631575 -0.5263157894736842 1 -4.727996000881673e+33 -9.458400651857682e+33 0
-4.7368421052631575 -0.0 1 -1.064516452332089e+50 -2.1295740173167868e+50 0
-4.7368421052631575 0.0 1 -3.435866448595468e+73 -6.873479409209772e+73 0
-4.7368421052631575 0.5263157894736842 1 6.857657719064538e+105 1.3718801307503392e+106 0
-4.7368421052631575 1.0526315789473684 1 -4.034109130504013e+148 -8.070268870421147e+148 0
-4.7368421052631575 1.5789473684210527 1 -3.7022136571044545e+203 -7.406309215250513e+203 0
-4.7368421052631575 2.1052631578947367 0 -3.06179591522601e+272 -6.12514819576632e+272 0
-4.7368421052631575 2.631578947368421 0 inf inf 0
-4.7368421052631575 3.1578947368421053 0 nan nan 0
-4.7368421052631575 3.6842105263157894 0 nan nan 0
-4.7368421052631575 4.2105263157894735 0 nan nan 0
-4.7368421052631575 4.7368421052631575 0 nan nan 0
-4.7368421052631575 5.263157894736842 0 nan nan 0
-4.7368421052631575 5.789473684210526 0 nan nan 0
-4.7368421052631575 6.315789473684211 0 nan nan 0
-4.7368421052631575 6.842105263157895 0 nan nan 0
-4.7368421052631575 7.368421052631579 0 nan nan 0
-4.7368421052631575 7.894736842105263 0 nan nan 0
-4.7368421052631575 8.421052631578947 0 nan nan 0
-4.7368421052631575 8.947368421052632 0 nan nan 0
-4.7368421052631575 9.473684210526315 0 nan nan 0
-3.1578947368421053 -9.473684210526315 0 59.218292502301544 66.4365850046031 0
-3.1578947368421053 -8.947368421052632 0 169.51544447321803 287.0308889464361 0
-3.1578947368421053 -8.421052631578947 0 214.43676331497446 376.873526629949 0
-3.1578947368421053 -7.894736842105263 0 -53.3833336255192 -158.76666725103843 0
-3.1578947368421053 -7.368421052631579 0 -259.1327623686124 -570.2655247372248 0
-3.1578947368421053 -6.842105263157895 0 -251.00643639769208 -554.0128727953842 0
-3.1578947368421053 -6.315789473684211 0 -261.3489020184707 -574.6978040369414 0
-3.1578947368421053 -5.789473684210526 0 -472.8147138730675 -997.6294277461348 0
-3.1578947368421053 -5.263157894736842 0 -3253.3142816429504 -6558.62856328591 0
-3.1578947368421053 -4.7368421052631575 0 -7141.808426204798 -14335.682679105003 0
-3.1578947368421053 -4.2105263157894735 0 -110656.17271056924 -221353.1725758233 0
-3.1578947368421053 -3.6842105263157894 0 9514910.098044265 19029877.03432052 0
-3.1578947368421053 -3.1578947368421053 0 3765016795.7801075 7530654776.479934 0
-3.1578947368421053 -2.631578947368421 0 -41160459165801.1 -82323899579030.39 0
-3.1578947368421053 -2.1052631578947367 0 -7.573848127011193e+19 -1.5148342921162362e+20 0
-3.1578947368421053 -1.5789473684210527 1 -2.8129522552127818e+29 -5.6261432494446586e+29 0
-3.1578947368421053 -1.0526315789473684 1 1.0789111347533088e+44 2.1579138368986956e+44 0
-3.1578947368421053 -0.5263157894736842 1 -3.3756183839232495e+65 -6.751523257217205e+65 0
-3.1578947368421053 -0.0 1 -1.016717305394286e+96 -2.033520899778582e+96 0
-3.1578947368421053 0.0 1 -4.9799035334024934e+137 -9.960229712159762e+137 0
-3.1578947368421053 0.5263157894736842 1 9.253004202518888e+192 1.8506793709254547e+193 0
-3.1578947368421053 1.0526315789473684 1 -2.038530311806133e+264 -4.077233634065395e+264 0
-3.1578947368421053 1.5789473684210527 1 -inf -inf 0
-3.1578947368421053 2.1052631578947367 0 -inf -inf 0
-3.1578947368421053 2.631578947368421 0 nan nan 0
-3.1578947368421053 3.1578947368421053 0 nan nan 0
-3.1578947368421053 3.6842105263157894 0 nan nan 0
-3.1578947368421053 4.2105263157894735 0 nan nan 0
-3.1578947368421053 4.7368421052631575 0 nan nan 0
-3.1578947368421053 5.263157894736842 0 nan nan 0
-3.1578947368421053 5.789473684210526 0 nan nan 0
-3.1578947368421053 6.315789473684211 0 nan nan 0
-3.1578947368421053 6.842105263157895 0 nan nan 0
-3.1578947368421053 7.368421052631579 0 nan nan 0
-3.1578947368421053 7.894736842105263 0 nan nan 0
-3.1578947368421053 8.421052631578947 0 nan nan 0
-3.1578947368421053 8.947368421052632 0 nan nan 0
-3.1578947368421053 9.473684210526315 0 nan nan 0
-1.5789473684210527 -9.473684210526315 0 59.687265707413346 67.37453141482669 0
-1.5789473684210527 -8.947368421052632 0 174.1694058878399 296.3388117756798 0
-1.5789473684210527 -8.421052631578947 0 221.81662470589006 391.6332494117801 0
-1.5789473684210527 -7.894736842105263 0 -70.07289147960648 -192.14578295921297 0
-1.5789473684210527 -7.368421052631579 0 -286.1138658225723 -624.2277316451446 0
-1.5789473684210527 -6.842105263157895 0 -236.14594563740403 -524.2918912748081 0
-1.5789473684210527 -6.315789473684211 0 -211.70271007094914 -475.40542014189816 0
-1.5789473684210527 -5.789473684210526 0 -542.3591063648659 -1136.7182127297333 0
-1.5789473684210527 -5.263157894736842 0 -7255.177662285917 -14562.355324571763 0
-1.5789473684210527 -4.7368421052631575 0 6555.193128406359 13058.28039861928 0
-1.5789473684210527 -4.2105263157894735 0 -694358.2232340132 -1388757.2807798656 0
-1.5789473684210527 -3.6842105263157894 0 -106980611.16971542 -213977131.85197338 0
-1.5789473684210527 -3.1578947368421053 0 241347526213.25275 482731078682.8706 0
-1.5789473684210527 -2.631578947368421 0 -6.79247078072492e+17 -1.358541186141187e+18 0
-1.5789473684210527 -2.1052631578947367 0 2.75362911976474e+26 5.507490660237032e+26 0
-1.5789473684210527 -1.5789473684210527 1 9.382265752572395e+41 1.8765327804041232e+42 0
-1.5789473684210527 -1.0526315789473684 1 -1.156411616418574e+64 -2.3129213778578608e+64 0
-1.5789473684210527 -0.5263157894736842 1 -1.7339616269347516e+95 -3.468070415558612e+95 0
-1.5789473684210527 -0.0 1 -1.1810393455371961e+138 -2.362178926120076e+138 0
-1.5789473684210527 0.0 1 4.1469821213169697e+195 8.294316197833738e+195 0
-1.5789473684210527 0.5263157894736842 1 -1.7331856966188838e+271 -3.4665184890535354e+271 0
-1.5789473684210527 1.0526315789473684 1 -inf -inf 0
-1.5789473684210527 1.5789473684210527 1 -inf -inf 0
-1.5789473684210527 2.1052631578947367 0 nan nan 0
-1.5789473684210527 2.631578947368421 0 nan nan 0
-1.5789473684210527 3.1578947368421053 0 nan nan 0
-1.5789473684210527 3.6842105263157894 0 nan nan 0
-1.5789473684210527 4.2105263157894735 0 nan nan 0
-1.5789473684210527 4.7368421052631575 0 nan nan 0
-1.5789473684210527 5.263157894736842 0 nan nan 0
-1.5789473684210527 5.789473684210526 0 nan nan 0
-1.5789473684210527 6.315789473684211 0 nan nan 0
-1.5789473684210527 6.842105263157895 0 nan nan 0
-1.5789473684210527 7.368421052631579 0 nan nan 0
-1.5789473684210527 7.894736842105263 0 nan nan 0
-1.5789473684210527 8.421052631578947 0 nan nan 0
-1.5789473684210527 8.947368421052632 0 nan nan 0
-1.5789473684210527 9.473684210526315 0 nan nan 0
-0.0 -9.473684210526315 0 59.910036504237944 67.82007300847587 0
-0.0 -8.947368421052632 0 176.97076733523792 301.94153467047585 0
-0.0 -8.421052631578947 0 227.2345863052318 402.46917261046366 0
-0.0 -7.894736842105263 0 -79.26908738960618 -210.53817477921245 0
-0.0 -7.368421052631579 0 -302.29749695673195 -656.5949939134639 0
-0.0 -6.842105263157895 0 -220.19795978245435 -492.3959195649087 0
-0.0 -6.315789473684211 0 -157.89461161616745 -367.7892232323346 0
-0.0 -5.789473684210526 0 -593.1020028950659 -1238.2040057901297 0
-0.0 -5.263157894736842 0 -13536.727119782887 -27125.454239565926 0
-0.0 -4.7368421052631575 0 2450.0656361244082 4849.644782695403 0
-0.0 -4.2105263157894735 0 2730207.924616527 5459152.1130118985 0
-0.0 -3.6842105263157894 0 2330888683.105902 4663326272.780736 0
-0.0 -3.1578947368421053 0 -206506740222157.56 -413057643407018.8 0
-0.0 -2.631578947368421 0 2.336776772165952e+23 4.673716066797699e+23 0
-0.0 -2.1052631578947367 0 5.927595146128862e+35 1.185569021450333e+36 0
-0.0 -1.5789473684210527 0 -5.9700819801887815e+59 -1.1940670657768275e+60 0
-0.0 -1.0526315789473684 1 -1.695501844287319e+92 -3.391147586355283e+92 0
-0.0 -0.5263157894736842 1 -1.4028995573127068e+136 -2.805918179007701e+136 0
-0.0 -0.0 1 4.2221759904950494e+194 8.444710317914843e+194 0
-0.0 0.0 1 -2.0774432293533096e+271 -4.155062771729035e+271 0
-0.0 0.5263157894736842 1 -inf -inf 0
-0.0 1.0526315789473684 1 -inf -inf 0
-0.0 1.5789473684210527 0 nan nan 0
-0.0 2.1052631578947367 0 nan nan 0
-0.0 2.631578947368421 0 nan nan 0
-0.0 3.1578947368421053 0 nan nan 0
-0.0 3.6842105263157894 0 nan nan 0
-0.0 4.2105263157894735 0 nan nan 0
-0.0 4.7368421052631575 0 nan nan 0
-0.0 5.263157894736842 0 nan nan 0
-0.0 5.789473684210526 0 nan nan 0
-0.0 6.315789473684211 0 nan nan 0
-0.0 6.842105263157895 0 nan nan 0
-0.0 7.368421052631579 0 nan nan 0
-0.0 7.894736842105263 0 nan nan 0
-0.0 8.421052631578947 0 nan nan 0
-0.0 8.947368421052632 0 nan nan 0
-0.0 9.473684210526315 0 nan nan 0
0.0 -9.473684210526315 0 60.006637965855575 68.01327593171115 0
0.0 -8.947368421052632 0 178.59561673602312 305.19123347204624 0
0.0 -8.421052631578947 0 231.00478140818456 410.00956281636917 0
0.0 -7.894736842105263 0 -83.92169073417911 -219.84338146835825 0
0.0 -7.368421052631579 0 -311.66968772009795 -675.339375440196 0
0.0 -6.842105263157895 0 -205.91857194671243 -463.8371438934248 0
0.0 -6.315789473684211 0 -104.05501882767048 -260.11003765534105 0
0.0 -5.789473684210526 0 -611.859811691052 -1275.7196233821048 0
0.0 -5.263157894736842 0 -21168.380192298286 -42388.76038459636 0
0.0 -4.7368421052631575 0 85639.99530864948 171216.01917989663 0
0.0 -4.2105263157894735 0 -44940252.27390967 -89853581.7812116 0
0.0 -3.6842105263157894 0 -233758458645.7987 -467851583338.01434 0
0.0 -3.1578947368421053 0 -4.738977016376935e+18 -9.47901985272232e+18 0
0.0 -2.631578947368421 0 1.5928305443565637e+30 3.185771838701893e+30 0
0.0 -2.1052631578947367 0 4.399193774525997e+48 8.798758567564819e+48 0
0.0 -1.5789473684210527 0 -4.0431923789421205e+84 -8.08672791481833e+84 0
0.0 -1.0526315789473684 1 -6.656382943995837e+130 -1.3313330817328672e+131 0
0.0 -0.5263157894736842 1 1.274501969273947e+191 2.5491121057997192e+191 0
0.0 -0.0 1 -1.451254936633239e+269 -2.902633041564602e+269 0
0.0 0.0 1 -inf -inf 0
0.0 0.5263157894736842 1 -inf -inf 0
0.0 1.0526315789473684 1 nan nan 0
0.0 1.5789473684210527 0 nan nan 0
0.0 2.1052631578947367 0 nan nan 0
0.0 2.631578947368421 0 nan nan 0
0.0 3.1578947368421053 0 nan nan 0
0.0 3.6842105263157894 0 nan nan 0
0.0 4.2105263157894735 0 nan nan 0
0.0 4.7368421052631575 0 nan nan 0
0.0 5.263157894736842 0 nan nan 0
0.0 5.789473684210526 0 nan nan 0
0.0 6.315789473684211 0 nan nan 0
0.0 6.842105263157895 0 nan nan 0
0.0 7.368421052631579 0 nan nan 0
0.0 7.894736842105263 0 nan nan 0
0.0 8.421052631578947 0 nan nan 0
0.0 8.947368421052632 0 nan nan 0
0.0 9.473684210526315 0 nan nan 0
1.5789473684210527 -9.473684210526315 0 60.042895919582236 68.08579183916447 0
1.5789473684210527 -8.947368421052632 0 179.5064475701874 307.0128951403748 0
1.5789473684210527 -8.421052631578947 0 233.5097836583294 415.01956731665894 0
1.5789473684210527 -7.894736842105263 0 -86.03245140302148 -224.0649028060431 0
1.5789473684210527 -7.368421052631579 0 -316.89382970768384 -685.7876594153674 0
1.5789473684210527 -6.842105263157895 0 -194.36836038386343 -440.73672076772726 0
1.5789473684210527 -6.315789473684211 0 -54.46012506130623 -160.9202501226124 0
1.5789473684210527 -5.789473684210526 0 -598.4842246620155 -1248.9684493240334 0
1.5789473684210527 -5.263157894736842 0 -28932.81359265423 -57917.627185308564 0
1.5789473684210527 -4.7368421052631575 0 -352320.79817758425 -704603.2649752576 0
1.5789473684210527 -4.2105263157894735 0 730741632.0831594 1460902142.4160821 0
1.5789473684210527 -3.6842105263157894 0 -101426981004536.14 -203020399486130.47 0
1.5789473684210527 -3.1578947368421053 0 3.0348159050316856e+24 6.070314778719024e+24 0
1.5789473684210527 -2.631578947368421 0 -1.181232516668907e+39 -2.3625471669287203e+39 0
1.5789473684210527 -2.1052631578947367 0 -2.5116387475136455e+66 -5.023489321221094e+66 0
1.5789473684210527 -1.5789473684210527 0 -2.669679964264474e+118 -5.33958651166071e+118 0
1.5789473684210527 -1.0526315789473684 1 2.2749208690311058e+182 4.550034811319727e+182 -0.11401360784023976
1.5789473684210527 -0.5263157894736842 1 -1.5621968194476007e+263 -3.124526222869838e+263 -0.11401360784023976
1.5789473684210527 -0.0 1 -inf -inf -0.11401360784023976
1.5789473684210527 0.0 1 -inf -inf -0.11401360784023976
1.5789473684210527 0.5263157894736842 1 nan nan -0.11401360784023976
1.5789473684210527 1.0526315789473684 0 nan nan 0
1.5789473684210527 1.5789473684210527 0 nan nan 0
1.5789473684210527 2.1052631578947367 0 nan nan 0
1.5789473684210527 2.631578947368421 0 nan nan 0
1.5789473684210527 3.1578947368421053 0 nan nan 0
1.5789473684210527 3.6842105263157894 0 nan nan 0
1.5789473684210527 4.2105263157894735 0 nan nan 0
1.5789473684210527 4.7368421052631575 0 nan nan 0
1.5789473684210527 5.263157894736842 0 nan nan 0
1.5789473684210527 5.789473684210526 0 nan nan 0
1.5789473684210527 6.315789473684211 0 nan nan 0
1.5789473684210527 6.842105263157895 0 nan nan 0
1.5789473684210527 7.368421052631579 0 nan nan 0
1.5789473684210527 7.894736842105263 0 nan nan 0
1.5789473684210527 8.421052631578947 0 nan nan 0
1.5789473684210527 8.947368421052632 0 nan nan 0
1.5789473684210527 9.473684210526315 0 nan nan 0
3.1578947368421053 -9.473684210526315 0 60.05270302842229 68.1054060568446 0
3.1578947368421053 -8.947368421052632 0 180.00080953232666 308.00161906465326 0
3.1578947368421053 -8.421052631578947 0 235.10880429917898 418.217608598358 0
3.1578947368421053 -7.894736842105263 0 -86.83570204155454 -225.6714040831091 0
3.1578947368421053 -7.368421052631579 0 -319.6830233886811 -691.3660467773622 0
3.1578947368421053 -6.842105263157895 0 -185.64341248459007 -423.28682496918003 0
3.1578947368421053 -6.315789473684211 0 -12.083707173961614 -76.16741434792345 0
3.1578947368421053 -5.789473684210526 0 -562.0655630900548 -1176.1311261801065 0
3.1578947368421053 -5.263157894736842 0 -35916.013900316066 -71884.02780063247 0
3.1578947368421053 -4.7368421052631575 0 2710369.7999758595 5419977.1314540645 0
3.1578947368421053 -4.2105263157894735 0 -13986453244.362965 -27960177530.25778 0
3.1578947368421053 -3.6842105263157894 0 5.4765025211277926e+17 1.0961903846931908e+18 0
3.1578947368421053 -3.1578947368421053 0 6.967932054075834e+31 1.393743221449029e+32 0
3.1578947368421053 -2.631578947368421 0 1.4346684149307209e+51 2.8694365853050142e+51 0
3.1578947368421053 -2.1052631578947367 0 3.9079301939540754e+90 7.816189974310437e+90 0
3.1578947368421053 -1.5789473684210527 0 2.4595374376346107e+163 4.9192836230227964e+163 0
3.1578947368421053 -1.0526315789473684 1 -3.660351628711966e+249 -7.321013912630549e+249 0.12146325102052898
3.1578947368421053 -0.5263157894736842 1 -inf -inf 0.12146325102052898
3.1578947368421053 -0.0 1 -inf -inf 0.12146325102052898
3.1578947368421053 0.0 1 nan nan 0.12146325102052898
3.1578947368421053 0.5263157894736842 1 nan nan 0.12146325102052898
3.1578947368421053 1.0526315789473684 0 nan nan 0
3.1578947368421053 1.5789473684210527 0 nan nan 0
3.1578947368421053 2.1052631578947367 0 nan nan 0
3.1578947368421053 2.631578947368421 0 nan nan 0
3.1578947368421053 3.1578947368421053 0 nan nan 0
3.1578947368421053 3.6842105263157894 0 nan nan 0
3.1578947368421053 4.2105263157894735 0 nan nan 0
3.1578947368421053 4.7368421052631575 0 nan nan 0
3.1578947368421053 5.263157894736842 0 nan nan 0
3.1578947368421053 5.789473684210526 0 nan nan 0
3.1578947368421053 6.315789473684211 0 nan nan 0
3.1578947368421053 6.842105263157895 0 nan nan 0
3.1578947368421053 7.368421052631579 0 nan nan 0
3.1578947368421053 7.894736842105263 0 nan nan 0
3.1578947368421053 8.421052631578947 0 nan nan 0
3.1578947368421053 8.947368421052632 0 nan nan 0
3.1578947368421053 9.473684210526315 0 nan nan 0
4.7368421052631575 -9.473684210526315 0 60.052363875846105 68.10472775169221 0
4.7368421052631575 -8.947368421052632 0 180.26080544972973 308.52161089945946 0
4.7368421052631575 -8.421052631578947 0 236.094362001172 420.18872400234403 0
4.7368421052631575 -7.894736842105263 0 -87.03131838062062 -226.0626367612412 0
4.7368421052631575 -7.368421052631579 0 -321.0987217086709 -694.1974434173419 0
4.7368421052631575 -6.842105263157895 0 -179.38084726995808 -410.7616945399161 0
4.7368421052631575 -6.315789473684211 0 21.843764814838806 -8.312470370322501 0
4.7368421052631575 -5.789473684210526 0 -514.3505245466879 -1080.7010490933785 0
4.7368421052631575 -5.263157894736842 0 -41688.35182989402 -83428.70365978697 0
4.7368421052631575 -4.7368421052631575 0 -21391302.10712585 -42776726.406235576 0
4.7368421052631575 -4.2105263157894735 0 358167187544.50073 715982292649.5924 0
4.7368421052631575 -3.6842105263157894 0 3.2632344564110855e+22 6.531771032975392e+22 0
4.7368421052631575 -3.1578947368421053 0 -5.542284391571146e+40 -1.1085816052972263e+41 0
4.7368421052631575 -2.631578947368421 0 6.126442694421648e+67 1.2253311372995328e+68 0
4.7368421052631575 -2.1052631578947367 0 8.636893296490753e+122 1.7274515009930434e+123 0
4.7368421052631575 -1.5789473684210527 0 -6.663895486994981e+221 -1.3328356557254393e+222 0
4.7368421052631575 -1.0526315789473684 0 -inf -inf 0
4.7368421052631575 -0.5263157894736842 1 -inf -inf 0.4379675927038217
4.7368421052631575 -0.0 1 nan nan 0.4379675927038217
4.7368421052631575 0.0 1 nan nan 0.4379675927038217
4.7368421052631575 0.5263157894736842 1 nan nan 0.4379675927038217
4.7368421052631575 1.0526315789473684 1 nan nan 0.4379675927038217
4.7368421052631575 1.5789473684210527 0 nan nan 0
4.7368421052631575 2.1052631578947367 0 nan nan 0
4.7368421052631575 2.631578947368421 0 nan nan 0
4.7368421052631575 3.1578947368421053 0 nan nan 0
4.7368421052631575 3.6842105263157894 0 nan nan 0
4.7368421052631575 4.2105263157894735 0 nan nan 0
4.7368421052631575 4.7368421052631575 0 nan nan 0
4.7368421052631575 5.263157894736842 0 nan nan 0
4.7368421052631575 5.789473684210526 0 nan nan 0
4.7368421052631575 6.315789473684211 0 nan nan 0
4.7368421052631575 6.842105263157895 0 nan nan 0
4.7368421052631575 7.368421052631579 0 nan nan 0
4.7368421052631575 7.894736842105263 0 nan nan 0
4.7368421052631575 8.421052631578947 0 nan nan 0
4.7368421052631575 8.947368421052632 0 nan nan 0
4.7368421052631575 9.473684210526315 0 nan nan 0
6.315789473684211 -9.473684210526315 0 60.04909118109971 68.09818236219944 0
6.315789473684211 -8.947368421052632 0 180.3932451455782 308.7864902911564 0
6.315789473684211 -8.421052631578947 0 236.68324483627254 421.36648967254513 0
6.315789473684211 -7.894736842105263 0 -86.9844379481572 -225.96887589631433 0
6.315789473684211 -7.368421052631579 0 -321.773219722862 -695.546439445724 0
6.315789473684211 -6.842105263157895 0 -175.06554875382585 -402.1310975076517 0
6.315789473684211 -6.315789473684211 0 47.54732129300882 43.094642586017756 0
6.315789473684211 -5.789473684210526 0 -465.1808585051283 -982.3617170102557 0
6.315789473684211 -5.263157894736842 0 -46150.35451680057 -92352.70903360285 0
6.315789473684211 -4.7368421052631575 0 185153158.98601797 370253905.96729344 0
6.315789473684211 -4.2105263157894735 0 -6420615627049.955 -12834679394477.85 0
6.315789473684211 -3.6842105263157894 0 -2.4759083000744333e+28 -4.955839469062399e+28 0
6.315789473684211 -3.1578947368421053 0 -3.993108692036865e+51 -7.987116017858571e+51 0
6.315789473684211 -2.631578947368421 0 1.7863367367144394e+90 3.5727976810935856e+90 0
6.315789473684211 -2.1052631578947367 0 1.8792220403976368e+165 3.75860257032826e+165 0
6.315789473684211 -1.5789473684210527 0 -1.5542348857884587e+296 -3.108601683795846e+296 0
6.315789473684211 -1.0526315789473684 0 -inf -inf 0
6.315789473684211 -0.5263157894736842 0 nan nan 0
6.315789473684211 -0.0 0 nan nan 0
6.315789473684211 0.0 0 nan nan 0
6.315789473684211 0.5263157894736842 1 nan nan 0.4152113368374809
6.315789473684211 1.0526315789473684 1 nan nan 0.4152113368374809
6.315789473684211 1.5789473684210527 1 nan nan 0.4152113368374809
6.315789473684211 2.1052631578947367 0 nan nan 0
6.315789473684211 2.631578947368421 0 nan nan 0
6.315789473684211 3.1578947368421053 0 nan nan 0
6.315789473684211 3.6842105263157894 0 nan nan 0
6.315789473684211 4.2105263157894735 0 nan nan 0
6.315789473684211 4.7368421052631575 0 nan nan 0
6.315789473684211 5.263157894736842 0 nan nan 0
6.315789473684211 5.789473684210526 0 nan nan 0
6.315789473684211 6.315789473684211 0 nan nan 0
6.315789473684211 6.842105263157895 0 nan nan 0
6.315789473684211 7.368421052631579 0 nan nan 0
6.315789473684211 7.894736842105263 0 nan nan 0
6.315789473684211 8.421052631578947 0 nan nan 0
6.315789473684211 8.947368421052632 0 nan nan 0
6.315789473684211 9.473684210526315 0 nan nan 0
7.894736842105264 -9.473684210526315 0 60.04570230110491 68.0914046022098 0
7.894736842105264 -8.947368421052632 0 180.45846370868512 308.91692741737023 0
7.894736842105264 -8.421052631578947 0 237.02542979896614 422.0508595979323 0
7.894736842105264 -7.894736842105263 0 -86.86812803776228 -225.73625607552452 0
7.894736842105264 -7.368421052631579 0 -322.0676404475397 -696.1352808950793 0
7.894736842105264 -6.842105263157895 0 -172.19202711942597 -396.38405423885206 0
7.894736842105264 -6.315789473684211 0 66.13144667227752 80.26289334455487 0
7.894736842105264 -5.789473684210526 0 -420.80558830587734 -893.6111766117524 0
7.894736842105264 -5.263157894736842 0 -49455.56709395882 -98963.13418791533 0
7.894736842105264 -4.7368421052631575 0 -1698045460.411532 -3395606642.2348695 0
7.894736842105264 -4.2105263157894735 0 398315497632952.4 796212760784624.9 0
7.894736842105264 -3.6842105263157894 0 -2.6022925645647593e+35 -5.208813347864981e+35 0
7.894736842105264 -3.1578947368421053 0 -5.965519535351973e+64 -1.1932381587978593e+65 0
7.894736842105264 -2.631578947368421 0 -7.83227280273551e+119 -1.5665090199496425e+120 0
7.894736842105264 -2.1052631578947367 0 -3.4377364853128025e+219 -6.875762901904813e+219 0
7.894736842105264 -1.5789473684210527 0 -inf -inf 0
7.894736842105264 -1.0526315789473684 0 nan nan 0
7.894736842105264 -0.5263157894736842 0 nan nan 0
7.894736842105264 -0.0 0 nan nan 0
7.894736842105264 0.0 0 nan nan 0
7.894736842105264 0.5263157894736842 0 nan nan 0
7.894736842105264 1.0526315789473684 0 nan nan 0
7.894736842105264 1.5789473684210527 1 nan nan -0.38749572306008706
7.894736842105264 2.1052631578947367 1 nan nan -0.38749572306008706
7.894736842105264 2.631578947368421 1 nan nan -0.38749572306008706
7.894736842105264 3.1578947368421053 0 nan nan 0
7.894736842105264 3.6842105263157894 0 nan nan 0
7.894736842105264 4.2105263157894735 0 nan nan 0
7.894736842105264 4.7368421052631575 0 nan nan 0
7.894736842105264 5.263157894736842 0 nan nan 0
7.894736842105264 5.789473684210526 0 nan nan 0
7.894736842105264 6.315789473684211 0 nan nan 0
7.894736842105264 6.842105263157895 0 nan nan 0
7.894736842105264 7.368421052631579 0 nan nan 0
7.894736842105264 7.894736842105263 0 nan nan 0
7.894736842105264 8.421052631578947 0 nan nan 0
7.894736842105264 8.947368421052632 0 nan nan 0
7.894736842105264 9.473684210526315 0 nan nan 0
9.473684210526315 -9.473684210526315 0 60.043055010422904 68.08611002084581 0
9.473684210526315 -8.947368421052632 0 180.48938593199858 308.97877186399717 0
9.473684210526315 -8.421052631578947 0 237.2192674635598 422.4385349271196 0
9.473684210526315 -7.894736842105263 0 -86.75403162058085 -225.50806324116184 0
9.473684210526315 -7.368421052631579 0 -322.1789808265251 -696.35796165305 0
9.473684210526315 -6.842105263157895 0 -170.33464239965622 -392.6692847993127 0
9.473684210526315 -6.315789473684211 0 79.04456620388018 106.08913240776099 0
9.473684210526315 -5.789473684210526 0 -384.12742281257147 -820.2548456251452 0
9.473684210526315 -5.263157894736842 0 -51778.59181527809 -103609.18363055897 0
9.473684210526315 -4.7368421052631575 0 16224054290.879633 32443466926.66804 0
9.473684210526315 -4.2105263157894735 0 3.947435088303262e+16 7.89069691025507e+16 0
9.473684210526315 -3.6842105263157894 0 4.036548987417969e+43 8.079656581000217e+43 0
9.473684210526315 -3.1578947368421053 0 1.6450434580892553e+81 3.290457126894768e+81 0
9.473684210526315 -2.631578947368421 0 1.246786153092814e+158 2.493658997789334e+158 0
9.473684210526315 -2.1052631578947367 0 5.2826192954113616e+287 1.0565684115538311e+288 0
9.473684210526315 -1.5789473684210527 0 nan nan 0
9.473684210526315 -1.0526315789473684 0 nan nan 0
9.473684210526315 -0.5263157894736842 0 nan nan 0
9.473684210526315 -0.0 0 nan nan 0
9.473684210526315 0.0 0 nan nan 0
9.473684210526315 0.5263157894736842 0 nan nan 0
9.473684210526315 1.0526315789473684 0 nan nan 0
9.473684210526315 1.5789473684210527 0 nan nan 0
9.473684210526315 2.1052631578947367 0 nan nan 0
9.473684210526315 2.631578947368421 1 nan nan -2.2813418278485407
9.473684210526315 3.1578947368421053 1 nan nan -2.2813418278485407
9.473684210526315 3.6842105263157894 1 nan nan -2.2813418278485407
9.473684210526315 4.2105263157894735 0 nan nan 0
9.473684210526315 4.7368421052631575 0 nan nan 0
9.473684210526315 5.263157894736842 0 nan nan 0
9.473684210526315 5.789473684210526 0 nan nan 0
9.473684210526315 6.315789473684211 0 nan nan 0
9.473684210526315 6.842105263157895 0 nan nan 0
9.473684210526315 7.368421052631579 0 nan nan 0
9.473684210526315 7.894736842105263 0 nan nan 0
9.473684210526315 8.421052631578947 0 nan nan 0
9.473684210526315 8.947368421052632 0 nan nan 0
9.473684210526315 9.473684210526315 0 nan nan 0
11.052631578947368 -9.473684210526315 0 60.041229915624534 68.08245983124905 0
11.052631578947368 -8.947368421052632 0 180.50339589733105 309.0067917946621 0
11.052631578947368 -8.421052631578947 0 237.32650925857143 422.65301851714287 0
11.052631578947368 -7.894736842105263 0 -86.6649263582678 -225.32985271653558 0
11.052631578947368 -7.368421052631579 0 -322.20928591702915 -696.4185718340585 0
11.052631578947368 -6.842105263157895 0 -169.16567751516618 -390.33135503033213 0
11.052631578947368 -6.315789473684211 0 87.71545606450469 123.43091212900924 0
11.052631578947368 -5.789473684210526 0 -355.69309367126766 -763.3861873425326 0
11.052631578947368 -5.263157894736842 0 -53404.53440915296 -106861.06881830303 0
11.052631578947368 -4.7368421052631575 0 -159424064704.14542 -318802491457.3465 0
11.052631578947368 -4.2105263157894735 0 -2.2539870989126267e+19 -4.505593821435722e+19 0
11.052631578947368 -3.6842105263157894 0 9.70230656365883e+52 1.942037748638638e+53 0
11.052631578947368 -3.1578947368421053 0 -5.683340279523997e+101 -1.1367959572964173e+102 0
11.052631578947368 -2.631578947368421 0 1.8668558561014174e+206 3.733841518527401e+206 0
11.052631578947368 -2.1052631578947367 0 inf inf 0
11.052631578947368 -1.5789473684210527 0 nan nan 0
11.052631578947368 -1.0526315789473684 0 nan nan 0
11.052631578947368 -0.5263157894736842 0 nan nan 0
11.052631578947368 -0.0 0 nan nan 0
11.052631578947368 0.0 0 nan nan 0
11.052631578947368 0.5263157894736842 0 nan nan 0
11.052631578947368 1.0526315789473684 0 nan nan 0
11.052631578947368 1.5789473684210527 0 nan nan 0
11.052631578947368 2.1052631578947367 0 nan nan 0
11.052631578947368 2.631578947368421 0 nan nan 0
11.052631578947368 3.1578947368421053 1 nan nan -5.313078546540221
11.052631578947368 3.6842105263157894 1 nan nan -5.313078546540221
11.052631578947368 4.2105263157894735 1 nan nan -5.313078546540221
11.052631578947368 4.7368421052631575 0 nan nan 0
11.052631578947368 5.263157894736842 0 nan nan 0
11.052631578947368 5.789473684210526 0 nan nan 0
11.052631578947368 6.315789473684211 0 nan nan 0
11.052631578947368 6.842105263157895 0 nan nan 0
11.052631578947368 7.368421052631579 0 nan nan 0
11.052631578947368 7.894736842105263 0 nan nan 0
11.052631578947368 8.421052631578947 0 nan nan 0
11.052631578947368 8.947368421052632 0 nan nan 0
11.052631578947368 9.473684210526315 0 nan nan 0
12.631578947368421 -9.473684210526315 0 60.0400610945087 68.08012218901742 0
12.631578947368421 -8.947368421052632 0 180.50937586038015 309.01875172076035 0
12.631578947368421 -8.421052631578947 0 237.38453491611668 422.76906983223336 0
12.631578947368421 -7.894736842105263 0 -86.60276779999764 -225.2055355999952 0
12.631578947368421 -7.368421052631579 0 -322.20823582521547 -696.4164716504309 0
12.631578947368421 -6.842105263157895 0 -168.44788228276235 -388.89576456552464 0
12.631578947368421 -6.315789473684211 0 93.3661073512591 134.7322147025185 0
12.631578947368421 -5.789473684210526 0 -334.7190082995455 -721.4380165990906 0
12.631578947368421 -5.263157894736842 0 -54443.951224867 -108939.90244973636 0
12.631578947368421 -4.7368421052631575 0 1596359320086.121 3192261848002.9487 0
12.631578947368421 -4.2105263157894735 0 -5.028808800729455e+22 -1.00523069693895e+23 0
12.631578947368421 -3.6842105263157894 0 -3.717479647370608e+63 -7.44099947535263e+63 0
12.631578947368421 -3.1578947368421053 0 -1.797788188152051e+127 -3.5959809616355964e+127 0
12.631578947368421 -2.631578947368421 0 7.181513401132787e+265 1.4363526147652296e+266 0
12.631578947368421 -2.1052631578947367 0 inf inf 0
12.631578947368421 -1.5789473684210527 0 nan nan 0
12.631578947368421 -1.0526315789473684 0 nan nan 0
12.631578947368421 -0.5263157894736842 0 nan nan 0
12.631578947368421 -0.0 0 nan nan 0
12.631578947368421 0.0 0 nan nan 0
12.631578947368421 0.5263157894736842 0 nan nan 0
12.631578947368421 1.0526315789473684 0 nan nan 0
12.631578947368421 1.5789473684210527 0 nan nan 0
12.631578947368421 2.1052631578947367 0 nan nan 0
12.631578947368421 2.631578947368421 1 nan nan -9.17722960933219
12.631578947368421 3.1578947368421053 1 nan nan -9.17722960933219
12.631578947368421 3.6842105263157894 1 nan nan -9.17722960933219
12.631578947368421 4.2105263157894735 0 nan nan 0
12.631578947368421 4.7368421052631575 0 nan nan 0
12.631578947368421 5.263157894736842 0 nan nan 0
12.631578947368421 5.789473684210526 0 nan nan 0
12.631578947368421 6.315789473684211 0 nan nan 0
12.631578947368421 6.842105263157895 0 nan nan 0
12.631578947368421 7.368421052631579 0 nan nan 0
12.631578947368421 7.894736842105263 0 nan nan 0
12.631578947368421 8.421052631578947 0 nan nan 0
12.631578947368421 8.947368421052632 0 nan nan 0
12.631578947368421 9.473684210526315 0 nan nan 0
14.210526315789474 -9.473684210526315 0 60.03934926242511 68.07869852485022 0
14.210526315789474 -8.947368421052632 0 180.51171126473653 309.0234225294731 0
14.210526315789474 -8.421052631578947 0 237.41526654272894 422.8305330854579 0
14.210526315789474 -7.894736842105263 0 -86.5623865678781 -225.12477313575613 0
14.210526315789474 -7.368421052631579 0 -322.1981142132897 -696.3962284265797 0
14.210526315789474 -6.842105263157895 0 -168.01731298638347 -388.0346259727669 0
14.210526315789474 -6.315789473684211 0 96.95149686858609 141.90299373717198 0
14.210526315789474 -5.789473684210526 0 -319.860001731849 -691.7200034636926 0
14.210526315789474 -5.263157894736842 0 -55190.81749398742 -110433.63498797429 0
14.210526315789474 -4.7368421052631575 0 -16185252553214.953 -32365877726191.48 0
14.210526315789474 -4.2105263157894735 0 4.868322691468704e+26 9.731504229713718e+26 0
14.210526315789474 -3.6842105263157894 0 -2.35025985453701e+75 -4.704338423727966e+75 0
14.210526315789474 -3.1578947368421053 0 -3.8543469510707555e+158 -7.709561308129142e+158 0
14.210526315789474 -2.631578947368421 0 -inf -inf 0
14.210526315789474 -2.1052631578947367 0 nan nan 0
14.210526315789474 -1.5789473684210527 0 nan nan 0
14.210526315789474 -1.0526315789473684 0 nan nan 0
14.210526315789474 -0.5263157894736842 0 nan nan 0
14.210526315789474 -0.0 0 nan nan 0
14.210526315789474 0.0 0 nan nan 0
14.210526315789474 0.5263157894736842 0 nan nan 0
14.210526315789474 1.0526315789473684 0 nan nan 0
14.210526315789474 1.5789473684210527 0 nan nan 0
14.210526315789474 2.1052631578947367 0 nan nan 0
14.210526315789474 2.631578947368421 0 nan nan 0
14.210526315789474 3.1578947368421053 0 nan nan 0
14.210526315789474 3.6842105263157894 0 nan nan 0
14.210526315789474 4.2105263157894735 0 nan nan 0
14.210526315789474 4.7368421052631575 0 nan nan 0
14.210526315789474 5.263157894736842 0 nan nan 0
14.210526315789474 5.789473684210526 0 nan nan 0
14.210526315789474 6.315789473684211 0 nan nan 0
14.210526315789474 6.842105263157895 0 nan nan 0
14.210526315789474 7.368421052631579 0 nan nan 0
14.210526315789474 7.894736842105263 0 nan nan 0
14.210526315789474 8.421052631578947 0 nan nan 0
14.210526315789474 8.947368421052632 0 nan nan 0
14.210526315789474 9.473684210526315 0 nan nan 0
15.789473684210527 -9.473684210526315 0 60.03893167200166 68.07786334400333 0
15.789473684210527 -8.947368421052632 0 180.51248693933474 309.0249738786695 0
15.789473684210527 -8.421052631578947 0 237.43120487887728 422.86240975775456 0
15.789473684210527 -7.894736842105263 0 -86.5374627930249 -225.07492558604974 0
15.789473684210527 -7.368421052631579 0 -322.1877290008069 -696.3754580016138 0
15.789473684210527 -6.842105263157895 0 -167.76486104524759 -387.5297220904952 0
15.789473684210527 -6.315789473684211 0 99.17173697604613 146.34347395209267 0
15.789473684210527 -5.789473684210526 0 -309.68498123114887 -671.3699624622991 0
15.789473684210527 -5.263157894736842 0 -55564.54749035943 -111181.0949807151 0
15.789473684210527 -4.7368421052631575 0 165427730553931.75 330808213949011.9 0
15.789473684210527 -4.2105263157894735 0 2.0118362633316607e+31 4.0215479430739756e+31 0
15.789473684210527 -3.6842105263157894 0 2.427701614301245e+88 4.859347771037679e+88 0
15.789473684210527 -3.1578947368421053 0 4.20719702116912e+196 8.415340855879841e+196 0
15.789473684210527 -2.631578947368421 0 nan nan 0
15.789473684210527 -2.1052631578947367 0 nan nan 0
15.789473684210527 -1.5789473684210527 0 nan nan 0
15.789473684210527 -1.0526315789473684 0 nan nan 0
15.789473684210527 -0.5263157894736842 0 nan nan 0
15.789473684210527 -0.0 0 nan nan 0
15.789473684210527 0.0 0 nan nan 0
15.789473684210527 0.5263157894736842 0 nan nan 0
15.789473684210527 1.0526315789473684 0 nan nan 0
15.789473684210527 1.5789473684210527 0 nan nan 0
15.789473684210527 2.1052631578947367 0 nan nan 0
15.789473684210527 2.631578947368421 0 nan nan 0
15.789473684210527 3.1578947368421053 0 nan nan 0
15.789473684210527 3.6842105263157894 0 nan nan 0
15.789473684210527 4.2105263157894735 0 nan nan 0
15.789473684210527 4.7368421052631575 0 nan nan 0
15.789473684210527 5.263157894736842 0 nan nan 0
15.789473684210527 5.789473684210526 0 nan nan 0
15.789473684210527 6.315789473684211 0 nan nan 0
15.789473684210527 6.842105263157895 0 nan nan 0
15.789473684210527 7.368421052631579 0 nan nan 0
15.789473684210527 7.894736842105263 0 nan nan 0
15.789473684210527 8.421052631578947 0 nan nan 0
15.789473684210527 8.947368421052632 0 nan nan 0
15.789473684210527 9.473684210526315 0 nan nan 0
17.36842105263158 -9.473684210526315 0 60.038693834017224 68.07738766803442 0
17.36842105263158 -8.947368421052632 0 180.5126505935803 309.0253011871606 0
17.36842105263158 -8.421052631578947 0 237.4392989363393 422.8785978726786 0
17.36842105263158 -7.894736842105263 0 -86.52268466665552 -225.045369333311 0
17.36842105263158 -7.368421052631579 0 -322.1797668765456 -696.3595337530913 0
17.36842105263158 -6.842105263157895 0 -167.6201910808325 -387.24038216166485 0
17.36842105263158 -6.315789473684211 0 100.51573054265879 149.031461085317 0
17.36842105263158 -5.789473684210526 0 -302.91981234462037 -657.8396246892362 0
17.36842105263158 -5.263157894736842 0 -55951.06902441074 -111954.13804883331 0
17.36842105263158 -4.7368421052631575 0 -1699586581479449.5 -3398688284984612.0 0
17.36842105263158 -4.2105263157894735 0 -3.5859328646148543e+36 -7.168078833518737e+36 0
17.36842105263158 -3.6842105263157894 0 4.3964427687891325e+102 8.800028901063797e+102 0
17.36842105263158 -3.1578947368421053 0 -1.772499766499242e+242 -3.5453984272677462e+242 0
17.36842105263158 -2.631578947368421 0 nan nan 0
17.36842105263158 -2.1052631578947367 0 nan nan 0
17.36842105263158 -1.5789473684210527 0 nan nan 0
17.36842105263158 -1.0526315789473684 0 nan nan 0
17.36842105263158 -0.5263157894736842 0 nan nan 0
17.36842105263158 -0.0 0 nan nan 0
17.36842105263158 0.0 0 nan nan 0
17.36842105263158 0.5263157894736842 0 nan nan 0
17.36842105263158 1.0526315789473684 0 nan nan 0
17.36842105263158 1.5789473684210527 0 nan nan 0
17.36842105263158 2.1052631578947367 0 nan nan 0
17.36842105263158 2.631578947368421 0 nan nan 0
17.36842105263158 3.1578947368421053 0 nan nan 0
17.36842105263158 3.6842105263157894 0 nan nan 0
17.36842105263158 4.2105263157894735 0 nan nan 0
17.36842105263158 4.7368421052631575 0 nan nan 0
17.36842105263158 5.263157894736842 0 nan nan 0
17.36842105263158 5.789473684210526 0 nan nan 0
17.36842105263158 6.315789473684211 0 nan nan 0
17.36842105263158 6.842105263157895 0 nan nan 0
17.36842105263158 7.368421052631579 0 nan nan 0
17.36842105263158 7.894736842105263 0 nan nan 0
17.36842105263158 8.421052631578947 0 nan nan 0
17.36842105263158 8.947368421052632 0 nan nan 0
17.36842105263158 9.473684210526315 0 nan nan 0
18.94736842105263 -9.473684210526315 0 60.03856163533647 68.07712327067296 0
18.94736842105263 -8.947368421052632 0 180.5126087651964 309.02521753039275 0
18.94736842105263 -8.421052631578947 0 237.44332135560276 422.8866427112055 0
18.94736842105263 -7.894736842105263 0 -86.51421039301093 -225.02842078602197 0
18.94736842105263 -7.368421052631579 0 -322.17444681212606 -696.348893624252 0
18.94736842105263 -6.842105263157895 0 -167.53922322067916 -387.07844644135855 0
18.94736842105263 -6.315789473684211 0 101.31182810854172 150.62365621708352 0
18.94736842105263 -5.789473684210526 0 -298.5382236893083 -649.0764473786148 0
18.94736842105263 -5.263157894736842 0 -55962.93214832083 -111977.86429661691 0
18.94736842105263 -4.7368421052631575 0 1.7517481430600422e+16 3.5029970897580656e+16 0
18.94736842105263 -4.2105263157894735 0 -2.7613407008238518e+42 -5.519765309893818e+42 0
18.94736842105263 -3.6842105263157894 0 -1.2152286477869925e+118 -2.4324318055143394e+118 0
18.94736842105263 -3.1578947368421053 0 -2.19864012967683e+296 -4.3977750548760484e+296 0
18.94736842105263 -2.631578947368421 0 nan nan 0
18.94736842105263 -2.1052631578947367 0 nan nan 0
18.94736842105263 -1.5789473684210527 0 nan nan 0
18.94736842105263 -1.0526315789473684 0 nan nan 0
18.94736842105263 -0.5263157894736842 0 nan nan 0
18.94736842105263 -0.0 0 nan nan 0
18.94736842105263 0.0 0 nan nan 0
18.94736842105263 0.5263157894736842 0 nan nan 0
18.94736842105263 1.0526315789473684 0 nan nan 0
18.94736842105263 1.5789473684210527 0 nan nan 0
18.94736842105263 2.1052631578947367 0 nan nan 0
18.94736842105263 2.631578947368421 0 nan nan 0
18.94736842105263 3.1578947368421053 0 nan nan 0
18.94736842105263 3.6842105263157894 0 nan nan 0
18.94736842105263 4.2105263157894735 0 nan nan 0
18.94736842105263 4.7368421052631575 0 nan nan 0
18.94736842105263 5.263157894736842 0 nan nan 0
18.94736842105263 5.789473684210526 0 nan nan 0
18.94736842105263 6.315789473684211 0 nan nan 0
18.94736842105263 6.842105263157895 0 nan nan 0
18.94736842105263 7.368421052631579 0 nan nan 0
18.94736842105263 7.894736842105263 0 nan nan 0
18.94736842105263 8.421052631578947 0 nan nan 0
18.94736842105263 8.947368421052632 0 nan nan 0
18.94736842105263 9.473684210526315 0 nan nan 0
20.526315789473685 -9.473684210526315 0 60.00869349822163 68.01738699644326 0
20.526315789473685 -8.947368421052632 0 180.4939014940191 308.9878029880382 0
20.526315789473685 -8.421052631578947 0 237.42813550711116 422.8562710142224 0
20.526315789473685 -7.894736842105263 0 -86.51413351154427 -225.02826702308846 0
20.526315789473685 -7.368421052631579 0 -322.1746812490003 -696.3493624980007 0
20.526315789473685 -6.842105263157895 0 -167.4903624397635 -386.98072487952686 0
20.526315789473685 -6.315789473684211 0 101.77880052357884 151.5576010471575 0
20.526315789473685 -5.789473684210526 0 -295.757760667241 -643.515521334486 0
20.526315789473685 -5.263157894736842 0 -56303.32043107395 -112658.64086219242 0
20.526315789473685 -4.7368421052631575 0 -1.8091737750388474e+17 -3.61783257435527e+17 0
20.526315789473685 -4.2105263157894735 0 9.20639950473119e+48 1.8403076664924923e+49 0
20.526315789473685 -3.6842105263157894 0 -7.060998319658933e+134 -1.4133469386768629e+135 0
20.526315789473685 -3.1578947368421053 0 -inf -inf 0
20.526315789473685 -2.631578947368421 0 nan nan 0
20.526315789473685 -2.1052631578947367 0 nan nan 0
20.526315789473685 -1.5789473684210527 0 nan nan 0
20.526315789473685 -1.0526315789473684 0 nan nan 0
20.526315789473685 -0.5263157894736842 0 nan nan 0
20.526315789473685 -0.0 0 nan nan 0
20.526315789473685 0.0 0 nan nan 0
20.526315789473685 0.5263157894736842 0 nan nan 0
20.526315789473685 1.0526315789473684 0 nan nan 0
20.526315789473685 1.5789473684210527 0 nan nan 0
20.526315789473685 2.1052631578947367 0 nan nan 0
20.526315789473685 2.631578947368421 0 nan nan 0
20.526315789473685 3.1578947368421053 0 nan nan 0
20.526315789473685 3.6842105263157894 0 nan nan 0
20.526315789473685 4.2105263157894735 0 nan nan 0
20.526315789473685 4.7368421052631575 0 nan nan 0
20.526315789473685 5.263157894736842 0 nan nan 0
20.526315789473685 5.789473684210526 0 nan nan 0
20.526315789473685 6.315789473684211 0 nan nan 0
20.526315789473685 6.842105263157895 0 nan nan 0
20.526315789473685 7.368421052631579 0 nan nan 0
20.526315789473685 7.894736842105263 0 nan nan 0
20.526315789473685 8.421052631578947 0 nan nan 0
20.526315789473685 8.947368421052632 0 nan nan 0
20.526315789473685 9.473684210526315 0 nan nan 0
22.105263157894736 -9.473684210526315 0 59.7585948282291 67.51718965645821 0
22.105263157894736 -8.947368421052632 0 180.7453531114474 309.4907062228948 0
22.105263157894736 -8.421052631578947 0 237.80290469612254 423.6058093922451 0
22.105263157894736 -7.894736842105263 0 -86.23728978728921 -224.47457957457863 0
22.105263157894736 -7.368421052631579 0 -322.0262229361687 -696.0524458723372 0
22.105263157894736 -6.842105263157895 0 -167.2798239417927 -386.5596478835857 0
22.105263157894736 -6.315789473684211 0 102.35521362149733 152.7104272429949 0
22.105263157894736 -5.789473684210526 0 -294.12591079090043 -640.2518215818009 0
22.105263157894736 -5.263157894736842 0 -56003.45578724698 -112058.91157442026 0
22.105263157894736 -4.7368421052631575 0 1.8705815622421665e+18 3.7406312750559974e+18 0
22.105263157894736 -4.2105263157894735 0 1.330378085888043e+56 2.6593512366427107e+56 0
22.105263157894736 -3.6842105263157894 0 3.115967156670967e+152 6.236997153274047e+152 0
22.105263157894736 -3.1578947368421053 0 nan nan 0
22.105263157894736 -2.631578947368421 0 nan nan 0
22.105263157894736 -2.1052631578947367 0 nan nan 0
22.105263157894736 -1.5789473684210527 0 nan nan 0
22.105263157894736 -1.0526315789473684 0 nan nan 0
22.105263157894736 -0.5263157894736842 0 nan nan 0
22.105263157894736 -0.0 0 nan nan 0
22.105263157894736 0.0 0 nan nan 0
22.105263157894736 0.5263157894736842 0 nan nan 0
22.105263157894736 1.0526315789473684 0 nan nan 0
22.105263157894736 1.5789473684210527 0 nan nan 0
22.105263157894736 2.1052631578947367 0 nan nan 0
22.105263157894736 2.631578947368421 0 nan nan 0
22.105263157894736 3.1578947368421053 0 nan nan 0
22.105263157894736 3.6842105263157894 0 nan nan 0
22.105263157894736 4.2105263157894735 0 nan nan 0
22.105263157894736 4.7368421052631575 0 nan nan 0
22.105263157894736 5.263157894736842 0 nan nan 0
22.105263157894736 5.789473684210526 0 nan nan 0
22.105263157894736 6.315789473684211 0 nan nan 0
22.105263157894736 6.842105263157895 0 nan nan 0
22.105263157894736 7.368421052631579 0 nan nan 0
22.105263157894736 7.894736842105263 0 nan nan 0
22.105263157894736 8.421052631578947 0 nan nan 0
22.105263157894736 8.947368421052632 0 nan nan 0
22.105263157894736 9.473684210526315 0 nan nan 0
23.68421052631579 -9.473684210526315 0 58.94416891700842 65.88833783401684 0
23.68421052631579 -8.947368421052632 0 180.47111643182365 308.9422328636473 0
23.68421052631579 -8.421052631578947 0 234.42531423388664 416.8506284677732 0
23.68421052631579 -7.894736842105263 0 -90.11800204088128 -232.2360040817626 0
23.68421052631579 -7.368421052631579 0 -322.2810436027876 -696.5620872055752 0
23.68421052631579 -6.842105263157895 0 -167.980420269522 -387.96084053904383 0
23.68421052631579 -6.315789473684211 0 102.79142527155726 153.58285054311466 0
23.68421052631579 -5.789473684210526 0 -289.64969203539795 -631.2993840707941 0
23.68421052631579 -5.263157894736842 0 -56391.86953908645 -112835.7390782889 0
23.68421052631579 -4.7368421052631575 0 -1.9347583750034354e+19 -3.8689672800532595e+19 0
23.68421052631579 -4.2105263157894735 0 -8.336556817632488e+63 -1.6664309881137697e+64 0
23.68421052631579 -3.6842105263157894 0 5.454652698536399e+171 1.0918168145654352e+172 0
23.68421052631579 -3.1578947368421053 0 nan nan 0
23.68421052631579 -2.631578947368421 0 nan nan 0
23.68421052631579 -2.1052631578947367 0 nan nan 0
23.68421052631579 -1.5789473684210527 0 nan nan 0
23.68421052631579 -1.0526315789473684 0 nan nan 0
23.68421052631579 -0.5263157894736842 0 nan nan 0
23.68421052631579 -0.0 0 nan nan 0
23.68421052631579 0.0 0 nan nan 0
23.68421052631579 0.5263157894736842 0 nan nan 0
23.68421052631579 1.0526315789473684 0 nan nan 0
23.68421052631579 1.5789473684210527 0 nan nan 0
23.68421052631579 2.1052631578947367 0 nan nan 0
23.68421052631579 2.631578947368421 0 nan nan 0
23.68421052631579 3.1578947368421053 0 nan nan 0
23.68421052631579 3.6842105263157894 0 nan nan 0
23.68421052631579 4.2105263157894735 0 nan nan 0
23.68421052631579 4.7368421052631575 0 nan nan 0
23.68421052631579 5.263157894736842 0 nan nan 0
23.68421052631579 5.789473684210526 0 nan nan 0
23.68421052631579 6.315789473684211 0 nan nan 0
23.68421052631579 6.842105263157895 0 nan nan 0
23.68421052631579 7.368421052631579 0 nan nan 0
23.68421052631579 7.894736842105263 0 nan nan 0
23.68421052631579 8.421052631578947 0 nan nan 0
23.68421052631579 8.947368421052632 0 nan nan 0
23.68421052631579 9.473684210526315 0 nan nan 0
25.263157894736842 -9.473684210526315 0 51.56787074283978 51.13574148567956 0
25.263157894736842 -8.947368421052632 0 174.74703365994472 297.49406731988944 0
25.263157894736842 -8.421052631578947 0 262.1687044345021 472.33740886900426 0
25.263157894736842 -7.894736842105263 0 -56.17798291776663 -164.3559658355332 0
25.263157894736842 -7.368421052631579 0 -317.4626699610867 -686.9253399221734 0
25.263157894736842 -6.842105263157895 0 -155.39335115287358 -362.7867023057471 0
25.263157894736842 -6.315789473684211 0 121.28892324723942 190.5778464944791 0
25.263157894736842 -5.789473684210526 0 -18.044155340125826 -88.08831068025574 0
25.263157894736842 -5.263157894736842 0 -58428.5506090574 -116909.10121794144 0
25.263157894736842 -4.7368421052631575 0 2.0177449877289317e+20 4.034917584937085e+20 0
25.263157894736842 -4.2105263157894735 0 -2.260294121936085e+72 -4.518201278349093e+72 0
25.263157894736842 -3.6842105263157894 0 3.469501495557428e+192 6.944640255512404e+192 0
25.263157894736842 -3.1578947368421053 0 nan nan 0
25.263157894736842 -2.631578947368421 0 nan nan 0
25.263157894736842 -2.1052631578947367 0 nan nan 0
25.263157894736842 -1.5789473684210527 0 nan nan 0
25.263157894736842 -1.0526315789473684 0 nan nan 0
25.263157894736842 -0.5263157894736842 0 nan nan 0
25.263157894736842 -0.0 0 nan nan 0
25.263157894736842 0.0 0 nan nan 0
25.263157894736842 0.5263157894736842 0 nan nan 0
25.263157894736842 1.0526315789473684 0 nan nan 0
25.263157894736842 1.5789473684210527 0 nan nan 0
25.263157894736842 2.1052631578947367 0 nan nan 0
25.263157894736842 2.631578947368421 0 nan nan 0
25.263157894736842 3.1578947368421053 0 nan nan 0
25.263157894736842 3.6842105263157894 0 nan nan 0
25.263157894736842 4.2105263157894735 0 nan nan 0
25.263157894736842 4.7368421052631575 0 nan nan 0
25.263157894736842 5.263157894736842 0 nan nan 0
25.263157894736842 5.789473684210526 0 nan nan 0
25.263157894736842 6.315789473684211 0 nan nan 0
25.263157894736842 6.842105263157895 0 nan nan 0
25.263157894736842 7.368421052631579 0 nan nan 0
25.263157894736842 7.894736842105263 0 nan nan 0
25.263157894736842 8.421052631578947 0 nan nan 0
25.263157894736842 8.947368421052632 0 nan nan 0
25.263157894736842 9.473684210526315 0 nan nan 0
26.842105263157894 -9.473684210526315 0 61.37666925035473 70.75333850070948 0
26.842105263157894 -8.947368421052632 0 174.69913399376975 297.3982679875395 0
26.842105263157894 -8.421052631578947 0 236.96973107801978 421.93946215603955 0
26.842105263157894 -7.894736842105263 0 -67.71602561857102 -187.43205123714205 0
26.842105263157894 -7.368421052631579 0 -329.33157355528346 -710.6631471105669 0
26.842105263157894 -6.842105263157895 0 -207.59722515114555 -467.1944503022911 0
26.842105263157894 -6.315789473684211 0 -35.93438472328202 -123.86876944656433 0
26.842105263157894 -5.789473684210526 0 -1857.608031224025 -3767.216062448041 0
26.842105263157894 -5.263157894736842 0 -44915.47398131707 -89882.94796293913 0
26.842105263157894 -4.7368421052631575 0 -2.019990606361803e+21 -4.0394088544752165e+21 0
26.842105263157894 -4.2105263157894735 0 2.678777700267186e+81 5.354726498776645e+81 0
26.842105263157894 -3.6842105263157894 0 -3.2067807789508795e+215 -6.418771952288119e+215 0
26.842105263157894 -3.1578947368421053 0 nan nan 0
26.842105263157894 -2.631578947368421 0 nan nan 0
26.842105263157894 -2.1052631578947367 0 nan nan 0
26.842105263157894 -1.5789473684210527 0 nan nan 0
26.842105263157894 -1.0526315789473684 0 nan nan 0
26.842105263157894 -0.5263157894736842 0 nan nan 0
26.842105263157894 -0.0 0 nan nan 0
26.842105263157894 0.0 0 nan nan 0
26.842105263157894 0.5263157894736842 0 nan nan 0
26.842105263157894 1.0526315789473684 0 nan nan 0
26.842105263157894 1.5789473684210527 0 nan nan 0
26.842105263157894 2.1052631578947367 0 nan nan 0
26.842105263157894 2.631578947368421 0 nan nan 0
26.842105263157894 3.1578947368421053 0 nan nan 0
26.842105263157894 3.6842105263157894 0 nan nan 0
26.842105263157894 4.2105263157894735 0 nan nan 0
26.842105263157894 4.7368421052631575 0 nan nan 0
26.842105263157894 5.263157894736842 0 nan nan 0
26.842105263157894 5.789473684210526 0 nan nan 0
26.842105263157894 6.315789473684211 0 nan nan 0
26.842105263157894 6.842105263157895 0 nan nan 0
26.842105263157894 7.368421052631579 0 nan nan 0
26.842105263157894 7.894736842105263 0 nan nan 0
26.842105263157894 8.421052631578947 0 nan nan 0
26.842105263157894 8.947368421052632 0 nan nan 0
26.842105263157894 9.473684210526315 0 nan nan 0
28.42105263157895 -9.473684210526315 0 103.68014049843937 155.36028099687877 0
28.42105263157895 -8.947368421052632 0 203.79279282129517 355.58558564259033 0
28.42105263157895 -8.421052631578947 0 15.254421166026162 -21.491157667947675 0
28.42105263157895 -7.894736842105263 0 -328.6985140597024 -709.3970281194048 0
28.42105263157895 -7.368421052631579 0 -444.6549764822221 -941.3099529644443 0
28.42105263157895 -6.842105263157895 0 -338.10722605080116 -728.2144521016022 0
28.42105263157895 -6.315789473684211 0 62.27739143064119 72.55478286128255 0
28.42105263157895 -5.789473684210526 0 -2327.317694575736 -4706.635389151475 0
28.42105263157895 -5.263157894736842 0 -448933.2981199453 -897918.596239087 0
28.42105263157895 -4.7368421052631575 0 5.172441804695803e+22 1.0343418710822717e+23 0
28.42105263157895 -4.2105263157894735 0 2.1073678961411702e+91 4.212510323276467e+91 0
28.42105263157895 -3.6842105263157894 0 1.1125083945298868e+241 2.2268243985888333e+241 0
28.42105263157895 -3.1578947368421053 0 nan nan 0
28.42105263157895 -2.631578947368421 0 nan nan 0
28.42105263157895 -2.1052631578947367 0 nan nan 0
28.42105263157895 -1.5789473684210527 0 nan nan 0
28.42105263157895 -1.0526315789473684 0 nan nan 0
28.42105263157895 -0.5263157894736842 0 nan nan 0
28.42105263157895 -0.0 0 nan nan 0
28.42105263157895 0.0 0 nan nan 0
28.42105263157895 0.5263157894736842 0 nan nan 0
28.42105263157895 1.0526315789473684 0 nan nan 0
28.42105263157895 1.5789473684210527 0 nan nan 0
28.42105263157895 2.1052631578947367 0 nan nan 0
28.42105263157895 2.631578947368421 0 nan nan 0
28.42105263157895 3.1578947368421053 0 nan nan 0
28.42105263157895 3.6842105263157894 0 nan nan 0
28.42105263157895 4.2105263157894735 0 nan nan 0
28.42105263157895 4.7368421052631575 0 nan nan 0
28.42105263157895 5.263157894736842 0 nan nan 0
28.42105263157895 5.789473684210526 0 nan nan 0
28.42105263157895 6.315789473684211 0 nan nan 0
28.42105263157895 6.842105263157895 0 nan nan 0
28.42105263157895 7.368421052631579 0 nan nan 0
28.42105263157895 7.894736842105263 0 nan nan 0
28.42105263157895 8.421052631578947 0 nan nan 0
28.42105263157895 8.947368421052632 0 nan nan 0
28.42105263157895 9.473684210526315 0 nan nan 0
