-27.857142857142858 -9.285714285714286 0.0 42 95.27637541709117 0.0 0.0 
-27.857142857142858 -8.571428571428571 0.0 85 151.49972069347953 0.0 0.0 
-27.857142857142858 -7.857142857142858 0.0 108 192.00579285266846 0.0 0.0 
-27.857142857142858 -7.142857142857143 0.0 133 213.32413028875348 0.0 0.0 
-27.857142857142858 -6.428571428571429 0.0 146 219.7813996312813 0.0 0.0 
-27.857142857142858 -5.714285714285714 0.0 163 224.91381227051542 0.0 0.0 
-27.857142857142858 -5.0 0.0 169 215.09644400724173 0.0 0.0 
-27.857142857142858 -4.285714285714286 0.0 179 209.50277375363805 0.0 0.0 
-27.857142857142858 -3.5714285714285716 0.0 179 188.54188154097707 0.0 0.0 
-27.857142857142858 -2.857142857142857 0.0 181 172.1456024648122 0.0 0.0 
-27.857142857142858 -2.142857142857143 0.0 175 143.16787140869434 0.0 0.0 
-27.857142857142858 -1.4285714285714286 0.0 171 123.74742827485017 0.0 0.0 
-27.857142857142858 -0.7142857142857143 0.0 163 100.45066662365917 0.0 0.0 
-27.857142857142858 -0.0 0.0 159 93.66151068587962 0.0 0.0 
-27.857142857142858 0.0 0.0 157 87.68334591961613 0.0 0.0 
-27.857142857142858 0.7142857142857143 0.0 158 95.59785532718075 0.0 0.0 
-27.857142857142858 1.4285714285714286 0.0 161 100.48654845446066 0.0 0.0 
-27.857142857142858 2.142857142857143 0.0 166 110.35196314648294 0.0 0.0 
-27.857142857142858 2.857142857142857 0.0 169 111.14184082112416 0.0 0.0 
-27.857142857142858 3.5714285714285716 0.0 172 112.22539001765335 0.0 0.0 
-27.857142857142858 4.285714285714286 0.0 173 105.08061128068366 0.0 0.0 
-27.857142857142858 5.0 0.0 175 96.93782044348873 0.0 0.0 
-27.857142857142858 5.714285714285714 0.0 176 81.43455293233055 0.0 0.0 
-27.857142857142858 6.428571428571429 0.0 169 74.21274309580309 0.0 0.0 
-27.857142857142858 7.142857142857143 0.0 166 63.85062477797277 0.0 0.0 
-27.857142857142858 7.857142857142858 0.0 169 -40.91319403628387 0.0 0.0 
-27.857142857142858 8.571428571428571 0.0 103 -224.9537785202571 0.0 0.0 
-27.857142857142858 9.285714285714286 0.0 48 -286.40328796754653 0.0 0.0 
-25.714285714285715 -9.285714285714286 0.0 34 58.12916921436984 0.0 0.0 
-25.714285714285715 -8.571428571428571 0.0 81 131.66026105145508 0.0 0.0 
-25.714285714285715 -7.857142857142858 0.0 95 128.60251136095948 0.0 0.0 
-25.714285714285715 -7.142857142857143 0.0 117 154.99284029176724 0.0 0.0 
-25.714285714285715 -6.428571428571429 0.0 118 123.59456374742538 0.0 0.0 
-25.714285714285715 -5.714285714285714 0.0 127 132.89924028439546 0.0 0.0 
-25.714285714285715 -5.0 0.0 123 93.44259416425272 0.0 0.0 
-25.714285714285715 -4.285714285714286 0.0 126 94.52668380715033 0.0 0.0 
-25.714285714285715 -3.5714285714285716 0.0 119 50.527704555663206 0.0 0.0 
-25.714285714285715 -2.857142857142857 0.0 114 37.62979472150079 0.0 0.0 
-25.714285714285715 -2.142857142857143 0.0 98 -13.506901093275417 0.0 0.0 
-25.714285714285715 -1.4285714285714286 0.0 85 -34.22892722042255 0.0 0.0 
-25.714285714285715 -0.7142857142857143 0.0 71 -76.32040013622145 0.0 0.0 
-25.714285714285715 -0.0 0.0 60 -82.13184853999272 0.0 0.0 
-25.714285714285715 0.0 0.0 55 -99.69100104607251 0.0 0.0 
-25.714285714285715 0.7142857142857143 0.0 57 -86.30904851937905 0.0 0.0 
-25.714285714285715 1.4285714285714286 0.0 62 -87.19266875011179 0.0 0.0 
-25.714285714285715 2.142857142857143 0.0 68 -72.0840047220024 0.0 0.0 
-25.714285714285715 2.857142857142857 0.0 73 -74.22197868235375 0.0 0.0 
-25.714285714285715 3.5714285714285716 0.0 78 -67.98459800695159 0.0 0.0 
-25.714285714285715 4.285714285714286 0.0 79 -74.0673850552694 0.0 0.0 
-25.714285714285715 5.0 0.0 80 -74.04357021564712 0.0 0.0 
-25.714285714285715 5.714285714285714 0.0 76 -104.60642675707248 0.0 0.0 
-25.714285714285715 6.428571428571429 0.0 75 -114.2736297052008 0.0 0.0 
-25.714285714285715 7.142857142857143 0.0 107 -33.588269272838744 0.0 0.0 
-25.714285714285715 7.857142857142858 0.0 113 -59.64413295318681 0.0 0.0 
-25.714285714285715 8.571428571428571 0.0 -22 -281.8261164468638 0.0 0.0 
-25.714285714285715 9.285714285714286 0.0 -107 -512.8797038059126 0.0 0.0 
-23.57142857142857 -9.285714285714286 0.0 69 91.85598956847416 0.0 0.0 
-23.57142857142857 -8.571428571428571 0.0 116 153.77420991705716 0.0 0.0 
-23.57142857142857 -7.857142857142858 0.0 128 158.5908125728694 0.0 0.0 
-23.57142857142857 -7.142857142857143 0.0 143 169.57139277842236 0.0 0.0 
-23.57142857142857 -6.428571428571429 0.0 140 147.68471333531124 0.0 0.0 
-23.57142857142857 -5.714285714285714 0.0 143 145.4358237576551 0.0 0.0 
-23.57142857142857 -5.0 0.0 139 118.53619424575277 0.0 0.0 
-23.57142857142857 -4.285714285714286 0.0 138 112.04831210938815 0.0 0.0 
-23.57142857142857 -3.5714285714285716 0.0 133 80.58660285372059 0.0 0.0 
-23.57142857142857 -2.857142857142857 0.0 123 61.1203124787813 0.0 0.0 
-23.57142857142857 -2.142857142857143 0.0 108 12.845921953095 0.0 0.0 
-23.57142857142857 -1.4285714285714286 0.0 89 -20.51696451499194 0.0 0.0 
-23.57142857142857 -0.7142857142857143 0.0 73 -60.90837429956848 0.0 0.0 
-23.57142857142857 -0.0 0.0 61 -78.36329914350993 0.0 0.0 
-23.57142857142857 0.0 0.0 55 -92.77907068377772 0.0 0.0 
-23.57142857142857 0.7142857142857143 0.0 55 -83.86969568342928 0.0 0.0 
-23.57142857142857 1.4285714285714286 0.0 61 -75.58286106174691 0.0 0.0 
-23.57142857142857 2.142857142857143 0.0 67 -61.98317491257579 0.0 0.0 
-23.57142857142857 2.857142857142857 0.0 70 -59.83902738017872 0.0 0.0 
-23.57142857142857 3.5714285714285716 0.0 72 -59.95695958140463 0.0 0.0 
-23.57142857142857 4.285714285714286 0.0 71 -65.56988571860796 0.0 0.0 
-23.57142857142857 5.0 0.0 75 -56.129145529070996 0.0 0.0 
-23.57142857142857 5.714285714285714 0.0 73 -64.02297457506795 0.0 0.0 
-23.57142857142857 6.428571428571429 0.0 58 -85.61467467055775 0.0 0.0 
-23.57142857142857 7.142857142857143 0.0 70 -20.50119133959582 0.0 0.0 
-23.57142857142857 7.857142857142858 0.0 57 -109.54565835516081 0.0 0.0 
-23.57142857142857 8.571428571428571 0.0 -48 -297.9312454535609 0.0 0.0 
-23.57142857142857 9.285714285714286 0.0 -110 -506.8062278768828 0.0 0.0 
-21.428571428571427 -9.285714285714286 0.0 83 86.28850042008352 0.0 0.0 
-21.428571428571427 -8.571428571428571 0.0 128 153.148576493348 0.0 0.0 
-21.428571428571427 -7.857142857142858 0.0 138 137.56840765750206 0.0 0.0 
-21.428571428571427 -7.142857142857143 0.0 149 152.73003842013324 0.0 0.0 
-21.428571428571427 -6.428571428571429 0.0 146 119.59494108304258 0.0 0.0 
-21.428571428571427 -5.714285714285714 0.0 147 123.5732130351872 0.0 0.0 
-21.428571428571427 -5.0 0.0 143 93.39524991918242 0.0 0.0 
-21.428571428571427 -4.285714285714286 0.0 143 96.52174020802016 0.0 0.0 
-21.428571428571427 -3.5714285714285716 0.0 139 69.15477157911616 0.0 0.0 
-21.428571428571427 -2.857142857142857 0.0 134 53.88831502537968 0.0 0.0 
-21.428571428571427 -2.142857142857143 0.0 117 0.8922398406959644 0.0 0.0 
-21.428571428571427 -1.4285714285714286 0.0 99 -33.627329839139975 0.0 0.0 
-21.428571428571427 -0.7142857142857143 0.0 85 -78.4698397988941 0.0 0.0 
-21.428571428571427 -0.0 0.0 69 -101.06994297401519 0.0 0.0 
-21.428571428571427 0.0 0.0 57 -122.16363896896894 0.0 0.0 
-21.428571428571427 0.7142857142857143 0.0 52 -115.05100463476306 0.0 0.0 
-21.428571428571427 1.4285714285714286 0.0 54 -106.69874850090632 0.0 0.0 
-21.428571428571427 2.142857142857143 0.0 57 -87.34547081157756 0.0 0.0 
-21.428571428571427 2.857142857142857 0.0 61 -80.81763362079076 0.0 0.0 
-21.428571428571427 3.5714285714285716 0.0 62 -71.1586720512376 0.0 0.0 
-21.428571428571427 4.285714285714286 0.0 58 -76.25533403987475 0.0 0.0 
-21.428571428571427 5.0 0.0 57 -70.31085697497862 0.0 0.0 
-21.428571428571427 5.714285714285714 0.0 51 -86.7849805459753 0.0 0.0 
-21.428571428571427 6.428571428571429 0.0 36 -120.18585760647166 0.0 0.0 
-21.428571428571427 7.142857142857143 0.0 67 -26.33129349375679 0.0 0.0 
-21.428571428571427 7.857142857142858 0.0 65 -113.61126552746963 0.0 0.0 
-21.428571428571427 8.571428571428571 0.0 -33 -274.47445053646464 0.0 0.0 
-21.428571428571427 9.285714285714286 0.0 -107 -505.36335201105396 0.0 0.0 
-19.285714285714285 -9.285714285714286 0.0 113 108.28361118813484 0.0 0.0 
-19.285714285714285 -8.571428571428571 0.0 153 177.62917384594726 0.0 0.0 
-19.285714285714285 -7.857142857142858 0.0 160 146.02930372490488 0.0 0.0 
-19.285714285714285 -7.142857142857143 0.0 162 160.372931603026 0.0 0.0 
-19.285714285714285 -6.428571428571429 0.0 158 119.06813346360502 0.0 0.0 
-19.285714285714285 -5.714285714285714 0.0 156 124.3870501649319 0.0 0.0 
-19.285714285714285 -5.0 0.0 151 91.68417131626197 0.0 0.0 
-19.285714285714285 -4.285714285714286 0.0 150 101.36816214937002 0.0 0.0 
-19.285714285714285 -3.5714285714285716 0.0 154 82.3991988376523 0.0 0.0 
-19.285714285714285 -2.857142857142857 0.0 153 76.42690545681856 0.0 0.0 
-19.285714285714285 -2.142857142857143 0.0 138 25.21504159776009 0.0 0.0 
-19.285714285714285 -1.4285714285714286 0.0 135 7.714473333746639 0.0 0.0 
-19.285714285714285 -0.7142857142857143 0.0 123 -41.931178603745664 0.0 0.0 
-19.285714285714285 -0.0 0.0 95 -82.25913456744827 0.0 0.0 
-19.285714285714285 0.0 0.0 70 -122.64631704615957 0.0 0.0 
-19.285714285714285 0.7142857142857143 0.0 36 -145.16538360641152 0.0 0.0 
-19.285714285714285 1.4285714285714286 0.0 33 -130.71101000869444 0.0 0.0 
-19.285714285714285 2.142857142857143 0.0 38 -103.5641411075745 0.0 0.0 
-19.285714285714285 2.857142857142857 0.0 39 -96.46848711694267 0.0 0.0 
-19.285714285714285 3.5714285714285716 0.0 40 -88.36093775671844 0.0 0.0 
-19.285714285714285 4.285714285714286 0.0 37 -95.97175567921273 0.0 0.0 
-19.285714285714285 5.0 0.0 42 -86.49365154472156 0.0 0.0 
-19.285714285714285 5.714285714285714 0.0 43 -90.70835386929076 0.0 0.0 
-19.285714285714285 6.428571428571429 0.0 32 -129.21760456285097 0.0 0.0 
-19.285714285714285 7.142857142857143 0.0 70 -20.94923462700642 0.0 0.0 
-19.285714285714285 7.857142857142858 0.0 63 -121.15424266162351 0.0 0.0 
-19.285714285714285 8.571428571428571 0.0 -29 -277.16658545385394 0.0 0.0 
-19.285714285714285 9.285714285714286 0.0 -128 -527.9775631875517 0.0 0.0 
-17.142857142857142 -9.285714285714286 0.0 138 141.4913456936244 0.0 0.0 
-17.142857142857142 -8.571428571428571 0.0 172 210.53771568822714 0.0 0.0 
-17.142857142857142 -7.857142857142858 0.0 174 163.5190670042084 0.0 0.0 
-17.142857142857142 -7.142857142857143 0.0 171 175.08929687168342 0.0 0.0 
-17.142857142857142 -6.428571428571429 0.0 163 123.00343284122442 0.0 0.0 
-17.142857142857142 -5.714285714285714 0.0 155 130.52960733823943 0.0 0.0 
-17.142857142857142 -5.0 0.0 151 91.59958397085606 0.0 0.0 
-17.142857142857142 -4.285714285714286 0.0 149 107.6821488275504 0.0 0.0 
-17.142857142857142 -3.5714285714285716 0.0 157 96.38820568596137 0.0 0.0 
-17.142857142857142 -2.857142857142857 0.0 161 102.1505551067938 0.0 0.0 
-17.142857142857142 -2.142857142857143 0.0 162 73.3532666480121 0.0 0.0 
-17.142857142857142 -1.4285714285714286 0.0 206 111.35380707617713 0.0 0.0 
-17.142857142857142 -0.7142857142857143 0.0 195 42.159758594332516 0.0 0.0 
-17.142857142857142 -0.0 0.0 121 -41.0772092268175 0.0 0.0 
-17.142857142857142 0.0 0.0 82 -137.1983316202205 0.0 0.0 
-17.142857142857142 0.7142857142857143 0.0 -17 -226.90514393427887 0.0 0.0 
-17.142857142857142 1.4285714285714286 0.0 -24 -203.16227490382647 0.0 0.0 
-17.142857142857142 2.142857142857143 0.0 7 -144.13674002734342 0.0 0.0 
-17.142857142857142 2.857142857142857 0.0 10 -131.72330627674262 0.0 0.0 
-17.142857142857142 3.5714285714285716 0.0 26 -109.19492702353315 0.0 0.0 
-17.142857142857142 4.285714285714286 0.0 24 -116.14117961031066 0.0 0.0 
-17.142857142857142 5.0 0.0 37 -100.48858099797528 0.0 0.0 
-17.142857142857142 5.714285714285714 0.0 41 -96.01144981548848 0.0 0.0 
-17.142857142857142 6.428571428571429 0.0 36 -132.45628711380857 0.0 0.0 
-17.142857142857142 7.142857142857143 0.0 80 -5.6310341414114475 0.0 0.0 
-17.142857142857142 7.857142857142858 0.0 79 -100.81807698511932 0.0 0.0 
-17.142857142857142 8.571428571428571 0.0 -6 -278.17712203037723 0.0 0.0 
-17.142857142857142 9.285714285714286 0.0 -189 -611.0985848154197 0.0 0.0 
-15.0 -9.285714285714286 0.0 166 209.97988495699246 0.0 0.0 
-15.0 -8.571428571428571 0.0 191 249.52258091441456 0.0 0.0 
-15.0 -7.857142857142858 0.0 187 202.0161586526032 0.0 0.0 
-15.0 -7.142857142857143 0.0 174 191.30039301333784 0.0 0.0 
-15.0 -6.428571428571429 0.0 163 143.1982974873811 0.0 0.0 
-15.0 -5.714285714285714 0.0 152 136.0038601136376 0.0 0.0 
-15.0 -5.0 0.0 145 97.82982974665038 0.0 0.0 
-15.0 -4.285714285714286 0.0 138 103.21587096212174 0.0 0.0 
-15.0 -3.5714285714285716 0.0 139 93.04466920643681 0.0 0.0 
-15.0 -2.857142857142857 0.0 127 73.22138057321814 0.0 0.0 
-15.0 -2.142857142857143 0.0 171 146.15457853472913 0.0 0.0 
-15.0 -1.4285714285714286 0.0 135 43.23244195098421 0.0 0.0 
-15.0 1.4285714285714286 0.0 -28 -460.4311948715132 0.0 0.0 
-15.0 2.142857142857143 0.0 -3 -600.5186220107423 0.0 0.0 
-15.0 2.857142857142857 0.0 19 -350.6545561082812 0.0 0.0 
-15.0 3.5714285714285716 0.0 26 -483.67608278444413 0.0 0.0 
-15.0 4.285714285714286 0.0 35 -334.3902074590276 0.0 0.0 
-15.0 5.0 0.0 40 -431.64356805162976 0.0 0.0 
-15.0 5.714285714285714 0.0 50 -321.7024989186949 0.0 0.0 
-15.0 6.428571428571429 0.0 35 -445.62482214067063 0.0 0.0 
-15.0 7.142857142857143 0.0 86 -252.18647139855008 0.0 0.0 
-15.0 7.857142857142858 0.0 90 -379.9411183762144 0.0 0.0 
-15.0 8.571428571428571 0.0 14 -679.3571428465615 0.0 0.0 
-15.0 9.285714285714286 0.0 -214 -1125.9230871675584 0.0 0.0 
-12.857142857142858 -9.285714285714286 0.0 187 256.0948821094923 0.0 0.0 
-12.857142857142858 -8.571428571428571 0.0 194 221.72645695683875 0.0 0.0 
-12.857142857142858 -7.857142857142858 0.0 182 170.4522761843494 0.0 0.0 
-12.857142857142858 -7.142857142857143 0.0 158 102.55738900435978 0.0 0.0 
-12.857142857142858 -6.428571428571429 0.0 143 47.567061839481084 0.0 0.0 
-12.857142857142858 -5.714285714285714 0.0 123 -8.789045432643775 0.0 0.0 
-12.857142857142858 -5.0 0.0 114 -67.30971177158594 0.0 0.0 
-12.857142857142858 -4.285714285714286 0.0 108 -121.603836874748 0.0 0.0 
-12.857142857142858 -3.5714285714285716 0.0 121 -170.86358588497873 0.0 0.0 
-12.857142857142858 -2.857142857142857 0.0 100 -227.84877241804128 0.0 0.0 
-12.857142857142858 -2.142857142857143 0.0 194 -332.1392634734698 0.0 0.0 
-12.857142857142858 2.142857142857143 0.0 -40 -771.1176159299175 0.0 0.0 
-12.857142857142858 2.857142857142857 0.0 -18 -625.3453500089623 0.0 0.0 
-12.857142857142858 3.5714285714285716 0.0 7 -647.7982420978692 0.0 0.0 
-12.857142857142858 4.285714285714286 0.0 14 -565.2537751014282 0.0 0.0 
-12.857142857142858 5.0 0.0 31 -609.6405951673432 0.0 0.0 
-12.857142857142858 5.714285714285714 0.0 45 -535.300981102698 0.0 0.0 
-12.857142857142858 6.428571428571429 0.0 46 -632.1656685532251 0.0 0.0 
-12.857142857142858 7.142857142857143 0.0 107 -444.9717142552181 0.0 0.0 
-12.857142857142858 7.857142857142858 0.0 158 -421.87374969121214 0.0 0.0 
-12.857142857142858 8.571428571428571 0.0 31 -818.9787251509343 0.0 0.0 
-12.857142857142858 9.285714285714286 0.0 -303 -1536.8369770675909 0.0 0.0 
-10.714285714285714 -9.285714285714286 0.0 213 164.45537753449548 0.0 0.0 
-10.714285714285714 -8.571428571428571 0.0 213 80.25606465544786 0.0 0.0 
-10.714285714285714 -7.857142857142858 0.0 200 -39.46134773757808 0.0 0.0 
-10.714285714285714 -7.142857142857143 0.0 176 -136.71611576600964 0.0 0.0 
-10.714285714285714 -6.428571428571429 0.0 173 -230.52076744057456 0.0 0.0 
-10.714285714285714 -5.714285714285714 0.0 172 -295.74544317842276 0.0 0.0 
-10.714285714285714 -5.0 0.0 187 -350.31027305349016 0.0 0.0 
-10.714285714285714 -4.285714285714286 0.0 206 -376.5755648765489 0.0 0.0 
-10.714285714285714 -3.5714285714285716 0.0 239 -444.817993584925 0.0 0.0 
-10.714285714285714 -2.857142857142857 0.0 314 -321.6554142215315 0.0 0.0 
-10.714285714285714 -2.142857142857143 0.0 441 -72.9568895861313 0.0 0.0 
-10.714285714285714 2.142857142857143 0.0 -101 -648.374036525312 0.0 0.0 
-10.714285714285714 2.857142857142857 0.0 -53 -710.2968237031426 0.0 0.0 
-10.714285714285714 3.5714285714285716 0.0 -8 -540.1206355126006 0.0 0.0 
-10.714285714285714 4.285714285714286 0.0 11 -612.5974036010731 0.0 0.0 
-10.714285714285714 5.0 0.0 40 -503.12182223964464 0.0 0.0 
-10.714285714285714 5.714285714285714 0.0 60 -534.3032926889549 0.0 0.0 
-10.714285714285714 6.428571428571429 0.0 60 -518.6926002922739 0.0 0.0 
-10.714285714285714 7.142857142857143 0.0 99 -462.60291650256283 0.0 0.0 
-10.714285714285714 7.857142857142858 0.0 172 -288.20690938470165 0.0 0.0 
-10.714285714285714 8.571428571428571 0.0 18 -714.6313364274765 0.0 0.0 
-10.714285714285714 9.285714285714286 0.0 -389 -1564.1897990490993 0.0 0.0 
-8.571428571428571 -9.285714285714286 0.0 313 -0.2963724106772361 0.0 0.0 
-8.571428571428571 -8.571428571428571 0.0 315 10.235564248050082 0.0 0.0 
-8.571428571428571 -7.857142857142858 0.0 307 -239.29831499676789 0.0 0.0 
-8.571428571428571 -7.142857142857143 0.0 286 -229.83478937213647 0.0 0.0 
-8.571428571428571 -6.428571428571429 0.0 284 -378.5729376114301 0.0 0.0 
-8.571428571428571 -5.714285714285714 0.0 275 -348.95226291733513 0.0 0.0 
-8.571428571428571 -5.0 0.0 281 -429.8038312140995 0.0 0.0 
-8.571428571428571 -4.285714285714286 0.0 298 -315.7029827874989 0.0 0.0 
-8.571428571428571 -3.5714285714285716 0.0 290 -348.272954217991 0.0 0.0 
-8.571428571428571 -2.857142857142857 0.0 265 -209.70290042835092 0.0 0.0 
-8.571428571428571 -2.142857142857143 0.0 299 -175.7502001880497 0.0 0.0 
-8.571428571428571 2.142857142857143 0.0 -87 -866.4445743237367 0.0 0.0 
-8.571428571428571 2.857142857142857 0.0 -20 -671.9270316708378 0.0 0.0 
-8.571428571428571 3.5714285714285716 0.0 2 -716.96048227871 0.0 0.0 
-8.571428571428571 4.285714285714286 0.0 30 -613.324317646149 0.0 0.0 
-8.571428571428571 5.0 0.0 40 -653.5883905560418 0.0 0.0 
-8.571428571428571 5.714285714285714 0.0 66 -557.3766594002016 0.0 0.0 
-8.571428571428571 6.428571428571429 0.0 56 -621.1836000146205 0.0 0.0 
-8.571428571428571 7.142857142857143 0.0 80 -511.56687143484186 0.0 0.0 
-8.571428571428571 7.857142857142858 0.0 139 -453.6862884638787 0.0 0.0 
-8.571428571428571 8.571428571428571 0.0 -3 -863.3928664673135 0.0 0.0 
-8.571428571428571 9.285714285714286 0.0 -403 -1771.987293641021 0.0 0.0 
-6.428571428571429 -9.285714285714286 0.0 450 -17.783026938675903 0.0 0.0 
-6.428571428571429 -8.571428571428571 0.0 409 109.70704057816636 0.0 0.0 
-6.428571428571429 -7.857142857142858 0.0 377 -261.3672130764079 0.0 0.0 
-6.428571428571429 -7.142857142857143 0.0 317 -150.56591327097362 0.0 0.0 
-6.428571428571429 -6.428571428571429 0.0 298 -365.26421397904903 0.0 0.0 
-6.428571428571429 -5.714285714285714 0.0 262 -232.33047888020087 0.0 0.0 
-6.428571428571429 -5.0 0.0 239 -365.2088502642661 0.0 0.0 
-6.428571428571429 -4.285714285714286 0.0 209 -242.14277550377045 0.0 0.0 
-6.428571428571429 -3.5714285714285716 0.0 167 -431.77361308174915 0.0 0.0 
-6.428571428571429 -2.857142857142857 0.0 174 -286.27990573236553 0.0 0.0 
-6.428571428571429 -2.142857142857143 0.0 283 -147.8229049204707 0.0 0.0 
-6.428571428571429 2.142857142857143 0.0 -66 -800.0645881279813 0.0 0.0 
-6.428571428571429 2.857142857142857 0.0 -22 -760.914048098012 0.0 0.0 
-6.428571428571429 3.5714285714285716 0.0 8 -680.1182400038538 0.0 0.0 
-6.428571428571429 4.285714285714286 0.0 21 -675.3235557475728 0.0 0.0 
-6.428571428571429 5.0 0.0 34 -642.486347211681 0.0 0.0 
-6.428571428571429 5.714285714285714 0.0 46 -630.6003885891888 0.0 0.0 
-6.428571428571429 6.428571428571429 0.0 45 -652.4653250069613 0.0 0.0 
-6.428571428571429 7.142857142857143 0.0 78 -575.6707918139291 0.0 0.0 
-6.428571428571429 7.857142857142858 0.0 165 -440.9105419617026 0.0 0.0 
-6.428571428571429 8.571428571428571 0.0 23 -849.9621682501944 0.0 0.0 
-6.428571428571429 9.285714285714286 0.0 -431 -1857.1008958718714 0.0 0.0 
-4.285714285714286 -9.285714285714286 0.0 495 35.99312498328993 0.0 0.0 
-4.285714285714286 -8.571428571428571 0.0 402 189.45057085157305 0.0 0.0 
-4.285714285714286 -7.857142857142858 0.0 358 -211.93255713744907 0.0 0.0 
-4.285714285714286 -7.142857142857143 0.0 272 -67.31158766387586 0.0 0.0 
-4.285714285714286 -6.428571428571429 0.0 243 -327.0894129973031 0.0 0.0 
-4.285714285714286 -5.714285714285714 0.0 185 -210.92025514571594 0.0 0.0 
-4.285714285714286 -5.0 0.0 169 -406.1747159130608 0.0 0.0 
-4.285714285714286 -4.285714285714286 0.0 166 -254.72036436410707 0.0 0.0 
-4.285714285714286 -3.5714285714285716 0.0 160 -423.1351066636919 0.0 0.0 
-4.285714285714286 -2.857142857142857 0.0 162 -293.17342151556886 0.0 0.0 
-4.285714285714286 -2.142857142857143 0.0 248 -266.3521375302355 0.0 0.0 
-4.285714285714286 2.142857142857143 0.0 -76 -783.9619687057454 0.0 0.0 
-4.285714285714286 2.857142857142857 0.0 -26 -731.3349767732454 0.0 0.0 
-4.285714285714286 3.5714285714285716 0.0 -3 -671.802291299728 0.0 0.0 
-4.285714285714286 4.285714285714286 0.0 17 -660.6553944180938 0.0 0.0 
-4.285714285714286 5.0 0.0 32 -628.6407808412208 0.0 0.0 
-4.285714285714286 5.714285714285714 0.0 56 -600.9166226483285 0.0 0.0 
-4.285714285714286 6.428571428571429 0.0 55 -617.3752141723535 0.0 0.0 
-4.285714285714286 7.142857142857143 0.0 84 -544.8763819873514 0.0 0.0 
-4.285714285714286 7.857142857142858 0.0 159 -418.370698696707 0.0 0.0 
-4.285714285714286 8.571428571428571 0.0 25 -794.0607328715477 0.0 0.0 
-4.285714285714286 9.285714285714286 0.0 -442 -1826.2997226882171 0.0 0.0 
-2.142857142857143 -9.285714285714286 0.0 471 87.5983522900932 0.0 0.0 
-2.142857142857143 -8.571428571428571 0.0 356 204.0562299931956 0.0 0.0 
-2.142857142857143 -7.857142857142858 0.0 307 -203.39754253844626 0.0 0.0 
-2.142857142857143 -7.142857142857143 0.0 218 -93.26880570871919 0.0 0.0 
-2.142857142857143 -6.428571428571429 0.0 203 -357.23725957796887 0.0 0.0 
-2.142857142857143 -5.714285714285714 0.0 163 -241.46224244314578 0.0 0.0 
-2.142857142857143 -5.0 0.0 163 -427.35848974427904 0.0 0.0 
-2.142857142857143 -4.285714285714286 0.0 165 -279.3018300916615 0.0 0.0 
-2.142857142857143 -3.5714285714285716 0.0 167 -434.3890716507306 0.0 0.0 
-2.142857142857143 -2.857142857142857 0.0 178 -277.186234265235 0.0 0.0 
-2.142857142857143 -2.142857142857143 0.0 248 -273.95947604382195 0.0 0.0 
-2.142857142857143 2.142857142857143 0.0 -75 -752.6871002536643 0.0 0.0 
-2.142857142857143 2.857142857142857 0.0 -24 -700.4830399987624 0.0 0.0 
-2.142857142857143 3.5714285714285716 0.0 1 -639.3854427126686 0.0 0.0 
-2.142857142857143 4.285714285714286 0.0 23 -624.3461791162703 0.0 0.0 
-2.142857142857143 5.0 0.0 36 -590.8345731684296 0.0 0.0 
-2.142857142857143 5.714285714285714 0.0 57 -563.2474008538366 0.0 0.0 
-2.142857142857143 6.428571428571429 0.0 52 -579.8592517616838 0.0 0.0 
-2.142857142857143 7.142857142857143 0.0 78 -509.63514097639995 0.0 0.0 
-2.142857142857143 7.857142857142858 0.0 145 -399.28801509377524 0.0 0.0 
-2.142857142857143 8.571428571428571 0.0 18 -754.570642601845 0.0 0.0 
-2.142857142857143 9.285714285714286 0.0 -427 -1746.9904102139394 0.0 0.0 
-0.0 -9.285714285714286 0.0 429 72.35191782387585 0.0 0.0 
-0.0 -8.571428571428571 0.0 319 141.25212390891284 0.0 0.0 
-0.0 -7.857142857142858 0.0 281 -239.21719615048528 0.0 0.0 
-0.0 -7.142857142857143 0.0 209 -142.80241502471887 0.0 0.0 
-0.0 -6.428571428571429 0.0 204 -378.15511701053015 0.0 0.0 
-0.0 -5.714285714285714 0.0 169 -265.33034062344393 0.0 0.0 
-0.0 -5.0 0.0 171 -431.03158218154965 0.0 0.0 
-0.0 -4.285714285714286 0.0 167 -290.2611197783188 0.0 0.0 
-0.0 -3.5714285714285716 0.0 162 -436.43881391519153 0.0 0.0 
-0.0 -2.857142857142857 0.0 171 -280.7067026590818 0.0 0.0 
-0.0 -2.142857142857143 0.0 234 -265.2678250624227 0.0 0.0 
-0.0 2.142857142857143 0.0 -65 -716.8863029850829 0.0 0.0 
-0.0 2.857142857142857 0.0 -17 -681.5485191913554 0.0 0.0 
-0.0 3.5714285714285716 0.0 3 -610.0625846300567 0.0 0.0 
-0.0 4.285714285714286 0.0 24 -601.6434161750807 0.0 0.0 
-0.0 5.0 0.0 34 -563.1014857746798 0.0 0.0 
-0.0 5.714285714285714 0.0 54 -544.0085683589577 0.0 0.0 
-0.0 6.428571428571429 0.0 47 -561.352798242946 0.0 0.0 
-0.0 7.142857142857143 0.0 73 -492.5487957239336 0.0 0.0 
-0.0 7.857142857142858 0.0 137 -391.72766305271256 0.0 0.0 
-0.0 8.571428571428571 0.0 13 -736.8578452580145 0.0 0.0 
-0.0 9.285714285714286 0.0 -404 -1679.5229880607508 0.0 0.0 
0.0 -9.285714285714286 0.0 411 30.453430124309193 0.0 0.0 
0.0 -8.571428571428571 0.0 317 110.32678643706066 0.0 0.0 
0.0 -7.857142857142858 0.0 282 -257.8729828427656 0.0 0.0 
0.0 -7.142857142857143 0.0 212 -151.45187430974494 0.0 0.0 
0.0 -6.428571428571429 0.0 201 -380.37789336495035 0.0 0.0 
0.0 -5.714285714285714 0.0 162 -266.89023702070176 0.0 0.0 
0.0 -5.0 0.0 156 -430.288976418582 0.0 0.0 
0.0 -4.285714285714286 0.0 148 -293.8368110546215 0.0 0.0 
0.0 -3.5714285714285716 0.0 139 -434.84889900207395 0.0 0.0 
0.0 -2.857142857142857 0.0 148 -289.902284931485 0.0 0.0 
0.0 -2.142857142857143 0.0 203 -277.76950456607904 0.0 0.0 
0.0 2.142857142857143 0.0 -47 -645.8524891216712 0.0 0.0 
0.0 2.857142857142857 0.0 -18 -698.5562841422428 0.0 0.0 
0.0 3.5714285714285716 0.0 7 -564.9172523786608 0.0 0.0 
0.0 4.285714285714286 0.0 21 -610.9431155122023 0.0 0.0 
0.0 5.0 0.0 38 -528.10892489249 0.0 0.0 
0.0 5.714285714285714 0.0 50 -549.2253521253471 0.0 0.0 
0.0 6.428571428571429 0.0 46 -538.093666185659 0.0 0.0 
0.0 7.142857142857143 0.0 68 -496.1883755704154 0.0 0.0 
0.0 7.857142857142858 0.0 132 -381.79671512929895 0.0 0.0 
0.0 8.571428571428571 0.0 6 -729.5492875082123 0.0 0.0 
0.0 9.285714285714286 0.0 -371 -1604.5276154607718 0.0 0.0 
2.142857142857143 -9.285714285714286 0.0 406 12.01604108867241 0.0 0.0 
2.142857142857143 -8.571428571428571 0.0 309 116.43108057018856 0.0 0.0 
2.142857142857143 -7.857142857142858 0.0 268 -257.93353383805544 0.0 0.0 
2.142857142857143 -7.142857142857143 0.0 196 -138.10776499083528 0.0 0.0 
2.142857142857143 -6.428571428571429 0.0 181 -374.0198034270693 0.0 0.0 
2.142857142857143 -5.714285714285714 0.0 140 -252.1615708974697 0.0 0.0 
2.142857142857143 -5.0 0.0 131 -420.89944092531977 0.0 0.0 
2.142857142857143 -4.285714285714286 0.0 120 -290.6213885122142 0.0 0.0 
2.142857142857143 -3.5714285714285716 0.0 112 -430.2752238371405 0.0 0.0 
2.142857142857143 -2.857142857142857 0.0 119 -300.68022955851575 0.0 0.0 
2.142857142857143 -2.142857142857143 0.0 149 -316.06408348318456 0.0 0.0 
2.142857142857143 1.4285714285714286 0.0 -117 -439.66354221148833 0.0 0.0 
2.142857142857143 2.142857142857143 0.0 -56 -781.8860102478154 0.0 0.0 
2.142857142857143 2.857142857142857 0.0 -18 -373.30882883923624 0.0 0.0 
2.142857142857143 3.5714285714285716 0.0 -1 -635.0745641649376 0.0 0.0 
2.142857142857143 4.285714285714286 0.0 21 -362.0924185417092 0.0 0.0 
2.142857142857143 5.0 0.0 32 -542.1560391973978 0.0 0.0 
2.142857142857143 5.714285714285714 0.0 50 -352.17164422203786 0.0 0.0 
2.142857142857143 6.428571428571429 0.0 40 -519.3791218236391 0.0 0.0 
2.142857142857143 7.142857142857143 0.0 65 -332.01941238104155 0.0 0.0 
2.142857142857143 7.857142857142858 0.0 120 -344.7957349524654 0.0 0.0 
2.142857142857143 8.571428571428571 0.0 0 -535.7239538682544 0.0 0.0 
2.142857142857143 9.285714285714286 0.0 -355 -1423.9173400742275 0.0 0.0 
4.285714285714286 -9.285714285714286 0.0 381 7.008566011106836 0.0 0.0 
4.285714285714286 -8.571428571428571 0.0 281 121.11169025546832 0.0 0.0 
4.285714285714286 -7.857142857142858 0.0 239 -244.19662548048052 0.0 0.0 
4.285714285714286 -7.142857142857143 0.0 171 -116.1552772755523 0.0 0.0 
4.285714285714286 -6.428571428571429 0.0 158 -347.1523209354441 0.0 0.0 
4.285714285714286 -5.714285714285714 0.0 121 -219.8303146175515 0.0 0.0 
4.285714285714286 -5.0 0.0 116 -382.5382894897832 0.0 0.0 
4.285714285714286 -4.285714285714286 0.0 101 -257.4186559587016 0.0 0.0 
4.285714285714286 -3.5714285714285716 0.0 94 -388.7094066586719 0.0 0.0 
4.285714285714286 -2.857142857142857 0.0 95 -302.5273356981863 0.0 0.0 
4.285714285714286 -2.142857142857143 0.0 139 -228.8555692715134 0.0 0.0 
4.285714285714286 -1.4285714285714286 0.0 59 -195.20861001208857 0.0 0.0 
4.285714285714286 1.4285714285714286 0.0 -48 -452.2317804767281 0.0 0.0 
4.285714285714286 2.142857142857143 0.0 2 -473.39041747558855 0.0 0.0 
4.285714285714286 2.857142857142857 0.0 -19 -422.4436173426916 0.0 0.0 
4.285714285714286 3.5714285714285716 0.0 11 -440.81849704130235 0.0 0.0 
4.285714285714286 4.285714285714286 0.0 18 -356.37824681900764 0.0 0.0 
4.285714285714286 5.0 0.0 36 -386.38614011504086 0.0 0.0 
4.285714285714286 5.714285714285714 0.0 41 -313.52449415530293 0.0 0.0 
4.285714285714286 6.428571428571429 0.0 34 -395.5002584624033 0.0 0.0 
4.285714285714286 7.142857142857143 0.0 48 -282.28286589875034 0.0 0.0 
4.285714285714286 7.857142857142858 0.0 90 -286.9752509340504 0.0 0.0 
4.285714285714286 8.571428571428571 0.0 -16 -480.0021445276624 0.0 0.0 
4.285714285714286 9.285714285714286 0.0 -292 -1178.4875381212137 0.0 0.0 
6.428571428571429 -9.285714285714286 0.0 340 18.734937453647376 0.0 0.0 
6.428571428571429 -8.571428571428571 0.0 245 136.9132901810284 0.0 0.0 
6.428571428571429 -7.857142857142858 0.0 209 -192.73114609493814 0.0 0.0 
6.428571428571429 -7.142857142857143 0.0 149 -61.5112786944091 0.0 0.0 
6.428571428571429 -6.428571428571429 0.0 138 -266.2744459275503 0.0 0.0 
6.428571428571429 -5.714285714285714 0.0 107 -133.87619231321128 0.0 0.0 
6.428571428571429 -5.0 0.0 104 -273.410600649664 0.0 0.0 
6.428571428571429 -4.285714285714286 0.0 89 -140.92537165038235 0.0 0.0 
6.428571428571429 -3.5714285714285716 0.0 85 -211.50192066441866 0.0 0.0 
6.428571428571429 -2.857142857142857 0.0 35 -172.56950582708572 0.0 0.0 
6.428571428571429 -2.142857142857143 0.0 23 -286.3256077056826 0.0 0.0 
6.428571428571429 -1.4285714285714286 0.0 32 -164.52508492352803 0.0 0.0 
6.428571428571429 -0.7142857142857143 0.0 -37 -306.7336598835882 0.0 0.0 
6.428571428571429 -0.0 0.0 10 -122.41759498763757 0.0 0.0 
6.428571428571429 0.0 0.0 69 14.083370718216884 0.0 0.0 
6.428571428571429 2.142857142857143 0.0 104 -184.4968510520551 0.0 0.0 
6.428571428571429 2.857142857142857 0.0 -11 -540.959562634805 0.0 0.0 
6.428571428571429 3.5714285714285716 0.0 -4 -289.41678115007454 0.0 0.0 
6.428571428571429 4.285714285714286 0.0 7 -428.60071951979836 0.0 0.0 
6.428571428571429 5.0 0.0 18 -266.66854150173896 0.0 0.0 
6.428571428571429 5.714285714285714 0.0 33 -348.4032173399278 0.0 0.0 
6.428571428571429 6.428571428571429 0.0 20 -298.05323254559374 0.0 0.0 
6.428571428571429 7.142857142857143 0.0 49 -276.65736328501265 0.0 0.0 
6.428571428571429 7.857142857142858 0.0 83 -210.38310721495534 0.0 0.0 
6.428571428571429 8.571428571428571 0.0 -14 -457.62512489489546 0.0 0.0 
6.428571428571429 9.285714285714286 0.0 -259 -1011.4459242409255 0.0 0.0 
8.571428571428571 -9.285714285714286 0.0 286 55.76949128947854 0.0 0.0 
8.571428571428571 -8.571428571428571 0.0 204 163.24235193169142 0.0 0.0 
8.571428571428571 -7.857142857142858 0.0 171 -110.03911957564526 0.0 0.0 
8.571428571428571 -7.142857142857143 0.0 116 5.790149691998806 0.0 0.0 
8.571428571428571 -6.428571428571429 0.0 104 -170.365615865922 0.0 0.0 
8.571428571428571 -5.714285714285714 0.0 72 -55.56321659726885 0.0 0.0 
8.571428571428571 -5.0 0.0 64 -182.45546275280878 0.0 0.0 
8.571428571428571 -4.285714285714286 0.0 38 -102.89146110864273 0.0 0.0 
8.571428571428571 -3.5714285714285716 0.0 40 -189.8752251498408 0.0 0.0 
8.571428571428571 -2.857142857142857 0.0 28 -110.39218798404076 0.0 0.0 
8.571428571428571 -2.142857142857143 0.0 33 -157.70939731843447 0.0 0.0 
8.571428571428571 -1.4285714285714286 0.0 9 -115.93545058739484 0.0 0.0 
8.571428571428571 -0.7142857142857143 0.0 -37 -327.45737358596125 0.0 0.0 
8.571428571428571 -0.0 0.0 -20 -358.76656929947984 0.0 0.0 
8.571428571428571 0.0 0.0 111 -133.3339885728537 0.0 0.0 
8.571428571428571 0.7142857142857143 0.0 98 110.79480858973014 0.0 0.0 
8.571428571428571 1.4285714285714286 0.0 -24 -225.47043715337722 0.0 0.0 
8.571428571428571 3.5714285714285716 0.0 5 -407.407940193607 0.0 0.0 
8.571428571428571 4.285714285714286 0.0 5 -351.41340208484485 0.0 0.0 
8.571428571428571 5.0 0.0 6 -326.3048595024834 0.0 0.0 
8.571428571428571 5.714285714285714 0.0 31 -291.20530036295065 0.0 0.0 
8.571428571428571 6.428571428571429 0.0 9 -334.9641364652933 0.0 0.0 
8.571428571428571 7.142857142857143 0.0 46 -230.13193873988308 0.0 0.0 
8.571428571428571 7.857142857142858 0.0 68 -241.37939034581547 0.0 0.0 
8.571428571428571 8.571428571428571 0.0 -17 -453.7887483976377 0.0 0.0 
8.571428571428571 9.285714285714286 0.0 -236 -955.4225523162293 0.0 0.0 
10.714285714285714 -9.285714285714286 0.0 226 95.2552543176804 0.0 0.0 
10.714285714285714 -8.571428571428571 0.0 157 160.0669761785316 0.0 0.0 
10.714285714285714 -7.857142857142858 0.0 127 -50.51876903383257 0.0 0.0 
10.714285714285714 -7.142857142857143 0.0 80 21.59486885153882 0.0 0.0 
10.714285714285714 -6.428571428571429 0.0 67 -122.83196866957641 0.0 0.0 
10.714285714285714 -5.714285714285714 0.0 40 -55.040812453409 0.0 0.0 
10.714285714285714 -5.0 0.0 37 -164.06034977507676 0.0 0.0 
10.714285714285714 -4.285714285714286 0.0 20 -113.17974174508011 0.0 0.0 
10.714285714285714 -3.5714285714285716 0.0 23 -197.9945570950312 0.0 0.0 
10.714285714285714 -2.857142857142857 0.0 7 -180.06876142807266 0.0 0.0 
10.714285714285714 -2.142857142857143 0.0 12 -268.353846675936 0.0 0.0 
10.714285714285714 -1.4285714285714286 0.0 45 -184.96462919603746 0.0 0.0 
10.714285714285714 -0.7142857142857143 0.0 70 -183.97733153057456 0.0 0.0 
10.714285714285714 -0.0 0.0 43 -179.7589316000138 0.0 0.0 
10.714285714285714 0.0 0.0 -3 -349.6159995932271 0.0 0.0 
10.714285714285714 0.7142857142857143 0.0 21 -375.7925677465037 0.0 0.0 
10.714285714285714 1.4285714285714286 0.0 191 91.19103348795579 0.0 0.0 
10.714285714285714 2.142857142857143 0.0 146 148.62415128352012 0.0 0.0 
10.714285714285714 5.0 0.0 5 -210.6098224332392 0.0 0.0 
10.714285714285714 5.714285714285714 0.0 16 -436.5450697486918 0.0 0.0 
10.714285714285714 6.428571428571429 0.0 6 -246.10664861636332 0.0 0.0 
10.714285714285714 7.142857142857143 0.0 41 -326.60946483411186 0.0 0.0 
10.714285714285714 7.857142857142858 0.0 83 -143.85743943092552 0.0 0.0 
10.714285714285714 8.571428571428571 0.0 -16 -481.70142257625764 0.0 0.0 
10.714285714285714 9.285714285714286 0.0 -195 -837.1897356019404 0.0 0.0 
12.857142857142858 -9.285714285714286 0.0 173 87.39252669080952 0.0 0.0 
12.857142857142858 -8.571428571428571 0.0 120 104.4587362582869 0.0 0.0 
12.857142857142858 -7.857142857142858 0.0 97 -62.74090743824391 0.0 0.0 
12.857142857142858 -7.142857142857143 0.0 62 -39.38236888966476 0.0 0.0 
12.857142857142858 -6.428571428571429 0.0 57 -156.79156973361592 0.0 0.0 
12.857142857142858 -5.714285714285714 0.0 43 -124.1108054402896 0.0 0.0 
12.857142857142858 -5.0 0.0 49 -205.64501507898763 0.0 0.0 
12.857142857142858 -4.285714285714286 0.0 41 -175.9988274161479 0.0 0.0 
12.857142857142858 -3.5714285714285716 0.0 52 -236.56675514540598 0.0 0.0 
12.857142857142858 -2.857142857142857 0.0 54 -207.2813083816049 0.0 0.0 
12.857142857142858 -2.142857142857143 0.0 61 -256.84083942559965 0.0 0.0 
12.857142857142858 -1.4285714285714286 0.0 59 -228.09186962656958 0.0 0.0 
12.857142857142858 -0.7142857142857143 0.0 63 -261.0938749638664 0.0 0.0 
12.857142857142858 -0.0 0.0 80 -187.79361855204704 0.0 0.0 
12.857142857142858 0.0 0.0 109 -142.03299872269594 0.0 0.0 
12.857142857142858 0.7142857142857143 0.0 37 -249.3328577522284 0.0 0.0 
12.857142857142858 1.4285714285714286 0.0 17 -247.37332258421256 0.0 0.0 
12.857142857142858 2.142857142857143 0.0 65 -156.21871995847752 0.0 0.0 
12.857142857142858 4.285714285714286 0.0 -36 -315.69961421463927 0.0 0.0 
12.857142857142858 5.0 0.0 -25 -279.95007628065275 0.0 0.0 
12.857142857142858 5.714285714285714 0.0 21 -220.05346911533695 0.0 0.0 
12.857142857142858 6.428571428571429 0.0 -1 -257.10861356409004 0.0 0.0 
12.857142857142858 7.142857142857143 0.0 44 -143.90195606720954 0.0 0.0 
12.857142857142858 7.857142857142858 0.0 56 -155.02221319260394 0.0 0.0 
12.857142857142858 8.571428571428571 0.0 -42 -340.49021340261453 0.0 0.0 
12.857142857142858 9.285714285714286 0.0 -193 -727.4833074619368 0.0 0.0 
15.0 -9.285714285714286 0.0 152 20.918941872327423 0.0 0.0 
15.0 -8.571428571428571 0.0 119 34.38552758139372 0.0 0.0 
15.0 -7.857142857142858 0.0 107 -124.3311647021392 0.0 0.0 
15.0 -7.142857142857143 0.0 88 -96.80434069471286 0.0 0.0 
15.0 -6.428571428571429 0.0 87 -196.98494107450276 0.0 0.0 
15.0 -5.714285714285714 0.0 79 -161.77272452208052 0.0 0.0 
15.0 -5.0 0.0 84 -230.60263933579586 0.0 0.0 
15.0 -4.285714285714286 0.0 81 -192.6018965819285 0.0 0.0 
15.0 -3.5714285714285716 0.0 90 -224.1080346001911 0.0 0.0 
15.0 -2.857142857142857 0.0 87 -173.4149450485241 0.0 0.0 
15.0 -2.142857142857143 0.0 84 -197.4827060219783 0.0 0.0 
15.0 -1.4285714285714286 0.0 72 -173.1825250602153 0.0 0.0 
15.0 -0.7142857142857143 0.0 54 -221.34350584599406 0.0 0.0 
15.0 -0.0 0.0 30 -218.0203657969281 0.0 0.0 
15.0 0.0 0.0 28 -214.13022238391653 0.0 0.0 
15.0 0.7142857142857143 0.0 4 -282.81124211062235 0.0 0.0 
15.0 1.4285714285714286 0.0 57 -244.92584586156323 0.0 0.0 
15.0 2.142857142857143 0.0 95 -38.100924880402545 0.0 0.0 
15.0 2.857142857142857 0.0 -37 -116.89877176711259 0.0 0.0 
15.0 3.5714285714285716 0.0 -68 -279.96239975886294 0.0 0.0 
15.0 4.285714285714286 0.0 -23 -258.5957852380308 0.0 0.0 
15.0 5.0 0.0 -9 -203.8578179441794 0.0 0.0 
15.0 5.714285714285714 0.0 5 -205.456871395709 0.0 0.0 
15.0 6.428571428571429 0.0 -14 -239.72239346186205 0.0 0.0 
15.0 7.142857142857143 0.0 23 -148.696321022561 0.0 0.0 
15.0 7.857142857142858 0.0 43 -170.22566395948206 0.0 0.0 
15.0 8.571428571428571 0.0 -48 -302.55021109872905 0.0 0.0 
15.0 9.285714285714286 0.0 -146 -626.1865847152576 0.0 0.0 
17.142857142857142 -9.285714285714286 0.0 173 -22.81565441130789 0.0 0.0 
17.142857142857142 -8.571428571428571 0.0 147 39.42964611831448 0.0 0.0 
17.142857142857142 -7.857142857142858 0.0 133 -141.32299716194908 0.0 0.0 
17.142857142857142 -7.142857142857143 0.0 111 -82.02135440762368 0.0 0.0 
17.142857142857142 -6.428571428571429 0.0 106 -190.71455442298068 0.0 0.0 
17.142857142857142 -5.714285714285714 0.0 95 -120.13742136433186 0.0 0.0 
17.142857142857142 -5.0 0.0 95 -183.56229201445333 0.0 0.0 
17.142857142857142 -4.285714285714286 0.0 80 -128.57275635088527 0.0 0.0 
17.142857142857142 -3.5714285714285716 0.0 69 -188.02164168204848 0.0 0.0 
17.142857142857142 -2.857142857142857 0.0 50 -158.66019631647032 0.0 0.0 
17.142857142857142 -2.142857142857143 0.0 44 -201.12401847362776 0.0 0.0 
17.142857142857142 -1.4285714285714286 0.0 41 -158.66610223821746 0.0 0.0 
17.142857142857142 -0.7142857142857143 0.0 42 -185.327387718579 0.0 0.0 
17.142857142857142 -0.0 0.0 38 -162.97531528518115 0.0 0.0 
17.142857142857142 0.0 0.0 59 -123.30037193759784 0.0 0.0 
17.142857142857142 0.7142857142857143 0.0 42 -67.0225636800932 0.0 0.0 
17.142857142857142 1.4285714285714286 0.0 5 -84.22325694223147 0.0 0.0 
17.142857142857142 2.142857142857143 0.0 -52 -160.07958354997092 0.0 0.0 
17.142857142857142 2.857142857142857 0.0 -73 -256.8454855091915 0.0 0.0 
17.142857142857142 3.5714285714285716 0.0 -31 -209.89938200837224 0.0 0.0 
17.142857142857142 4.285714285714286 0.0 -11 -194.1286789938921 0.0 0.0 
17.142857142857142 5.0 0.0 -8 -194.33424937979586 0.0 0.0 
17.142857142857142 5.714285714285714 0.0 8 -165.8621652382053 0.0 0.0 
17.142857142857142 6.428571428571429 0.0 -8 -210.07494604644637 0.0 0.0 
17.142857142857142 7.142857142857143 0.0 30 -80.90161301958551 0.0 0.0 
17.142857142857142 7.857142857142858 0.0 32 -162.420207492971 0.0 0.0 
17.142857142857142 8.571428571428571 0.0 -44 -273.96714801624256 0.0 0.0 
17.142857142857142 9.285714285714286 0.0 -133 -536.69064092273 0.0 0.0 
19.285714285714285 -9.285714285714286 0.0 188 -11.605519245650783 0.0 0.0 
19.285714285714285 -8.571428571428571 0.0 153 82.70398388284892 0.0 0.0 
19.285714285714285 -7.857142857142858 0.0 133 -100.23749242212628 0.0 0.0 
19.285714285714285 -7.142857142857143 0.0 103 -14.16745664763178 0.0 0.0 
19.285714285714285 -6.428571428571429 0.0 91 -132.11112369428437 0.0 0.0 
19.285714285714285 -5.714285714285714 0.0 68 -61.011480315038185 0.0 0.0 
19.285714285714285 -5.0 0.0 57 -146.0466889925671 0.0 0.0 
19.285714285714285 -4.285714285714286 0.0 41 -87.68351142818165 0.0 0.0 
19.285714285714285 -3.5714285714285716 0.0 39 -140.21970178821607 0.0 0.0 
19.285714285714285 -2.857142857142857 0.0 31 -89.49006106399413 0.0 0.0 
19.285714285714285 -2.142857142857143 0.0 24 -131.86566496426863 0.0 0.0 
19.285714285714285 -1.4285714285714286 0.0 13 -90.37828858354806 0.0 0.0 
19.285714285714285 -0.7142857142857143 0.0 4 -113.20609454565967 0.0 0.0 
19.285714285714285 -0.0 0.0 -18 -94.9188757432137 0.0 0.0 
19.285714285714285 0.0 0.0 -39 -144.0679908737957 0.0 0.0 
19.285714285714285 0.7142857142857143 0.0 -68 -183.7150454889467 0.0 0.0 
19.285714285714285 1.4285714285714286 0.0 -58 -223.8643322073787 0.0 0.0 
19.285714285714285 2.142857142857143 0.0 -21 -173.94751279779564 0.0 0.0 
19.285714285714285 2.857142857142857 0.0 0 -167.23412392408616 0.0 0.0 
19.285714285714285 3.5714285714285716 0.0 4 -149.48178286209077 0.0 0.0 
19.285714285714285 4.285714285714286 0.0 3 -157.30010726763453 0.0 0.0 
19.285714285714285 5.0 0.0 -2 -154.1305957833397 0.0 0.0 
19.285714285714285 5.714285714285714 0.0 1 -146.39578287636414 0.0 0.0 
19.285714285714285 6.428571428571429 0.0 -24 -210.72048421421005 0.0 0.0 
19.285714285714285 7.142857142857143 0.0 18 -79.17185942229219 0.0 0.0 
19.285714285714285 7.857142857142858 0.0 25 -145.07119815033238 0.0 0.0 
19.285714285714285 8.571428571428571 0.0 -32 -221.33187270471188 0.0 0.0 
19.285714285714285 9.285714285714286 0.0 -93 -422.6101842003379 0.0 0.0 
21.428571428571427 -9.285714285714286 0.0 170 40.35479349014406 0.0 0.0 
21.428571428571427 -8.571428571428571 0.0 118 107.7328005377058 0.0 0.0 
21.428571428571427 -7.857142857142858 0.0 95 -51.59111351719196 0.0 0.0 
21.428571428571427 -7.142857142857143 0.0 59 12.475698317991245 0.0 0.0 
21.428571428571427 -6.428571428571429 0.0 50 -89.12155264355796 0.0 0.0 
21.428571428571427 -5.714285714285714 0.0 28 -27.45328670084446 0.0 0.0 
21.428571428571427 -5.0 0.0 24 -98.69843837400477 0.0 0.0 
21.428571428571427 -4.285714285714286 0.0 7 -53.77409496267553 0.0 0.0 
21.428571428571427 -3.5714285714285716 0.0 1 -110.39007188311498 0.0 0.0 
21.428571428571427 -2.857142857142857 0.0 -12 -77.78104969578007 0.0 0.0 
21.428571428571427 -2.142857142857143 0.0 -17 -126.11057128199951 0.0 0.0 
21.428571428571427 -1.4285714285714286 0.0 -28 -110.67131600501841 0.0 0.0 
21.428571428571427 -0.7142857142857143 0.0 -32 -154.9594910742817 0.0 0.0 
21.428571428571427 -0.0 0.0 -31 -147.1078962553281 0.0 0.0 
21.428571428571427 0.0 0.0 -13 -160.80202896704048 0.0 0.0 
21.428571428571427 0.7142857142857143 0.0 0 -135.4516646396167 0.0 0.0 
21.428571428571427 1.4285714285714286 0.0 11 -144.7696274068979 0.0 0.0 
21.428571428571427 2.142857142857143 0.0 8 -128.12892326917705 0.0 0.0 
21.428571428571427 2.857142857142857 0.0 2 -144.12025676253475 0.0 0.0 
21.428571428571427 3.5714285714285716 0.0 -6 -139.82621339413384 0.0 0.0 
21.428571428571427 4.285714285714286 0.0 -8 -150.04530568162724 0.0 0.0 
21.428571428571427 5.0 0.0 -12 -146.58213309059315 0.0 0.0 
21.428571428571427 5.714285714285714 0.0 0 -125.35087495771101 0.0 0.0 
21.428571428571427 6.428571428571429 0.0 -22 -184.24841373115237 0.0 0.0 
21.428571428571427 7.142857142857143 0.0 16 -56.03269451867031 0.0 0.0 
21.428571428571427 7.857142857142858 0.0 12 -126.36990916944475 0.0 0.0 
21.428571428571427 8.571428571428571 0.0 -38 -185.9519033412725 0.0 0.0 
21.428571428571427 9.285714285714286 0.0 -65 -320.8146421735231 0.0 0.0 
23.57142857142857 -9.285714285714286 0.0 121 59.30802009468613 0.0 0.0 
23.57142857142857 -8.571428571428571 0.0 72 73.36637223004264 0.0 0.0 
23.57142857142857 -7.857142857142858 0.0 56 -28.441737964534354 0.0 0.0 
23.57142857142857 -7.142857142857143 0.0 27 -5.017515386145234 0.0 0.0 
23.57142857142857 -6.428571428571429 0.0 22 -71.99470263180628 0.0 0.0 
23.57142857142857 -5.714285714285714 0.0 5 -48.23534826882373 0.0 0.0 
23.57142857142857 -5.0 0.0 5 -97.24942942209874 0.0 0.0 
23.57142857142857 -4.285714285714286 0.0 -5 -77.40680716544587 0.0 0.0 
23.57142857142857 -3.5714285714285716 0.0 -1 -113.69730473812457 0.0 0.0 
23.57142857142857 -2.857142857142857 0.0 -5 -96.82451276056551 0.0 0.0 
23.57142857142857 -2.142857142857143 0.0 0 -122.46385907267587 0.0 0.0 
23.57142857142857 -1.4285714285714286 0.0 0 -107.96071412050941 0.0 0.0 
23.57142857142857 -0.7142857142857143 0.0 7 -125.09151256152789 0.0 0.0 
23.57142857142857 -0.0 0.0 6 -116.17301042690737 0.0 0.0 
23.57142857142857 0.0 0.0 8 -125.37090739048405 0.0 0.0 
23.57142857142857 0.7142857142857143 0.0 1 -115.07467056523275 0.0 0.0 
23.57142857142857 1.4285714285714286 0.0 -1 -124.69401174611137 0.0 0.0 
23.57142857142857 2.142857142857143 0.0 -7 -120.10119374796307 0.0 0.0 
23.57142857142857 2.857142857142857 0.0 -10 -125.07971822465032 0.0 0.0 
23.57142857142857 3.5714285714285716 0.0 -12 -117.73987971889443 0.0 0.0 
23.57142857142857 4.285714285714286 0.0 -11 -118.76477453766708 0.0 0.0 
23.57142857142857 5.0 0.0 -15 -118.54951454577787 0.0 0.0 
23.57142857142857 5.714285714285714 0.0 -7 -94.45321134481591 0.0 0.0 
23.57142857142857 6.428571428571429 0.0 -31 -159.12538720455458 0.0 0.0 
23.57142857142857 7.142857142857143 0.0 3 -41.840088028947655 0.0 0.0 
23.57142857142857 7.857142857142858 0.0 -5 -106.97680821729269 0.0 0.0 
23.57142857142857 8.571428571428571 0.0 -40 -133.74081337130104 0.0 0.0 
23.57142857142857 9.285714285714286 0.0 -34 -204.86024105032374 0.0 0.0 
25.714285714285715 -9.285714285714286 0.0 72 29.245457105346418 0.0 0.0 
25.714285714285715 -8.571428571428571 0.0 36 15.605584229015335 0.0 0.0 
25.714285714285715 -7.857142857142858 0.0 27 -50.344670179986544 0.0 0.0 
25.714285714285715 -7.142857142857143 0.0 9 -51.078529547909255 0.0 0.0 
25.714285714285715 -6.428571428571429 0.0 9 -89.00151851758682 0.0 0.0 
25.714285714285715 -5.714285714285714 0.0 -1 -85.03601150967373 0.0 0.0 
25.714285714285715 -5.0 0.0 0 -108.31142539769753 0.0 0.0 
25.714285714285715 -4.285714285714286 0.0 -7 -105.62412142260817 0.0 0.0 
25.714285714285715 -3.5714285714285716 0.0 -5 -121.91330585062964 0.0 0.0 
25.714285714285715 -2.857142857142857 0.0 -11 -121.02439098881348 0.0 0.0 
25.714285714285715 -2.142857142857143 0.0 -9 -132.15116893207676 0.0 0.0 
25.714285714285715 -1.4285714285714286 0.0 -15 -127.96752519767657 0.0 0.0 
25.714285714285715 -0.7142857142857143 0.0 -12 -127.32559212274415 0.0 0.0 
25.714285714285715 -0.0 0.0 -15 -120.59298630980359 0.0 0.0 
25.714285714285715 0.0 0.0 -16 -119.89618266120365 0.0 0.0 
25.714285714285715 0.7142857142857143 0.0 -21 -116.72617082291507 0.0 0.0 
25.714285714285715 1.4285714285714286 0.0 -21 -115.16097440671199 0.0 0.0 
25.714285714285715 2.142857142857143 0.0 -22 -109.28205177152654 0.0 0.0 
25.714285714285715 2.857142857142857 0.0 -21 -105.38598310530958 0.0 0.0 
25.714285714285715 3.5714285714285716 0.0 -22 -99.60917455706604 0.0 0.0 
25.714285714285715 4.285714285714286 0.0 -21 -93.49922690047543 0.0 0.0 
25.714285714285715 5.0 0.0 -23 -93.32094791365671 0.0 0.0 
25.714285714285715 5.714285714285714 0.0 -13 -60.815182365026715 0.0 0.0 
25.714285714285715 6.428571428571429 0.0 -35 -120.66705307754201 0.0 0.0 
25.714285714285715 7.142857142857143 0.0 -2 -17.255907906603824 0.0 0.0 
25.714285714285715 7.857142857142858 0.0 -16 -79.72446684163224 0.0 0.0 
25.714285714285715 8.571428571428571 0.0 -33 -67.5292249315356 0.0 0.0 
25.714285714285715 9.285714285714286 0.0 -3 -84.6946166534766 0.0 0.0 
27.857142857142858 -9.285714285714286 0.0 79 26.172051840877202 0.0 0.0 
27.857142857142858 -8.571428571428571 0.0 50 14.227632204309387 0.0 0.0 
27.857142857142858 -7.857142857142858 0.0 56 1.3981031555703005 0.0 0.0 
27.857142857142858 -7.142857142857143 0.0 36 -10.572457774089845 0.0 0.0 
27.857142857142858 -6.428571428571429 0.0 42 -8.105822147068148 0.0 0.0 
27.857142857142858 -5.714285714285714 0.0 31 -13.62192809763443 0.0 0.0 
27.857142857142858 -5.0 0.0 35 -3.6066945112282554 0.0 0.0 
27.857142857142858 -4.285714285714286 0.0 31 -1.7432565322409133 0.0 0.0 
27.857142857142858 -3.5714285714285716 0.0 38 14.277487553223061 0.0 0.0 
27.857142857142858 -2.857142857142857 0.0 37 23.39943771717853 0.0 0.0 
27.857142857142858 -2.142857142857143 0.0 43 40.794274538099934 0.0 0.0 
27.857142857142858 -1.4285714285714286 0.0 42 48.445639676553455 0.0 0.0 
27.857142857142858 -0.7142857142857143 0.0 44 60.81323872450138 0.0 0.0 
27.857142857142858 -0.0 0.0 42 67.10180787093789 0.0 0.0 
27.857142857142858 0.0 0.0 44 78.34011507638522 0.0 0.0 
27.857142857142858 0.7142857142857143 0.0 46 86.09791645541787 0.0 0.0 
27.857142857142858 1.4285714285714286 0.0 48 95.59624184590585 0.0 0.0 
27.857142857142858 2.142857142857143 0.0 49 102.43720229314363 0.0 0.0 
27.857142857142858 2.857142857142857 0.0 51 109.31662839839123 0.0 0.0 
27.857142857142858 3.5714285714285716 0.0 52 113.63207129416755 0.0 0.0 
27.857142857142858 4.285714285714286 0.0 53 118.0014593736718 0.0 0.0 
27.857142857142858 5.0 0.0 50 111.06239253263479 0.0 0.0 
27.857142857142858 5.714285714285714 0.0 57 138.4010332539795 0.0 0.0 
27.857142857142858 6.428571428571429 0.0 31 77.69926654247428 0.0 0.0 
27.857142857142858 7.142857142857143 0.0 58 153.37517383052068 0.0 0.0 
27.857142857142858 7.857142857142858 0.0 21 61.31958009512262 0.0 0.0 
27.857142857142858 8.571428571428571 0.0 21 99.6418598220612 0.0 0.0 
27.857142857142858 9.285714285714286 0.0 26 73.8998961685835 0.0 0.0 
