-28.42105263157895 -9.473684210526315 0 544.2904847627253 1036.5809695254509 0 0
-28.42105263157895 -8.947368421052632 0 -1330.1438227465587 -2712.2876454931175 0 0
-28.42105263157895 -8.421052631578947 0 175.54844262604058 299.09688525208117 0 0
-28.42105263157895 -7.894736842105263 0 395.363093237846 738.7261864756915 0 0
-28.42105263157895 -7.368421052631579 0 -1477.811029549636 -3007.6220590992725 0 0
-28.42105263157895 -6.842105263157895 0 -5928.525886953549 -11909.051773907098 0 0
-28.42105263157895 -6.315789473684211 0 -12745.15864545442 -25542.31729090884 0 0
-28.42105263157895 -5.789473684210526 0 3890.512935660708 7729.025871321417 0 0
-28.42105263157895 -5.263157894736842 0 -1179.1992442651847 -2410.39848853037 0 0
-28.42105263157895 -4.7368421052631575 0 -727.760393006103 -1507.520786012206 0 0
-28.42105263157895 -4.2105263157894735 0 -153.3978088231517 -358.7956176463034 0 0
-28.42105263157895 -3.6842105263157894 0 1283.8176714859542 2515.6353429719084 0 0
-28.42105263157895 -3.1578947368421053 0 6627.23778474582 13202.475569491628 0 0
-28.42105263157895 -2.631578947368421 0 29385.88027963633 58719.76055927285 0 0
-28.42105263157895 -2.1052631578947367 0 158534.61789378402 317017.2357875407 0 0
-28.42105263157895 -1.5789473684210527 0 512848.4941639642 1025644.9883278157 0 0
-28.42105263157895 -1.0526315789473684 0 7191141.75274578 14382231.50548968 0 0
-28.42105263157895 -0.5263157894736842 0 -26166673.271196954 -52333398.54240395 0 0
-28.42105263157895 -0.0 0 825585900.9491324 1651171749.8980658 0 0
-28.42105263157895 0.0 0 -9068476145.784748 -18136952343.569283 0 0
-28.42105263157895 0.5263157894736842 0 150216276255.1605 300432552458.2986 0 0
-28.42105263157895 1.0526315789473684 0 -1972610395956.768 -3945220791965.344 0 0
-28.42105263157895 1.5789473684210527 0 30274470046068.145 60548940092080.586 0 0
-28.42105263157895 2.1052631578947367 0 -411244186156217.4 -822488372312439.6 0 0
-28.42105263157895 2.631578947368421 0 6258632295323524.0 1.2517264590646256e+16 0 0
-28.42105263157895 3.1578947368421053 0 -8.591967278516045e+16 -1.7183934557031098e+17 0 0
-28.42105263157895 3.6842105263157894 0 1.3105565354793807e+18 2.6211130709586043e+18 0 0
-28.42105263157895 4.2105263157894735 0 -1.810295791788769e+19 -3.6205915835773227e+19 0 0
-28.42105263157895 4.7368421052631575 0 2.769674841612132e+20 5.539349683223935e+20 0 0
-28.42105263157895 5.263157894736842 0 -3.844199858675077e+21 -7.688399717349691e+21 0 0
-28.42105263157895 5.789473684210526 0 5.895061932271693e+22 1.1790123864542684e+23 0 0
-28.42105263157895 6.315789473684211 0 -8.213289627849112e+23 -1.6426579255697225e+24 0 0
-28.42105263157895 6.842105263157895 0 1.2605300738187994e+25 2.5210601476374462e+25 0 0
-28.42105263157895 7.368421052631579 0 -1.7470188158663123e+26 -3.4940376317324136e+26 0 0
-28.42105263157895 7.894736842105263 0 2.513398576645997e+27 5.026797153291705e+27 0 0
-28.42105263157895 8.421052631578947 0 -2.7604703267832142e+28 -5.5209406535661365e+28 0 0
-28.42105263157895 8.947368421052632 0 1.026361953960628e+30 2.052723907921126e+30 0 0
-28.42105263157895 9.473684210526315 0 -1.260583843038902e+32 -2.5211676860776275e+32 0 0
-26.842105263157894 -9.473684210526315 0 3.0981812375326704e+30 6.196362475065342e+30 0 0
-26.842105263157894 -8.947368421052632 0 -8.892554998011134e+31 -1.778510999602227e+32 0 0
-26.842105263157894 -8.421052631578947 0 -8.95071782175104e+33 -1.7901435643502088e+34 0 0
-26.842105263157894 -7.894736842105263 0 -2.7288027022575024e+35 -5.457605404515007e+35 0 0
-26.842105263157894 -7.368421052631579 0 -1.726622769021766e+37 -3.453245538043533e+37 0 0
-26.842105263157894 -6.842105263157895 0 -1.395496234710449e+39 -2.790992469420898e+39 0 0
-26.842105263157894 -6.315789473684211 0 3.6903472445547066e+40 7.380694489109413e+40 0 0
-26.842105263157894 -5.789473684210526 0 2.0106425173460256e+41 4.021285034692051e+41 0 0
-26.842105263157894 -5.263157894736842 0 9.196429451578796e+39 1.8392858903157592e+40 0 0
-26.842105263157894 -4.7368421052631575 0 -1.6935005749622641e+40 -3.3870011499245282e+40 0 0
-26.842105263157894 -4.2105263157894735 0 9.045031286206927e+40 1.8090062572413854e+41 0 0
-26.842105263157894 -3.6842105263157894 0 -1.6208768813951238e+42 -3.2417537627902476e+42 0 0
-26.842105263157894 -3.1578947368421053 0 1.224339556030211e+44 2.448679112060422e+44 0 0
-26.842105263157894 -2.631578947368421 0 -3.4861813101674166e+46 -6.972362620334833e+46 0 0
-26.842105263157894 -2.1052631578947367 0 6.40670892550426e+49 1.2813417851008519e+50 0 0
-26.842105263157894 -1.5789473684210527 0 -1.4440299652646629e+53 -2.888059930529325e+53 0 0
-26.842105263157894 -1.0526315789473684 0 1.2653456102114523e+58 2.5306912204229045e+58 0 0
-26.842105263157894 -0.5263157894736842 0 -1.2661535784608034e+63 -2.5323071569216277e+63 0 0
-26.842105263157894 -0.0 0 2.5140141505253483e+72 5.028028301050702e+72 0 0
-26.842105263157894 0.0 0 5.807279063150934e+81 1.1614558126301882e+82 0 0
-26.842105263157894 0.5263157894736842 0 -2.185249475924961e+92 -4.370498951849928e+92 0 0
-26.842105263157894 1.0526315789473684 0 -9.996629667522768e+103 -1.9993259335045556e+104 0 0
-26.842105263157894 1.5789473684210527 0 7.009745026303123e+116 1.4019490052606258e+117 0 0
-26.842105263157894 2.1052631578947367 0 6.386385820896026e+130 1.2772771641792061e+131 0 0
-26.842105263157894 2.631578947368421 0 -8.871145333112971e+145 -1.7742290666225962e+146 0 0
-26.842105263157894 3.1578947368421053 0 -1.6336563518089253e+162 -3.2673127036178546e+162 0 0
-26.842105263157894 3.6842105263157894 0 4.5629737594003066e+179 9.125947518800626e+179 0 0
-26.842105263157894 4.2105263157894735 0 1.1452184818452453e+198 2.2904369636904946e+198 0 0
-26.842105263157894 4.7368421052631575 0 8.710405630176238e+218 1.742081126035247e+219 0 0
-26.842105263157894 5.263157894736842 0 2.0590546062430395e+241 4.118109212486077e+241 0 0
-26.842105263157894 5.789473684210526 0 -6.888650477452614e+264 -1.3777300954905225e+265 0 0
-26.842105263157894 6.315789473684211 0 -3.0678283445523723e+289 -6.135656689104743e+289 0 0
-26.842105263157894 6.842105263157895 0 inf inf 0 0
-26.842105263157894 7.368421052631579 0 nan nan 0 0
-26.842105263157894 7.894736842105263 0 nan nan 0 0
-26.842105263157894 8.421052631578947 0 nan nan 0 0
-26.842105263157894 8.947368421052632 0 nan nan 0 0
-26.842105263157894 9.473684210526315 0 nan nan 0 0
-25.263157894736842 -9.473684210526315 0 nan nan 0 0
-25.263157894736842 -8.947368421052632 0 nan nan 0 0
-25.263157894736842 -8.421052631578947 0 nan nan 0 0
-25.263157894736842 -7.894736842105263 0 nan nan 0 0
-25.263157894736842 -7.368421052631579 0 nan nan 0 0
-25.263157894736842 -6.842105263157895 0 nan nan 0 0
-25.263157894736842 -6.315789473684211 0 nan nan 0 0
-25.263157894736842 -5.789473684210526 0 nan nan 0 0
-25.263157894736842 -5.263157894736842 0 nan nan 0 0
-25.263157894736842 -4.7368421052631575 0 nan nan 0 0
-25.263157894736842 -4.2105263157894735 0 nan nan 0 0
-25.263157894736842 -3.6842105263157894 0 nan nan 0 0
-25.263157894736842 -3.1578947368421053 0 nan nan 0 0
-25.263157894736842 -2.631578947368421 0 nan nan 0 0
-25.263157894736842 -2.1052631578947367 0 nan nan 0 0
-25.263157894736842 -1.5789473684210527 0 nan nan 0 0
-25.263157894736842 -1.0526315789473684 0 nan nan 0 0
-25.263157894736842 -0.5263157894736842 0 nan nan 0 0
-25.263157894736842 -0.0 0 nan nan 0 0
-25.263157894736842 0.0 0 nan nan 0 0
-25.263157894736842 0.5263157894736842 0 nan nan 0 0
-25.263157894736842 1.0526315789473684 0 nan nan 0 0
-25.263157894736842 1.5789473684210527 0 nan nan 0 0
-25.263157894736842 2.1052631578947367 0 nan nan 0 0
-25.263157894736842 2.631578947368421 0 nan nan 0 0
-25.263157894736842 3.1578947368421053 0 nan nan 0 0
-25.263157894736842 3.6842105263157894 0 nan nan 0 0
-25.263157894736842 4.2105263157894735 0 nan nan 0 0
-25.263157894736842 4.7368421052631575 0 nan nan 0 0
-25.263157894736842 5.263157894736842 0 nan nan 0 0
-25.263157894736842 5.789473684210526 0 nan nan 0 0
-25.263157894736842 6.315789473684211 0 nan nan 0 0
-25.263157894736842 6.842105263157895 0 nan nan 0 0
-25.263157894736842 7.368421052631579 0 nan nan 0 0
-25.263157894736842 7.894736842105263 0 nan nan 0 0
-25.263157894736842 8.421052631578947 0 nan nan 0 0
-25.263157894736842 8.947368421052632 0 nan nan 0 0
-25.263157894736842 9.473684210526315 0 nan nan 0 0
-23.68421052631579 -9.473684210526315 0 nan nan 0 0
-23.68421052631579 -8.947368421052632 0 nan nan 0 0
-23.68421052631579 -8.421052631578947 0 nan nan 0 0
-23.68421052631579 -7.894736842105263 0 nan nan 0 0
-23.68421052631579 -7.368421052631579 0 nan nan 0 0
-23.68421052631579 -6.842105263157895 0 nan nan 0 0
-23.68421052631579 -6.315789473684211 0 nan nan 0 0
-23.68421052631579 -5.789473684210526 0 nan nan 0 0
-23.68421052631579 -5.263157894736842 0 nan nan 0 0
-23.68421052631579 -4.7368421052631575 0 nan nan 0 0
-23.68421052631579 -4.2105263157894735 0 nan nan 0 0
-23.68421052631579 -3.6842105263157894 0 nan nan 0 0
-23.68421052631579 -3.1578947368421053 0 nan nan 0 0
-23.68421052631579 -2.631578947368421 0 nan nan 0 0
-23.68421052631579 -2.1052631578947367 0 nan nan 0 0
-23.68421052631579 -1.5789473684210527 0 nan nan 0 0
-23.68421052631579 -1.0526315789473684 0 nan nan 0 0
-23.68421052631579 -0.5263157894736842 0 nan nan 0 0
-23.68421052631579 -0.0 0 nan nan 0 0
-23.68421052631579 0.0 0 nan nan 0 0
-23.68421052631579 0.5263157894736842 0 nan nan 0 0
-23.68421052631579 1.0526315789473684 0 nan nan 0 0
-23.68421052631579 1.5789473684210527 0 nan nan 0 0
-23.68421052631579 2.1052631578947367 0 nan nan 0 0
-23.68421052631579 2.631578947368421 0 nan nan 0 0
-23.68421052631579 3.1578947368421053 0 nan nan 0 0
-23.68421052631579 3.6842105263157894 0 nan nan 0 0
-23.68421052631579 4.2105263157894735 0 nan nan 0 0
-23.68421052631579 4.7368421052631575 0 nan nan 0 0
-23.68421052631579 5.263157894736842 0 nan nan 0 0
-23.68421052631579 5.789473684210526 0 nan nan 0 0
-23.68421052631579 6.315789473684211 0 nan nan 0 0
-23.68421052631579 6.842105263157895 0 nan nan 0 0
-23.68421052631579 7.368421052631579 0 nan nan 0 0
-23.68421052631579 7.894736842105263 0 nan nan 0 0
-23.68421052631579 8.421052631578947 0 nan nan 0 0
-23.68421052631579 8.947368421052632 0 nan nan 0 0
-23.68421052631579 9.473684210526315 0 nan nan 0 0
-22.105263157894736 -9.473684210526315 0 nan nan 0 0
-22.105263157894736 -8.947368421052632 0 nan nan 0 0
-22.105263157894736 -8.421052631578947 0 nan nan 0 0
-22.105263157894736 -7.894736842105263 0 nan nan 0 0
-22.105263157894736 -7.368421052631579 0 nan nan 0 0
-22.105263157894736 -6.842105263157895 0 nan nan 0 0
-22.105263157894736 -6.315789473684211 0 nan nan 0 0
-22.105263157894736 -5.789473684210526 0 nan nan 0 0
-22.105263157894736 -5.263157894736842 0 nan nan 0 0
-22.105263157894736 -4.7368421052631575 0 nan nan 0 0
-22.105263157894736 -4.2105263157894735 0 nan nan 0 0
-22.105263157894736 -3.6842105263157894 0 nan nan 0 0
-22.105263157894736 -3.1578947368421053 0 nan nan 0 0
-22.105263157894736 -2.631578947368421 0 nan nan 0 0
-22.105263157894736 -2.1052631578947367 0 nan nan 0 0
-22.105263157894736 -1.5789473684210527 0 nan nan 0 0
-22.105263157894736 -1.0526315789473684 0 nan nan 0 0
-22.105263157894736 -0.5263157894736842 0 nan nan 0 0
-22.105263157894736 -0.0 0 nan nan 0 0
-22.105263157894736 0.0 0 nan nan 0 0
-22.105263157894736 0.5263157894736842 0 nan nan 0 0
-22.105263157894736 1.0526315789473684 0 nan nan 0 0
-22.105263157894736 1.5789473684210527 0 nan nan 0 0
-22.105263157894736 2.1052631578947367 0 nan nan 0 0
-22.105263157894736 2.631578947368421 0 nan nan 0 0
-22.105263157894736 3.1578947368421053 0 nan nan 0 0
-22.105263157894736 3.6842105263157894 0 nan nan 0 0
-22.105263157894736 4.2105263157894735 0 nan nan 0 0
-22.105263157894736 4.7368421052631575 0 nan nan 0 0
-22.105263157894736 5.263157894736842 0 nan nan 0 0
-22.105263157894736 5.789473684210526 0 nan nan 0 0
-22.105263157894736 6.315789473684211 0 nan nan 0 0
-22.105263157894736 6.842105263157895 0 nan nan 0 0
-22.105263157894736 7.368421052631579 0 nan nan 0 0
-22.105263157894736 7.894736842105263 0 nan nan 0 0
-22.105263157894736 8.421052631578947 0 nan nan 0 0
-22.105263157894736 8.947368421052632 0 nan nan 0 0
-22.105263157894736 9.473684210526315 0 nan nan 0 0
-20.526315789473685 -9.473684210526315 0 nan nan 0 0
-20.526315789473685 -8.947368421052632 0 nan nan 0 0
-20.526315789473685 -8.421052631578947 0 nan nan 0 0
-20.526315789473685 -7.894736842105263 0 nan nan 0 0
-20.526315789473685 -7.368421052631579 0 nan nan 0 0
-20.526315789473685 -6.842105263157895 0 nan nan 0 0
-20.526315789473685 -6.315789473684211 0 nan nan 0 0
-20.526315789473685 -5.789473684210526 0 nan nan 0 0
-20.526315789473685 -5.263157894736842 0 nan nan 0 0
-20.526315789473685 -4.7368421052631575 0 nan nan 0 0
-20.526315789473685 -4.2105263157894735 0 nan nan 0 0
-20.526315789473685 -3.6842105263157894 0 nan nan 0 0
-20.526315789473685 -3.1578947368421053 0 nan nan 0 0
-20.526315789473685 -2.631578947368421 0 nan nan 0 0
-20.526315789473685 -2.1052631578947367 0 nan nan 0 0
-20.526315789473685 -1.5789473684210527 0 nan nan 0 0
-20.526315789473685 -1.0526315789473684 0 nan nan 0 0
-20.526315789473685 -0.5263157894736842 0 nan nan 0 0
-20.526315789473685 -0.0 0 nan nan 0 0
-20.526315789473685 0.0 0 nan nan 0 0
-20.526315789473685 0.5263157894736842 0 nan nan 0 0
-20.526315789473685 1.0526315789473684 0 nan nan 0 0
-20.526315789473685 1.5789473684210527 0 nan nan 0 0
-20.526315789473685 2.1052631578947367 0 nan nan 0 0
-20.526315789473685 2.631578947368421 0 nan nan 0 0
-20.526315789473685 3.1578947368421053 0 nan nan 0 0
-20.526315789473685 3.6842105263157894 0 nan nan 0 0
-20.526315789473685 4.2105263157894735 0 nan nan 0 0
-20.526315789473685 4.7368421052631575 0 nan nan 0 0
-20.526315789473685 5.263157894736842 0 nan nan 0 0
-20.526315789473685 5.789473684210526 0 nan nan 0 0
-20.526315789473685 6.315789473684211 0 nan nan 0 0
-20.526315789473685 6.842105263157895 0 nan nan 0 0
-20.526315789473685 7.368421052631579 0 nan nan 0 0
-20.526315789473685 7.894736842105263 0 nan nan 0 0
-20.526315789473685 8.421052631578947 0 nan nan 0 0
-20.526315789473685 8.947368421052632 0 nan nan 0 0
-20.526315789473685 9.473684210526315 0 nan nan 0 0
-18.94736842105263 -9.473684210526315 0 nan nan 0 0
-18.94736842105263 -8.947368421052632 0 nan nan 0 0
-18.94736842105263 -8.421052631578947 0 nan nan 0 0
-18.94736842105263 -7.894736842105263 0 nan nan 0 0
-18.94736842105263 -7.368421052631579 0 nan nan 0 0
-18.94736842105263 -6.842105263157895 0 nan nan 0 0
-18.94736842105263 -6.315789473684211 0 nan nan 0 0
-18.94736842105263 -5.789473684210526 0 nan nan 0 0
-18.94736842105263 -5.263157894736842 0 nan nan 0 0
-18.94736842105263 -4.7368421052631575 0 nan nan 0 0
-18.94736842105263 -4.2105263157894735 0 nan nan 0 0
-18.94736842105263 -3.6842105263157894 0 nan nan 0 0
-18.94736842105263 -3.1578947368421053 0 nan nan 0 0
-18.94736842105263 -2.631578947368421 0 nan nan 0 0
-18.94736842105263 -2.1052631578947367 0 nan nan 0 0
-18.94736842105263 -1.5789473684210527 0 nan nan 0 0
-18.94736842105263 -1.0526315789473684 0 nan nan 0 0
-18.94736842105263 -0.5263157894736842 0 nan nan 0 0
-18.94736842105263 -0.0 0 nan nan 0 0
-18.94736842105263 0.0 0 nan nan 0 0
-18.94736842105263 0.5263157894736842 0 nan nan 0 0
-18.94736842105263 1.0526315789473684 0 nan nan 0 0
-18.94736842105263 1.5789473684210527 0 nan nan 0 0
-18.94736842105263 2.1052631578947367 0 nan nan 0 0
-18.94736842105263 2.631578947368421 0 nan nan 0 0
-18.94736842105263 3.1578947368421053 0 nan nan 0 0
-18.94736842105263 3.6842105263157894 0 nan nan 0 0
-18.94736842105263 4.2105263157894735 0 nan nan 0 0
-18.94736842105263 4.7368421052631575 0 nan nan 0 0
-18.94736842105263 5.263157894736842 0 nan nan 0 0
-18.94736842105263 5.789473684210526 0 nan nan 0 0
-18.94736842105263 6.315789473684211 0 nan nan 0 0
-18.94736842105263 6.842105263157895 0 nan nan 0 0
-18.94736842105263 7.368421052631579 0 nan nan 0 0
-18.94736842105263 7.894736842105263 0 nan nan 0 0
-18.94736842105263 8.421052631578947 0 nan nan 0 0
-18.94736842105263 8.947368421052632 0 nan nan 0 0
-18.94736842105263 9.473684210526315 0 nan nan 0 0
-17.36842105263158 -9.473684210526315 0 nan nan 0 0
-17.36842105263158 -8.947368421052632 0 nan nan 0 0
-17.36842105263158 -8.421052631578947 0 nan nan 0 0
-17.36842105263158 -7.894736842105263 0 nan nan 0 0
-17.36842105263158 -7.368421052631579 0 nan nan 0 0
-17.36842105263158 -6.842105263157895 0 nan nan 0 0
-17.36842105263158 -6.315789473684211 0 nan nan 0 0
-17.36842105263158 -5.789473684210526 0 nan nan 0 0
-17.36842105263158 -5.263157894736842 0 nan nan 0 0
-17.36842105263158 -4.7368421052631575 0 nan nan 0 0
-17.36842105263158 -4.2105263157894735 0 nan nan 0 0
-17.36842105263158 -3.6842105263157894 0 nan nan 0 0
-17.36842105263158 -3.1578947368421053 0 nan nan 0 0
-17.36842105263158 -2.631578947368421 0 nan nan 0 0
-17.36842105263158 -2.1052631578947367 0 nan nan 0 0
-17.36842105263158 -1.5789473684210527 0 nan nan 0 0
-17.36842105263158 -1.0526315789473684 0 nan nan 0 0
-17.36842105263158 -0.5263157894736842 0 nan nan 0 0
-17.36842105263158 -0.0 0 nan nan 0 0
-17.36842105263158 0.0 0 nan nan 0 0
-17.36842105263158 0.5263157894736842 0 nan nan 0 0
-17.36842105263158 1.0526315789473684 0 nan nan 0 0
-17.36842105263158 1.5789473684210527 0 nan nan 0 0
-17.36842105263158 2.1052631578947367 0 nan nan 0 0
-17.36842105263158 2.631578947368421 0 nan nan 0 0
-17.36842105263158 3.1578947368421053 0 nan nan 0 0
-17.36842105263158 3.6842105263157894 0 nan nan 0 0
-17.36842105263158 4.2105263157894735 0 nan nan 0 0
-17.36842105263158 4.7368421052631575 0 nan nan 0 0
-17.36842105263158 5.263157894736842 0 nan nan 0 0
-17.36842105263158 5.789473684210526 0 nan nan 0 0
-17.36842105263158 6.315789473684211 0 nan nan 0 0
-17.36842105263158 6.842105263157895 0 nan nan 0 0
-17.36842105263158 7.368421052631579 0 nan nan 0 0
-17.36842105263158 7.894736842105263 0 nan nan 0 0
-17.36842105263158 8.421052631578947 0 nan nan 0 0
-17.36842105263158 8.947368421052632 0 nan nan 0 0
-17.36842105263158 9.473684210526315 0 nan nan 0 0
-15.789473684210527 -9.473684210526315 0 nan nan 0 0
-15.789473684210527 -8.947368421052632 0 nan nan 0 0
-15.789473684210527 -8.421052631578947 0 nan nan 0 0
-15.789473684210527 -7.894736842105263 0 nan nan 0 0
-15.789473684210527 -7.368421052631579 0 nan nan 0 0
-15.789473684210527 -6.842105263157895 0 nan nan 0 0
-15.789473684210527 -6.315789473684211 0 nan nan 0 0
-15.789473684210527 -5.789473684210526 0 nan nan 0 0
-15.789473684210527 -5.263157894736842 0 nan nan 0 0
-15.789473684210527 -4.7368421052631575 0 nan nan 0 0
-15.789473684210527 -4.2105263157894735 0 nan nan 0 0
-15.789473684210527 -3.6842105263157894 0 nan nan 0 0
-15.789473684210527 -3.1578947368421053 0 nan nan 0 0
-15.789473684210527 -2.631578947368421 0 nan nan 0 0
-15.789473684210527 -2.1052631578947367 0 nan nan 0 0
-15.789473684210527 -1.5789473684210527 0 nan nan 0 0
-15.789473684210527 -1.0526315789473684 0 nan nan 0 0
-15.789473684210527 -0.5263157894736842 1 nan nan 0 0
-15.789473684210527 -0.0 1 nan nan 0 0
-15.789473684210527 0.0 1 nan nan 0 0
-15.789473684210527 0.5263157894736842 1 nan nan 0 0
-15.789473684210527 1.0526315789473684 0 nan nan 0 0
-15.789473684210527 1.5789473684210527 0 nan nan 0 0
-15.789473684210527 2.1052631578947367 0 nan nan 0 0
-15.789473684210527 2.631578947368421 0 nan nan 0 0
-15.789473684210527 3.1578947368421053 0 nan nan 0 0
-15.789473684210527 3.6842105263157894 0 nan nan 0 0
-15.789473684210527 4.2105263157894735 0 nan nan 0 0
-15.789473684210527 4.7368421052631575 0 nan nan 0 0
-15.789473684210527 5.263157894736842 0 nan nan 0 0
-15.789473684210527 5.789473684210526 0 nan nan 0 0
-15.789473684210527 6.315789473684211 0 nan nan 0 0
-15.789473684210527 6.842105263157895 0 nan nan 0 0
-15.789473684210527 7.368421052631579 0 nan nan 0 0
-15.789473684210527 7.894736842105263 0 nan nan 0 0
-15.789473684210527 8.421052631578947 0 nan nan 0 0
-15.789473684210527 8.947368421052632 0 nan nan 0 0
-15.789473684210527 9.473684210526315 0 nan nan 0 0
-14.210526315789474 -9.473684210526315 0 nan nan 0 0
-14.210526315789474 -8.947368421052632 0 nan nan 0 0
-14.210526315789474 -8.421052631578947 0 nan nan 0 0
-14.210526315789474 -7.894736842105263 0 nan nan 0 0
-14.210526315789474 -7.368421052631579 0 nan nan 0 0
-14.210526315789474 -6.842105263157895 0 nan nan 0 0
-14.210526315789474 -6.315789473684211 0 nan nan 0 0
-14.210526315789474 -5.789473684210526 0 nan nan 0 0
-14.210526315789474 -5.263157894736842 0 nan nan 0 0
-14.210526315789474 -4.7368421052631575 0 nan nan 0 0
-14.210526315789474 -4.2105263157894735 0 nan nan 0 0
-14.210526315789474 -3.6842105263157894 0 nan nan 0 0
-14.210526315789474 -3.1578947368421053 0 nan nan 0 0
-14.210526315789474 -2.631578947368421 0 nan nan 0 0
-14.210526315789474 -2.1052631578947367 0 nan nan 0 0
-14.210526315789474 -1.5789473684210527 0 nan nan 0 0
-14.210526315789474 -1.0526315789473684 1 nan nan 0 0
-14.210526315789474 -0.5263157894736842 1 nan nan 0 0
-14.210526315789474 -0.0 1 nan nan 0 0
-14.210526315789474 0.0 1 nan nan 0 0
-14.210526315789474 0.5263157894736842 1 nan nan 0 0
-14.210526315789474 1.0526315789473684 1 nan nan 0 0
-14.210526315789474 1.5789473684210527 0 nan nan 0 0
-14.210526315789474 2.1052631578947367 0 nan nan 0 0
-14.210526315789474 2.631578947368421 0 nan nan 0 0
-14.210526315789474 3.1578947368421053 0 nan nan 0 0
-14.210526315789474 3.6842105263157894 0 nan nan 0 0
-14.210526315789474 4.2105263157894735 0 nan nan 0 0
-14.210526315789474 4.7368421052631575 0 nan nan 0 0
-14.210526315789474 5.263157894736842 0 nan nan 0 0
-14.210526315789474 5.789473684210526 0 nan nan 0 0
-14.210526315789474 6.315789473684211 0 nan nan 0 0
-14.210526315789474 6.842105263157895 0 nan nan 0 0
-14.210526315789474 7.368421052631579 0 nan nan 0 0
-14.210526315789474 7.894736842105263 0 nan nan 0 0
-14.210526315789474 8.421052631578947 0 nan nan 0 0
-14.210526315789474 8.947368421052632 0 nan nan 0 0
-14.210526315789474 9.473684210526315 0 nan nan 0 0
-12.631578947368421 -9.473684210526315 0 nan nan 0 0
-12.631578947368421 -8.947368421052632 0 nan nan 0 0
-12.631578947368421 -8.421052631578947 0 nan nan 0 0
-12.631578947368421 -7.894736842105263 0 nan nan 0 0
-12.631578947368421 -7.368421052631579 0 nan nan 0 0
-12.631578947368421 -6.842105263157895 0 nan nan 0 0
-12.631578947368421 -6.315789473684211 0 nan nan 0 0
-12.631578947368421 -5.789473684210526 0 nan nan 0 0
-12.631578947368421 -5.263157894736842 0 nan nan 0 0
-12.631578947368421 -4.7368421052631575 0 nan nan 0 0
-12.631578947368421 -4.2105263157894735 0 nan nan 0 0
-12.631578947368421 -3.6842105263157894 0 nan nan 0 0
-12.631578947368421 -3.1578947368421053 0 nan nan 0 0
-12.631578947368421 -2.631578947368421 0 nan nan 0 0
-12.631578947368421 -2.1052631578947367 0 nan nan 0 0
-12.631578947368421 -1.5789473684210527 0 nan nan 0 0
-12.631578947368421 -1.0526315789473684 1 nan nan 0 0
-12.631578947368421 -0.5263157894736842 1 nan nan 0 0
-12.631578947368421 -0.0 1 nan nan 0 0
-12.631578947368421 0.0 1 nan nan 0 0
-12.631578947368421 0.5263157894736842 1 nan nan 0 0
-12.631578947368421 1.0526315789473684 1 nan nan 0 0
-12.631578947368421 1.5789473684210527 0 nan nan 0 0
-12.631578947368421 2.1052631578947367 0 nan nan 0 0
-12.631578947368421 2.631578947368421 0 nan nan 0 0
-12.631578947368421 3.1578947368421053 0 nan nan 0 0
-12.631578947368421 3.6842105263157894 0 nan nan 0 0
-12.631578947368421 4.2105263157894735 0 nan nan 0 0
-12.631578947368421 4.7368421052631575 0 nan nan 0 0
-12.631578947368421 5.263157894736842 0 nan nan 0 0
-12.631578947368421 5.789473684210526 0 nan nan 0 0
-12.631578947368421 6.315789473684211 0 nan nan 0 0
-12.631578947368421 6.842105263157895 0 nan nan 0 0
-12.631578947368421 7.368421052631579 0 nan nan 0 0
-12.631578947368421 7.894736842105263 0 nan nan 0 0
-12.631578947368421 8.421052631578947 0 nan nan 0 0
-12.631578947368421 8.947368421052632 0 nan nan 0 0
-12.631578947368421 9.473684210526315 0 nan nan 0 0
-11.052631578947368 -9.473684210526315 0 nan nan 0 0
-11.052631578947368 -8.947368421052632 0 nan nan 0 0
-11.052631578947368 -8.421052631578947 0 nan nan 0 0
-11.052631578947368 -7.894736842105263 0 nan nan 0 0
-11.052631578947368 -7.368421052631579 0 nan nan 0 0
-11.052631578947368 -6.842105263157895 0 nan nan 0 0
-11.052631578947368 -6.315789473684211 0 nan nan 0 0
-11.052631578947368 -5.789473684210526 0 nan nan 0 0
-11.052631578947368 -5.263157894736842 0 nan nan 0 0
-11.052631578947368 -4.7368421052631575 0 nan nan 0 0
-11.052631578947368 -4.2105263157894735 0 nan nan 0 0
-11.052631578947368 -3.6842105263157894 0 nan nan 0 0
-11.052631578947368 -3.1578947368421053 0 nan nan 0 0
-11.052631578947368 -2.631578947368421 0 nan nan 0 0
-11.052631578947368 -2.1052631578947367 0 nan nan 0 0
-11.052631578947368 -1.5789473684210527 1 nan nan 0 0
-11.052631578947368 -1.0526315789473684 1 nan nan 0 0
-11.052631578947368 -0.5263157894736842 1 nan nan 0 0
-11.052631578947368 -0.0 1 nan nan 0 0
-11.052631578947368 0.0 1 nan nan 0 0
-11.052631578947368 0.5263157894736842 1 nan nan 0 0
-11.052631578947368 1.0526315789473684 1 nan nan 0 0
-11.052631578947368 1.5789473684210527 1 nan nan 0 0
-11.052631578947368 2.1052631578947367 0 nan nan 0 0
-11.052631578947368 2.631578947368421 0 nan nan 0 0
-11.052631578947368 3.1578947368421053 0 nan nan 0 0
-11.052631578947368 3.6842105263157894 0 nan nan 0 0
-11.052631578947368 4.2105263157894735 0 nan nan 0 0
-11.052631578947368 4.7368421052631575 0 nan nan 0 0
-11.052631578947368 5.263157894736842 0 nan nan 0 0
-11.052631578947368 5.789473684210526 0 nan nan 0 0
-11.052631578947368 6.315789473684211 0 nan nan 0 0
-11.052631578947368 6.842105263157895 0 nan nan 0 0
-11.052631578947368 7.368421052631579 0 nan nan 0 0
-11.052631578947368 7.894736842105263 0 nan nan 0 0
-11.052631578947368 8.421052631578947 0 nan nan 0 0
-11.052631578947368 8.947368421052632 0 nan nan 0 0
-11.052631578947368 9.473684210526315 0 nan nan 0 0
-9.473684210526315 -9.473684210526315 0 nan nan 0 0
-9.473684210526315 -8.947368421052632 0 nan nan 0 0
-9.473684210526315 -8.421052631578947 0 nan nan 0 0
-9.473684210526315 -7.894736842105263 0 nan nan 0 0
-9.473684210526315 -7.368421052631579 0 nan nan 0 0
-9.473684210526315 -6.842105263157895 0 nan nan 0 0
-9.473684210526315 -6.315789473684211 0 nan nan 0 0
-9.473684210526315 -5.789473684210526 0 nan nan 0 0
-9.473684210526315 -5.263157894736842 0 nan nan 0 0
-9.473684210526315 -4.7368421052631575 0 nan nan 0 0
-9.473684210526315 -4.2105263157894735 0 nan nan 0 0
-9.473684210526315 -3.6842105263157894 0 nan nan 0 0
-9.473684210526315 -3.1578947368421053 0 nan nan 0 0
-9.473684210526315 -2.631578947368421 0 nan nan 0 0
-9.473684210526315 -2.1052631578947367 0 nan nan 0 0
-9.473684210526315 -1.5789473684210527 1 nan nan 0 0
-9.473684210526315 -1.0526315789473684 1 nan nan 0 0
-9.473684210526315 -0.5263157894736842 1 nan nan 0 0
-9.473684210526315 -0.0 1 nan nan 0 0
-9.473684210526315 0.0 1 nan nan 0 0
-9.473684210526315 0.5263157894736842 1 nan nan 0 0
-9.473684210526315 1.0526315789473684 1 nan nan 0 0
-9.473684210526315 1.5789473684210527 1 nan nan 0 0
-9.473684210526315 2.1052631578947367 0 nan nan 0 0
-9.473684210526315 2.631578947368421 0 nan nan 0 0
-9.473684210526315 3.1578947368421053 0 nan nan 0 0
-9.473684210526315 3.6842105263157894 0 nan nan 0 0
-9.473684210526315 4.2105263157894735 0 nan nan 0 0
-9.473684210526315 4.7368421052631575 0 nan nan 0 0
-9.473684210526315 5.263157894736842 0 nan nan 0 0
-9.473684210526315 5.789473684210526 0 nan nan 0 0
-9.473684210526315 6.315789473684211 0 nan nan 0 0
-9.473684210526315 6.842105263157895 0 nan nan 0 0
-9.473684210526315 7.368421052631579 0 nan nan 0 0
-9.473684210526315 7.894736842105263 0 nan nan 0 0
-9.473684210526315 8.421052631578947 0 nan nan 0 0
-9.473684210526315 8.947368421052632 0 nan nan 0 0
-9.473684210526315 9.473684210526315 0 nan nan 0 0
-7.894736842105264 -9.473684210526315 0 nan nan 0 0
-7.894736842105264 -8.947368421052632 0 nan nan 0 0
-7.894736842105264 -8.421052631578947 0 nan nan 0 0
-7.894736842105264 -7.894736842105263 0 nan nan 0 0
-7.894736842105264 -7.368421052631579 0 nan nan 0 0
-7.894736842105264 -6.842105263157895 0 nan nan 0 0
-7.894736842105264 -6.315789473684211 0 nan nan 0 0
-7.894736842105264 -5.789473684210526 0 nan nan 0 0
-7.894736842105264 -5.263157894736842 0 nan nan 0 0
-7.894736842105264 -4.7368421052631575 0 nan nan 0 0
-7.894736842105264 -4.2105263157894735 0 nan nan 0 0
-7.894736842105264 -3.6842105263157894 0 nan nan 0 0
-7.894736842105264 -3.1578947368421053 0 nan nan 0 0
-7.894736842105264 -2.631578947368421 0 nan nan 0 0
-7.894736842105264 -2.1052631578947367 0 nan nan 0 0
-7.894736842105264 -1.5789473684210527 1 nan nan 0 0
-7.894736842105264 -1.0526315789473684 1 nan nan 0 0
-7.894736842105264 -0.5263157894736842 1 nan nan 0 0
-7.894736842105264 -0.0 1 nan nan 0 0
-7.894736842105264 0.0 1 nan nan 0 0
-7.894736842105264 0.5263157894736842 1 nan nan 0 0
-7.894736842105264 1.0526315789473684 1 nan nan 0 0
-7.894736842105264 1.5789473684210527 1 nan nan 0 0
-7.894736842105264 2.1052631578947367 0 nan nan 0 0
-7.894736842105264 2.631578947368421 0 nan nan 0 0
-7.894736842105264 3.1578947368421053 0 nan nan 0 0
-7.894736842105264 3.6842105263157894 0 nan nan 0 0
-7.894736842105264 4.2105263157894735 0 nan nan 0 0
-7.894736842105264 4.7368421052631575 0 nan nan 0 0
-7.894736842105264 5.263157894736842 0 nan nan 0 0
-7.894736842105264 5.789473684210526 0 nan nan 0 0
-7.894736842105264 6.315789473684211 0 nan nan 0 0
-7.894736842105264 6.842105263157895 0 nan nan 0 0
-7.894736842105264 7.368421052631579 0 nan nan 0 0
-7.894736842105264 7.894736842105263 0 nan nan 0 0
-7.894736842105264 8.421052631578947 0 nan nan 0 0
-7.894736842105264 8.947368421052632 0 nan nan 0 0
-7.894736842105264 9.473684210526315 0 nan nan 0 0
-6.315789473684211 -9.473684210526315 0 nan nan 0 0
-6.315789473684211 -8.947368421052632 0 nan nan 0 0
-6.315789473684211 -8.421052631578947 0 nan nan 0 0
-6.315789473684211 -7.894736842105263 0 nan nan 0 0
-6.315789473684211 -7.368421052631579 0 nan nan 0 0
-6.315789473684211 -6.842105263157895 0 nan nan 0 0
-6.315789473684211 -6.315789473684211 0 nan nan 0 0
-6.315789473684211 -5.789473684210526 0 nan nan 0 0
-6.315789473684211 -5.263157894736842 0 nan nan 0 0
-6.315789473684211 -4.7368421052631575 0 nan nan 0 0
-6.315789473684211 -4.2105263157894735 0 nan nan 0 0
-6.315789473684211 -3.6842105263157894 0 nan nan 0 0
-6.315789473684211 -3.1578947368421053 0 nan nan 0 0
-6.315789473684211 -2.631578947368421 0 nan nan 0 0
-6.315789473684211 -2.1052631578947367 0 nan nan 0 0
-6.315789473684211 -1.5789473684210527 1 nan nan 0 0
-6.315789473684211 -1.0526315789473684 1 nan nan 0 0
-6.315789473684211 -0.5263157894736842 1 nan nan 0 0
-6.315789473684211 -0.0 1 nan nan 0 0
-6.315789473684211 0.0 1 nan nan 0 0
-6.315789473684211 0.5263157894736842 1 nan nan 0 0
-6.315789473684211 1.0526315789473684 1 nan nan 0 0
-6.315789473684211 1.5789473684210527 1 nan nan 0 0
-6.315789473684211 2.1052631578947367 0 nan nan 0 0
-6.315789473684211 2.631578947368421 0 nan nan 0 0
-6.315789473684211 3.1578947368421053 0 nan nan 0 0
-6.315789473684211 3.6842105263157894 0 nan nan 0 0
-6.315789473684211 4.2105263157894735 0 nan nan 0 0
-6.315789473684211 4.7368421052631575 0 nan nan 0 0
-6.315789473684211 5.263157894736842 0 nan nan 0 0
-6.315789473684211 5.789473684210526 0 nan nan 0 0
-6.315789473684211 6.315789473684211 0 nan nan 0 0
-6.315789473684211 6.842105263157895 0 nan nan 0 0
-6.315789473684211 7.368421052631579 0 nan nan 0 0
-6.315789473684211 7.894736842105263 0 nan nan 0 0
-6.315789473684211 8.421052631578947 0 nan nan 0 0
-6.315789473684211 8.947368421052632 0 nan nan 0 0
-6.315789473684211 9.473684210526315 0 nan nan 0 0
-4.7368421052631575 -9.473684210526315 0 nan nan 0 0
-4.7368421052631575 -8.947368421052632 0 nan nan 0 0
-4.7368421052631575 -8.421052631578947 0 nan nan 0 0
-4.7368421052631575 -7.894736842105263 0 nan nan 0 0
-4.7368421052631575 -7.368421052631579 0 nan nan 0 0
-4.7368421052631575 -6.842105263157895 0 nan nan 0 0
-4.7368421052631575 -6.315789473684211 0 nan nan 0 0
-4.7368421052631575 -5.789473684210526 0 nan nan 0 0
-4.7368421052631575 -5.263157894736842 0 nan nan 0 0
-4.7368421052631575 -4.7368421052631575 0 nan nan 0 0
-4.7368421052631575 -4.2105263157894735 0 nan nan 0 0
-4.7368421052631575 -3.6842105263157894 0 nan nan 0 0
-4.7368421052631575 -3.1578947368421053 0 nan nan 0 0
-4.7368421052631575 -2.631578947368421 0 nan nan 0 0
-4.7368421052631575 -2.1052631578947367 0 nan nan 0 0
-4.7368421052631575 -1.5789473684210527 1 nan nan 0 0
-4.7368421052631575 -1.0526315789473684 1 nan nan 0 0
-4.7368421052631575 -0.5263157894736842 1 nan nan 0 0
-4.7368421052631575 -0.0 1 nan nan 0 0
-4.7368421052631575 0.0 1 nan nan 0 0
-4.7368421052631575 0.5263157894736842 1 nan nan 0 0
-4.7368421052631575 1.0526315789473684 1 nan nan 0 0
-4.7368421052631575 1.5789473684210527 1 nan nan 0 0
-4.7368421052631575 2.1052631578947367 0 nan nan 0 0
-4.7368421052631575 2.631578947368421 0 nan nan 0 0
-4.7368421052631575 3.1578947368421053 0 nan nan 0 0
-4.7368421052631575 3.6842105263157894 0 nan nan 0 0
-4.7368421052631575 4.2105263157894735 0 nan nan 0 0
-4.7368421052631575 4.7368421052631575 0 nan nan 0 0
-4.7368421052631575 5.263157894736842 0 nan nan 0 0
-4.7368421052631575 5.789473684210526 0 nan nan 0 0
-4.7368421052631575 6.315789473684211 0 nan nan 0 0
-4.7368421052631575 6.842105263157895 0 nan nan 0 0
-4.7368421052631575 7.368421052631579 0 nan nan 0 0
-4.7368421052631575 7.894736842105263 0 nan nan 0 0
-4.7368421052631575 8.421052631578947 0 nan nan 0 0
-4.7368421052631575 8.947368421052632 0 nan nan 0 0
-4.7368421052631575 9.473684210526315 0 nan nan 0 0
-3.1578947368421053 -9.473684210526315 0 nan nan 0 0
-3.1578947368421053 -8.947368421052632 0 nan nan 0 0
-3.1578947368421053 -8.421052631578947 0 nan nan 0 0
-3.1578947368421053 -7.894736842105263 0 nan nan 0 0
-3.1578947368421053 -7.368421052631579 0 nan nan 0 0
-3.1578947368421053 -6.842105263157895 0 nan nan 0 0
-3.1578947368421053 -6.315789473684211 0 nan nan 0 0
-3.1578947368421053 -5.789473684210526 0 nan nan 0 0
-3.1578947368421053 -5.263157894736842 0 nan nan 0 0
-3.1578947368421053 -4.7368421052631575 0 nan nan 0 0
-3.1578947368421053 -4.2105263157894735 0 nan nan 0 0
-3.1578947368421053 -3.6842105263157894 0 nan nan 0 0
-3.1578947368421053 -3.1578947368421053 0 nan nan 0 0
-3.1578947368421053 -2.631578947368421 0 nan nan 0 0
-3.1578947368421053 -2.1052631578947367 0 nan nan 0 0
-3.1578947368421053 -1.5789473684210527 1 nan nan 0 0
-3.1578947368421053 -1.0526315789473684 1 nan nan 0 0
-3.1578947368421053 -0.5263157894736842 1 nan nan 0 0
-3.1578947368421053 -0.0 1 nan nan 0 0
-3.1578947368421053 0.0 1 nan nan 0 0
-3.1578947368421053 0.5263157894736842 1 nan nan 0 0
-3.1578947368421053 1.0526315789473684 1 nan nan 0 0
-3.1578947368421053 1.5789473684210527 1 nan nan 0 0
-3.1578947368421053 2.1052631578947367 0 nan nan 0 0
-3.1578947368421053 2.631578947368421 0 nan nan 0 0
-3.1578947368421053 3.1578947368421053 0 nan nan 0 0
-3.1578947368421053 3.6842105263157894 0 nan nan 0 0
-3.1578947368421053 4.2105263157894735 0 nan nan 0 0
-3.1578947368421053 4.7368421052631575 0 nan nan 0 0
-3.1578947368421053 5.263157894736842 0 nan nan 0 0
-3.1578947368421053 5.789473684210526 0 nan nan 0 0
-3.1578947368421053 6.315789473684211 0 nan nan 0 0
-3.1578947368421053 6.842105263157895 0 nan nan 0 0
-3.1578947368421053 7.368421052631579 0 nan nan 0 0
-3.1578947368421053 7.894736842105263 0 nan nan 0 0
-3.1578947368421053 8.421052631578947 0 nan nan 0 0
-3.1578947368421053 8.947368421052632 0 nan nan 0 0
-3.1578947368421053 9.473684210526315 0 nan nan 0 0
-1.5789473684210527 -9.473684210526315 0 nan nan 0 0
-1.5789473684210527 -8.947368421052632 0 nan nan 0 0
-1.5789473684210527 -8.421052631578947 0 nan nan 0 0
-1.5789473684210527 -7.894736842105263 0 nan nan 0 0
-1.5789473684210527 -7.368421052631579 0 nan nan 0 0
-1.5789473684210527 -6.842105263157895 0 nan nan 0 0
-1.5789473684210527 -6.315789473684211 0 nan nan 0 0
-1.5789473684210527 -5.789473684210526 0 nan nan 0 0
-1.5789473684210527 -5.263157894736842 0 nan nan 0 0
-1.5789473684210527 -4.7368421052631575 0 nan nan 0 0
-1.5789473684210527 -4.2105263157894735 0 nan nan 0 0
-1.5789473684210527 -3.6842105263157894 0 nan nan 0 0
-1.5789473684210527 -3.1578947368421053 0 nan nan 0 0
-1.5789473684210527 -2.631578947368421 0 nan nan 0 0
-1.5789473684210527 -2.1052631578947367 0 nan nan 0 0
-1.5789473684210527 -1.5789473684210527 1 nan nan 0 0
-1.5789473684210527 -1.0526315789473684 1 nan nan 0 0
-1.5789473684210527 -0.5263157894736842 1 nan nan 0 0
-1.5789473684210527 -0.0 1 nan nan 0 0
-1.5789473684210527 0.0 1 nan nan 0 0
-1.5789473684210527 0.5263157894736842 1 nan nan 0 0
-1.5789473684210527 1.0526315789473684 1 nan nan 0 0
-1.5789473684210527 1.5789473684210527 1 nan nan 0 0
-1.5789473684210527 2.1052631578947367 0 nan nan 0 0
-1.5789473684210527 2.631578947368421 0 nan nan 0 0
-1.5789473684210527 3.1578947368421053 0 nan nan 0 0
-1.5789473684210527 3.6842105263157894 0 nan nan 0 0
-1.5789473684210527 4.2105263157894735 0 nan nan 0 0
-1.5789473684210527 4.7368421052631575 0 nan nan 0 0
-1.5789473684210527 5.263157894736842 0 nan nan 0 0
-1.5789473684210527 5.789473684210526 0 nan nan 0 0
-1.5789473684210527 6.315789473684211 0 nan nan 0 0
-1.5789473684210527 6.842105263157895 0 nan nan 0 0
-1.5789473684210527 7.368421052631579 0 nan nan 0 0
-1.5789473684210527 7.894736842105263 0 nan nan 0 0
-1.5789473684210527 8.421052631578947 0 nan nan 0 0
-1.5789473684210527 8.947368421052632 0 nan nan 0 0
-1.5789473684210527 9.473684210526315 0 nan nan 0 0
-0.0 -9.473684210526315 0 nan nan 0 0
-0.0 -8.947368421052632 0 nan nan 0 0
-0.0 -8.421052631578947 0 nan nan 0 0
-0.0 -7.894736842105263 0 nan nan 0 0
-0.0 -7.368421052631579 0 nan nan 0 0
-0.0 -6.842105263157895 0 nan nan 0 0
-0.0 -6.315789473684211 0 nan nan 0 0
-0.0 -5.789473684210526 0 nan nan 0 0
-0.0 -5.263157894736842 0 nan nan 0 0
-0.0 -4.7368421052631575 0 nan nan 0 0
-0.0 -4.2105263157894735 0 nan nan 0 0
-0.0 -3.6842105263157894 0 nan nan 0 0
-0.0 -3.1578947368421053 0 nan nan 0 0
-0.0 -2.631578947368421 0 nan nan 0 0
-0.0 -2.1052631578947367 0 nan nan 0 0
-0.0 -1.5789473684210527 0 nan nan 0 0
-0.0 -1.0526315789473684 1 nan nan 0 0
-0.0 -0.5263157894736842 1 nan nan 0 0
-0.0 -0.0 1 nan nan 0 0
-0.0 0.0 1 nan nan 0 0
-0.0 0.5263157894736842 1 nan nan 0 0
-0.0 1.0526315789473684 1 nan nan 0 0
-0.0 1.5789473684210527 0 nan nan 0 0
-0.0 2.1052631578947367 0 nan nan 0 0
-0.0 2.631578947368421 0 nan nan 0 0
-0.0 3.1578947368421053 0 nan nan 0 0
-0.0 3.6842105263157894 0 nan nan 0 0
-0.0 4.2105263157894735 0 nan nan 0 0
-0.0 4.7368421052631575 0 nan nan 0 0
-0.0 5.263157894736842 0 nan nan 0 0
-0.0 5.789473684210526 0 nan nan 0 0
-0.0 6.315789473684211 0 nan nan 0 0
-0.0 6.842105263157895 0 nan nan 0 0
-0.0 7.368421052631579 0 nan nan 0 0
-0.0 7.894736842105263 0 nan nan 0 0
-0.0 8.421052631578947 0 nan nan 0 0
-0.0 8.947368421052632 0 nan nan 0 0
-0.0 9.473684210526315 0 nan nan 0 0
0.0 -9.473684210526315 0 nan nan 0 0
0.0 -8.947368421052632 0 nan nan 0 0
0.0 -8.421052631578947 0 nan nan 0 0
0.0 -7.894736842105263 0 nan nan 0 0
0.0 -7.368421052631579 0 nan nan 0 0
0.0 -6.842105263157895 0 nan nan 0 0
0.0 -6.315789473684211 0 nan nan 0 0
0.0 -5.789473684210526 0 nan nan 0 0
0.0 -5.263157894736842 0 nan nan 0 0
0.0 -4.7368421052631575 0 nan nan 0 0
0.0 -4.2105263157894735 0 nan nan 0 0
0.0 -3.6842105263157894 0 nan nan 0 0
0.0 -3.1578947368421053 0 nan nan 0 0
0.0 -2.631578947368421 0 nan nan 0 0
0.0 -2.1052631578947367 0 nan nan 0 0
0.0 -1.5789473684210527 0 nan nan 0 0
0.0 -1.0526315789473684 1 nan nan 0 0
0.0 -0.5263157894736842 1 nan nan 0 0
0.0 -0.0 1 nan nan 0 0
0.0 0.0 1 nan nan 0 0
0.0 0.5263157894736842 1 nan nan 0 0
0.0 1.0526315789473684 1 nan nan 0 0
0.0 1.5789473684210527 0 nan nan 0 0
0.0 2.1052631578947367 0 nan nan 0 0
0.0 2.631578947368421 0 nan nan 0 0
0.0 3.1578947368421053 0 nan nan 0 0
0.0 3.6842105263157894 0 nan nan 0 0
0.0 4.2105263157894735 0 nan nan 0 0
0.0 4.7368421052631575 0 nan nan 0 0
0.0 5.263157894736842 0 nan nan 0 0
0.0 5.789473684210526 0 nan nan 0 0
0.0 6.315789473684211 0 nan nan 0 0
0.0 6.842105263157895 0 nan nan 0 0
0.0 7.368421052631579 0 nan nan 0 0
0.0 7.894736842105263 0 nan nan 0 0
0.0 8.421052631578947 0 nan nan 0 0
0.0 8.947368421052632 0 nan nan 0 0
0.0 9.473684210526315 0 nan nan 0 0
1.5789473684210527 -9.473684210526315 0 nan nan 0 0
1.5789473684210527 -8.947368421052632 0 nan nan 0 0
1.5789473684210527 -8.421052631578947 0 nan nan 0 0
1.5789473684210527 -7.894736842105263 0 nan nan 0 0
1.5789473684210527 -7.368421052631579 0 nan nan 0 0
1.5789473684210527 -6.842105263157895 0 nan nan 0 0
1.5789473684210527 -6.315789473684211 0 nan nan 0 0
1.5789473684210527 -5.789473684210526 0 nan nan 0 0
1.5789473684210527 -5.263157894736842 0 nan nan 0 0
1.5789473684210527 -4.7368421052631575 0 nan nan 0 0
1.5789473684210527 -4.2105263157894735 0 nan nan 0 0
1.5789473684210527 -3.6842105263157894 0 nan nan 0 0
1.5789473684210527 -3.1578947368421053 0 nan nan 0 0
1.5789473684210527 -2.631578947368421 0 nan nan 0 0
1.5789473684210527 -2.1052631578947367 0 nan nan 0 0
1.5789473684210527 -1.5789473684210527 0 nan nan 0 0
1.5789473684210527 -1.0526315789473684 1 nan nan 0 -0.11334147875069582
1.5789473684210527 -0.5263157894736842 1 nan nan 0 -0.11334147875069582
1.5789473684210527 -0.0 1 nan nan 0 -0.11334147875069582
1.5789473684210527 0.0 1 nan nan 0 -0.11334147875069582
1.5789473684210527 0.5263157894736842 1 nan nan 0 -0.11334147875069582
1.5789473684210527 1.0526315789473684 0 nan nan 0 0
1.5789473684210527 1.5789473684210527 0 nan nan 0 0
1.5789473684210527 2.1052631578947367 0 nan nan 0 0
1.5789473684210527 2.631578947368421 0 nan nan 0 0
1.5789473684210527 3.1578947368421053 0 nan nan 0 0
1.5789473684210527 3.6842105263157894 0 nan nan 0 0
1.5789473684210527 4.2105263157894735 0 nan nan 0 0
1.5789473684210527 4.7368421052631575 0 nan nan 0 0
1.5789473684210527 5.263157894736842 0 nan nan 0 0
1.5789473684210527 5.789473684210526 0 nan nan 0 0
1.5789473684210527 6.315789473684211 0 nan nan 0 0
1.5789473684210527 6.842105263157895 0 nan nan 0 0
1.5789473684210527 7.368421052631579 0 nan nan 0 0
1.5789473684210527 7.894736842105263 0 nan nan 0 0
1.5789473684210527 8.421052631578947 0 nan nan 0 0
1.5789473684210527 8.947368421052632 0 nan nan 0 0
1.5789473684210527 9.473684210526315 0 nan nan 0 0
3.1578947368421053 -9.473684210526315 0 nan nan 0 0
3.1578947368421053 -8.947368421052632 0 nan nan 0 0
3.1578947368421053 -8.421052631578947 0 nan nan 0 0
3.1578947368421053 -7.894736842105263 0 nan nan 0 0
3.1578947368421053 -7.368421052631579 0 nan nan 0 0
3.1578947368421053 -6.842105263157895 0 nan nan 0 0
3.1578947368421053 -6.315789473684211 0 nan nan 0 0
3.1578947368421053 -5.789473684210526 0 nan nan 0 0
3.1578947368421053 -5.263157894736842 0 nan nan 0 0
3.1578947368421053 -4.7368421052631575 0 nan nan 0 0
3.1578947368421053 -4.2105263157894735 0 nan nan 0 0
3.1578947368421053 -3.6842105263157894 0 nan nan 0 0
3.1578947368421053 -3.1578947368421053 0 nan nan 0 0
3.1578947368421053 -2.631578947368421 0 nan nan 0 0
3.1578947368421053 -2.1052631578947367 0 nan nan 0 0
3.1578947368421053 -1.5789473684210527 0 nan nan 0 0
3.1578947368421053 -1.0526315789473684 1 nan nan 0 0.11988822040823181
3.1578947368421053 -0.5263157894736842 1 nan nan 0 0.11988822040823181
3.1578947368421053 -0.0 1 nan nan 0 0.11988822040823181
3.1578947368421053 0.0 1 nan nan 0 0.11988822040823181
3.1578947368421053 0.5263157894736842 1 nan nan 0 0.11988822040823181
3.1578947368421053 1.0526315789473684 0 nan nan 0 0
3.1578947368421053 1.5789473684210527 0 nan nan 0 0
3.1578947368421053 2.1052631578947367 0 nan nan 0 0
3.1578947368421053 2.631578947368421 0 nan nan 0 0
3.1578947368421053 3.1578947368421053 0 nan nan 0 0
3.1578947368421053 3.6842105263157894 0 nan nan 0 0
3.1578947368421053 4.2105263157894735 0 nan nan 0 0
3.1578947368421053 4.7368421052631575 0 nan nan 0 0
3.1578947368421053 5.263157894736842 0 nan nan 0 0
3.1578947368421053 5.789473684210526 0 nan nan 0 0
3.1578947368421053 6.315789473684211 0 nan nan 0 0
3.1578947368421053 6.842105263157895 0 nan nan 0 0
3.1578947368421053 7.368421052631579 0 nan nan 0 0
3.1578947368421053 7.894736842105263 0 nan nan 0 0
3.1578947368421053 8.421052631578947 0 nan nan 0 0
3.1578947368421053 8.947368421052632 0 nan nan 0 0
3.1578947368421053 9.473684210526315 0 nan nan 0 0
4.7368421052631575 -9.473684210526315 0 nan nan 0 0
4.7368421052631575 -8.947368421052632 0 nan nan 0 0
4.7368421052631575 -8.421052631578947 0 nan nan 0 0
4.7368421052631575 -7.894736842105263 0 nan nan 0 0
4.7368421052631575 -7.368421052631579 0 nan nan 0 0
4.7368421052631575 -6.842105263157895 0 nan nan 0 0
4.7368421052631575 -6.315789473684211 0 nan nan 0 0
4.7368421052631575 -5.789473684210526 0 nan nan 0 0
4.7368421052631575 -5.263157894736842 0 nan nan 0 0
4.7368421052631575 -4.7368421052631575 0 nan nan 0 0
4.7368421052631575 -4.2105263157894735 0 nan nan 0 0
4.7368421052631575 -3.6842105263157894 0 nan nan 0 0
4.7368421052631575 -3.1578947368421053 0 nan nan 0 0
4.7368421052631575 -2.631578947368421 0 nan nan 0 0
4.7368421052631575 -2.1052631578947367 0 nan nan 0 0
4.7368421052631575 -1.5789473684210527 0 nan nan 0 0
4.7368421052631575 -1.0526315789473684 0 nan nan 0 0
4.7368421052631575 -0.5263157894736842 1 nan nan 0 0.4267449880618683
4.7368421052631575 -0.0 1 nan nan 0 0.4267449880618683
4.7368421052631575 0.0 1 nan nan 0 0.4267449880618683
4.7368421052631575 0.5263157894736842 1 nan nan 0 0.4267449880618683
4.7368421052631575 1.0526315789473684 1 nan nan 0 0.4267449880618683
4.7368421052631575 1.5789473684210527 0 nan nan 0 0
4.7368421052631575 2.1052631578947367 0 nan nan 0 0
4.7368421052631575 2.631578947368421 0 nan nan 0 0
4.7368421052631575 3.1578947368421053 0 nan nan 0 0
4.7368421052631575 3.6842105263157894 0 nan nan 0 0
4.7368421052631575 4.2105263157894735 0 nan nan 0 0
4.7368421052631575 4.7368421052631575 0 nan nan 0 0
4.7368421052631575 5.263157894736842 0 nan nan 0 0
4.7368421052631575 5.789473684210526 0 nan nan 0 0
4.7368421052631575 6.315789473684211 0 nan nan 0 0
4.7368421052631575 6.842105263157895 0 nan nan 0 0
4.7368421052631575 7.368421052631579 0 nan nan 0 0
4.7368421052631575 7.894736842105263 0 nan nan 0 0
4.7368421052631575 8.421052631578947 0 nan nan 0 0
4.7368421052631575 8.947368421052632 0 nan nan 0 0
4.7368421052631575 9.473684210526315 0 nan nan 0 0
6.315789473684211 -9.473684210526315 0 nan nan 0 0
6.315789473684211 -8.947368421052632 0 nan nan 0 0
6.315789473684211 -8.421052631578947 0 nan nan 0 0
6.315789473684211 -7.894736842105263 0 nan nan 0 0
6.315789473684211 -7.368421052631579 0 nan nan 0 0
6.315789473684211 -6.842105263157895 0 nan nan 0 0
6.315789473684211 -6.315789473684211 0 nan nan 0 0
6.315789473684211 -5.789473684210526 0 nan nan 0 0
6.315789473684211 -5.263157894736842 0 nan nan 0 0
6.315789473684211 -4.7368421052631575 0 nan nan 0 0
6.315789473684211 -4.2105263157894735 0 nan nan 0 0
6.315789473684211 -3.6842105263157894 0 nan nan 0 0
6.315789473684211 -3.1578947368421053 0 nan nan 0 0
6.315789473684211 -2.631578947368421 0 nan nan 0 0
6.315789473684211 -2.1052631578947367 0 nan nan 0 0
6.315789473684211 -1.5789473684210527 0 nan nan 0 0
6.315789473684211 -1.0526315789473684 0 nan nan 0 0
6.315789473684211 -0.5263157894736842 0 nan nan 0 0
6.315789473684211 -0.0 0 nan nan 0 0
6.315789473684211 0.0 0 nan nan 0 0
6.315789473684211 0.5263157894736842 1 nan nan 0 0.3858260572762018
6.315789473684211 1.0526315789473684 1 nan nan 0 0.3858260572762018
6.315789473684211 1.5789473684210527 1 nan nan 0 0.3858260572762018
6.315789473684211 2.1052631578947367 0 nan nan 0 0
6.315789473684211 2.631578947368421 0 nan nan 0 0
6.315789473684211 3.1578947368421053 0 nan nan 0 0
6.315789473684211 3.6842105263157894 0 nan nan 0 0
6.315789473684211 4.2105263157894735 0 nan nan 0 0
6.315789473684211 4.7368421052631575 0 nan nan 0 0
6.315789473684211 5.263157894736842 0 nan nan 0 0
6.315789473684211 5.789473684210526 0 nan nan 0 0
6.315789473684211 6.315789473684211 0 nan nan 0 0
6.315789473684211 6.842105263157895 0 nan nan 0 0
6.315789473684211 7.368421052631579 0 nan nan 0 0
6.315789473684211 7.894736842105263 0 nan nan 0 0
6.315789473684211 8.421052631578947 0 nan nan 0 0
6.315789473684211 8.947368421052632 0 nan nan 0 0
6.315789473684211 9.473684210526315 0 nan nan 0 0
7.894736842105264 -9.473684210526315 0 nan nan 0 0
7.894736842105264 -8.947368421052632 0 nan nan 0 0
7.894736842105264 -8.421052631578947 0 nan nan 0 0
7.894736842105264 -7.894736842105263 0 nan nan 0 0
7.894736842105264 -7.368421052631579 0 nan nan 0 0
7.894736842105264 -6.842105263157895 0 nan nan 0 0
7.894736842105264 -6.315789473684211 0 nan nan 0 0
7.894736842105264 -5.789473684210526 0 nan nan 0 0
7.894736842105264 -5.263157894736842 0 nan nan 0 0
7.894736842105264 -4.7368421052631575 0 nan nan 0 0
7.894736842105264 -4.2105263157894735 0 nan nan 0 0
7.894736842105264 -3.6842105263157894 0 nan nan 0 0
7.894736842105264 -3.1578947368421053 0 nan nan 0 0
7.894736842105264 -2.631578947368421 0 nan nan 0 0
7.894736842105264 -2.1052631578947367 0 nan nan 0 0
7.894736842105264 -1.5789473684210527 0 nan nan 0 0
7.894736842105264 -1.0526315789473684 0 nan nan 0 0
7.894736842105264 -0.5263157894736842 0 nan nan 0 0
7.894736842105264 -0.0 0 nan nan 0 0
7.894736842105264 0.0 0 nan nan 0 0
7.894736842105264 0.5263157894736842 0 nan nan 0 0
7.894736842105264 1.0526315789473684 0 nan nan 0 0
7.894736842105264 1.5789473684210527 1 nan nan 0 -0.44036275509861167
7.894736842105264 2.1052631578947367 1 nan nan 0 -0.44036275509861167
7.894736842105264 2.631578947368421 1 nan nan 0 -0.44036275509861167
7.894736842105264 3.1578947368421053 0 nan nan 0 0
7.894736842105264 3.6842105263157894 0 nan nan 0 0
7.894736842105264 4.2105263157894735 0 nan nan 0 0
7.894736842105264 4.7368421052631575 0 nan nan 0 0
7.894736842105264 5.263157894736842 0 nan nan 0 0
7.894736842105264 5.789473684210526 0 nan nan 0 0
7.894736842105264 6.315789473684211 0 nan nan 0 0
7.894736842105264 6.842105263157895 0 nan nan 0 0
7.894736842105264 7.368421052631579 0 nan nan 0 0
7.894736842105264 7.894736842105263 0 nan nan 0 0
7.894736842105264 8.421052631578947 0 nan nan 0 0
7.894736842105264 8.947368421052632 0 nan nan 0 0
7.894736842105264 9.473684210526315 0 nan nan 0 0
9.473684210526315 -9.473684210526315 0 nan nan 0 0
9.473684210526315 -8.947368421052632 0 nan nan 0 0
9.473684210526315 -8.421052631578947 0 nan nan 0 0
9.473684210526315 -7.894736842105263 0 nan nan 0 0
9.473684210526315 -7.368421052631579 0 nan nan 0 0
9.473684210526315 -6.842105263157895 0 nan nan 0 0
9.473684210526315 -6.315789473684211 0 nan nan 0 0
9.473684210526315 -5.789473684210526 0 nan nan 0 0
9.473684210526315 -5.263157894736842 0 nan nan 0 0
9.473684210526315 -4.7368421052631575 0 nan nan 0 0
9.473684210526315 -4.2105263157894735 0 nan nan 0 0
9.473684210526315 -3.6842105263157894 0 nan nan 0 0
9.473684210526315 -3.1578947368421053 0 nan nan 0 0
9.473684210526315 -2.631578947368421 0 nan nan 0 0
9.473684210526315 -2.1052631578947367 0 nan nan 0 0
9.473684210526315 -1.5789473684210527 0 nan nan 0 0
9.473684210526315 -1.0526315789473684 0 nan nan 0 0
9.473684210526315 -0.5263157894736842 0 nan nan 0 0
9.473684210526315 -0.0 0 nan nan 0 0
9.473684210526315 0.0 0 nan nan 0 0
9.473684210526315 0.5263157894736842 0 nan nan 0 0
9.473684210526315 1.0526315789473684 0 nan nan 0 0
9.473684210526315 1.5789473684210527 0 nan nan 0 0
9.473684210526315 2.1052631578947367 0 nan nan 0 0
9.473684210526315 2.631578947368421 1 nan nan 0 -2.3556575997632208
9.473684210526315 3.1578947368421053 1 nan nan 0 -2.3556575997632208
9.473684210526315 3.6842105263157894 1 nan nan 0 -2.3556575997632208
9.473684210526315 4.2105263157894735 0 nan nan 0 0
9.473684210526315 4.7368421052631575 0 nan nan 0 0
9.473684210526315 5.263157894736842 0 nan nan 0 0
9.473684210526315 5.789473684210526 0 nan nan 0 0
9.473684210526315 6.315789473684211 0 nan nan 0 0
9.473684210526315 6.842105263157895 0 nan nan 0 0
9.473684210526315 7.368421052631579 0 nan nan 0 0
9.473684210526315 7.894736842105263 0 nan nan 0 0
9.473684210526315 8.421052631578947 0 nan nan 0 0
9.473684210526315 8.947368421052632 0 nan nan 0 0
9.473684210526315 9.473684210526315 0 nan nan 0 0
11.052631578947368 -9.473684210526315 0 nan nan 0 0
11.052631578947368 -8.947368421052632 0 nan nan 0 0
11.052631578947368 -8.421052631578947 0 nan nan 0 0
11.052631578947368 -7.894736842105263 0 nan nan 0 0
11.052631578947368 -7.368421052631579 0 nan nan 0 0
11.052631578947368 -6.842105263157895 0 nan nan 0 0
11.052631578947368 -6.315789473684211 0 nan nan 0 0
11.052631578947368 -5.789473684210526 0 nan nan 0 0
11.052631578947368 -5.263157894736842 0 nan nan 0 0
11.052631578947368 -4.7368421052631575 0 nan nan 0 0
11.052631578947368 -4.2105263157894735 0 nan nan 0 0
11.052631578947368 -3.6842105263157894 0 nan nan 0 0
11.052631578947368 -3.1578947368421053 0 nan nan 0 0
11.052631578947368 -2.631578947368421 0 nan nan 0 0
11.052631578947368 -2.1052631578947367 0 nan nan 0 0
11.052631578947368 -1.5789473684210527 0 nan nan 0 0
11.052631578947368 -1.0526315789473684 0 nan nan 0 0
11.052631578947368 -0.5263157894736842 0 nan nan 0 0
11.052631578947368 -0.0 0 nan nan 0 0
11.052631578947368 0.0 0 nan nan 0 0
11.052631578947368 0.5263157894736842 0 nan nan 0 0
11.052631578947368 1.0526315789473684 0 nan nan 0 0
11.052631578947368 1.5789473684210527 0 nan nan 0 0
11.052631578947368 2.1052631578947367 0 nan nan 0 0
11.052631578947368 2.631578947368421 0 nan nan 0 0
11.052631578947368 3.1578947368421053 1 nan nan 0 -5.3965963140327755
11.052631578947368 3.6842105263157894 1 nan nan 0 -5.3965963140327755
11.052631578947368 4.2105263157894735 1 nan nan 0 -5.3965963140327755
11.052631578947368 4.7368421052631575 0 nan nan 0 0
11.052631578947368 5.263157894736842 0 nan nan 0 0
11.052631578947368 5.789473684210526 0 nan nan 0 0
11.052631578947368 6.315789473684211 0 nan nan 0 0
11.052631578947368 6.842105263157895 0 nan nan 0 0
11.052631578947368 7.368421052631579 0 nan nan 0 0
11.052631578947368 7.894736842105263 0 nan nan 0 0
11.052631578947368 8.421052631578947 0 nan nan 0 0
11.052631578947368 8.947368421052632 0 nan nan 0 0
11.052631578947368 9.473684210526315 0 nan nan 0 0
12.631578947368421 -9.473684210526315 0 nan nan 0 0
12.631578947368421 -8.947368421052632 0 nan nan 0 0
12.631578947368421 -8.421052631578947 0 nan nan 0 0
12.631578947368421 -7.894736842105263 0 nan nan 0 0
12.631578947368421 -7.368421052631579 0 nan nan 0 0
12.631578947368421 -6.842105263157895 0 nan nan 0 0
12.631578947368421 -6.315789473684211 0 nan nan 0 0
12.631578947368421 -5.789473684210526 0 nan nan 0 0
12.631578947368421 -5.263157894736842 0 nan nan 0 0
12.631578947368421 -4.7368421052631575 0 nan nan 0 0
12.631578947368421 -4.2105263157894735 0 nan nan 0 0
12.631578947368421 -3.6842105263157894 0 nan nan 0 0
12.631578947368421 -3.1578947368421053 0 nan nan 0 0
12.631578947368421 -2.631578947368421 0 nan nan 0 0
12.631578947368421 -2.1052631578947367 0 nan nan 0 0
12.631578947368421 -1.5789473684210527 0 nan nan 0 0
12.631578947368421 -1.0526315789473684 0 nan nan 0 0
12.631578947368421 -0.5263157894736842 0 nan nan 0 0
12.631578947368421 -0.0 0 nan nan 0 0
12.631578947368421 0.0 0 nan nan 0 0
12.631578947368421 0.5263157894736842 0 nan nan 0 0
12.631578947368421 1.0526315789473684 0 nan nan 0 0
12.631578947368421 1.5789473684210527 0 nan nan 0 0
12.631578947368421 2.1052631578947367 0 nan nan 0 0
12.631578947368421 2.631578947368421 1 nan nan 0 -9.246869935767005
12.631578947368421 3.1578947368421053 1 nan nan 0 -9.246869935767005
12.631578947368421 3.6842105263157894 0 nan nan 0 0
12.631578947368421 4.2105263157894735 0 nan nan 0 0
12.631578947368421 4.7368421052631575 0 nan nan 0 0
12.631578947368421 5.263157894736842 0 nan nan 0 0
12.631578947368421 5.789473684210526 0 nan nan 0 0
12.631578947368421 6.315789473684211 0 nan nan 0 0
12.631578947368421 6.842105263157895 0 nan nan 0 0
12.631578947368421 7.368421052631579 0 nan nan 0 0
12.631578947368421 7.894736842105263 0 nan nan 0 0
12.631578947368421 8.421052631578947 0 nan nan 0 0
12.631578947368421 8.947368421052632 0 nan nan 0 0
12.631578947368421 9.473684210526315 0 nan nan 0 0
14.210526315789474 -9.473684210526315 0 nan nan 0 0
14.210526315789474 -8.947368421052632 0 nan nan 0 0
14.210526315789474 -8.421052631578947 0 nan nan 0 0
14.210526315789474 -7.894736842105263 0 nan nan 0 0
14.210526315789474 -7.368421052631579 0 nan nan 0 0
14.210526315789474 -6.842105263157895 0 nan nan 0 0
14.210526315789474 -6.315789473684211 0 nan nan 0 0
14.210526315789474 -5.789473684210526 0 nan nan 0 0
14.210526315789474 -5.263157894736842 0 nan nan 0 0
14.210526315789474 -4.7368421052631575 0 nan nan 0 0
14.210526315789474 -4.2105263157894735 0 nan nan 0 0
14.210526315789474 -3.6842105263157894 0 nan nan 0 0
14.210526315789474 -3.1578947368421053 0 nan nan 0 0
14.210526315789474 -2.631578947368421 0 nan nan 0 0
14.210526315789474 -2.1052631578947367 0 nan nan 0 0
14.210526315789474 -1.5789473684210527 0 nan nan 0 0
14.210526315789474 -1.0526315789473684 0 nan nan 0 0
14.210526315789474 -0.5263157894736842 0 nan nan 0 0
14.210526315789474 -0.0 0 nan nan 0 0
14.210526315789474 0.0 0 nan nan 0 0
14.210526315789474 0.5263157894736842 0 nan nan 0 0
14.210526315789474 1.0526315789473684 0 nan nan 0 0
14.210526315789474 1.5789473684210527 0 nan nan 0 0
14.210526315789474 2.1052631578947367 0 nan nan 0 0
14.210526315789474 2.631578947368421 0 nan nan 0 0
14.210526315789474 3.1578947368421053 0 nan nan 0 0
14.210526315789474 3.6842105263157894 0 nan nan 0 0
14.210526315789474 4.2105263157894735 0 nan nan 0 0
14.210526315789474 4.7368421052631575 0 nan nan 0 0
14.210526315789474 5.263157894736842 0 nan nan 0 0
14.210526315789474 5.789473684210526 0 nan nan 0 0
14.210526315789474 6.315789473684211 0 nan nan 0 0
14.210526315789474 6.842105263157895 0 nan nan 0 0
14.210526315789474 7.368421052631579 0 nan nan 0 0
14.210526315789474 7.894736842105263 0 nan nan 0 0
14.210526315789474 8.421052631578947 0 nan nan 0 0
14.210526315789474 8.947368421052632 0 nan nan 0 0
14.210526315789474 9.473684210526315 0 nan nan 0 0
15.789473684210527 -9.473684210526315 0 nan nan 0 0
15.789473684210527 -8.947368421052632 0 nan nan 0 0
15.789473684210527 -8.421052631578947 0 nan nan 0 0
15.789473684210527 -7.894736842105263 0 nan nan 0 0
15.789473684210527 -7.368421052631579 0 nan nan 0 0
15.789473684210527 -6.842105263157895 0 nan nan 0 0
15.789473684210527 -6.315789473684211 0 nan nan 0 0
15.789473684210527 -5.789473684210526 0 nan nan 0 0
15.789473684210527 -5.263157894736842 0 nan nan 0 0
15.789473684210527 -4.7368421052631575 0 nan nan 0 0
15.789473684210527 -4.2105263157894735 0 nan nan 0 0
15.789473684210527 -3.6842105263157894 0 nan nan 0 0
15.789473684210527 -3.1578947368421053 0 nan nan 0 0
15.789473684210527 -2.631578947368421 0 nan nan 0 0
15.789473684210527 -2.1052631578947367 0 nan nan 0 0
15.789473684210527 -1.5789473684210527 0 nan nan 0 0
15.789473684210527 -1.0526315789473684 0 nan nan 0 0
15.789473684210527 -0.5263157894736842 0 nan nan 0 0
15.789473684210527 -0.0 0 nan nan 0 0
15.789473684210527 0.0 0 nan nan 0 0
15.789473684210527 0.5263157894736842 0 nan nan 0 0
15.789473684210527 1.0526315789473684 0 nan nan 0 0
15.789473684210527 1.5789473684210527 0 nan nan 0 0
15.789473684210527 2.1052631578947367 0 nan nan 0 0
15.789473684210527 2.631578947368421 0 nan nan 0 0
15.789473684210527 3.1578947368421053 0 nan nan 0 0
15.789473684210527 3.6842105263157894 0 nan nan 0 0
15.789473684210527 4.2105263157894735 0 nan nan 0 0
15.789473684210527 4.7368421052631575 0 nan nan 0 0
15.789473684210527 5.263157894736842 0 nan nan 0 0
15.789473684210527 5.789473684210526 0 nan nan 0 0
15.789473684210527 6.315789473684211 0 nan nan 0 0
15.789473684210527 6.842105263157895 0 nan nan 0 0
15.789473684210527 7.368421052631579 0 nan nan 0 0
15.789473684210527 7.894736842105263 0 nan nan 0 0
15.789473684210527 8.421052631578947 0 nan nan 0 0
15.789473684210527 8.947368421052632 0 nan nan 0 0
15.789473684210527 9.473684210526315 0 nan nan 0 0
17.36842105263158 -9.473684210526315 0 nan nan 0 0
17.36842105263158 -8.947368421052632 0 nan nan 0 0
17.36842105263158 -8.421052631578947 0 nan nan 0 0
17.36842105263158 -7.894736842105263 0 nan nan 0 0
17.36842105263158 -7.368421052631579 0 nan nan 0 0
17.36842105263158 -6.842105263157895 0 nan nan 0 0
17.36842105263158 -6.315789473684211 0 nan nan 0 0
17.36842105263158 -5.789473684210526 0 nan nan 0 0
17.36842105263158 -5.263157894736842 0 nan nan 0 0
17.36842105263158 -4.7368421052631575 0 nan nan 0 0
17.36842105263158 -4.2105263157894735 0 nan nan 0 0
17.36842105263158 -3.6842105263157894 0 nan nan 0 0
17.36842105263158 -3.1578947368421053 0 nan nan 0 0
17.36842105263158 -2.631578947368421 0 nan nan 0 0
17.36842105263158 -2.1052631578947367 0 nan nan 0 0
17.36842105263158 -1.5789473684210527 0 nan nan 0 0
17.36842105263158 -1.0526315789473684 0 nan nan 0 0
17.36842105263158 -0.5263157894736842 0 nan nan 0 0
17.36842105263158 -0.0 0 nan nan 0 0
17.36842105263158 0.0 0 nan nan 0 0
17.36842105263158 0.5263157894736842 0 nan nan 0 0
17.36842105263158 1.0526315789473684 0 nan nan 0 0
17.36842105263158 1.5789473684210527 0 nan nan 0 0
17.36842105263158 2.1052631578947367 0 nan nan 0 0
17.36842105263158 2.631578947368421 0 nan nan 0 0
17.36842105263158 3.1578947368421053 0 nan nan 0 0
17.36842105263158 3.6842105263157894 0 nan nan 0 0
17.36842105263158 4.2105263157894735 0 nan nan 0 0
17.36842105263158 4.7368421052631575 0 nan nan 0 0
17.36842105263158 5.263157894736842 0 nan nan 0 0
17.36842105263158 5.789473684210526 0 nan nan 0 0
17.36842105263158 6.315789473684211 0 nan nan 0 0
17.36842105263158 6.842105263157895 0 nan nan 0 0
17.36842105263158 7.368421052631579 0 nan nan 0 0
17.36842105263158 7.894736842105263 0 nan nan 0 0
17.36842105263158 8.421052631578947 0 nan nan 0 0
17.36842105263158 8.947368421052632 0 nan nan 0 0
17.36842105263158 9.473684210526315 0 nan nan 0 0
18.94736842105263 -9.473684210526315 0 nan nan 0 0
18.94736842105263 -8.947368421052632 0 nan nan 0 0
18.94736842105263 -8.421052631578947 0 nan nan 0 0
18.94736842105263 -7.894736842105263 0 nan nan 0 0
18.94736842105263 -7.368421052631579 0 nan nan 0 0
18.94736842105263 -6.842105263157895 0 nan nan 0 0
18.94736842105263 -6.315789473684211 0 nan nan 0 0
18.94736842105263 -5.789473684210526 0 nan nan 0 0
18.94736842105263 -5.263157894736842 0 nan nan 0 0
18.94736842105263 -4.7368421052631575 0 nan nan 0 0
18.94736842105263 -4.2105263157894735 0 nan nan 0 0
18.94736842105263 -3.6842105263157894 0 nan nan 0 0
18.94736842105263 -3.1578947368421053 0 nan nan 0 0
18.94736842105263 -2.631578947368421 0 nan nan 0 0
18.94736842105263 -2.1052631578947367 0 nan nan 0 0
18.94736842105263 -1.5789473684210527 0 nan nan 0 0
18.94736842105263 -1.0526315789473684 0 nan nan 0 0
18.94736842105263 -0.5263157894736842 0 nan nan 0 0
18.94736842105263 -0.0 0 nan nan 0 0
18.94736842105263 0.0 0 nan nan 0 0
18.94736842105263 0.5263157894736842 0 nan nan 0 0
18.94736842105263 1.0526315789473684 0 nan nan 0 0
18.94736842105263 1.5789473684210527 0 nan nan 0 0
18.94736842105263 2.1052631578947367 0 nan nan 0 0
18.94736842105263 2.631578947368421 0 nan nan 0 0
18.94736842105263 3.1578947368421053 0 nan nan 0 0
18.94736842105263 3.6842105263157894 0 nan nan 0 0
18.94736842105263 4.2105263157894735 0 nan nan 0 0
18.94736842105263 4.7368421052631575 0 nan nan 0 0
18.94736842105263 5.263157894736842 0 nan nan 0 0
18.94736842105263 5.789473684210526 0 nan nan 0 0
18.94736842105263 6.315789473684211 0 nan nan 0 0
18.94736842105263 6.842105263157895 0 nan nan 0 0
18.94736842105263 7.368421052631579 0 nan nan 0 0
18.94736842105263 7.894736842105263 0 nan nan 0 0
18.94736842105263 8.421052631578947 0 nan nan 0 0
18.94736842105263 8.947368421052632 0 nan nan 0 0
18.94736842105263 9.473684210526315 0 nan nan 0 0
20.526315789473685 -9.473684210526315 0 nan nan 0 0
20.526315789473685 -8.947368421052632 0 nan nan 0 0
20.526315789473685 -8.421052631578947 0 nan nan 0 0
20.526315789473685 -7.894736842105263 0 nan nan 0 0
20.526315789473685 -7.368421052631579 0 nan nan 0 0
20.526315789473685 -6.842105263157895 0 nan nan 0 0
20.526315789473685 -6.315789473684211 0 nan nan 0 0
20.526315789473685 -5.789473684210526 0 nan nan 0 0
20.526315789473685 -5.263157894736842 0 nan nan 0 0
20.526315789473685 -4.7368421052631575 0 nan nan 0 0
20.526315789473685 -4.2105263157894735 0 nan nan 0 0
20.526315789473685 -3.6842105263157894 0 nan nan 0 0
20.526315789473685 -3.1578947368421053 0 nan nan 0 0
20.526315789473685 -2.631578947368421 0 nan nan 0 0
20.526315789473685 -2.1052631578947367 0 nan nan 0 0
20.526315789473685 -1.5789473684210527 0 nan nan 0 0
20.526315789473685 -1.0526315789473684 0 nan nan 0 0
20.526315789473685 -0.5263157894736842 0 nan nan 0 0
20.526315789473685 -0.0 0 nan nan 0 0
20.526315789473685 0.0 0 nan nan 0 0
20.526315789473685 0.5263157894736842 0 nan nan 0 0
20.526315789473685 1.0526315789473684 0 nan nan 0 0
20.526315789473685 1.5789473684210527 0 nan nan 0 0
20.526315789473685 2.1052631578947367 0 nan nan 0 0
20.526315789473685 2.631578947368421 0 nan nan 0 0
20.526315789473685 3.1578947368421053 0 nan nan 0 0
20.526315789473685 3.6842105263157894 0 nan nan 0 0
20.526315789473685 4.2105263157894735 0 nan nan 0 0
20.526315789473685 4.7368421052631575 0 nan nan 0 0
20.526315789473685 5.263157894736842 0 nan nan 0 0
20.526315789473685 5.789473684210526 0 nan nan 0 0
20.526315789473685 6.315789473684211 0 nan nan 0 0
20.526315789473685 6.842105263157895 0 nan nan 0 0
20.526315789473685 7.368421052631579 0 nan nan 0 0
20.526315789473685 7.894736842105263 0 nan nan 0 0
20.526315789473685 8.421052631578947 0 nan nan 0 0
20.526315789473685 8.947368421052632 0 nan nan 0 0
20.526315789473685 9.473684210526315 0 nan nan 0 0
22.105263157894736 -9.473684210526315 0 nan nan 0 0
22.105263157894736 -8.947368421052632 0 nan nan 0 0
22.105263157894736 -8.421052631578947 0 nan nan 0 0
22.105263157894736 -7.894736842105263 0 nan nan 0 0
22.105263157894736 -7.368421052631579 0 nan nan 0 0
22.105263157894736 -6.842105263157895 0 nan nan 0 0
22.105263157894736 -6.315789473684211 0 nan nan 0 0
22.105263157894736 -5.789473684210526 0 nan nan 0 0
22.105263157894736 -5.263157894736842 0 nan nan 0 0
22.105263157894736 -4.7368421052631575 0 nan nan 0 0
22.105263157894736 -4.2105263157894735 0 nan nan 0 0
22.105263157894736 -3.6842105263157894 0 nan nan 0 0
22.105263157894736 -3.1578947368421053 0 nan nan 0 0
22.105263157894736 -2.631578947368421 0 nan nan 0 0
22.105263157894736 -2.1052631578947367 0 nan nan 0 0
22.105263157894736 -1.5789473684210527 0 nan nan 0 0
22.105263157894736 -1.0526315789473684 0 nan nan 0 0
22.105263157894736 -0.5263157894736842 0 nan nan 0 0
22.105263157894736 -0.0 0 nan nan 0 0
22.105263157894736 0.0 0 nan nan 0 0
22.105263157894736 0.5263157894736842 0 nan nan 0 0
22.105263157894736 1.0526315789473684 0 nan nan 0 0
22.105263157894736 1.5789473684210527 0 nan nan 0 0
22.105263157894736 2.1052631578947367 0 nan nan 0 0
22.105263157894736 2.631578947368421 0 nan nan 0 0
22.105263157894736 3.1578947368421053 0 nan nan 0 0
22.105263157894736 3.6842105263157894 0 nan nan 0 0
22.105263157894736 4.2105263157894735 0 nan nan 0 0
22.105263157894736 4.7368421052631575 0 nan nan 0 0
22.105263157894736 5.263157894736842 0 nan nan 0 0
22.105263157894736 5.789473684210526 0 nan nan 0 0
22.105263157894736 6.315789473684211 0 nan nan 0 0
22.105263157894736 6.842105263157895 0 nan nan 0 0
22.105263157894736 7.368421052631579 0 nan nan 0 0
22.105263157894736 7.894736842105263 0 nan nan 0 0
22.105263157894736 8.421052631578947 0 nan nan 0 0
22.105263157894736 8.947368421052632 0 nan nan 0 0
22.105263157894736 9.473684210526315 0 nan nan 0 0
23.68421052631579 -9.473684210526315 0 nan nan 0 0
23.68421052631579 -8.947368421052632 0 nan nan 0 0
23.68421052631579 -8.421052631578947 0 nan nan 0 0
23.68421052631579 -7.894736842105263 0 nan nan 0 0
23.68421052631579 -7.368421052631579 0 nan nan 0 0
23.68421052631579 -6.842105263157895 0 nan nan 0 0
23.68421052631579 -6.315789473684211 0 nan nan 0 0
23.68421052631579 -5.789473684210526 0 nan nan 0 0
23.68421052631579 -5.263157894736842 0 nan nan 0 0
23.68421052631579 -4.7368421052631575 0 nan nan 0 0
23.68421052631579 -4.2105263157894735 0 nan nan 0 0
23.68421052631579 -3.6842105263157894 0 nan nan 0 0
23.68421052631579 -3.1578947368421053 0 nan nan 0 0
23.68421052631579 -2.631578947368421 0 nan nan 0 0
23.68421052631579 -2.1052631578947367 0 nan nan 0 0
23.68421052631579 -1.5789473684210527 0 nan nan 0 0
23.68421052631579 -1.0526315789473684 0 nan nan 0 0
23.68421052631579 -0.5263157894736842 0 nan nan 0 0
23.68421052631579 -0.0 0 nan nan 0 0
23.68421052631579 0.0 0 nan nan 0 0
23.68421052631579 0.5263157894736842 0 nan nan 0 0
23.68421052631579 1.0526315789473684 0 nan nan 0 0
23.68421052631579 1.5789473684210527 0 nan nan 0 0
23.68421052631579 2.1052631578947367 0 nan nan 0 0
23.68421052631579 2.631578947368421 0 nan nan 0 0
23.68421052631579 3.1578947368421053 0 nan nan 0 0
23.68421052631579 3.6842105263157894 0 nan nan 0 0
23.68421052631579 4.2105263157894735 0 nan nan 0 0
23.68421052631579 4.7368421052631575 0 nan nan 0 0
23.68421052631579 5.263157894736842 0 nan nan 0 0
23.68421052631579 5.789473684210526 0 nan nan 0 0
23.68421052631579 6.315789473684211 0 nan nan 0 0
23.68421052631579 6.842105263157895 0 nan nan 0 0
23.68421052631579 7.368421052631579 0 nan nan 0 0
23.68421052631579 7.894736842105263 0 nan nan 0 0
23.68421052631579 8.421052631578947 0 nan nan 0 0
23.68421052631579 8.947368421052632 0 nan nan 0 0
23.68421052631579 9.473684210526315 0 nan nan 0 0
25.263157894736842 -9.473684210526315 0 nan nan 0 0
25.263157894736842 -8.947368421052632 0 nan nan 0 0
25.263157894736842 -8.421052631578947 0 nan nan 0 0
25.263157894736842 -7.894736842105263 0 nan nan 0 0
25.263157894736842 -7.368421052631579 0 nan nan 0 0
25.263157894736842 -6.842105263157895 0 nan nan 0 0
25.263157894736842 -6.315789473684211 0 nan nan 0 0
25.263157894736842 -5.789473684210526 0 nan nan 0 0
25.263157894736842 -5.263157894736842 0 nan nan 0 0
25.263157894736842 -4.7368421052631575 0 nan nan 0 0
25.263157894736842 -4.2105263157894735 0 nan nan 0 0
25.263157894736842 -3.6842105263157894 0 nan nan 0 0
25.263157894736842 -3.1578947368421053 0 nan nan 0 0
25.263157894736842 -2.631578947368421 0 nan nan 0 0
25.263157894736842 -2.1052631578947367 0 nan nan 0 0
25.263157894736842 -1.5789473684210527 0 nan nan 0 0
25.263157894736842 -1.0526315789473684 0 nan nan 0 0
25.263157894736842 -0.5263157894736842 0 nan nan 0 0
25.263157894736842 -0.0 0 nan nan 0 0
25.263157894736842 0.0 0 nan nan 0 0
25.263157894736842 0.5263157894736842 0 nan nan 0 0
25.263157894736842 1.0526315789473684 0 nan nan 0 0
25.263157894736842 1.5789473684210527 0 nan nan 0 0
25.263157894736842 2.1052631578947367 0 nan nan 0 0
25.263157894736842 2.631578947368421 0 nan nan 0 0
25.263157894736842 3.1578947368421053 0 nan nan 0 0
25.263157894736842 3.6842105263157894 0 nan nan 0 0
25.263157894736842 4.2105263157894735 0 nan nan 0 0
25.263157894736842 4.7368421052631575 0 nan nan 0 0
25.263157894736842 5.263157894736842 0 nan nan 0 0
25.263157894736842 5.789473684210526 0 nan nan 0 0
25.263157894736842 6.315789473684211 0 nan nan 0 0
25.263157894736842 6.842105263157895 0 nan nan 0 0
25.263157894736842 7.368421052631579 0 nan nan 0 0
25.263157894736842 7.894736842105263 0 nan nan 0 0
25.263157894736842 8.421052631578947 0 nan nan 0 0
25.263157894736842 8.947368421052632 0 nan nan 0 0
25.263157894736842 9.473684210526315 0 nan nan 0 0
26.842105263157894 -9.473684210526315 0 nan nan 0 0
26.842105263157894 -8.947368421052632 0 nan nan 0 0
26.842105263157894 -8.421052631578947 0 nan nan 0 0
26.842105263157894 -7.894736842105263 0 nan nan 0 0
26.842105263157894 -7.368421052631579 0 nan nan 0 0
26.842105263157894 -6.842105263157895 0 nan nan 0 0
26.842105263157894 -6.315789473684211 0 nan nan 0 0
26.842105263157894 -5.789473684210526 0 nan nan 0 0
26.842105263157894 -5.263157894736842 0 nan nan 0 0
26.842105263157894 -4.7368421052631575 0 nan nan 0 0
26.842105263157894 -4.2105263157894735 0 nan nan 0 0
26.842105263157894 -3.6842105263157894 0 nan nan 0 0
26.842105263157894 -3.1578947368421053 0 nan nan 0 0
26.842105263157894 -2.631578947368421 0 nan nan 0 0
26.842105263157894 -2.1052631578947367 0 nan nan 0 0
26.842105263157894 -1.5789473684210527 0 nan nan 0 0
26.842105263157894 -1.0526315789473684 0 nan nan 0 0
26.842105263157894 -0.5263157894736842 0 nan nan 0 0
26.842105263157894 -0.0 0 nan nan 0 0
26.842105263157894 0.0 0 nan nan 0 0
26.842105263157894 0.5263157894736842 0 nan nan 0 0
26.842105263157894 1.0526315789473684 0 nan nan 0 0
26.842105263157894 1.5789473684210527 0 nan nan 0 0
26.842105263157894 2.1052631578947367 0 nan nan 0 0
26.842105263157894 2.631578947368421 0 nan nan 0 0
26.842105263157894 3.1578947368421053 0 nan nan 0 0
26.842105263157894 3.6842105263157894 0 nan nan 0 0
26.842105263157894 4.2105263157894735 0 nan nan 0 0
26.842105263157894 4.7368421052631575 0 nan nan 0 0
26.842105263157894 5.263157894736842 0 nan nan 0 0
26.842105263157894 5.789473684210526 0 nan nan 0 0
26.842105263157894 6.315789473684211 0 nan nan 0 0
26.842105263157894 6.842105263157895 0 nan nan 0 0
26.842105263157894 7.368421052631579 0 nan nan 0 0
26.842105263157894 7.894736842105263 0 nan nan 0 0
26.842105263157894 8.421052631578947 0 nan nan 0 0
26.842105263157894 8.947368421052632 0 nan nan 0 0
26.842105263157894 9.473684210526315 0 nan nan 0 0
28.42105263157895 -9.473684210526315 0 nan nan 0 0
28.42105263157895 -8.947368421052632 0 nan nan 0 0
28.42105263157895 -8.421052631578947 0 nan nan 0 0
28.42105263157895 -7.894736842105263 0 nan nan 0 0
28.42105263157895 -7.368421052631579 0 nan nan 0 0
28.42105263157895 -6.842105263157895 0 nan nan 0 0
28.42105263157895 -6.315789473684211 0 nan nan 0 0
28.42105263157895 -5.789473684210526 0 nan nan 0 0
28.42105263157895 -5.263157894736842 0 nan nan 0 0
28.42105263157895 -4.7368421052631575 0 nan nan 0 0
28.42105263157895 -4.2105263157894735 0 nan nan 0 0
28.42105263157895 -3.6842105263157894 0 nan nan 0 0
28.42105263157895 -3.1578947368421053 0 nan nan 0 0
28.42105263157895 -2.631578947368421 0 nan nan 0 0
28.42105263157895 -2.1052631578947367 0 nan nan 0 0
28.42105263157895 -1.5789473684210527 0 nan nan 0 0
28.42105263157895 -1.0526315789473684 0 nan nan 0 0
28.42105263157895 -0.5263157894736842 0 nan nan 0 0
28.42105263157895 -0.0 0 nan nan 0 0
28.42105263157895 0.0 0 nan nan 0 0
28.42105263157895 0.5263157894736842 0 nan nan 0 0
28.42105263157895 1.0526315789473684 0 nan nan 0 0
28.42105263157895 1.5789473684210527 0 nan nan 0 0
28.42105263157895 2.1052631578947367 0 nan nan 0 0
28.42105263157895 2.631578947368421 0 nan nan 0 0
28.42105263157895 3.1578947368421053 0 nan nan 0 0
28.42105263157895 3.6842105263157894 0 nan nan 0 0
28.42105263157895 4.2105263157894735 0 nan nan 0 0
28.42105263157895 4.7368421052631575 0 nan nan 0 0
28.42105263157895 5.263157894736842 0 nan nan 0 0
28.42105263157895 5.789473684210526 0 nan nan 0 0
28.42105263157895 6.315789473684211 0 nan nan 0 0
28.42105263157895 6.842105263157895 0 nan nan 0 0
28.42105263157895 7.368421052631579 0 nan nan 0 0
28.42105263157895 7.894736842105263 0 nan nan 0 0
28.42105263157895 8.421052631578947 0 nan nan 0 0
28.42105263157895 8.947368421052632 0 nan nan 0 0
28.42105263157895 9.473684210526315 0 nan nan 0 0
