-47.63076923076923 -22.25 0.0 28 7.899832974634941 0.0 0.0 
-47.63076923076923 -17.8 0.0 33 5.323866998693482 0.0 0.0 
-47.63076923076923 -13.350000000000001 0.0 34 5.385587923120225 0.0 0.0 
-47.63076923076923 -8.9 0.0 35 5.363144051838723 0.0 0.0 
-47.63076923076923 -4.45 0.0 35 5.474286075108903 0.0 0.0 
-47.63076923076923 -0.0 0.0 35 5.410488632000373 0.0 0.0 
-47.63076923076923 0.0 0.0 35 5.211842337386363 0.0 0.0 
-47.63076923076923 4.45 0.0 34 4.910541157699865 0.0 0.0 
-47.63076923076923 8.9 0.0 34 4.299103027708085 0.0 0.0 
-47.63076923076923 13.350000000000001 0.0 33 3.09519260210842 0.0 0.0 
-47.63076923076923 17.8 0.0 31 0.9583366039249459 0.0 0.0 
-47.63076923076923 22.25 0.0 27 -4.379801383031872 0.0 0.0 
-43.66153846153846 -22.25 0.0 15 -6.290129862417693 0.0 0.0 
-43.66153846153846 -17.8 0.0 17 -4.7906117491235305 0.0 0.0 
-43.66153846153846 -13.350000000000001 0.0 17 -5.149165496121288 0.0 0.0 
-43.66153846153846 -8.9 0.0 17 -4.683002062265345 0.0 0.0 
-43.66153846153846 -4.45 0.0 17 -4.422716506007655 0.0 0.0 
-43.66153846153846 -0.0 0.0 18 -4.380580297947999 0.0 0.0 
-43.66153846153846 0.0 0.0 18 -4.101660494483155 0.0 0.0 
-43.66153846153846 4.45 0.0 17 -3.766858426754637 0.0 0.0 
-43.66153846153846 8.9 0.0 18 -3.7528101105182765 0.0 0.0 
-43.66153846153846 13.350000000000001 0.0 18 -3.781000857366789 0.0 0.0 
-43.66153846153846 17.8 0.0 18 -3.9444193588965506 0.0 0.0 
-43.66153846153846 22.25 0.0 15 -4.384340655666155 0.0 0.0 
-39.69230769230769 -22.25 0.0 24 -3.5707776845817847 0.0 0.0 
-39.69230769230769 -17.8 0.0 25 -1.7296551118878583 0.0 0.0 
-39.69230769230769 -13.350000000000001 0.0 24 -1.9756550996579438 0.0 0.0 
-39.69230769230769 -8.9 0.0 25 -1.5001955838773737 0.0 0.0 
-39.69230769230769 -4.45 0.0 26 -1.6026266926516337 0.0 0.0 
-39.69230769230769 -0.0 0.0 25 -1.2678358133077758 0.0 0.0 
-39.69230769230769 0.0 0.0 25 -0.9487825891333658 0.0 0.0 
-39.69230769230769 4.45 0.0 25 -0.9004706213345095 0.0 0.0 
-39.69230769230769 8.9 0.0 25 -1.097767263962718 0.0 0.0 
-39.69230769230769 13.350000000000001 0.0 24 -0.9898038733935925 0.0 0.0 
-39.69230769230769 17.8 0.0 24 -1.6955580417500835 0.0 0.0 
-39.69230769230769 22.25 0.0 21 -2.350336673627474 0.0 0.0 
-35.723076923076924 -22.25 0.0 23 -5.870271992339381 0.0 0.0 
-35.723076923076924 -17.8 0.0 23 -2.9952674717322365 0.0 0.0 
-35.723076923076924 -13.350000000000001 0.0 22 -3.4649148061895914 0.0 0.0 
-35.723076923076924 -8.9 0.0 22 -3.218235975701597 0.0 0.0 
-35.723076923076924 -4.45 0.0 22 -3.0873793696094283 0.0 0.0 
-35.723076923076924 -0.0 0.0 22 -2.7425210661899 0.0 0.0 
-35.723076923076924 0.0 0.0 22 -2.493112022324534 0.0 0.0 
-35.723076923076924 4.45 0.0 23 -2.2674531395807827 0.0 0.0 
-35.723076923076924 8.9 0.0 22 -1.862765567440885 0.0 0.0 
-35.723076923076924 13.350000000000001 0.0 22 -1.5036713407200364 0.0 0.0 
-35.723076923076924 17.8 0.0 22 -2.083782986251039 0.0 0.0 
-35.723076923076924 22.25 0.0 20 -1.6090539157128196 0.0 0.0 
-31.753846153846155 -22.25 0.0 25 -5.951232521645924 0.0 0.0 
-31.753846153846155 -17.8 0.0 23 -2.6455718966789865 0.0 0.0 
-31.753846153846155 -13.350000000000001 0.0 23 -3.4031501848145966 0.0 0.0 
-31.753846153846155 -8.9 0.0 24 -3.198807091158004 0.0 0.0 
-31.753846153846155 -4.45 0.0 23 -2.971292139716802 0.0 0.0 
-31.753846153846155 -0.0 0.0 23 -2.740580918642395 0.0 0.0 
-31.753846153846155 0.0 0.0 23 -2.2497900622027647 0.0 0.0 
-31.753846153846155 4.45 0.0 23 -1.7472751450246962 0.0 0.0 
-31.753846153846155 8.9 0.0 24 -1.3972684270310236 0.0 0.0 
-31.753846153846155 13.350000000000001 0.0 23 -0.9996839106397821 0.0 0.0 
-31.753846153846155 17.8 0.0 22 -1.6905705386745402 0.0 0.0 
-31.753846153846155 22.25 0.0 21 -0.86826393149731 0.0 0.0 
-27.784615384615385 -22.25 0.0 26 -6.609629136432831 0.0 0.0 
-27.784615384615385 -17.8 0.0 24 -3.0641871868965858 0.0 0.0 
-27.784615384615385 -13.350000000000001 0.0 23 -3.7499395206391193 0.0 0.0 
-27.784615384615385 -8.9 0.0 23 -3.2899815507970773 0.0 0.0 
-27.784615384615385 -4.45 0.0 23 -3.281938328889544 0.0 0.0 
-27.784615384615385 -0.0 0.0 22 -2.9137677028414948 0.0 0.0 
-27.784615384615385 0.0 0.0 22 -2.2732284618205973 0.0 0.0 
-27.784615384615385 4.45 0.0 22 -1.5544993892988395 0.0 0.0 
-27.784615384615385 8.9 0.0 22 -1.1492650589666806 0.0 0.0 
-27.784615384615385 13.350000000000001 0.0 23 -0.7954126223194475 0.0 0.0 
-27.784615384615385 17.8 0.0 22 -1.7132073288970795 0.0 0.0 
-27.784615384615385 22.25 0.0 21 -0.27336534541708046 0.0 0.0 
-23.815384615384616 -22.25 0.0 26 -6.7795432412413925 0.0 0.0 
-23.815384615384616 -17.8 0.0 24 -2.874043347446028 0.0 0.0 
-23.815384615384616 -13.350000000000001 0.0 24 -3.511796796104967 0.0 0.0 
-23.815384615384616 -8.9 0.0 24 -3.4214236870740993 0.0 0.0 
-23.815384615384616 -4.45 0.0 23 -3.5151794843920485 0.0 0.0 
-23.815384615384616 -0.0 0.0 21 -3.62005261936567 0.0 0.0 
-23.815384615384616 0.0 0.0 21 -2.706777975883116 0.0 0.0 
-23.815384615384616 4.45 0.0 23 -1.4927663601051442 0.0 0.0 
-23.815384615384616 8.9 0.0 23 -1.2257348360211953 0.0 0.0 
-23.815384615384616 13.350000000000001 0.0 23 -0.7837083812249503 0.0 0.0 
-23.815384615384616 17.8 0.0 22 -1.587229310149506 0.0 0.0 
-23.815384615384616 22.25 0.0 21 0.24317110077812276 0.0 0.0 
-19.846153846153847 -22.25 0.0 26 -6.769500463820614 0.0 0.0 
-19.846153846153847 -17.8 0.0 24 -2.7561580369434986 0.0 0.0 
-19.846153846153847 -13.350000000000001 0.0 25 -3.695479760723806 0.0 0.0 
-19.846153846153847 -8.9 0.0 24 -3.4206526900830636 0.0 0.0 
-19.846153846153847 -4.45 0.0 23 -3.8025254759654006 0.0 0.0 
-19.846153846153847 -0.0 0.0 21 -3.8903951364493703 0.0 0.0 
-19.846153846153847 0.0 0.0 21 -1.9187720655674523 0.0 0.0 
-19.846153846153847 4.45 0.0 23 -0.7981989006706248 0.0 0.0 
-19.846153846153847 8.9 0.0 23 -0.9604915919863386 0.0 0.0 
-19.846153846153847 13.350000000000001 0.0 23 -0.46308968355528946 0.0 0.0 
-19.846153846153847 17.8 0.0 22 -1.3174529171284841 0.0 0.0 
-19.846153846153847 22.25 0.0 21 0.5141411032711811 0.0 0.0 
-15.876923076923077 -22.25 0.0 27 -6.967547562555733 0.0 0.0 
-15.876923076923077 -17.8 0.0 25 -2.7825881302856463 0.0 0.0 
-15.876923076923077 -13.350000000000001 0.0 25 -3.514738120962295 0.0 0.0 
-15.876923076923077 -8.9 0.0 25 -2.855530338896567 0.0 0.0 
-15.876923076923077 -4.45 0.0 24 -3.2733161364726944 0.0 0.0 
-15.876923076923077 4.45 0.0 25 0.013680155650893075 0.0 0.0 
-15.876923076923077 8.9 0.0 23 -0.22804857296807143 0.0 0.0 
-15.876923076923077 13.350000000000001 0.0 23 -0.18667275819944898 0.0 0.0 
-15.876923076923077 17.8 0.0 22 -1.1067257636388517 0.0 0.0 
-15.876923076923077 22.25 0.0 22 0.5581597855157395 0.0 0.0 
-11.907692307692308 -22.25 0.0 27 -6.918255073484741 0.0 0.0 
-11.907692307692308 -17.8 0.0 25 -2.711840304463871 0.0 0.0 
-11.907692307692308 -13.350000000000001 0.0 25 -3.1479862662477593 0.0 0.0 
-11.907692307692308 -8.9 0.0 25 -2.2144651723963795 0.0 0.0 
-11.907692307692308 -4.45 0.0 25 -1.9825301179975947 0.0 0.0 
-11.907692307692308 4.45 0.0 25 -0.8054752204816095 0.0 0.0 
-11.907692307692308 8.9 0.0 24 -0.19743407130884583 0.0 0.0 
-11.907692307692308 13.350000000000001 0.0 24 -0.1596986076170815 0.0 0.0 
-11.907692307692308 17.8 0.0 22 -1.037437440259712 0.0 0.0 
-11.907692307692308 22.25 0.0 22 0.6895045669052373 0.0 0.0 
-7.938461538461539 -22.25 0.0 27 -6.855271050838684 0.0 0.0 
-7.938461538461539 -17.8 0.0 25 -2.5785656950379545 0.0 0.0 
-7.938461538461539 -13.350000000000001 0.0 25 -2.8972509204818646 0.0 0.0 
-7.938461538461539 -8.9 0.0 25 -2.116443311932016 0.0 0.0 
-7.938461538461539 -4.45 0.0 24 -1.7428189696497327 0.0 0.0 
-7.938461538461539 4.45 0.0 26 -0.9133585085744504 0.0 0.0 
-7.938461538461539 8.9 0.0 24 -0.46494488093142106 0.0 0.0 
-7.938461538461539 13.350000000000001 0.0 24 -0.16237410218853837 0.0 0.0 
-7.938461538461539 17.8 0.0 22 -1.0711124736740856 0.0 0.0 
-7.938461538461539 22.25 0.0 22 0.7654060928112043 0.0 0.0 
-3.9692307692307693 -22.25 0.0 27 -6.7472409005174345 0.0 0.0 
-3.9692307692307693 -17.8 0.0 25 -2.348317373559502 0.0 0.0 
-3.9692307692307693 -13.350000000000001 0.0 25 -2.643242141855594 0.0 0.0 
-3.9692307692307693 -8.9 0.0 25 -1.7534951859145256 0.0 0.0 
-3.9692307692307693 -4.45 0.0 25 -1.371158400894267 0.0 0.0 
-3.9692307692307693 4.45 0.0 26 -1.4073656873537577 0.0 0.0 
-3.9692307692307693 8.9 0.0 24 -0.7258328840744567 0.0 0.0 
-3.9692307692307693 13.350000000000001 0.0 23 -0.27871346457298407 0.0 0.0 
-3.9692307692307693 17.8 0.0 23 -1.3875604797033945 0.0 0.0 
-3.9692307692307693 22.25 0.0 22 0.7099439634625789 0.0 0.0 
-0.0 -22.25 0.0 27 -6.691905364356499 0.0 0.0 
-0.0 -17.8 0.0 25 -2.277101369538039 0.0 0.0 
-0.0 -13.350000000000001 0.0 24 -2.547524428883825 0.0 0.0 
-0.0 -8.9 0.0 25 -1.637748178832783 0.0 0.0 
-0.0 -4.45 0.0 25 -1.1184460638782314 0.0 0.0 
-0.0 4.45 0.0 26 -1.7909919438145303 0.0 0.0 
-0.0 8.9 0.0 24 -0.8115301130790541 0.0 0.0 
-0.0 13.350000000000001 0.0 24 -0.5101554927873366 0.0 0.0 
-0.0 17.8 0.0 23 -1.5101083262788222 0.0 0.0 
-0.0 22.25 0.0 22 0.7638055069055085 0.0 0.0 
0.0 -22.25 0.0 27 -6.684978431618218 0.0 0.0 
0.0 -17.8 0.0 25 -2.2756555469418687 0.0 0.0 
0.0 -13.350000000000001 0.0 24 -2.501968228539568 0.0 0.0 
0.0 -8.9 0.0 25 -1.4258918723070666 0.0 0.0 
0.0 -4.45 0.0 25 -0.3850202007401727 0.0 0.0 
0.0 4.45 0.0 25 -2.4184566370974654 0.0 0.0 
0.0 8.9 0.0 24 -1.0460749339673452 0.0 0.0 
0.0 13.350000000000001 0.0 24 -0.7848413130947604 0.0 0.0 
0.0 17.8 0.0 22 -1.5966649236118209 0.0 0.0 
0.0 22.25 0.0 22 0.7416727153669457 0.0 0.0 
3.9692307692307693 -22.25 0.0 27 -6.757628769669381 0.0 0.0 
3.9692307692307693 -17.8 0.0 25 -2.4077036151682996 0.0 0.0 
3.9692307692307693 -13.350000000000001 0.0 24 -2.6685383585358773 0.0 0.0 
3.9692307692307693 -8.9 0.0 23 -1.2274612301108039 0.0 0.0 
3.9692307692307693 -4.45 0.0 23 -0.22981204277198686 0.0 0.0 
3.9692307692307693 4.45 0.0 26 -2.287834819484111 0.0 0.0 
3.9692307692307693 8.9 0.0 24 -0.2839516459197498 0.0 0.0 
3.9692307692307693 13.350000000000001 0.0 24 -0.638027081826688 0.0 0.0 
3.9692307692307693 17.8 0.0 23 -1.381609095622149 0.0 0.0 
3.9692307692307693 22.25 0.0 22 0.9957821807717432 0.0 0.0 
7.938461538461539 -22.25 0.0 27 -6.745096495910216 0.0 0.0 
7.938461538461539 -17.8 0.0 24 -2.327949610564423 0.0 0.0 
7.938461538461539 -13.350000000000001 0.0 23 -2.7182037642115517 0.0 0.0 
7.938461538461539 -8.9 0.0 22 -2.0521480589359804 0.0 0.0 
7.938461538461539 -4.45 0.0 20 -1.992416714638153 0.0 0.0 
7.938461538461539 -0.0 0.0 19 -3.6084414290280593 0.0 0.0 
7.938461538461539 0.0 0.0 23 -4.5600768502885085 0.0 0.0 
7.938461538461539 4.45 0.0 26 -3.014945034166732 0.0 0.0 
7.938461538461539 8.9 0.0 23 -1.6766553262300534 0.0 0.0 
7.938461538461539 13.350000000000001 0.0 23 -0.9365022156029613 0.0 0.0 
7.938461538461539 17.8 0.0 22 -1.3910750607090554 0.0 0.0 
7.938461538461539 22.25 0.0 22 0.9064580240243931 0.0 0.0 
11.907692307692308 -22.25 0.0 27 -6.916635830761166 0.0 0.0 
11.907692307692308 -17.8 0.0 24 -2.540115700121524 0.0 0.0 
11.907692307692308 -13.350000000000001 0.0 23 -3.093137529856147 0.0 0.0 
11.907692307692308 -8.9 0.0 22 -2.5529459343938514 0.0 0.0 
11.907692307692308 -4.45 0.0 21 -2.556331840879642 0.0 0.0 
11.907692307692308 -0.0 0.0 19 -3.929032861817702 0.0 0.0 
11.907692307692308 0.0 0.0 20 -4.369201277555422 0.0 0.0 
11.907692307692308 4.45 0.0 23 -2.7572265053240015 0.0 0.0 
11.907692307692308 8.9 0.0 22 -1.652486719597867 0.0 0.0 
11.907692307692308 13.350000000000001 0.0 23 -0.9471970713123268 0.0 0.0 
11.907692307692308 17.8 0.0 22 -1.5264671817000224 0.0 0.0 
11.907692307692308 22.25 0.0 22 0.6850291765952576 0.0 0.0 
15.876923076923077 -22.25 0.0 27 -7.160557566009107 0.0 0.0 
15.876923076923077 -17.8 0.0 24 -2.8129173769816234 0.0 0.0 
15.876923076923077 -13.350000000000001 0.0 23 -3.3618344602924526 0.0 0.0 
15.876923076923077 -8.9 0.0 23 -2.7002620312083025 0.0 0.0 
15.876923076923077 -4.45 0.0 22 -2.539752923118866 0.0 0.0 
15.876923076923077 -0.0 0.0 22 -3.050019786912228 0.0 0.0 
15.876923076923077 0.0 0.0 22 -3.3076002956467954 0.0 0.0 
15.876923076923077 4.45 0.0 22 -2.490219681984568 0.0 0.0 
15.876923076923077 8.9 0.0 22 -1.8279980794970785 0.0 0.0 
15.876923076923077 13.350000000000001 0.0 22 -1.1466236573434383 0.0 0.0 
15.876923076923077 17.8 0.0 22 -1.7903344254787021 0.0 0.0 
15.876923076923077 22.25 0.0 22 0.502294603592728 0.0 0.0 
19.846153846153847 -22.25 0.0 26 -7.255183775909375 0.0 0.0 
19.846153846153847 -17.8 0.0 24 -2.9934679029759383 0.0 0.0 
19.846153846153847 -13.350000000000001 0.0 23 -3.548013658208404 0.0 0.0 
19.846153846153847 -8.9 0.0 22 -3.032347516944193 0.0 0.0 
19.846153846153847 -4.45 0.0 22 -3.024134187072364 0.0 0.0 
19.846153846153847 -0.0 0.0 21 -3.047768291741735 0.0 0.0 
19.846153846153847 0.0 0.0 21 -2.903527750752381 0.0 0.0 
19.846153846153847 4.45 0.0 22 -2.499096412742562 0.0 0.0 
19.846153846153847 8.9 0.0 22 -2.020083457513589 0.0 0.0 
19.846153846153847 13.350000000000001 0.0 21 -1.1365444697723073 0.0 0.0 
19.846153846153847 17.8 0.0 21 -1.9689240341065977 0.0 0.0 
19.846153846153847 22.25 0.0 22 0.45945402423190346 0.0 0.0 
23.815384615384616 -22.25 0.0 26 -7.442169823498038 0.0 0.0 
23.815384615384616 -17.8 0.0 24 -3.236194069352506 0.0 0.0 
23.815384615384616 -13.350000000000001 0.0 23 -3.6637413680087803 0.0 0.0 
23.815384615384616 -8.9 0.0 23 -3.287742387406279 0.0 0.0 
23.815384615384616 -4.45 0.0 22 -3.1671387315102475 0.0 0.0 
23.815384615384616 -0.0 0.0 22 -3.1666082081469415 0.0 0.0 
23.815384615384616 0.0 0.0 22 -3.114179740100654 0.0 0.0 
23.815384615384616 4.45 0.0 22 -2.7299387729996756 0.0 0.0 
23.815384615384616 8.9 0.0 21 -1.9622751328867425 0.0 0.0 
23.815384615384616 13.350000000000001 0.0 21 -1.3820828311697444 0.0 0.0 
23.815384615384616 17.8 0.0 21 -2.1893529581447098 0.0 0.0 
23.815384615384616 22.25 0.0 21 0.6207524073365291 0.0 0.0 
27.784615384615385 -22.25 0.0 26 -7.679962338645172 0.0 0.0 
27.784615384615385 -17.8 0.0 24 -3.263855425417605 0.0 0.0 
27.784615384615385 -13.350000000000001 0.0 23 -3.9442084531384882 0.0 0.0 
27.784615384615385 -8.9 0.0 22 -3.5062443429281633 0.0 0.0 
27.784615384615385 -4.45 0.0 22 -3.5170345376050163 0.0 0.0 
27.784615384615385 -0.0 0.0 20 -3.200468359395784 0.0 0.0 
27.784615384615385 0.0 0.0 20 -2.9137030098714014 0.0 0.0 
27.784615384615385 4.45 0.0 21 -2.5526714244469755 0.0 0.0 
27.784615384615385 8.9 0.0 21 -2.1661192376065204 0.0 0.0 
27.784615384615385 13.350000000000001 0.0 21 -1.7148894706770734 0.0 0.0 
27.784615384615385 17.8 0.0 20 -2.037082934924258 0.0 0.0 
27.784615384615385 22.25 0.0 21 0.6924643432751774 0.0 0.0 
31.753846153846155 -22.25 0.0 26 -7.745780967106313 0.0 0.0 
31.753846153846155 -17.8 0.0 23 -3.3351542650223824 0.0 0.0 
31.753846153846155 -13.350000000000001 0.0 22 -4.048025426741689 0.0 0.0 
31.753846153846155 -8.9 0.0 22 -3.7075367622879045 0.0 0.0 
31.753846153846155 -4.45 0.0 21 -3.38027937700605 0.0 0.0 
31.753846153846155 -0.0 0.0 21 -3.2127317115278577 0.0 0.0 
31.753846153846155 0.0 0.0 21 -3.202513270131077 0.0 0.0 
31.753846153846155 4.45 0.0 20 -2.877314316457543 0.0 0.0 
31.753846153846155 8.9 0.0 20 -2.4672569995048588 0.0 0.0 
31.753846153846155 13.350000000000001 0.0 20 -1.717048522534537 0.0 0.0 
31.753846153846155 17.8 0.0 20 -2.1671690501665384 0.0 0.0 
31.753846153846155 22.25 0.0 21 0.5955183226077791 0.0 0.0 
35.723076923076924 -22.25 0.0 26 -7.767368646381113 0.0 0.0 
35.723076923076924 -17.8 0.0 23 -3.6756477424607725 0.0 0.0 
35.723076923076924 -13.350000000000001 0.0 22 -4.407709964308263 0.0 0.0 
35.723076923076924 -8.9 0.0 22 -4.083174712229406 0.0 0.0 
35.723076923076924 -4.45 0.0 21 -3.9249687548820313 0.0 0.0 
35.723076923076924 -0.0 0.0 20 -3.8568355214040344 0.0 0.0 
35.723076923076924 0.0 0.0 20 -3.6654025770078724 0.0 0.0 
35.723076923076924 4.45 0.0 19 -3.2876944065673497 0.0 0.0 
35.723076923076924 8.9 0.0 19 -2.8318238195566696 0.0 0.0 
35.723076923076924 13.350000000000001 0.0 19 -2.1219371793298745 0.0 0.0 
35.723076923076924 17.8 0.0 19 -2.5214436640062865 0.0 0.0 
35.723076923076924 22.25 0.0 20 0.6249037068792361 0.0 0.0 
39.69230769230769 -22.25 0.0 26 -8.22283987565147 0.0 0.0 
39.69230769230769 -17.8 0.0 21 -4.179268400953949 0.0 0.0 
39.69230769230769 -13.350000000000001 0.0 21 -5.078266503084183 0.0 0.0 
39.69230769230769 -8.9 0.0 20 -4.698383842050565 0.0 0.0 
39.69230769230769 -4.45 0.0 18 -4.536172421232709 0.0 0.0 
39.69230769230769 -0.0 0.0 18 -4.447444328398986 0.0 0.0 
39.69230769230769 0.0 0.0 17 -4.220958395645628 0.0 0.0 
39.69230769230769 4.45 0.0 18 -4.102809975032906 0.0 0.0 
39.69230769230769 8.9 0.0 18 -3.6982167777342627 0.0 0.0 
39.69230769230769 13.350000000000001 0.0 18 -3.0094316026724055 0.0 0.0 
39.69230769230769 17.8 0.0 18 -3.0757958914857353 0.0 0.0 
39.69230769230769 22.25 0.0 19 0.2948583195498128 0.0 0.0 
43.66153846153846 -22.25 0.0 19 -10.652407959722412 0.0 0.0 
43.66153846153846 -17.8 0.0 15 -7.0994552875498735 0.0 0.0 
43.66153846153846 -13.350000000000001 0.0 14 -7.912777909845561 0.0 0.0 
43.66153846153846 -8.9 0.0 13 -7.36878564095709 0.0 0.0 
43.66153846153846 -4.45 0.0 12 -7.264046612845252 0.0 0.0 
43.66153846153846 -0.0 0.0 11 -6.998863637360374 0.0 0.0 
43.66153846153846 0.0 0.0 11 -6.95962238805258 0.0 0.0 
43.66153846153846 4.45 0.0 11 -6.824782339889548 0.0 0.0 
43.66153846153846 8.9 0.0 11 -6.371555641131216 0.0 0.0 
43.66153846153846 13.350000000000001 0.0 12 -5.589579220184241 0.0 0.0 
43.66153846153846 17.8 0.0 12 -5.316289755851651 0.0 0.0 
43.66153846153846 22.25 0.0 14 -1.198353378205837 0.0 0.0 
47.63076923076923 -22.25 0.0 35 -6.457325203015788 0.0 0.0 
47.63076923076923 -17.8 0.0 32 -0.9053327170154127 0.0 0.0 
47.63076923076923 -13.350000000000001 0.0 32 -1.0188670297294204 0.0 0.0 
47.63076923076923 -8.9 0.0 31 -0.6468758723836714 0.0 0.0 
47.63076923076923 -4.45 0.0 30 -0.62061377467503 0.0 0.0 
47.63076923076923 -0.0 0.0 30 -0.7274043162432803 0.0 0.0 
47.63076923076923 0.0 0.0 29 -1.0113482605544608 0.0 0.0 
47.63076923076923 4.45 0.0 28 -1.0308116497492037 0.0 0.0 
47.63076923076923 8.9 0.0 27 -0.9276745835700912 0.0 0.0 
47.63076923076923 13.350000000000001 0.0 26 -0.5537363823679751 0.0 0.0 
47.63076923076923 17.8 0.0 25 -0.5826487965151234 0.0 0.0 
47.63076923076923 22.25 0.0 25 5.01791892505935 0.0 0.0 
