-28.42105263157895 -9.473684210526315 0 49198.41305031594 98394.82610063188 0
-28.42105263157895 -8.947368421052632 0 -217103652.45170066 -434207306.90340143 0
-28.42105263157895 -8.421052631578947 0 77547555565.17528 155095111128.35056 0
-28.42105263157895 -7.894736842105263 0 -3.2265662904701572e+16 -6.4531325809403144e+16 0
-28.42105263157895 -7.368421052631579 0 1.2069347172121799e+23 2.4138694344243608e+23 0
-28.42105263157895 -6.842105263157895 0 -2.0503803426784392e+33 -4.1007606853568785e+33 0
-28.42105263157895 -6.315789473684211 0 3.478599938608103e+47 6.957199877216204e+47 0
-28.42105263157895 -5.789473684210526 0 -2.6084358842888508e+67 -5.2168717685777005e+67 0
-28.42105263157895 -5.263157894736842 0 -6.92890935599148e+92 -1.3857818711982958e+93 0
-28.42105263157895 -4.7368421052631575 0 -1.5312120203280519e+124 -3.062424040656103e+124 0
-28.42105263157895 -4.2105263157894735 0 -5.010747898481796e+162 -1.0021495796963589e+163 0
-28.42105263157895 -3.6842105263157894 0 -9.399841985815069e+207 -1.8799683971630133e+208 0
-28.42105263157895 -3.1578947368421053 0 3.233014535813876e+259 6.46602907162775e+259 0
-28.42105263157895 -2.631578947368421 0 -inf -inf 0
-28.42105263157895 -2.1052631578947367 0 nan nan 0
-28.42105263157895 -1.5789473684210527 0 nan nan 0
-28.42105263157895 -1.0526315789473684 0 nan nan 0
-28.42105263157895 -0.5263157894736842 0 nan nan 0
-28.42105263157895 -0.0 0 nan nan 0
-28.42105263157895 0.0 0 nan nan 0
-28.42105263157895 0.5263157894736842 0 nan nan 0
-28.42105263157895 1.0526315789473684 0 nan nan 0
-28.42105263157895 1.5789473684210527 0 nan nan 0
-28.42105263157895 2.1052631578947367 0 nan nan 0
-28.42105263157895 2.631578947368421 0 nan nan 0
-28.42105263157895 3.1578947368421053 0 nan nan 0
-28.42105263157895 3.6842105263157894 0 nan nan 0
-28.42105263157895 4.2105263157894735 0 nan nan 0
-28.42105263157895 4.7368421052631575 0 nan nan 0
-28.42105263157895 5.263157894736842 0 nan nan 0
-28.42105263157895 5.789473684210526 0 nan nan 0
-28.42105263157895 6.315789473684211 0 nan nan 0
-28.42105263157895 6.842105263157895 0 nan nan 0
-28.42105263157895 7.368421052631579 0 nan nan 0
-28.42105263157895 7.894736842105263 0 nan nan 0
-28.42105263157895 8.421052631578947 0 nan nan 0
-28.42105263157895 8.947368421052632 0 nan nan 0
-28.42105263157895 9.473684210526315 0 nan nan 0
-26.842105263157894 -9.473684210526315 0 -1802742748658.4712 -3605485497318.943 0
-26.842105263157894 -8.947368421052632 0 1.4233117953990493e+21 2.8466235907981e+21 0
-26.842105263157894 -8.421052631578947 0 1.1044650802901278e+32 2.208930160580256e+32 0
-26.842105263157894 -7.894736842105263 0 -4.403233860809656e+47 -8.806467721619315e+47 0
-26.842105263157894 -7.368421052631579 0 -7.41073910859112e+66 -1.4821478217182245e+67 0
-26.842105263157894 -6.842105263157895 0 -5.1981763758168636e+92 -1.039635275163373e+93 0
-26.842105263157894 -6.315789473684211 0 1.2160216426344692e+127 2.432043285268939e+127 0
-26.842105263157894 -5.789473684210526 0 2.951949269890316e+174 5.903898539780633e+174 0
-26.842105263157894 -5.263157894736842 0 5.134705795824755e+240 1.0269411591649511e+241 0
-26.842105263157894 -4.7368421052631575 0 nan nan 0
-26.842105263157894 -4.2105263157894735 0 nan nan 0
-26.842105263157894 -3.6842105263157894 0 nan nan 0
-26.842105263157894 -3.1578947368421053 0 nan nan 0
-26.842105263157894 -2.631578947368421 0 nan nan 0
-26.842105263157894 -2.1052631578947367 0 nan nan 0
-26.842105263157894 -1.5789473684210527 0 nan nan 0
-26.842105263157894 -1.0526315789473684 0 nan nan 0
-26.842105263157894 -0.5263157894736842 0 nan nan 0
-26.842105263157894 -0.0 0 nan nan 0
-26.842105263157894 0.0 0 nan nan 0
-26.842105263157894 0.5263157894736842 0 nan nan 0
-26.842105263157894 1.0526315789473684 0 nan nan 0
-26.842105263157894 1.5789473684210527 0 nan nan 0
-26.842105263157894 2.1052631578947367 0 nan nan 0
-26.842105263157894 2.631578947368421 0 nan nan 0
-26.842105263157894 3.1578947368421053 0 nan nan 0
-26.842105263157894 3.6842105263157894 0 nan nan 0
-26.842105263157894 4.2105263157894735 0 nan nan 0
-26.842105263157894 4.7368421052631575 0 nan nan 0
-26.842105263157894 5.263157894736842 0 nan nan 0
-26.842105263157894 5.789473684210526 0 nan nan 0
-26.842105263157894 6.315789473684211 0 nan nan 0
-26.842105263157894 6.842105263157895 0 nan nan 0
-26.842105263157894 7.368421052631579 0 nan nan 0
-26.842105263157894 7.894736842105263 0 nan nan 0
-26.842105263157894 8.421052631578947 0 nan nan 0
-26.842105263157894 8.947368421052632 0 nan nan 0
-26.842105263157894 9.473684210526315 0 nan nan 0
-25.263157894736842 -9.473684210526315 0 -2.8896104963081495e+24 -5.779220992616301e+24 0
-25.263157894736842 -8.947368421052632 0 -6.735070557954062e+40 -1.3470141115908127e+41 0
-25.263157894736842 -8.421052631578947 0 -7.96624694509831e+64 -1.5932493890196626e+65 0
-25.263157894736842 -7.894736842105263 0 -5.420546961913031e+101 -1.0841093923826067e+102 0
-25.263157894736842 -7.368421052631579 0 -7.805168339156476e+152 -1.5610336678312958e+153 0
-25.263157894736842 -6.842105263157895 0 -3.930935833245232e+221 -7.861871666490467e+221 0
-25.263157894736842 -6.315789473684211 0 nan nan 0
-25.263157894736842 -5.789473684210526 0 nan nan 0
-25.263157894736842 -5.263157894736842 0 nan nan 0
-25.263157894736842 -4.7368421052631575 0 nan nan 0
-25.263157894736842 -4.2105263157894735 0 nan nan 0
-25.263157894736842 -3.6842105263157894 0 nan nan 0
-25.263157894736842 -3.1578947368421053 0 nan nan 0
-25.263157894736842 -2.631578947368421 0 nan nan 0
-25.263157894736842 -2.1052631578947367 0 nan nan 0
-25.263157894736842 -1.5789473684210527 0 nan nan 0
-25.263157894736842 -1.0526315789473684 0 nan nan 0
-25.263157894736842 -0.5263157894736842 0 nan nan 0
-25.263157894736842 -0.0 0 nan nan 0
-25.263157894736842 0.0 0 nan nan 0
-25.263157894736842 0.5263157894736842 0 nan nan 0
-25.263157894736842 1.0526315789473684 0 nan nan 0
-25.263157894736842 1.5789473684210527 0 nan nan 0
-25.263157894736842 2.1052631578947367 0 nan nan 0
-25.263157894736842 2.631578947368421 0 nan nan 0
-25.263157894736842 3.1578947368421053 0 nan nan 0
-25.263157894736842 3.6842105263157894 0 nan nan 0
-25.263157894736842 4.2105263157894735 0 nan nan 0
-25.263157894736842 4.7368421052631575 0 nan nan 0
-25.263157894736842 5.263157894736842 0 nan nan 0
-25.263157894736842 5.789473684210526 0 nan nan 0
-25.263157894736842 6.315789473684211 0 nan nan 0
-25.263157894736842 6.842105263157895 0 nan nan 0
-25.263157894736842 7.368421052631579 0 nan nan 0
-25.263157894736842 7.894736842105263 0 nan nan 0
-25.263157894736842 8.421052631578947 0 nan nan 0
-25.263157894736842 8.947368421052632 0 nan nan 0
-25.263157894736842 9.473684210526315 0 nan nan 0
-23.68421052631579 -9.473684210526315 0 2.714279208813038e+41 5.428558417626078e+41 0
-23.68421052631579 -8.947368421052632 0 7.107744423984175e+68 1.4215488847968354e+69 0
-23.68421052631579 -8.421052631578947 0 -6.734011595124161e+109 -1.3468023190248326e+110 0
-23.68421052631579 -7.894736842105263 0 -3.71909626685853e+175 -7.438192533717061e+175 0
-23.68421052631579 -7.368421052631579 0 3.710220656177961e+277 7.420441312355922e+277 0
-23.68421052631579 -6.842105263157895 0 nan nan 0
-23.68421052631579 -6.315789473684211 0 nan nan 0
-23.68421052631579 -5.789473684210526 0 nan nan 0
-23.68421052631579 -5.263157894736842 0 nan nan 0
-23.68421052631579 -4.7368421052631575 0 nan nan 0
-23.68421052631579 -4.2105263157894735 0 nan nan 0
-23.68421052631579 -3.6842105263157894 0 nan nan 0
-23.68421052631579 -3.1578947368421053 0 nan nan 0
-23.68421052631579 -2.631578947368421 0 nan nan 0
-23.68421052631579 -2.1052631578947367 0 nan nan 0
-23.68421052631579 -1.5789473684210527 0 nan nan 0
-23.68421052631579 -1.0526315789473684 0 nan nan 0
-23.68421052631579 -0.5263157894736842 0 nan nan 0
-23.68421052631579 -0.0 0 nan nan 0
-23.68421052631579 0.0 0 nan nan 0
-23.68421052631579 0.5263157894736842 0 nan nan 0
-23.68421052631579 1.0526315789473684 0 nan nan 0
-23.68421052631579 1.5789473684210527 0 nan nan 0
-23.68421052631579 2.1052631578947367 0 nan nan 0
-23.68421052631579 2.631578947368421 0 nan nan 0
-23.68421052631579 3.1578947368421053 0 nan nan 0
-23.68421052631579 3.6842105263157894 0 nan nan 0
-23.68421052631579 4.2105263157894735 0 nan nan 0
-23.68421052631579 4.7368421052631575 0 nan nan 0
-23.68421052631579 5.263157894736842 0 nan nan 0
-23.68421052631579 5.789473684210526 0 nan nan 0
-23.68421052631579 6.315789473684211 0 nan nan 0
-23.68421052631579 6.842105263157895 0 nan nan 0
-23.68421052631579 7.368421052631579 0 nan nan 0
-23.68421052631579 7.894736842105263 0 nan nan 0
-23.68421052631579 8.421052631578947 0 nan nan 0
-23.68421052631579 8.947368421052632 0 nan nan 0
-23.68421052631579 9.473684210526315 0 nan nan 0
-22.105263157894736 -9.473684210526315 0 1.082819882290162e+58 2.1656397645803246e+58 0
-22.105263157894736 -8.947368421052632 0 -8.002914595979081e+103 -1.600582919195817e+104 0
-22.105263157894736 -8.421052631578947 0 5.874536883518592e+171 1.1749073767037188e+172 0
-22.105263157894736 -7.894736842105263 0 -1.9192158285312116e+275 -3.838431657062423e+275 0
-22.105263157894736 -7.368421052631579 0 nan nan 0
-22.105263157894736 -6.842105263157895 0 nan nan 0
-22.105263157894736 -6.315789473684211 0 nan nan 0
-22.105263157894736 -5.789473684210526 0 nan nan 0
-22.105263157894736 -5.263157894736842 0 nan nan 0
-22.105263157894736 -4.7368421052631575 0 nan nan 0
-22.105263157894736 -4.2105263157894735 0 nan nan 0
-22.105263157894736 -3.6842105263157894 0 nan nan 0
-22.105263157894736 -3.1578947368421053 0 nan nan 0
-22.105263157894736 -2.631578947368421 0 nan nan 0
-22.105263157894736 -2.1052631578947367 0 nan nan 0
-22.105263157894736 -1.5789473684210527 0 nan nan 0
-22.105263157894736 -1.0526315789473684 0 nan nan 0
-22.105263157894736 -0.5263157894736842 0 nan nan 0
-22.105263157894736 -0.0 0 nan nan 0
-22.105263157894736 0.0 0 nan nan 0
-22.105263157894736 0.5263157894736842 0 nan nan 0
-22.105263157894736 1.0526315789473684 0 nan nan 0
-22.105263157894736 1.5789473684210527 0 nan nan 0
-22.105263157894736 2.1052631578947367 0 nan nan 0
-22.105263157894736 2.631578947368421 0 nan nan 0
-22.105263157894736 3.1578947368421053 0 nan nan 0
-22.105263157894736 3.6842105263157894 0 nan nan 0
-22.105263157894736 4.2105263157894735 0 nan nan 0
-22.105263157894736 4.7368421052631575 0 nan nan 0
-22.105263157894736 5.263157894736842 0 nan nan 0
-22.105263157894736 5.789473684210526 0 nan nan 0
-22.105263157894736 6.315789473684211 0 nan nan 0
-22.105263157894736 6.842105263157895 0 nan nan 0
-22.105263157894736 7.368421052631579 0 nan nan 0
-22.105263157894736 7.894736842105263 0 nan nan 0
-22.105263157894736 8.421052631578947 0 nan nan 0
-22.105263157894736 8.947368421052632 0 nan nan 0
-22.105263157894736 9.473684210526315 0 nan nan 0
-20.526315789473685 -9.473684210526315 0 8.17205781350658e+77 1.6344115627013161e+78 0
-20.526315789473685 -8.947368421052632 0 -2.664669256610948e+151 -5.329338513221899e+151 0
-20.526315789473685 -8.421052631578947 0 6.381966312303177e+262 1.2763932624606357e+263 0
-20.526315789473685 -7.894736842105263 0 nan nan 0
-20.526315789473685 -7.368421052631579 0 nan nan 0
-20.526315789473685 -6.842105263157895 0 nan nan 0
-20.526315789473685 -6.315789473684211 0 nan nan 0
-20.526315789473685 -5.789473684210526 0 nan nan 0
-20.526315789473685 -5.263157894736842 0 nan nan 0
-20.526315789473685 -4.7368421052631575 0 nan nan 0
-20.526315789473685 -4.2105263157894735 0 nan nan 0
-20.526315789473685 -3.6842105263157894 0 nan nan 0
-20.526315789473685 -3.1578947368421053 0 nan nan 0
-20.526315789473685 -2.631578947368421 0 nan nan 0
-20.526315789473685 -2.1052631578947367 0 nan nan 0
-20.526315789473685 -1.5789473684210527 0 nan nan 0
-20.526315789473685 -1.0526315789473684 0 nan nan 0
-20.526315789473685 -0.5263157894736842 0 nan nan 0
-20.526315789473685 -0.0 0 nan nan 0
-20.526315789473685 0.0 0 nan nan 0
-20.526315789473685 0.5263157894736842 0 nan nan 0
-20.526315789473685 1.0526315789473684 0 nan nan 0
-20.526315789473685 1.5789473684210527 0 nan nan 0
-20.526315789473685 2.1052631578947367 0 nan nan 0
-20.526315789473685 2.631578947368421 0 nan nan 0
-20.526315789473685 3.1578947368421053 0 nan nan 0
-20.526315789473685 3.6842105263157894 0 nan nan 0
-20.526315789473685 4.2105263157894735 0 nan nan 0
-20.526315789473685 4.7368421052631575 0 nan nan 0
-20.526315789473685 5.263157894736842 0 nan nan 0
-20.526315789473685 5.789473684210526 0 nan nan 0
-20.526315789473685 6.315789473684211 0 nan nan 0
-20.526315789473685 6.842105263157895 0 nan nan 0
-20.526315789473685 7.368421052631579 0 nan nan 0
-20.526315789473685 7.894736842105263 0 nan nan 0
-20.526315789473685 8.421052631578947 0 nan nan 0
-20.526315789473685 8.947368421052632 0 nan nan 0
-20.526315789473685 9.473684210526315 0 nan nan 0
-18.94736842105263 -9.473684210526315 0 -1.0744564145879206e+101 -2.1489128291758415e+101 0
-18.94736842105263 -8.947368421052632 0 2.062760889597928e+212 4.125521779195859e+212 0
-18.94736842105263 -8.421052631578947 0 inf inf 0
-18.94736842105263 -7.894736842105263 0 nan nan 0
-18.94736842105263 -7.368421052631579 0 nan nan 0
-18.94736842105263 -6.842105263157895 0 nan nan 0
-18.94736842105263 -6.315789473684211 0 nan nan 0
-18.94736842105263 -5.789473684210526 0 nan nan 0
-18.94736842105263 -5.263157894736842 0 nan nan 0
-18.94736842105263 -4.7368421052631575 0 nan nan 0
-18.94736842105263 -4.2105263157894735 0 nan nan 0
-18.94736842105263 -3.6842105263157894 0 nan nan 0
-18.94736842105263 -3.1578947368421053 0 nan nan 0
-18.94736842105263 -2.631578947368421 0 nan nan 0
-18.94736842105263 -2.1052631578947367 0 nan nan 0
-18.94736842105263 -1.5789473684210527 0 nan nan 0
-18.94736842105263 -1.0526315789473684 0 nan nan 0
-18.94736842105263 -0.5263157894736842 0 nan nan 0
-18.94736842105263 -0.0 0 nan nan 0
-18.94736842105263 0.0 0 nan nan 0
-18.94736842105263 0.5263157894736842 0 nan nan 0
-18.94736842105263 1.0526315789473684 0 nan nan 0
-18.94736842105263 1.5789473684210527 0 nan nan 0
-18.94736842105263 2.1052631578947367 0 nan nan 0
-18.94736842105263 2.631578947368421 0 nan nan 0
-18.94736842105263 3.1578947368421053 0 nan nan 0
-18.94736842105263 3.6842105263157894 0 nan nan 0
-18.94736842105263 4.2105263157894735 0 nan nan 0
-18.94736842105263 4.7368421052631575 0 nan nan 0
-18.94736842105263 5.263157894736842 0 nan nan 0
-18.94736842105263 5.789473684210526 0 nan nan 0
-18.94736842105263 6.315789473684211 0 nan nan 0
-18.94736842105263 6.842105263157895 0 nan nan 0
-18.94736842105263 7.368421052631579 0 nan nan 0
-18.94736842105263 7.894736842105263 0 nan nan 0
-18.94736842105263 8.421052631578947 0 nan nan 0
-18.94736842105263 8.947368421052632 0 nan nan 0
-18.94736842105263 9.473684210526315 0 nan nan 0
-17.36842105263158 -9.473684210526315 0 2.2982848498155717e+127 4.596569699631143e+127 0
-17.36842105263158 -8.947368421052632 0 4.754508272552622e+287 9.509016545105251e+287 0
-17.36842105263158 -8.421052631578947 0 nan nan 0
-17.36842105263158 -7.894736842105263 0 nan nan 0
-17.36842105263158 -7.368421052631579 0 nan nan 0
-17.36842105263158 -6.842105263157895 0 nan nan 0
-17.36842105263158 -6.315789473684211 0 nan nan 0
-17.36842105263158 -5.789473684210526 0 nan nan 0
-17.36842105263158 -5.263157894736842 0 nan nan 0
-17.36842105263158 -4.7368421052631575 0 nan nan 0
-17.36842105263158 -4.2105263157894735 0 nan nan 0
-17.36842105263158 -3.6842105263157894 0 nan nan 0
-17.36842105263158 -3.1578947368421053 0 nan nan 0
-17.36842105263158 -2.631578947368421 0 nan nan 0
-17.36842105263158 -2.1052631578947367 0 nan nan 0
-17.36842105263158 -1.5789473684210527 0 nan nan 0
-17.36842105263158 -1.0526315789473684 0 nan nan 0
-17.36842105263158 -0.5263157894736842 0 nan nan 0
-17.36842105263158 -0.0 0 nan nan 0
-17.36842105263158 0.0 0 nan nan 0
-17.36842105263158 0.5263157894736842 0 nan nan 0
-17.36842105263158 1.0526315789473684 0 nan nan 0
-17.36842105263158 1.5789473684210527 0 nan nan 0
-17.36842105263158 2.1052631578947367 0 nan nan 0
-17.36842105263158 2.631578947368421 0 nan nan 0
-17.36842105263158 3.1578947368421053 0 nan nan 0
-17.36842105263158 3.6842105263157894 0 nan nan 0
-17.36842105263158 4.2105263157894735 0 nan nan 0
-17.36842105263158 4.7368421052631575 0 nan nan 0
-17.36842105263158 5.263157894736842 0 nan nan 0
-17.36842105263158 5.789473684210526 0 nan nan 0
-17.36842105263158 6.315789473684211 0 nan nan 0
-17.36842105263158 6.842105263157895 0 nan nan 0
-17.36842105263158 7.368421052631579 0 nan nan 0
-17.36842105263158 7.894736842105263 0 nan nan 0
-17.36842105263158 8.421052631578947 0 nan nan 0
-17.36842105263158 8.947368421052632 0 nan nan 0
-17.36842105263158 9.473684210526315 0 nan nan 0
-15.789473684210527 -9.473684210526315 0 1.1810249038921094e+156 2.362049807784219e+156 0
-15.789473684210527 -8.947368421052632 0 nan nan 0
-15.789473684210527 -8.421052631578947 0 nan nan 0
-15.789473684210527 -7.894736842105263 0 nan nan 0
-15.789473684210527 -7.368421052631579 0 nan nan 0
-15.789473684210527 -6.842105263157895 0 nan nan 0
-15.789473684210527 -6.315789473684211 0 nan nan 0
-15.789473684210527 -5.789473684210526 0 nan nan 0
-15.789473684210527 -5.263157894736842 0 nan nan 0
-15.789473684210527 -4.7368421052631575 0 nan nan 0
-15.789473684210527 -4.2105263157894735 0 nan nan 0
-15.789473684210527 -3.6842105263157894 0 nan nan 0
-15.789473684210527 -3.1578947368421053 0 nan nan 0
-15.789473684210527 -2.631578947368421 0 nan nan 0
-15.789473684210527 -2.1052631578947367 0 nan nan 0
-15.789473684210527 -1.5789473684210527 0 nan nan 0
-15.789473684210527 -1.0526315789473684 0 nan nan 0
-15.789473684210527 -0.5263157894736842 1 nan nan 0
-15.789473684210527 -0.0 1 nan nan 0
-15.789473684210527 0.0 1 nan nan 0
-15.789473684210527 0.5263157894736842 1 nan nan 0
-15.789473684210527 1.0526315789473684 0 nan nan 0
-15.789473684210527 1.5789473684210527 0 nan nan 0
-15.789473684210527 2.1052631578947367 0 nan nan 0
-15.789473684210527 2.631578947368421 0 nan nan 0
-15.789473684210527 3.1578947368421053 0 nan nan 0
-15.789473684210527 3.6842105263157894 0 nan nan 0
-15.789473684210527 4.2105263157894735 0 nan nan 0
-15.789473684210527 4.7368421052631575 0 nan nan 0
-15.789473684210527 5.263157894736842 0 nan nan 0
-15.789473684210527 5.789473684210526 0 nan nan 0
-15.789473684210527 6.315789473684211 0 nan nan 0
-15.789473684210527 6.842105263157895 0 nan nan 0
-15.789473684210527 7.368421052631579 0 nan nan 0
-15.789473684210527 7.894736842105263 0 nan nan 0
-15.789473684210527 8.421052631578947 0 nan nan 0
-15.789473684210527 8.947368421052632 0 nan nan 0
-15.789473684210527 9.473684210526315 0 nan nan 0
-14.210526315789474 -9.473684210526315 0 -2.8252805228181604e+186 -5.650561045636321e+186 0
-14.210526315789474 -8.947368421052632 0 nan nan 0
-14.210526315789474 -8.421052631578947 0 nan nan 0
-14.210526315789474 -7.894736842105263 0 nan nan 0
-14.210526315789474 -7.368421052631579 0 nan nan 0
-14.210526315789474 -6.842105263157895 0 nan nan 0
-14.210526315789474 -6.315789473684211 0 nan nan 0
-14.210526315789474 -5.789473684210526 0 nan nan 0
-14.210526315789474 -5.263157894736842 0 nan nan 0
-14.210526315789474 -4.7368421052631575 0 nan nan 0
-14.210526315789474 -4.2105263157894735 0 nan nan 0
-14.210526315789474 -3.6842105263157894 0 nan nan 0
-14.210526315789474 -3.1578947368421053 0 nan nan 0
-14.210526315789474 -2.631578947368421 0 nan nan 0
-14.210526315789474 -2.1052631578947367 0 nan nan 0
-14.210526315789474 -1.5789473684210527 0 nan nan 0
-14.210526315789474 -1.0526315789473684 1 nan nan 0
-14.210526315789474 -0.5263157894736842 1 nan nan 0
-14.210526315789474 -0.0 1 nan nan 0
-14.210526315789474 0.0 1 nan nan 0
-14.210526315789474 0.5263157894736842 1 nan nan 0
-14.210526315789474 1.0526315789473684 1 nan nan 0
-14.210526315789474 1.5789473684210527 0 nan nan 0
-14.210526315789474 2.1052631578947367 0 nan nan 0
-14.210526315789474 2.631578947368421 0 nan nan 0
-14.210526315789474 3.1578947368421053 0 nan nan 0
-14.210526315789474 3.6842105263157894 0 nan nan 0
-14.210526315789474 4.2105263157894735 0 nan nan 0
-14.210526315789474 4.7368421052631575 0 nan nan 0
-14.210526315789474 5.263157894736842 0 nan nan 0
-14.210526315789474 5.789473684210526 0 nan nan 0
-14.210526315789474 6.315789473684211 0 nan nan 0
-14.210526315789474 6.842105263157895 0 nan nan 0
-14.210526315789474 7.368421052631579 0 nan nan 0
-14.210526315789474 7.894736842105263 0 nan nan 0
-14.210526315789474 8.421052631578947 0 nan nan 0
-14.210526315789474 8.947368421052632 0 nan nan 0
-14.210526315789474 9.473684210526315 0 nan nan 0
-12.631578947368421 -9.473684210526315 0 -9.586189620950871e+217 -1.9172379241901743e+218 0
-12.631578947368421 -8.947368421052632 0 nan nan 0
-12.631578947368421 -8.421052631578947 0 nan nan 0
-12.631578947368421 -7.894736842105263 0 nan nan 0
-12.631578947368421 -7.368421052631579 0 nan nan 0
-12.631578947368421 -6.842105263157895 0 nan nan 0
-12.631578947368421 -6.315789473684211 0 nan nan 0
-12.631578947368421 -5.789473684210526 0 nan nan 0
-12.631578947368421 -5.263157894736842 0 nan nan 0
-12.631578947368421 -4.7368421052631575 0 nan nan 0
-12.631578947368421 -4.2105263157894735 0 nan nan 0
-12.631578947368421 -3.6842105263157894 0 nan nan 0
-12.631578947368421 -3.1578947368421053 0 nan nan 0
-12.631578947368421 -2.631578947368421 0 nan nan 0
-12.631578947368421 -2.1052631578947367 0 nan nan 0
-12.631578947368421 -1.5789473684210527 0 nan nan 0
-12.631578947368421 -1.0526315789473684 1 nan nan 0
-12.631578947368421 -0.5263157894736842 1 nan nan 0
-12.631578947368421 -0.0 1 nan nan 0
-12.631578947368421 0.0 1 nan nan 0
-12.631578947368421 0.5263157894736842 1 nan nan 0
-12.631578947368421 1.0526315789473684 1 nan nan 0
-12.631578947368421 1.5789473684210527 0 nan nan 0
-12.631578947368421 2.1052631578947367 0 nan nan 0
-12.631578947368421 2.631578947368421 0 nan nan 0
-12.631578947368421 3.1578947368421053 0 nan nan 0
-12.631578947368421 3.6842105263157894 0 nan nan 0
-12.631578947368421 4.2105263157894735 0 nan nan 0
-12.631578947368421 4.7368421052631575 0 nan nan 0
-12.631578947368421 5.263157894736842 0 nan nan 0
-12.631578947368421 5.789473684210526 0 nan nan 0
-12.631578947368421 6.315789473684211 0 nan nan 0
-12.631578947368421 6.842105263157895 0 nan nan 0
-12.631578947368421 7.368421052631579 0 nan nan 0
-12.631578947368421 7.894736842105263 0 nan nan 0
-12.631578947368421 8.421052631578947 0 nan nan 0
-12.631578947368421 8.947368421052632 0 nan nan 0
-12.631578947368421 9.473684210526315 0 nan nan 0
-11.052631578947368 -9.473684210526315 0 7.126301509955686e+250 1.4252603019911372e+251 0
-11.052631578947368 -8.947368421052632 0 nan nan 0
-11.052631578947368 -8.421052631578947 0 nan nan 0
-11.052631578947368 -7.894736842105263 0 nan nan 0
-11.052631578947368 -7.368421052631579 0 nan nan 0
-11.052631578947368 -6.842105263157895 0 nan nan 0
-11.052631578947368 -6.315789473684211 0 nan nan 0
-11.052631578947368 -5.789473684210526 0 nan nan 0
-11.052631578947368 -5.263157894736842 0 nan nan 0
-11.052631578947368 -4.7368421052631575 0 nan nan 0
-11.052631578947368 -4.2105263157894735 0 nan nan 0
-11.052631578947368 -3.6842105263157894 0 nan nan 0
-11.052631578947368 -3.1578947368421053 0 nan nan 0
-11.052631578947368 -2.631578947368421 0 nan nan 0
-11.052631578947368 -2.1052631578947367 0 nan nan 0
-11.052631578947368 -1.5789473684210527 1 nan nan 0
-11.052631578947368 -1.0526315789473684 1 nan nan 0
-11.052631578947368 -0.5263157894736842 1 nan nan 0
-11.052631578947368 -0.0 1 nan nan 0
-11.052631578947368 0.0 1 nan nan 0
-11.052631578947368 0.5263157894736842 1 nan nan 0
-11.052631578947368 1.0526315789473684 1 nan nan 0
-11.052631578947368 1.5789473684210527 1 nan nan 0
-11.052631578947368 2.1052631578947367 0 nan nan 0
-11.052631578947368 2.631578947368421 0 nan nan 0
-11.052631578947368 3.1578947368421053 0 nan nan 0
-11.052631578947368 3.6842105263157894 0 nan nan 0
-11.052631578947368 4.2105263157894735 0 nan nan 0
-11.052631578947368 4.7368421052631575 0 nan nan 0
-11.052631578947368 5.263157894736842 0 nan nan 0
-11.052631578947368 5.789473684210526 0 nan nan 0
-11.052631578947368 6.315789473684211 0 nan nan 0
-11.052631578947368 6.842105263157895 0 nan nan 0
-11.052631578947368 7.368421052631579 0 nan nan 0
-11.052631578947368 7.894736842105263 0 nan nan 0
-11.052631578947368 8.421052631578947 0 nan nan 0
-11.052631578947368 8.947368421052632 0 nan nan 0
-11.052631578947368 9.473684210526315 0 nan nan 0
-9.473684210526315 -9.473684210526315 0 3.5588427997468724e+284 7.117685599493745e+284 0
-9.473684210526315 -8.947368421052632 0 nan nan 0
-9.473684210526315 -8.421052631578947 0 nan nan 0
-9.473684210526315 -7.894736842105263 0 nan nan 0
-9.473684210526315 -7.368421052631579 0 nan nan 0
-9.473684210526315 -6.842105263157895 0 nan nan 0
-9.473684210526315 -6.315789473684211 0 nan nan 0
-9.473684210526315 -5.789473684210526 0 nan nan 0
-9.473684210526315 -5.263157894736842 0 nan nan 0
-9.473684210526315 -4.7368421052631575 0 nan nan 0
-9.473684210526315 -4.2105263157894735 0 nan nan 0
-9.473684210526315 -3.6842105263157894 0 nan nan 0
-9.473684210526315 -3.1578947368421053 0 nan nan 0
-9.473684210526315 -2.631578947368421 0 nan nan 0
-9.473684210526315 -2.1052631578947367 0 nan nan 0
-9.473684210526315 -1.5789473684210527 1 nan nan 0
-9.473684210526315 -1.0526315789473684 1 nan nan 0
-9.473684210526315 -0.5263157894736842 1 nan nan 0
-9.473684210526315 -0.0 1 nan nan 0
-9.473684210526315 0.0 1 nan nan 0
-9.473684210526315 0.5263157894736842 1 nan nan 0
-9.473684210526315 1.0526315789473684 1 nan nan 0
-9.473684210526315 1.5789473684210527 1 nan nan 0
-9.473684210526315 2.1052631578947367 0 nan nan 0
-9.473684210526315 2.631578947368421 0 nan nan 0
-9.473684210526315 3.1578947368421053 0 nan nan 0
-9.473684210526315 3.6842105263157894 0 nan nan 0
-9.473684210526315 4.2105263157894735 0 nan nan 0
-9.473684210526315 4.7368421052631575 0 nan nan 0
-9.473684210526315 5.263157894736842 0 nan nan 0
-9.473684210526315 5.789473684210526 0 nan nan 0
-9.473684210526315 6.315789473684211 0 nan nan 0
-9.473684210526315 6.842105263157895 0 nan nan 0
-9.473684210526315 7.368421052631579 0 nan nan 0
-9.473684210526315 7.894736842105263 0 nan nan 0
-9.473684210526315 8.421052631578947 0 nan nan 0
-9.473684210526315 8.947368421052632 0 nan nan 0
-9.473684210526315 9.473684210526315 0 nan nan 0
-7.894736842105264 -9.473684210526315 0 -inf -inf 0
-7.894736842105264 -8.947368421052632 0 nan nan 0
-7.894736842105264 -8.421052631578947 0 nan nan 0
-7.894736842105264 -7.894736842105263 0 nan nan 0
-7.894736842105264 -7.368421052631579 0 nan nan 0
-7.894736842105264 -6.842105263157895 0 nan nan 0
-7.894736842105264 -6.315789473684211 0 nan nan 0
-7.894736842105264 -5.789473684210526 0 nan nan 0
-7.894736842105264 -5.263157894736842 0 nan nan 0
-7.894736842105264 -4.7368421052631575 0 nan nan 0
-7.894736842105264 -4.2105263157894735 0 nan nan 0
-7.894736842105264 -3.6842105263157894 0 nan nan 0
-7.894736842105264 -3.1578947368421053 0 nan nan 0
-7.894736842105264 -2.631578947368421 0 nan nan 0
-7.894736842105264 -2.1052631578947367 0 nan nan 0
-7.894736842105264 -1.5789473684210527 1 nan nan 0
-7.894736842105264 -1.0526315789473684 1 nan nan 0
-7.894736842105264 -0.5263157894736842 1 nan nan 0
-7.894736842105264 -0.0 1 nan nan 0
-7.894736842105264 0.0 1 nan nan 0
-7.894736842105264 0.5263157894736842 1 nan nan 0
-7.894736842105264 1.0526315789473684 1 nan nan 0
-7.894736842105264 1.5789473684210527 1 nan nan 0
-7.894736842105264 2.1052631578947367 0 nan nan 0
-7.894736842105264 2.631578947368421 0 nan nan 0
-7.894736842105264 3.1578947368421053 0 nan nan 0
-7.894736842105264 3.6842105263157894 0 nan nan 0
-7.894736842105264 4.2105263157894735 0 nan nan 0
-7.894736842105264 4.7368421052631575 0 nan nan 0
-7.894736842105264 5.263157894736842 0 nan nan 0
-7.894736842105264 5.789473684210526 0 nan nan 0
-7.894736842105264 6.315789473684211 0 nan nan 0
-7.894736842105264 6.842105263157895 0 nan nan 0
-7.894736842105264 7.368421052631579 0 nan nan 0
-7.894736842105264 7.894736842105263 0 nan nan 0
-7.894736842105264 8.421052631578947 0 nan nan 0
-7.894736842105264 8.947368421052632 0 nan nan 0
-7.894736842105264 9.473684210526315 0 nan nan 0
-6.315789473684211 -9.473684210526315 0 -inf -inf 0
-6.315789473684211 -8.947368421052632 0 nan nan 0
-6.315789473684211 -8.421052631578947 0 nan nan 0
-6.315789473684211 -7.894736842105263 0 nan nan 0
-6.315789473684211 -7.368421052631579 0 nan nan 0
-6.315789473684211 -6.842105263157895 0 nan nan 0
-6.315789473684211 -6.315789473684211 0 nan nan 0
-6.315789473684211 -5.789473684210526 0 nan nan 0
-6.315789473684211 -5.263157894736842 0 nan nan 0
-6.315789473684211 -4.7368421052631575 0 nan nan 0
-6.315789473684211 -4.2105263157894735 0 nan nan 0
-6.315789473684211 -3.6842105263157894 0 nan nan 0
-6.315789473684211 -3.1578947368421053 0 nan nan 0
-6.315789473684211 -2.631578947368421 0 nan nan 0
-6.315789473684211 -2.1052631578947367 0 nan nan 0
-6.315789473684211 -1.5789473684210527 1 nan nan 0
-6.315789473684211 -1.0526315789473684 1 nan nan 0
-6.315789473684211 -0.5263157894736842 1 nan nan 0
-6.315789473684211 -0.0 1 nan nan 0
-6.315789473684211 0.0 1 nan nan 0
-6.315789473684211 0.5263157894736842 1 nan nan 0
-6.315789473684211 1.0526315789473684 1 nan nan 0
-6.315789473684211 1.5789473684210527 1 nan nan 0
-6.315789473684211 2.1052631578947367 0 nan nan 0
-6.315789473684211 2.631578947368421 0 nan nan 0
-6.315789473684211 3.1578947368421053 0 nan nan 0
-6.315789473684211 3.6842105263157894 0 nan nan 0
-6.315789473684211 4.2105263157894735 0 nan nan 0
-6.315789473684211 4.7368421052631575 0 nan nan 0
-6.315789473684211 5.263157894736842 0 nan nan 0
-6.315789473684211 5.789473684210526 0 nan nan 0
-6.315789473684211 6.315789473684211 0 nan nan 0
-6.315789473684211 6.842105263157895 0 nan nan 0
-6.315789473684211 7.368421052631579 0 nan nan 0
-6.315789473684211 7.894736842105263 0 nan nan 0
-6.315789473684211 8.421052631578947 0 nan nan 0
-6.315789473684211 8.947368421052632 0 nan nan 0
-6.315789473684211 9.473684210526315 0 nan nan 0
-4.7368421052631575 -9.473684210526315 0 nan nan 0
-4.7368421052631575 -8.947368421052632 0 nan nan 0
-4.7368421052631575 -8.421052631578947 0 nan nan 0
-4.7368421052631575 -7.894736842105263 0 nan nan 0
-4.7368421052631575 -7.368421052631579 0 nan nan 0
-4.7368421052631575 -6.842105263157895 0 nan nan 0
-4.7368421052631575 -6.315789473684211 0 nan nan 0
-4.7368421052631575 -5.789473684210526 0 nan nan 0
-4.7368421052631575 -5.263157894736842 0 nan nan 0
-4.7368421052631575 -4.7368421052631575 0 nan nan 0
-4.7368421052631575 -4.2105263157894735 0 nan nan 0
-4.7368421052631575 -3.6842105263157894 0 nan nan 0
-4.7368421052631575 -3.1578947368421053 0 nan nan 0
-4.7368421052631575 -2.631578947368421 0 nan nan 0
-4.7368421052631575 -2.1052631578947367 0 nan nan 0
-4.7368421052631575 -1.5789473684210527 1 nan nan 0
-4.7368421052631575 -1.0526315789473684 1 nan nan 0
-4.7368421052631575 -0.5263157894736842 1 nan nan 0
-4.7368421052631575 -0.0 1 nan nan 0
-4.7368421052631575 0.0 1 nan nan 0
-4.7368421052631575 0.5263157894736842 1 nan nan 0
-4.7368421052631575 1.0526315789473684 1 nan nan 0
-4.7368421052631575 1.5789473684210527 1 nan nan 0
-4.7368421052631575 2.1052631578947367 0 nan nan 0
-4.7368421052631575 2.631578947368421 0 nan nan 0
-4.7368421052631575 3.1578947368421053 0 nan nan 0
-4.7368421052631575 3.6842105263157894 0 nan nan 0
-4.7368421052631575 4.2105263157894735 0 nan nan 0
-4.7368421052631575 4.7368421052631575 0 nan nan 0
-4.7368421052631575 5.263157894736842 0 nan nan 0
-4.7368421052631575 5.789473684210526 0 nan nan 0
-4.7368421052631575 6.315789473684211 0 nan nan 0
-4.7368421052631575 6.842105263157895 0 nan nan 0
-4.7368421052631575 7.368421052631579 0 nan nan 0
-4.7368421052631575 7.894736842105263 0 nan nan 0
-4.7368421052631575 8.421052631578947 0 nan nan 0
-4.7368421052631575 8.947368421052632 0 nan nan 0
-4.7368421052631575 9.473684210526315 0 nan nan 0
-3.1578947368421053 -9.473684210526315 0 nan nan 0
-3.1578947368421053 -8.947368421052632 0 nan nan 0
-3.1578947368421053 -8.421052631578947 0 nan nan 0
-3.1578947368421053 -7.894736842105263 0 nan nan 0
-3.1578947368421053 -7.368421052631579 0 nan nan 0
-3.1578947368421053 -6.842105263157895 0 nan nan 0
-3.1578947368421053 -6.315789473684211 0 nan nan 0
-3.1578947368421053 -5.789473684210526 0 nan nan 0
-3.1578947368421053 -5.263157894736842 0 nan nan 0
-3.1578947368421053 -4.7368421052631575 0 nan nan 0
-3.1578947368421053 -4.2105263157894735 0 nan nan 0
-3.1578947368421053 -3.6842105263157894 0 nan nan 0
-3.1578947368421053 -3.1578947368421053 0 nan nan 0
-3.1578947368421053 -2.631578947368421 0 nan nan 0
-3.1578947368421053 -2.1052631578947367 0 nan nan 0
-3.1578947368421053 -1.5789473684210527 1 nan nan 0
-3.1578947368421053 -1.0526315789473684 1 nan nan 0
-3.1578947368421053 -0.5263157894736842 1 nan nan 0
-3.1578947368421053 -0.0 1 nan nan 0
-3.1578947368421053 0.0 1 nan nan 0
-3.1578947368421053 0.5263157894736842 1 nan nan 0
-3.1578947368421053 1.0526315789473684 1 nan nan 0
-3.1578947368421053 1.5789473684210527 1 nan nan 0
-3.1578947368421053 2.1052631578947367 0 nan nan 0
-3.1578947368421053 2.631578947368421 0 nan nan 0
-3.1578947368421053 3.1578947368421053 0 nan nan 0
-3.1578947368421053 3.6842105263157894 0 nan nan 0
-3.1578947368421053 4.2105263157894735 0 nan nan 0
-3.1578947368421053 4.7368421052631575 0 nan nan 0
-3.1578947368421053 5.263157894736842 0 nan nan 0
-3.1578947368421053 5.789473684210526 0 nan nan 0
-3.1578947368421053 6.315789473684211 0 nan nan 0
-3.1578947368421053 6.842105263157895 0 nan nan 0
-3.1578947368421053 7.368421052631579 0 nan nan 0
-3.1578947368421053 7.894736842105263 0 nan nan 0
-3.1578947368421053 8.421052631578947 0 nan nan 0
-3.1578947368421053 8.947368421052632 0 nan nan 0
-3.1578947368421053 9.473684210526315 0 nan nan 0
-1.5789473684210527 -9.473684210526315 0 nan nan 0
-1.5789473684210527 -8.947368421052632 0 nan nan 0
-1.5789473684210527 -8.421052631578947 0 nan nan 0
-1.5789473684210527 -7.894736842105263 0 nan nan 0
-1.5789473684210527 -7.368421052631579 0 nan nan 0
-1.5789473684210527 -6.842105263157895 0 nan nan 0
-1.5789473684210527 -6.315789473684211 0 nan nan 0
-1.5789473684210527 -5.789473684210526 0 nan nan 0
-1.5789473684210527 -5.263157894736842 0 nan nan 0
-1.5789473684210527 -4.7368421052631575 0 nan nan 0
-1.5789473684210527 -4.2105263157894735 0 nan nan 0
-1.5789473684210527 -3.6842105263157894 0 nan nan 0
-1.5789473684210527 -3.1578947368421053 0 nan nan 0
-1.5789473684210527 -2.631578947368421 0 nan nan 0
-1.5789473684210527 -2.1052631578947367 0 nan nan 0
-1.5789473684210527 -1.5789473684210527 1 nan nan 0
-1.5789473684210527 -1.0526315789473684 1 nan nan 0
-1.5789473684210527 -0.5263157894736842 1 nan nan 0
-1.5789473684210527 -0.0 1 nan nan 0
-1.5789473684210527 0.0 1 nan nan 0
-1.5789473684210527 0.5263157894736842 1 nan nan 0
-1.5789473684210527 1.0526315789473684 1 nan nan 0
-1.5789473684210527 1.5789473684210527 1 nan nan 0
-1.5789473684210527 2.1052631578947367 0 nan nan 0
-1.5789473684210527 2.631578947368421 0 nan nan 0
-1.5789473684210527 3.1578947368421053 0 nan nan 0
-1.5789473684210527 3.6842105263157894 0 nan nan 0
-1.5789473684210527 4.2105263157894735 0 nan nan 0
-1.5789473684210527 4.7368421052631575 0 nan nan 0
-1.5789473684210527 5.263157894736842 0 nan nan 0
-1.5789473684210527 5.789473684210526 0 nan nan 0
-1.5789473684210527 6.315789473684211 0 nan nan 0
-1.5789473684210527 6.842105263157895 0 nan nan 0
-1.5789473684210527 7.368421052631579 0 nan nan 0
-1.5789473684210527 7.894736842105263 0 nan nan 0
-1.5789473684210527 8.421052631578947 0 nan nan 0
-1.5789473684210527 8.947368421052632 0 nan nan 0
-1.5789473684210527 9.473684210526315 0 nan nan 0
-0.0 -9.473684210526315 0 nan nan 0
-0.0 -8.947368421052632 0 nan nan 0
-0.0 -8.421052631578947 0 nan nan 0
-0.0 -7.894736842105263 0 nan nan 0
-0.0 -7.368421052631579 0 nan nan 0
-0.0 -6.842105263157895 0 nan nan 0
-0.0 -6.315789473684211 0 nan nan 0
-0.0 -5.789473684210526 0 nan nan 0
-0.0 -5.263157894736842 0 nan nan 0
-0.0 -4.7368421052631575 0 nan nan 0
-0.0 -4.2105263157894735 0 nan nan 0
-0.0 -3.6842105263157894 0 nan nan 0
-0.0 -3.1578947368421053 0 nan nan 0
-0.0 -2.631578947368421 0 nan nan 0
-0.0 -2.1052631578947367 0 nan nan 0
-0.0 -1.5789473684210527 0 nan nan 0
-0.0 -1.0526315789473684 1 nan nan 0
-0.0 -0.5263157894736842 1 nan nan 0
-0.0 -0.0 1 nan nan 0
-0.0 0.0 1 nan nan 0
-0.0 0.5263157894736842 1 nan nan 0
-0.0 1.0526315789473684 1 nan nan 0
-0.0 1.5789473684210527 0 nan nan 0
-0.0 2.1052631578947367 0 nan nan 0
-0.0 2.631578947368421 0 nan nan 0
-0.0 3.1578947368421053 0 nan nan 0
-0.0 3.6842105263157894 0 nan nan 0
-0.0 4.2105263157894735 0 nan nan 0
-0.0 4.7368421052631575 0 nan nan 0
-0.0 5.263157894736842 0 nan nan 0
-0.0 5.789473684210526 0 nan nan 0
-0.0 6.315789473684211 0 nan nan 0
-0.0 6.842105263157895 0 nan nan 0
-0.0 7.368421052631579 0 nan nan 0
-0.0 7.894736842105263 0 nan nan 0
-0.0 8.421052631578947 0 nan nan 0
-0.0 8.947368421052632 0 nan nan 0
-0.0 9.473684210526315 0 nan nan 0
0.0 -9.473684210526315 0 nan nan 0
0.0 -8.947368421052632 0 nan nan 0
0.0 -8.421052631578947 0 nan nan 0
0.0 -7.894736842105263 0 nan nan 0
0.0 -7.368421052631579 0 nan nan 0
0.0 -6.842105263157895 0 nan nan 0
0.0 -6.315789473684211 0 nan nan 0
0.0 -5.789473684210526 0 nan nan 0
0.0 -5.263157894736842 0 nan nan 0
0.0 -4.7368421052631575 0 nan nan 0
0.0 -4.2105263157894735 0 nan nan 0
0.0 -3.6842105263157894 0 nan nan 0
0.0 -3.1578947368421053 0 nan nan 0
0.0 -2.631578947368421 0 nan nan 0
0.0 -2.1052631578947367 0 nan nan 0
0.0 -1.5789473684210527 0 nan nan 0
0.0 -1.0526315789473684 1 nan nan 0
0.0 -0.5263157894736842 1 nan nan 0
0.0 -0.0 1 nan nan 0
0.0 0.0 1 nan nan 0
0.0 0.5263157894736842 1 nan nan 0
0.0 1.0526315789473684 1 nan nan 0
0.0 1.5789473684210527 0 nan nan 0
0.0 2.1052631578947367 0 nan nan 0
0.0 2.631578947368421 0 nan nan 0
0.0 3.1578947368421053 0 nan nan 0
0.0 3.6842105263157894 0 nan nan 0
0.0 4.2105263157894735 0 nan nan 0
0.0 4.7368421052631575 0 nan nan 0
0.0 5.263157894736842 0 nan nan 0
0.0 5.789473684210526 0 nan nan 0
0.0 6.315789473684211 0 nan nan 0
0.0 6.842105263157895 0 nan nan 0
0.0 7.368421052631579 0 nan nan 0
0.0 7.894736842105263 0 nan nan 0
0.0 8.421052631578947 0 nan nan 0
0.0 8.947368421052632 0 nan nan 0
0.0 9.473684210526315 0 nan nan 0
1.5789473684210527 -9.473684210526315 0 nan nan 0
1.5789473684210527 -8.947368421052632 0 nan nan 0
1.5789473684210527 -8.421052631578947 0 nan nan 0
1.5789473684210527 -7.894736842105263 0 nan nan 0
1.5789473684210527 -7.368421052631579 0 nan nan 0
1.5789473684210527 -6.842105263157895 0 nan nan 0
1.5789473684210527 -6.315789473684211 0 nan nan 0
1.5789473684210527 -5.789473684210526 0 nan nan 0
1.5789473684210527 -5.263157894736842 0 nan nan 0
1.5789473684210527 -4.7368421052631575 0 nan nan 0
1.5789473684210527 -4.2105263157894735 0 nan nan 0
1.5789473684210527 -3.6842105263157894 0 nan nan 0
1.5789473684210527 -3.1578947368421053 0 nan nan 0
1.5789473684210527 -2.631578947368421 0 nan nan 0
1.5789473684210527 -2.1052631578947367 0 nan nan 0
1.5789473684210527 -1.5789473684210527 0 nan nan 0
1.5789473684210527 -1.0526315789473684 1 nan nan -0.11249802470883492
1.5789473684210527 -0.5263157894736842 1 nan nan -0.11249802470883492
1.5789473684210527 -0.0 1 nan nan -0.11249802470883492
1.5789473684210527 0.0 1 nan nan -0.11249802470883492
1.5789473684210527 0.5263157894736842 1 nan nan -0.11249802470883492
1.5789473684210527 1.0526315789473684 0 nan nan 0
1.5789473684210527 1.5789473684210527 0 nan nan 0
1.5789473684210527 2.1052631578947367 0 nan nan 0
1.5789473684210527 2.631578947368421 0 nan nan 0
1.5789473684210527 3.1578947368421053 0 nan nan 0
1.5789473684210527 3.6842105263157894 0 nan nan 0
1.5789473684210527 4.2105263157894735 0 nan nan 0
1.5789473684210527 4.7368421052631575 0 nan nan 0
1.5789473684210527 5.263157894736842 0 nan nan 0
1.5789473684210527 5.789473684210526 0 nan nan 0
1.5789473684210527 6.315789473684211 0 nan nan 0
1.5789473684210527 6.842105263157895 0 nan nan 0
1.5789473684210527 7.368421052631579 0 nan nan 0
1.5789473684210527 7.894736842105263 0 nan nan 0
1.5789473684210527 8.421052631578947 0 nan nan 0
1.5789473684210527 8.947368421052632 0 nan nan 0
1.5789473684210527 9.473684210526315 0 nan nan 0
3.1578947368421053 -9.473684210526315 0 nan nan 0
3.1578947368421053 -8.947368421052632 0 nan nan 0
3.1578947368421053 -8.421052631578947 0 nan nan 0
3.1578947368421053 -7.894736842105263 0 nan nan 0
3.1578947368421053 -7.368421052631579 0 nan nan 0
3.1578947368421053 -6.842105263157895 0 nan nan 0
3.1578947368421053 -6.315789473684211 0 nan nan 0
3.1578947368421053 -5.789473684210526 0 nan nan 0
3.1578947368421053 -5.263157894736842 0 nan nan 0
3.1578947368421053 -4.7368421052631575 0 nan nan 0
3.1578947368421053 -4.2105263157894735 0 nan nan 0
3.1578947368421053 -3.6842105263157894 0 nan nan 0
3.1578947368421053 -3.1578947368421053 0 nan nan 0
3.1578947368421053 -2.631578947368421 0 nan nan 0
3.1578947368421053 -2.1052631578947367 0 nan nan 0
3.1578947368421053 -1.5789473684210527 0 nan nan 0
3.1578947368421053 -1.0526315789473684 1 nan nan 0.11795917196224315
3.1578947368421053 -0.5263157894736842 1 nan nan 0.11795917196224315
3.1578947368421053 -0.0 1 nan nan 0.11795917196224315
3.1578947368421053 0.0 1 nan nan 0.11795917196224315
3.1578947368421053 0.5263157894736842 1 nan nan 0.11795917196224315
3.1578947368421053 1.0526315789473684 0 nan nan 0
3.1578947368421053 1.5789473684210527 0 nan nan 0
3.1578947368421053 2.1052631578947367 0 nan nan 0
3.1578947368421053 2.631578947368421 0 nan nan 0
3.1578947368421053 3.1578947368421053 0 nan nan 0
3.1578947368421053 3.6842105263157894 0 nan nan 0
3.1578947368421053 4.2105263157894735 0 nan nan 0
3.1578947368421053 4.7368421052631575 0 nan nan 0
3.1578947368421053 5.263157894736842 0 nan nan 0
3.1578947368421053 5.789473684210526 0 nan nan 0
3.1578947368421053 6.315789473684211 0 nan nan 0
3.1578947368421053 6.842105263157895 0 nan nan 0
3.1578947368421053 7.368421052631579 0 nan nan 0
3.1578947368421053 7.894736842105263 0 nan nan 0
3.1578947368421053 8.421052631578947 0 nan nan 0
3.1578947368421053 8.947368421052632 0 nan nan 0
3.1578947368421053 9.473684210526315 0 nan nan 0
4.7368421052631575 -9.473684210526315 0 nan nan 0
4.7368421052631575 -8.947368421052632 0 nan nan 0
4.7368421052631575 -8.421052631578947 0 nan nan 0
4.7368421052631575 -7.894736842105263 0 nan nan 0
4.7368421052631575 -7.368421052631579 0 nan nan 0
4.7368421052631575 -6.842105263157895 0 nan nan 0
4.7368421052631575 -6.315789473684211 0 nan nan 0
4.7368421052631575 -5.789473684210526 0 nan nan 0
4.7368421052631575 -5.263157894736842 0 nan nan 0
4.7368421052631575 -4.7368421052631575 0 nan nan 0
4.7368421052631575 -4.2105263157894735 0 nan nan 0
4.7368421052631575 -3.6842105263157894 0 nan nan 0
4.7368421052631575 -3.1578947368421053 0 nan nan 0
4.7368421052631575 -2.631578947368421 0 nan nan 0
4.7368421052631575 -2.1052631578947367 0 nan nan 0
4.7368421052631575 -1.5789473684210527 0 nan nan 0
4.7368421052631575 -1.0526315789473684 0 nan nan 0
4.7368421052631575 -0.5263157894736842 1 nan nan 0.41313912131991193
4.7368421052631575 -0.0 1 nan nan 0.41313912131991193
4.7368421052631575 0.0 1 nan nan 0.41313912131991193
4.7368421052631575 0.5263157894736842 1 nan nan 0.41313912131991193
4.7368421052631575 1.0526315789473684 1 nan nan 0.41313912131991193
4.7368421052631575 1.5789473684210527 0 nan nan 0
4.7368421052631575 2.1052631578947367 0 nan nan 0
4.7368421052631575 2.631578947368421 0 nan nan 0
4.7368421052631575 3.1578947368421053 0 nan nan 0
4.7368421052631575 3.6842105263157894 0 nan nan 0
4.7368421052631575 4.2105263157894735 0 nan nan 0
4.7368421052631575 4.7368421052631575 0 nan nan 0
4.7368421052631575 5.263157894736842 0 nan nan 0
4.7368421052631575 5.789473684210526 0 nan nan 0
4.7368421052631575 6.315789473684211 0 nan nan 0
4.7368421052631575 6.842105263157895 0 nan nan 0
4.7368421052631575 7.368421052631579 0 nan nan 0
4.7368421052631575 7.894736842105263 0 nan nan 0
4.7368421052631575 8.421052631578947 0 nan nan 0
4.7368421052631575 8.947368421052632 0 nan nan 0
4.7368421052631575 9.473684210526315 0 nan nan 0
6.315789473684211 -9.473684210526315 0 nan nan 0
6.315789473684211 -8.947368421052632 0 nan nan 0
6.315789473684211 -8.421052631578947 0 nan nan 0
6.315789473684211 -7.894736842105263 0 nan nan 0
6.315789473684211 -7.368421052631579 0 nan nan 0
6.315789473684211 -6.842105263157895 0 nan nan 0
6.315789473684211 -6.315789473684211 0 nan nan 0
6.315789473684211 -5.789473684210526 0 nan nan 0
6.315789473684211 -5.263157894736842 0 nan nan 0
6.315789473684211 -4.7368421052631575 0 nan nan 0
6.315789473684211 -4.2105263157894735 0 nan nan 0
6.315789473684211 -3.6842105263157894 0 nan nan 0
6.315789473684211 -3.1578947368421053 0 nan nan 0
6.315789473684211 -2.631578947368421 0 nan nan 0
6.315789473684211 -2.1052631578947367 0 nan nan 0
6.315789473684211 -1.5789473684210527 0 nan nan 0
6.315789473684211 -1.0526315789473684 0 nan nan 0
6.315789473684211 -0.5263157894736842 0 nan nan 0
6.315789473684211 -0.0 0 nan nan 0
6.315789473684211 0.0 0 nan nan 0
6.315789473684211 0.5263157894736842 1 nan nan 0.35043870172527286
6.315789473684211 1.0526315789473684 1 nan nan 0.35043870172527286
6.315789473684211 1.5789473684210527 1 nan nan 0.35043870172527286
6.315789473684211 2.1052631578947367 0 nan nan 0
6.315789473684211 2.631578947368421 0 nan nan 0
6.315789473684211 3.1578947368421053 0 nan nan 0
6.315789473684211 3.6842105263157894 0 nan nan 0
6.315789473684211 4.2105263157894735 0 nan nan 0
6.315789473684211 4.7368421052631575 0 nan nan 0
6.315789473684211 5.263157894736842 0 nan nan 0
6.315789473684211 5.789473684210526 0 nan nan 0
6.315789473684211 6.315789473684211 0 nan nan 0
6.315789473684211 6.842105263157895 0 nan nan 0
6.315789473684211 7.368421052631579 0 nan nan 0
6.315789473684211 7.894736842105263 0 nan nan 0
6.315789473684211 8.421052631578947 0 nan nan 0
6.315789473684211 8.947368421052632 0 nan nan 0
6.315789473684211 9.473684210526315 0 nan nan 0
7.894736842105264 -9.473684210526315 0 nan nan 0
7.894736842105264 -8.947368421052632 0 nan nan 0
7.894736842105264 -8.421052631578947 0 nan nan 0
7.894736842105264 -7.894736842105263 0 nan nan 0
7.894736842105264 -7.368421052631579 0 nan nan 0
7.894736842105264 -6.842105263157895 0 nan nan 0
7.894736842105264 -6.315789473684211 0 nan nan 0
7.894736842105264 -5.789473684210526 0 nan nan 0
7.894736842105264 -5.263157894736842 0 nan nan 0
7.894736842105264 -4.7368421052631575 0 nan nan 0
7.894736842105264 -4.2105263157894735 0 nan nan 0
7.894736842105264 -3.6842105263157894 0 nan nan 0
7.894736842105264 -3.1578947368421053 0 nan nan 0
7.894736842105264 -2.631578947368421 0 nan nan 0
7.894736842105264 -2.1052631578947367 0 nan nan 0
7.894736842105264 -1.5789473684210527 0 nan nan 0
7.894736842105264 -1.0526315789473684 0 nan nan 0
7.894736842105264 -0.5263157894736842 0 nan nan 0
7.894736842105264 -0.0 0 nan nan 0
7.894736842105264 0.0 0 nan nan 0
7.894736842105264 0.5263157894736842 0 nan nan 0
7.894736842105264 1.0526315789473684 0 nan nan 0
7.894736842105264 1.5789473684210527 1 nan nan -0.5036586256557353
7.894736842105264 2.1052631578947367 1 nan nan -0.5036586256557353
7.894736842105264 2.631578947368421 1 nan nan -0.5036586256557353
7.894736842105264 3.1578947368421053 0 nan nan 0
7.894736842105264 3.6842105263157894 0 nan nan 0
7.894736842105264 4.2105263157894735 0 nan nan 0
7.894736842105264 4.7368421052631575 0 nan nan 0
7.894736842105264 5.263157894736842 0 nan nan 0
7.894736842105264 5.789473684210526 0 nan nan 0
7.894736842105264 6.315789473684211 0 nan nan 0
7.894736842105264 6.842105263157895 0 nan nan 0
7.894736842105264 7.368421052631579 0 nan nan 0
7.894736842105264 7.894736842105263 0 nan nan 0
7.894736842105264 8.421052631578947 0 nan nan 0
7.894736842105264 8.947368421052632 0 nan nan 0
7.894736842105264 9.473684210526315 0 nan nan 0
9.473684210526315 -9.473684210526315 0 nan nan 0
9.473684210526315 -8.947368421052632 0 nan nan 0
9.473684210526315 -8.421052631578947 0 nan nan 0
9.473684210526315 -7.894736842105263 0 nan nan 0
9.473684210526315 -7.368421052631579 0 nan nan 0
9.473684210526315 -6.842105263157895 0 nan nan 0
9.473684210526315 -6.315789473684211 0 nan nan 0
9.473684210526315 -5.789473684210526 0 nan nan 0
9.473684210526315 -5.263157894736842 0 nan nan 0
9.473684210526315 -4.7368421052631575 0 nan nan 0
9.473684210526315 -4.2105263157894735 0 nan nan 0
9.473684210526315 -3.6842105263157894 0 nan nan 0
9.473684210526315 -3.1578947368421053 0 nan nan 0
9.473684210526315 -2.631578947368421 0 nan nan 0
9.473684210526315 -2.1052631578947367 0 nan nan 0
9.473684210526315 -1.5789473684210527 0 nan nan 0
9.473684210526315 -1.0526315789473684 0 nan nan 0
9.473684210526315 -0.5263157894736842 0 nan nan 0
9.473684210526315 -0.0 0 nan nan 0
9.473684210526315 0.0 0 nan nan 0
9.473684210526315 0.5263157894736842 0 nan nan 0
9.473684210526315 1.0526315789473684 0 nan nan 0
9.473684210526315 1.5789473684210527 0 nan nan 0
9.473684210526315 2.1052631578947367 0 nan nan 0
9.473684210526315 2.631578947368421 1 nan nan -2.4440677078024233
9.473684210526315 3.1578947368421053 1 nan nan -2.4440677078024233
9.473684210526315 3.6842105263157894 1 nan nan -2.4440677078024233
9.473684210526315 4.2105263157894735 0 nan nan 0
9.473684210526315 4.7368421052631575 0 nan nan 0
9.473684210526315 5.263157894736842 0 nan nan 0
9.473684210526315 5.789473684210526 0 nan nan 0
9.473684210526315 6.315789473684211 0 nan nan 0
9.473684210526315 6.842105263157895 0 nan nan 0
9.473684210526315 7.368421052631579 0 nan nan 0
9.473684210526315 7.894736842105263 0 nan nan 0
9.473684210526315 8.421052631578947 0 nan nan 0
9.473684210526315 8.947368421052632 0 nan nan 0
9.473684210526315 9.473684210526315 0 nan nan 0
11.052631578947368 -9.473684210526315 0 nan nan 0
11.052631578947368 -8.947368421052632 0 nan nan 0
11.052631578947368 -8.421052631578947 0 nan nan 0
11.052631578947368 -7.894736842105263 0 nan nan 0
11.052631578947368 -7.368421052631579 0 nan nan 0
11.052631578947368 -6.842105263157895 0 nan nan 0
11.052631578947368 -6.315789473684211 0 nan nan 0
11.052631578947368 -5.789473684210526 0 nan nan 0
11.052631578947368 -5.263157894736842 0 nan nan 0
11.052631578947368 -4.7368421052631575 0 nan nan 0
11.052631578947368 -4.2105263157894735 0 nan nan 0
11.052631578947368 -3.6842105263157894 0 nan nan 0
11.052631578947368 -3.1578947368421053 0 nan nan 0
11.052631578947368 -2.631578947368421 0 nan nan 0
11.052631578947368 -2.1052631578947367 0 nan nan 0
11.052631578947368 -1.5789473684210527 0 nan nan 0
11.052631578947368 -1.0526315789473684 0 nan nan 0
11.052631578947368 -0.5263157894736842 0 nan nan 0
11.052631578947368 -0.0 0 nan nan 0
11.052631578947368 0.0 0 nan nan 0
11.052631578947368 0.5263157894736842 0 nan nan 0
11.052631578947368 1.0526315789473684 0 nan nan 0
11.052631578947368 1.5789473684210527 0 nan nan 0
11.052631578947368 2.1052631578947367 0 nan nan 0
11.052631578947368 2.631578947368421 1 nan nan -5.495058225907116
11.052631578947368 3.1578947368421053 1 nan nan -5.495058225907116
11.052631578947368 3.6842105263157894 1 nan nan -5.495058225907116
11.052631578947368 4.2105263157894735 0 nan nan -5.42963173579467
11.052631578947368 4.7368421052631575 0 nan nan 0
11.052631578947368 5.263157894736842 0 nan nan 0
11.052631578947368 5.789473684210526 0 nan nan 0
11.052631578947368 6.315789473684211 0 nan nan 0
11.052631578947368 6.842105263157895 0 nan nan 0
11.052631578947368 7.368421052631579 0 nan nan 0
11.052631578947368 7.894736842105263 0 nan nan 0
11.052631578947368 8.421052631578947 0 nan nan 0
11.052631578947368 8.947368421052632 0 nan nan 0
11.052631578947368 9.473684210526315 0 nan nan 0
12.631578947368421 -9.473684210526315 0 nan nan 0
12.631578947368421 -8.947368421052632 0 nan nan 0
12.631578947368421 -8.421052631578947 0 nan nan 0
12.631578947368421 -7.894736842105263 0 nan nan 0
12.631578947368421 -7.368421052631579 0 nan nan 0
12.631578947368421 -6.842105263157895 0 nan nan 0
12.631578947368421 -6.315789473684211 0 nan nan 0
12.631578947368421 -5.789473684210526 0 nan nan 0
12.631578947368421 -5.263157894736842 0 nan nan 0
12.631578947368421 -4.7368421052631575 0 nan nan 0
12.631578947368421 -4.2105263157894735 0 nan nan 0
12.631578947368421 -3.6842105263157894 0 nan nan 0
12.631578947368421 -3.1578947368421053 0 nan nan 0
12.631578947368421 -2.631578947368421 0 nan nan 0
12.631578947368421 -2.1052631578947367 0 nan nan 0
12.631578947368421 -1.5789473684210527 0 nan nan 0
12.631578947368421 -1.0526315789473684 0 nan nan 0
12.631578947368421 -0.5263157894736842 0 nan nan 0
12.631578947368421 -0.0 0 nan nan 0
12.631578947368421 0.0 0 nan nan 0
12.631578947368421 0.5263157894736842 0 nan nan 0
12.631578947368421 1.0526315789473684 0 nan nan 0
12.631578947368421 1.5789473684210527 0 nan nan 0
12.631578947368421 2.1052631578947367 0 nan nan 0
12.631578947368421 2.631578947368421 1 nan nan -9.327425239627779
12.631578947368421 3.1578947368421053 1 nan nan -9.327425239627779
12.631578947368421 3.6842105263157894 0 nan nan -9.219286638741288
12.631578947368421 4.2105263157894735 0 nan nan 0
12.631578947368421 4.7368421052631575 0 nan nan 0
12.631578947368421 5.263157894736842 0 nan nan 0
12.631578947368421 5.789473684210526 0 nan nan 0
12.631578947368421 6.315789473684211 0 nan nan 0
12.631578947368421 6.842105263157895 0 nan nan 0
12.631578947368421 7.368421052631579 0 nan nan 0
12.631578947368421 7.894736842105263 0 nan nan 0
12.631578947368421 8.421052631578947 0 nan nan 0
12.631578947368421 8.947368421052632 0 nan nan 0
12.631578947368421 9.473684210526315 0 nan nan 0
14.210526315789474 -9.473684210526315 0 nan nan 0
14.210526315789474 -8.947368421052632 0 nan nan 0
14.210526315789474 -8.421052631578947 0 nan nan 0
14.210526315789474 -7.894736842105263 0 nan nan 0
14.210526315789474 -7.368421052631579 0 nan nan 0
14.210526315789474 -6.842105263157895 0 nan nan 0
14.210526315789474 -6.315789473684211 0 nan nan 0
14.210526315789474 -5.789473684210526 0 nan nan 0
14.210526315789474 -5.263157894736842 0 nan nan 0
14.210526315789474 -4.7368421052631575 0 nan nan 0
14.210526315789474 -4.2105263157894735 0 nan nan 0
14.210526315789474 -3.6842105263157894 0 nan nan 0
14.210526315789474 -3.1578947368421053 0 nan nan 0
14.210526315789474 -2.631578947368421 0 nan nan 0
14.210526315789474 -2.1052631578947367 0 nan nan 0
14.210526315789474 -1.5789473684210527 0 nan nan 0
14.210526315789474 -1.0526315789473684 0 nan nan 0
14.210526315789474 -0.5263157894736842 0 nan nan 0
14.210526315789474 -0.0 0 nan nan 0
14.210526315789474 0.0 0 nan nan 0
14.210526315789474 0.5263157894736842 0 nan nan 0
14.210526315789474 1.0526315789473684 0 nan nan 0
14.210526315789474 1.5789473684210527 0 nan nan 0
14.210526315789474 2.1052631578947367 0 nan nan 0
14.210526315789474 2.631578947368421 0 nan nan 0
14.210526315789474 3.1578947368421053 0 nan nan 0
14.210526315789474 3.6842105263157894 0 nan nan 0
14.210526315789474 4.2105263157894735 0 nan nan 0
14.210526315789474 4.7368421052631575 0 nan nan 0
14.210526315789474 5.263157894736842 0 nan nan 0
14.210526315789474 5.789473684210526 0 nan nan 0
14.210526315789474 6.315789473684211 0 nan nan 0
14.210526315789474 6.842105263157895 0 nan nan 0
14.210526315789474 7.368421052631579 0 nan nan 0
14.210526315789474 7.894736842105263 0 nan nan 0
14.210526315789474 8.421052631578947 0 nan nan 0
14.210526315789474 8.947368421052632 0 nan nan 0
14.210526315789474 9.473684210526315 0 nan nan 0
15.789473684210527 -9.473684210526315 0 nan nan 0
15.789473684210527 -8.947368421052632 0 nan nan 0
15.789473684210527 -8.421052631578947 0 nan nan 0
15.789473684210527 -7.894736842105263 0 nan nan 0
15.789473684210527 -7.368421052631579 0 nan nan 0
15.789473684210527 -6.842105263157895 0 nan nan 0
15.789473684210527 -6.315789473684211 0 nan nan 0
15.789473684210527 -5.789473684210526 0 nan nan 0
15.789473684210527 -5.263157894736842 0 nan nan 0
15.789473684210527 -4.7368421052631575 0 nan nan 0
15.789473684210527 -4.2105263157894735 0 nan nan 0
15.789473684210527 -3.6842105263157894 0 nan nan 0
15.789473684210527 -3.1578947368421053 0 nan nan 0
15.789473684210527 -2.631578947368421 0 nan nan 0
15.789473684210527 -2.1052631578947367 0 nan nan 0
15.789473684210527 -1.5789473684210527 0 nan nan 0
15.789473684210527 -1.0526315789473684 0 nan nan 0
15.789473684210527 -0.5263157894736842 0 nan nan 0
15.789473684210527 -0.0 0 nan nan 0
15.789473684210527 0.0 0 nan nan 0
15.789473684210527 0.5263157894736842 0 nan nan 0
15.789473684210527 1.0526315789473684 0 nan nan 0
15.789473684210527 1.5789473684210527 0 nan nan 0
15.789473684210527 2.1052631578947367 0 nan nan 0
15.789473684210527 2.631578947368421 0 nan nan 0
15.789473684210527 3.1578947368421053 0 nan nan 0
15.789473684210527 3.6842105263157894 0 nan nan 0
15.789473684210527 4.2105263157894735 0 nan nan 0
15.789473684210527 4.7368421052631575 0 nan nan 0
15.789473684210527 5.263157894736842 0 nan nan 0
15.789473684210527 5.789473684210526 0 nan nan 0
15.789473684210527 6.315789473684211 0 nan nan 0
15.789473684210527 6.842105263157895 0 nan nan 0
15.789473684210527 7.368421052631579 0 nan nan 0
15.789473684210527 7.894736842105263 0 nan nan 0
15.789473684210527 8.421052631578947 0 nan nan 0
15.789473684210527 8.947368421052632 0 nan nan 0
15.789473684210527 9.473684210526315 0 nan nan 0
17.36842105263158 -9.473684210526315 0 nan nan 0
17.36842105263158 -8.947368421052632 0 nan nan 0
17.36842105263158 -8.421052631578947 0 nan nan 0
17.36842105263158 -7.894736842105263 0 nan nan 0
17.36842105263158 -7.368421052631579 0 nan nan 0
17.36842105263158 -6.842105263157895 0 nan nan 0
17.36842105263158 -6.315789473684211 0 nan nan 0
17.36842105263158 -5.789473684210526 0 nan nan 0
17.36842105263158 -5.263157894736842 0 nan nan 0
17.36842105263158 -4.7368421052631575 0 nan nan 0
17.36842105263158 -4.2105263157894735 0 nan nan 0
17.36842105263158 -3.6842105263157894 0 nan nan 0
17.36842105263158 -3.1578947368421053 0 nan nan 0
17.36842105263158 -2.631578947368421 0 nan nan 0
17.36842105263158 -2.1052631578947367 0 nan nan 0
17.36842105263158 -1.5789473684210527 0 nan nan 0
17.36842105263158 -1.0526315789473684 0 nan nan 0
17.36842105263158 -0.5263157894736842 0 nan nan 0
17.36842105263158 -0.0 0 nan nan 0
17.36842105263158 0.0 0 nan nan 0
17.36842105263158 0.5263157894736842 0 nan nan 0
17.36842105263158 1.0526315789473684 0 nan nan 0
17.36842105263158 1.5789473684210527 0 nan nan 0
17.36842105263158 2.1052631578947367 0 nan nan 0
17.36842105263158 2.631578947368421 0 nan nan 0
17.36842105263158 3.1578947368421053 0 nan nan 0
17.36842105263158 3.6842105263157894 0 nan nan 0
17.36842105263158 4.2105263157894735 0 nan nan 0
17.36842105263158 4.7368421052631575 0 nan nan 0
17.36842105263158 5.263157894736842 0 nan nan 0
17.36842105263158 5.789473684210526 0 nan nan 0
17.36842105263158 6.315789473684211 0 nan nan 0
17.36842105263158 6.842105263157895 0 nan nan 0
17.36842105263158 7.368421052631579 0 nan nan 0
17.36842105263158 7.894736842105263 0 nan nan 0
17.36842105263158 8.421052631578947 0 nan nan 0
17.36842105263158 8.947368421052632 0 nan nan 0
17.36842105263158 9.473684210526315 0 nan nan 0
18.94736842105263 -9.473684210526315 0 nan nan 0
18.94736842105263 -8.947368421052632 0 nan nan 0
18.94736842105263 -8.421052631578947 0 nan nan 0
18.94736842105263 -7.894736842105263 0 nan nan 0
18.94736842105263 -7.368421052631579 0 nan nan 0
18.94736842105263 -6.842105263157895 0 nan nan 0
18.94736842105263 -6.315789473684211 0 nan nan 0
18.94736842105263 -5.789473684210526 0 nan nan 0
18.94736842105263 -5.263157894736842 0 nan nan 0
18.94736842105263 -4.7368421052631575 0 nan nan 0
18.94736842105263 -4.2105263157894735 0 nan nan 0
18.94736842105263 -3.6842105263157894 0 nan nan 0
18.94736842105263 -3.1578947368421053 0 nan nan 0
18.94736842105263 -2.631578947368421 0 nan nan 0
18.94736842105263 -2.1052631578947367 0 nan nan 0
18.94736842105263 -1.5789473684210527 0 nan nan 0
18.94736842105263 -1.0526315789473684 0 nan nan 0
18.94736842105263 -0.5263157894736842 0 nan nan 0
18.94736842105263 -0.0 0 nan nan 0
18.94736842105263 0.0 0 nan nan 0
18.94736842105263 0.5263157894736842 0 nan nan 0
18.94736842105263 1.0526315789473684 0 nan nan 0
18.94736842105263 1.5789473684210527 0 nan nan 0
18.94736842105263 2.1052631578947367 0 nan nan 0
18.94736842105263 2.631578947368421 0 nan nan 0
18.94736842105263 3.1578947368421053 0 nan nan 0
18.94736842105263 3.6842105263157894 0 nan nan 0
18.94736842105263 4.2105263157894735 0 nan nan 0
18.94736842105263 4.7368421052631575 0 nan nan 0
18.94736842105263 5.263157894736842 0 nan nan 0
18.94736842105263 5.789473684210526 0 nan nan 0
18.94736842105263 6.315789473684211 0 nan nan 0
18.94736842105263 6.842105263157895 0 nan nan 0
18.94736842105263 7.368421052631579 0 nan nan 0
18.94736842105263 7.894736842105263 0 nan nan 0
18.94736842105263 8.421052631578947 0 nan nan 0
18.94736842105263 8.947368421052632 0 nan nan 0
18.94736842105263 9.473684210526315 0 nan nan 0
20.526315789473685 -9.473684210526315 0 nan nan 0
20.526315789473685 -8.947368421052632 0 nan nan 0
20.526315789473685 -8.421052631578947 0 nan nan 0
20.526315789473685 -7.894736842105263 0 nan nan 0
20.526315789473685 -7.368421052631579 0 nan nan 0
20.526315789473685 -6.842105263157895 0 nan nan 0
20.526315789473685 -6.315789473684211 0 nan nan 0
20.526315789473685 -5.789473684210526 0 nan nan 0
20.526315789473685 -5.263157894736842 0 nan nan 0
20.526315789473685 -4.7368421052631575 0 nan nan 0
20.526315789473685 -4.2105263157894735 0 nan nan 0
20.526315789473685 -3.6842105263157894 0 nan nan 0
20.526315789473685 -3.1578947368421053 0 nan nan 0
20.526315789473685 -2.631578947368421 0 nan nan 0
20.526315789473685 -2.1052631578947367 0 nan nan 0
20.526315789473685 -1.5789473684210527 0 nan nan 0
20.526315789473685 -1.0526315789473684 0 nan nan 0
20.526315789473685 -0.5263157894736842 0 nan nan 0
20.526315789473685 -0.0 0 nan nan 0
20.526315789473685 0.0 0 nan nan 0
20.526315789473685 0.5263157894736842 0 nan nan 0
20.526315789473685 1.0526315789473684 0 nan nan 0
20.526315789473685 1.5789473684210527 0 nan nan 0
20.526315789473685 2.1052631578947367 0 nan nan 0
20.526315789473685 2.631578947368421 0 nan nan 0
20.526315789473685 3.1578947368421053 0 nan nan 0
20.526315789473685 3.6842105263157894 0 nan nan 0
20.526315789473685 4.2105263157894735 0 nan nan 0
20.526315789473685 4.7368421052631575 0 nan nan 0
20.526315789473685 5.263157894736842 0 nan nan 0
20.526315789473685 5.789473684210526 0 nan nan 0
20.526315789473685 6.315789473684211 0 nan nan 0
20.526315789473685 6.842105263157895 0 nan nan 0
20.526315789473685 7.368421052631579 0 nan nan 0
20.526315789473685 7.894736842105263 0 nan nan 0
20.526315789473685 8.421052631578947 0 nan nan 0
20.526315789473685 8.947368421052632 0 nan nan 0
20.526315789473685 9.473684210526315 0 nan nan 0
22.105263157894736 -9.473684210526315 0 nan nan 0
22.105263157894736 -8.947368421052632 0 nan nan 0
22.105263157894736 -8.421052631578947 0 nan nan 0
22.105263157894736 -7.894736842105263 0 nan nan 0
22.105263157894736 -7.368421052631579 0 nan nan 0
22.105263157894736 -6.842105263157895 0 nan nan 0
22.105263157894736 -6.315789473684211 0 nan nan 0
22.105263157894736 -5.789473684210526 0 nan nan 0
22.105263157894736 -5.263157894736842 0 nan nan 0
22.105263157894736 -4.7368421052631575 0 nan nan 0
22.105263157894736 -4.2105263157894735 0 nan nan 0
22.105263157894736 -3.6842105263157894 0 nan nan 0
22.105263157894736 -3.1578947368421053 0 nan nan 0
22.105263157894736 -2.631578947368421 0 nan nan 0
22.105263157894736 -2.1052631578947367 0 nan nan 0
22.105263157894736 -1.5789473684210527 0 nan nan 0
22.105263157894736 -1.0526315789473684 0 nan nan 0
22.105263157894736 -0.5263157894736842 0 nan nan 0
22.105263157894736 -0.0 0 nan nan 0
22.105263157894736 0.0 0 nan nan 0
22.105263157894736 0.5263157894736842 0 nan nan 0
22.105263157894736 1.0526315789473684 0 nan nan 0
22.105263157894736 1.5789473684210527 0 nan nan 0
22.105263157894736 2.1052631578947367 0 nan nan 0
22.105263157894736 2.631578947368421 0 nan nan 0
22.105263157894736 3.1578947368421053 0 nan nan 0
22.105263157894736 3.6842105263157894 0 nan nan 0
22.105263157894736 4.2105263157894735 0 nan nan 0
22.105263157894736 4.7368421052631575 0 nan nan 0
22.105263157894736 5.263157894736842 0 nan nan 0
22.105263157894736 5.789473684210526 0 nan nan 0
22.105263157894736 6.315789473684211 0 nan nan 0
22.105263157894736 6.842105263157895 0 nan nan 0
22.105263157894736 7.368421052631579 0 nan nan 0
22.105263157894736 7.894736842105263 0 nan nan 0
22.105263157894736 8.421052631578947 0 nan nan 0
22.105263157894736 8.947368421052632 0 nan nan 0
22.105263157894736 9.473684210526315 0 nan nan 0
23.68421052631579 -9.473684210526315 0 nan nan 0
23.68421052631579 -8.947368421052632 0 nan nan 0
23.68421052631579 -8.421052631578947 0 nan nan 0
23.68421052631579 -7.894736842105263 0 nan nan 0
23.68421052631579 -7.368421052631579 0 nan nan 0
23.68421052631579 -6.842105263157895 0 nan nan 0
23.68421052631579 -6.315789473684211 0 nan nan 0
23.68421052631579 -5.789473684210526 0 nan nan 0
23.68421052631579 -5.263157894736842 0 nan nan 0
23.68421052631579 -4.7368421052631575 0 nan nan 0
23.68421052631579 -4.2105263157894735 0 nan nan 0
23.68421052631579 -3.6842105263157894 0 nan nan 0
23.68421052631579 -3.1578947368421053 0 nan nan 0
23.68421052631579 -2.631578947368421 0 nan nan 0
23.68421052631579 -2.1052631578947367 0 nan nan 0
23.68421052631579 -1.5789473684210527 0 nan nan 0
23.68421052631579 -1.0526315789473684 0 nan nan 0
23.68421052631579 -0.5263157894736842 0 nan nan 0
23.68421052631579 -0.0 0 nan nan 0
23.68421052631579 0.0 0 nan nan 0
23.68421052631579 0.5263157894736842 0 nan nan 0
23.68421052631579 1.0526315789473684 0 nan nan 0
23.68421052631579 1.5789473684210527 0 nan nan 0
23.68421052631579 2.1052631578947367 0 nan nan 0
23.68421052631579 2.631578947368421 0 nan nan 0
23.68421052631579 3.1578947368421053 0 nan nan 0
23.68421052631579 3.6842105263157894 0 nan nan 0
23.68421052631579 4.2105263157894735 0 nan nan 0
23.68421052631579 4.7368421052631575 0 nan nan 0
23.68421052631579 5.263157894736842 0 nan nan 0
23.68421052631579 5.789473684210526 0 nan nan 0
23.68421052631579 6.315789473684211 0 nan nan 0
23.68421052631579 6.842105263157895 0 nan nan 0
23.68421052631579 7.368421052631579 0 nan nan 0
23.68421052631579 7.894736842105263 0 nan nan 0
23.68421052631579 8.421052631578947 0 nan nan 0
23.68421052631579 8.947368421052632 0 nan nan 0
23.68421052631579 9.473684210526315 0 nan nan 0
25.263157894736842 -9.473684210526315 0 nan nan 0
25.263157894736842 -8.947368421052632 0 nan nan 0
25.263157894736842 -8.421052631578947 0 nan nan 0
25.263157894736842 -7.894736842105263 0 nan nan 0
25.263157894736842 -7.368421052631579 0 nan nan 0
25.263157894736842 -6.842105263157895 0 nan nan 0
25.263157894736842 -6.315789473684211 0 nan nan 0
25.263157894736842 -5.789473684210526 0 nan nan 0
25.263157894736842 -5.263157894736842 0 nan nan 0
25.263157894736842 -4.7368421052631575 0 nan nan 0
25.263157894736842 -4.2105263157894735 0 nan nan 0
25.263157894736842 -3.6842105263157894 0 nan nan 0
25.263157894736842 -3.1578947368421053 0 nan nan 0
25.263157894736842 -2.631578947368421 0 nan nan 0
25.263157894736842 -2.1052631578947367 0 nan nan 0
25.263157894736842 -1.5789473684210527 0 nan nan 0
25.263157894736842 -1.0526315789473684 0 nan nan 0
25.263157894736842 -0.5263157894736842 0 nan nan 0
25.263157894736842 -0.0 0 nan nan 0
25.263157894736842 0.0 0 nan nan 0
25.263157894736842 0.5263157894736842 0 nan nan 0
25.263157894736842 1.0526315789473684 0 nan nan 0
25.263157894736842 1.5789473684210527 0 nan nan 0
25.263157894736842 2.1052631578947367 0 nan nan 0
25.263157894736842 2.631578947368421 0 nan nan 0
25.263157894736842 3.1578947368421053 0 nan nan 0
25.263157894736842 3.6842105263157894 0 nan nan 0
25.263157894736842 4.2105263157894735 0 nan nan 0
25.263157894736842 4.7368421052631575 0 nan nan 0
25.263157894736842 5.263157894736842 0 nan nan 0
25.263157894736842 5.789473684210526 0 nan nan 0
25.263157894736842 6.315789473684211 0 nan nan 0
25.263157894736842 6.842105263157895 0 nan nan 0
25.263157894736842 7.368421052631579 0 nan nan 0
25.263157894736842 7.894736842105263 0 nan nan 0
25.263157894736842 8.421052631578947 0 nan nan 0
25.263157894736842 8.947368421052632 0 nan nan 0
25.263157894736842 9.473684210526315 0 nan nan 0
26.842105263157894 -9.473684210526315 0 nan nan 0
26.842105263157894 -8.947368421052632 0 nan nan 0
26.842105263157894 -8.421052631578947 0 nan nan 0
26.842105263157894 -7.894736842105263 0 nan nan 0
26.842105263157894 -7.368421052631579 0 nan nan 0
26.842105263157894 -6.842105263157895 0 nan nan 0
26.842105263157894 -6.315789473684211 0 nan nan 0
26.842105263157894 -5.789473684210526 0 nan nan 0
26.842105263157894 -5.263157894736842 0 nan nan 0
26.842105263157894 -4.7368421052631575 0 nan nan 0
26.842105263157894 -4.2105263157894735 0 nan nan 0
26.842105263157894 -3.6842105263157894 0 nan nan 0
26.842105263157894 -3.1578947368421053 0 nan nan 0
26.842105263157894 -2.631578947368421 0 nan nan 0
26.842105263157894 -2.1052631578947367 0 nan nan 0
26.842105263157894 -1.5789473684210527 0 nan nan 0
26.842105263157894 -1.0526315789473684 0 nan nan 0
26.842105263157894 -0.5263157894736842 0 nan nan 0
26.842105263157894 -0.0 0 nan nan 0
26.842105263157894 0.0 0 nan nan 0
26.842105263157894 0.5263157894736842 0 nan nan 0
26.842105263157894 1.0526315789473684 0 nan nan 0
26.842105263157894 1.5789473684210527 0 nan nan 0
26.842105263157894 2.1052631578947367 0 nan nan 0
26.842105263157894 2.631578947368421 0 nan nan 0
26.842105263157894 3.1578947368421053 0 nan nan 0
26.842105263157894 3.6842105263157894 0 nan nan 0
26.842105263157894 4.2105263157894735 0 nan nan 0
26.842105263157894 4.7368421052631575 0 nan nan 0
26.842105263157894 5.263157894736842 0 nan nan 0
26.842105263157894 5.789473684210526 0 nan nan 0
26.842105263157894 6.315789473684211 0 nan nan 0
26.842105263157894 6.842105263157895 0 nan nan 0
26.842105263157894 7.368421052631579 0 nan nan 0
26.842105263157894 7.894736842105263 0 nan nan 0
26.842105263157894 8.421052631578947 0 nan nan 0
26.842105263157894 8.947368421052632 0 nan nan 0
26.842105263157894 9.473684210526315 0 nan nan 0
28.42105263157895 -9.473684210526315 0 nan nan 0
28.42105263157895 -8.947368421052632 0 nan nan 0
28.42105263157895 -8.421052631578947 0 nan nan 0
28.42105263157895 -7.894736842105263 0 nan nan 0
28.42105263157895 -7.368421052631579 0 nan nan 0
28.42105263157895 -6.842105263157895 0 nan nan 0
28.42105263157895 -6.315789473684211 0 nan nan 0
28.42105263157895 -5.789473684210526 0 nan nan 0
28.42105263157895 -5.263157894736842 0 nan nan 0
28.42105263157895 -4.7368421052631575 0 nan nan 0
28.42105263157895 -4.2105263157894735 0 nan nan 0
28.42105263157895 -3.6842105263157894 0 nan nan 0
28.42105263157895 -3.1578947368421053 0 nan nan 0
28.42105263157895 -2.631578947368421 0 nan nan 0
28.42105263157895 -2.1052631578947367 0 nan nan 0
28.42105263157895 -1.5789473684210527 0 nan nan 0
28.42105263157895 -1.0526315789473684 0 nan nan 0
28.42105263157895 -0.5263157894736842 0 nan nan 0
28.42105263157895 -0.0 0 nan nan 0
28.42105263157895 0.0 0 nan nan 0
28.42105263157895 0.5263157894736842 0 nan nan 0
28.42105263157895 1.0526315789473684 0 nan nan 0
28.42105263157895 1.5789473684210527 0 nan nan 0
28.42105263157895 2.1052631578947367 0 nan nan 0
28.42105263157895 2.631578947368421 0 nan nan 0
28.42105263157895 3.1578947368421053 0 nan nan 0
28.42105263157895 3.6842105263157894 0 nan nan 0
28.42105263157895 4.2105263157894735 0 nan nan 0
28.42105263157895 4.7368421052631575 0 nan nan 0
28.42105263157895 5.263157894736842 0 nan nan 0
28.42105263157895 5.789473684210526 0 nan nan 0
28.42105263157895 6.315789473684211 0 nan nan 0
28.42105263157895 6.842105263157895 0 nan nan 0
28.42105263157895 7.368421052631579 0 nan nan 0
28.42105263157895 7.894736842105263 0 nan nan 0
28.42105263157895 8.421052631578947 0 nan nan 0
28.42105263157895 8.947368421052632 0 nan nan 0
28.42105263157895 9.473684210526315 0 nan nan 0
