-27.857142857142858 -9.285714285714286 0.0 0 -46.62968904522147 0.0 0.0 
-27.857142857142858 -8.571428571428571 0.0 -5 -62.100783731260506 0.0 0.0 
-27.857142857142858 -7.857142857142858 0.0 -14 -77.72963508241848 0.0 0.0 
-27.857142857142858 -7.142857142857143 0.0 -19 -79.9232052149295 0.0 0.0 
-27.857142857142858 -6.428571428571429 0.0 -25 -85.12019277734433 0.0 0.0 
-27.857142857142858 -5.714285714285714 0.0 -27 -81.8131170094403 0.0 0.0 
-27.857142857142858 -5.0 0.0 -31 -80.68784169086055 0.0 0.0 
-27.857142857142858 -4.285714285714286 0.0 -32 -72.69525452914942 0.0 0.0 
-27.857142857142858 -3.5714285714285716 0.0 -34 -65.76860367243209 0.0 0.0 
-27.857142857142858 -2.857142857142857 0.0 -33 -53.16135086635977 0.0 0.0 
-27.857142857142858 -2.142857142857143 0.0 -31 -40.78701002965089 0.0 0.0 
-27.857142857142858 -1.4285714285714286 0.0 -27 -25.790020942886528 0.0 0.0 
-27.857142857142858 -0.7142857142857143 0.0 -23 -14.607140371324462 0.0 0.0 
-27.857142857142858 -0.0 0.0 -21 -4.559819253898468 0.0 0.0 
-27.857142857142858 0.0 0.0 -19 -1.2041716144134682 0.0 0.0 
-27.857142857142858 0.7142857142857143 0.0 -20 -0.09560435042739357 0.0 0.0 
-27.857142857142858 1.4285714285714286 0.0 -22 -3.745594237614256 0.0 0.0 
-27.857142857142858 2.142857142857143 0.0 -26 -7.172841822878368 0.0 0.0 
-27.857142857142858 2.857142857142857 0.0 -30 -11.759298417593754 0.0 0.0 
-27.857142857142858 3.5714285714285716 0.0 -35 -13.87840053315881 0.0 0.0 
-27.857142857142858 4.285714285714286 0.0 -39 -15.87481729212277 0.0 0.0 
-27.857142857142858 5.0 0.0 -42 -15.788302080664891 0.0 0.0 
-27.857142857142858 5.714285714285714 0.0 -45 -15.114551256463216 0.0 0.0 
-27.857142857142858 6.428571428571429 0.0 -46 -13.365228818596677 0.0 0.0 
-27.857142857142858 7.142857142857143 0.0 -44 -14.205606535400989 0.0 0.0 
-27.857142857142858 7.857142857142858 0.0 -47 6.7751035914019155 0.0 0.0 
-27.857142857142858 8.571428571428571 0.0 -30 97.47146903346325 0.0 0.0 
-27.857142857142858 9.285714285714286 0.0 39 184.48433332779007 0.0 0.0 
-25.714285714285715 -9.285714285714286 0.0 -8 -91.88432966584895 0.0 0.0 
-25.714285714285715 -8.571428571428571 0.0 -14 -67.38287268317723 0.0 0.0 
-25.714285714285715 -7.857142857142858 0.0 -25 -121.75948348387496 0.0 0.0 
-25.714285714285715 -7.142857142857143 0.0 -24 -90.2189416534054 0.0 0.0 
-25.714285714285715 -6.428571428571429 0.0 -29 -123.79722667483391 0.0 0.0 
-25.714285714285715 -5.714285714285714 0.0 -27 -92.08888206141432 0.0 0.0 
-25.714285714285715 -5.0 0.0 -29 -111.68736380064487 0.0 0.0 
-25.714285714285715 -4.285714285714286 0.0 -26 -82.32054461976463 0.0 0.0 
-25.714285714285715 -3.5714285714285716 0.0 -25 -91.19433933121996 0.0 0.0 
-25.714285714285715 -2.857142857142857 0.0 -20 -61.48599040848937 0.0 0.0 
-25.714285714285715 -2.142857142857143 0.0 -17 -60.568282830934656 0.0 0.0 
-25.714285714285715 -1.4285714285714286 0.0 -9 -33.11915730780678 0.0 0.0 
-25.714285714285715 -0.7142857142857143 0.0 -3 -31.02423319013571 0.0 0.0 
-25.714285714285715 -0.0 0.0 0 -14.1546099083413 0.0 0.0 
-25.714285714285715 0.0 0.0 2 -20.935844879211935 0.0 0.0 
-25.714285714285715 0.7142857142857143 0.0 1 -18.373918953121894 0.0 0.0 
-25.714285714285715 1.4285714285714286 0.0 -1 -31.882405036035486 0.0 0.0 
-25.714285714285715 2.142857142857143 0.0 -5 -34.82167802371948 0.0 0.0 
-25.714285714285715 2.857142857142857 0.0 -9 -45.24224918165717 0.0 0.0 
-25.714285714285715 3.5714285714285716 0.0 -11 -44.251188145795716 0.0 0.0 
-25.714285714285715 4.285714285714286 0.0 -13 -47.16125649900212 0.0 0.0 
-25.714285714285715 5.0 0.0 -12 -40.833690154608036 0.0 0.0 
-25.714285714285715 5.714285714285714 0.0 -11 -34.55938546829686 0.0 0.0 
-25.714285714285715 6.428571428571429 0.0 -9 -18.43027809847041 0.0 0.0 
-25.714285714285715 7.142857142857143 0.0 -13 -35.10866826506855 0.0 0.0 
-25.714285714285715 7.857142857142858 0.0 -24 -52.57158226741554 0.0 0.0 
-25.714285714285715 8.571428571428571 0.0 20 88.56560871770883 0.0 0.0 
-25.714285714285715 9.285714285714286 0.0 116 226.69123975826494 0.0 0.0 
-23.57142857142857 -9.285714285714286 0.0 6 -84.49724589600453 0.0 0.0 
-23.57142857142857 -8.571428571428571 0.0 -6 -52.77488918513535 0.0 0.0 
-23.57142857142857 -7.857142857142858 0.0 -15 -103.46693031122584 0.0 0.0 
-23.57142857142857 -7.142857142857143 0.0 -17 -67.6567408060512 0.0 0.0 
-23.57142857142857 -6.428571428571429 0.0 -21 -97.48986085929737 0.0 0.0 
-23.57142857142857 -5.714285714285714 0.0 -21 -64.90783992317549 0.0 0.0 
-23.57142857142857 -5.0 0.0 -21 -83.45897170072173 0.0 0.0 
-23.57142857142857 -4.285714285714286 0.0 -20 -54.50635928264357 0.0 0.0 
-23.57142857142857 -3.5714285714285716 0.0 -17 -63.31020559871844 0.0 0.0 
-23.57142857142857 -2.857142857142857 0.0 -15 -33.18766260903476 0.0 0.0 
-23.57142857142857 -2.142857142857143 0.0 -7 -29.60353979864597 0.0 0.0 
-23.57142857142857 -1.4285714285714286 0.0 1 2.5623577399833906 0.0 0.0 
-23.57142857142857 -0.7142857142857143 0.0 9 8.010075835641143 0.0 0.0 
-23.57142857142857 -0.0 0.0 14 24.964855970358563 0.0 0.0 
-23.57142857142857 0.0 0.0 16 15.689395590298952 0.0 0.0 
-23.57142857142857 0.7142857142857143 0.0 12 12.836919836791257 0.0 0.0 
-23.57142857142857 1.4285714285714286 0.0 6 -7.797826235163086 0.0 0.0 
-23.57142857142857 2.142857142857143 0.0 0 -16.12634632088669 0.0 0.0 
-23.57142857142857 2.857142857142857 0.0 -5 -28.82311011484977 0.0 0.0 
-23.57142857142857 3.5714285714285716 0.0 -7 -29.26301507104249 0.0 0.0 
-23.57142857142857 4.285714285714286 0.0 -10 -32.7677378700155 0.0 0.0 
-23.57142857142857 5.0 0.0 -11 -30.056568028783524 0.0 0.0 
-23.57142857142857 5.714285714285714 0.0 -11 -32.62142361574685 0.0 0.0 
-23.57142857142857 6.428571428571429 0.0 -5 -14.410759353766615 0.0 0.0 
-23.57142857142857 7.142857142857143 0.0 -4 -20.405379563922544 0.0 0.0 
-23.57142857142857 7.857142857142858 0.0 -19 -53.01772881183469 0.0 0.0 
-23.57142857142857 8.571428571428571 0.0 25 95.57651324225874 0.0 0.0 
-23.57142857142857 9.285714285714286 0.0 98 202.85629785973515 0.0 0.0 
-21.428571428571427 -9.285714285714286 0.0 -4 -96.02556835489057 0.0 0.0 
-21.428571428571427 -8.571428571428571 0.0 -18 -58.32294955248901 0.0 0.0 
-21.428571428571427 -7.857142857142858 0.0 -24 -106.58323347247868 0.0 0.0 
-21.428571428571427 -7.142857142857143 0.0 -25 -66.57125182225121 0.0 0.0 
-21.428571428571427 -6.428571428571429 0.0 -25 -95.1650485879183 0.0 0.0 
-21.428571428571427 -5.714285714285714 0.0 -24 -60.99579431307047 0.0 0.0 
-21.428571428571427 -5.0 0.0 -22 -78.75483128114982 0.0 0.0 
-21.428571428571427 -4.285714285714286 0.0 -20 -50.494600749803716 0.0 0.0 
-21.428571428571427 -3.5714285714285716 0.0 -17 -58.214428779785024 0.0 0.0 
-21.428571428571427 -2.857142857142857 0.0 -12 -27.257134579352815 0.0 0.0 
-21.428571428571427 -2.142857142857143 0.0 -3 -17.39518130132047 0.0 0.0 
-21.428571428571427 -1.4285714285714286 0.0 9 21.8236751931962 0.0 0.0 
-21.428571428571427 -0.7142857142857143 0.0 20 31.59722390086213 0.0 0.0 
-21.428571428571427 -0.0 0.0 24 47.99232301123321 0.0 0.0 
-21.428571428571427 0.0 0.0 25 34.85325283502631 0.0 0.0 
-21.428571428571427 0.7142857142857143 0.0 18 22.942756694695085 0.0 0.0 
-21.428571428571427 1.4285714285714286 0.0 9 -7.25699003427243 0.0 0.0 
-21.428571428571427 2.142857142857143 0.0 -1 -21.802332060000587 0.0 0.0 
-21.428571428571427 2.857142857142857 0.0 -6 -38.26574856533352 0.0 0.0 
-21.428571428571427 3.5714285714285716 0.0 -8 -40.12528964875141 0.0 0.0 
-21.428571428571427 4.285714285714286 0.0 -8 -43.07515684066138 0.0 0.0 
-21.428571428571427 5.0 0.0 -5 -36.75153370536131 0.0 0.0 
-21.428571428571427 5.714285714285714 0.0 -4 -38.90895514003421 0.0 0.0 
-21.428571428571427 6.428571428571429 0.0 1 -20.00196687994066 0.0 0.0 
-21.428571428571427 7.142857142857143 0.0 3 -22.483530464640374 0.0 0.0 
-21.428571428571427 7.857142857142858 0.0 -15 -66.07356238341225 0.0 0.0 
-21.428571428571427 8.571428571428571 0.0 32 95.61758421031458 0.0 0.0 
-21.428571428571427 9.285714285714286 0.0 99 183.1907088842578 0.0 0.0 
-19.285714285714285 -9.285714285714286 0.0 -13 -99.15866560809833 0.0 0.0 
-19.285714285714285 -8.571428571428571 0.0 -26 -65.15381413233766 0.0 0.0 
-19.285714285714285 -7.857142857142858 0.0 -28 -102.63000223733125 0.0 0.0 
-19.285714285714285 -7.142857142857143 0.0 -29 -65.37282431685705 0.0 0.0 
-19.285714285714285 -6.428571428571429 0.0 -25 -86.71840726064829 0.0 0.0 
-19.285714285714285 -5.714285714285714 0.0 -21 -56.02239952729325 0.0 0.0 
-19.285714285714285 -5.0 0.0 -17 -68.47995512589029 0.0 0.0 
-19.285714285714285 -4.285714285714286 0.0 -15 -43.868086819187496 0.0 0.0 
-19.285714285714285 -3.5714285714285716 0.0 -10 -49.31561431231084 0.0 0.0 
-19.285714285714285 -2.857142857142857 0.0 -6 -20.79960578848155 0.0 0.0 
-19.285714285714285 -2.142857142857143 0.0 5 1.281602679925662 0.0 0.0 
-19.285714285714285 -1.4285714285714286 0.0 24 50.497145737182 0.0 0.0 
-19.285714285714285 -0.7142857142857143 0.0 31 61.38371957261755 0.0 0.0 
-19.285714285714285 -0.0 0.0 32 72.15371651723173 0.0 0.0 
-19.285714285714285 0.0 0.0 31 53.863848811522125 0.0 0.0 
-19.285714285714285 0.7142857142857143 0.0 20 32.02727554665837 0.0 0.0 
-19.285714285714285 1.4285714285714286 0.0 9 -5.1096225566801365 0.0 0.0 
-19.285714285714285 2.142857142857143 0.0 -1 -27.556499883568655 0.0 0.0 
-19.285714285714285 2.857142857142857 0.0 -5 -41.65800670562762 0.0 0.0 
-19.285714285714285 3.5714285714285716 0.0 -7 -43.55696797128693 0.0 0.0 
-19.285714285714285 4.285714285714286 0.0 -6 -44.17983915277881 0.0 0.0 
-19.285714285714285 5.0 0.0 -3 -37.69074176396154 0.0 0.0 
-19.285714285714285 5.714285714285714 0.0 -3 -38.70921779714253 0.0 0.0 
-19.285714285714285 6.428571428571429 0.0 2 -21.25482657319622 0.0 0.0 
-19.285714285714285 7.142857142857143 0.0 5 -17.336576659826406 0.0 0.0 
-19.285714285714285 7.857142857142858 0.0 -18 -73.23860022773295 0.0 0.0 
-19.285714285714285 8.571428571428571 0.0 32 94.69718804785788 0.0 0.0 
-19.285714285714285 9.285714285714286 0.0 90 165.74200953870306 0.0 0.0 
-17.142857142857142 -9.285714285714286 0.0 -22 -111.94895840213339 0.0 0.0 
-17.142857142857142 -8.571428571428571 0.0 -34 -76.43061830685988 0.0 0.0 
-17.142857142857142 -7.857142857142858 0.0 -31 -105.42843552499838 0.0 0.0 
-17.142857142857142 -7.142857142857143 0.0 -28 -68.47293777755955 0.0 0.0 
-17.142857142857142 -6.428571428571429 0.0 -21 -83.51642542072281 0.0 0.0 
-17.142857142857142 -5.714285714285714 0.0 -18 -53.637509457455224 0.0 0.0 
-17.142857142857142 -5.0 0.0 -11 -62.56482935568157 0.0 0.0 
-17.142857142857142 -4.285714285714286 0.0 -7 -40.08891831334653 0.0 0.0 
-17.142857142857142 -3.5714285714285716 0.0 -2 -45.811783465249775 0.0 0.0 
-17.142857142857142 -2.857142857142857 0.0 0 -17.641980058097772 0.0 0.0 
-17.142857142857142 -2.142857142857143 0.0 21 22.83859530432806 0.0 0.0 
-17.142857142857142 -1.4285714285714286 0.0 51 87.35471714108147 0.0 0.0 
-17.142857142857142 -0.7142857142857143 0.0 41 79.52821481268448 0.0 0.0 
-17.142857142857142 -0.0 0.0 35 83.58993380687772 0.0 0.0 
-17.142857142857142 0.0 0.0 31 74.24185075787905 0.0 0.0 
-17.142857142857142 0.7142857142857143 0.0 15 43.13008903059184 0.0 0.0 
-17.142857142857142 1.4285714285714286 0.0 1 5.838387250059135 0.0 0.0 
-17.142857142857142 2.142857142857143 0.0 -7 -20.9118295365828 0.0 0.0 
-17.142857142857142 2.857142857142857 0.0 -10 -35.94310787672407 0.0 0.0 
-17.142857142857142 3.5714285714285716 0.0 -11 -34.51952956454303 0.0 0.0 
-17.142857142857142 4.285714285714286 0.0 -8 -33.61875227681023 0.0 0.0 
-17.142857142857142 5.0 0.0 -5 -24.391027531498075 0.0 0.0 
-17.142857142857142 5.714285714285714 0.0 -4 -24.4357127998734 0.0 0.0 
-17.142857142857142 6.428571428571429 0.0 1 -8.884609872047157 0.0 0.0 
-17.142857142857142 7.142857142857143 0.0 6 2.179724379551473 0.0 0.0 
-17.142857142857142 7.857142857142858 0.0 -18 -58.909764454074846 0.0 0.0 
-17.142857142857142 8.571428571428571 0.0 35 113.15270998064689 0.0 0.0 
-17.142857142857142 9.285714285714286 0.0 80 171.92231741639932 0.0 0.0 
-15.0 -9.285714285714286 0.0 -26 -121.50676983929236 0.0 0.0 
-15.0 -8.571428571428571 0.0 -33 -79.92152212120541 0.0 0.0 
-15.0 -7.857142857142858 0.0 -27 -102.39998558561115 0.0 0.0 
-15.0 -7.142857142857143 0.0 -23 -62.87181400293207 0.0 0.0 
-15.0 -6.428571428571429 0.0 -15 -73.33762578080999 0.0 0.0 
-15.0 -5.714285714285714 0.0 -9 -43.44118366799309 0.0 0.0 
-15.0 -5.0 0.0 -2 -48.15694136079384 0.0 0.0 
-15.0 -4.285714285714286 0.0 2 -26.17253508711866 0.0 0.0 
-15.0 -3.5714285714285716 0.0 6 -31.62615047615995 0.0 0.0 
-15.0 -2.857142857142857 0.0 6 -4.051675721000862 0.0 0.0 
-15.0 -2.142857142857143 0.0 22 48.765220097910465 0.0 0.0 
-15.0 -1.4285714285714286 0.0 28 59.87909633962734 0.0 0.0 
-15.0 1.4285714285714286 0.0 -1 119.63233156104695 0.0 0.0 
-15.0 2.142857142857143 0.0 -11 219.72538444126812 0.0 0.0 
-15.0 2.857142857142857 0.0 -13 77.39721850926433 0.0 0.0 
-15.0 3.5714285714285716 0.0 -13 173.46461138901094 0.0 0.0 
-15.0 4.285714285714286 0.0 -9 85.97460344647554 0.0 0.0 
-15.0 5.0 0.0 -6 160.93799344451082 0.0 0.0 
-15.0 5.714285714285714 0.0 -4 99.38388355095624 0.0 0.0 
-15.0 6.428571428571429 0.0 -1 159.11158320334886 0.0 0.0 
-15.0 7.142857142857143 0.0 4 134.6097790204351 0.0 0.0 
-15.0 7.857142857142858 0.0 -24 109.25911078396256 0.0 0.0 
-15.0 8.571428571428571 0.0 31 257.6751368610792 0.0 0.0 
-15.0 9.285714285714286 0.0 92 439.37485984567786 0.0 0.0 
-12.857142857142858 -9.285714285714286 0.0 -26 -102.7734047585698 0.0 0.0 
-12.857142857142858 -8.571428571428571 0.0 -35 -60.07956192837146 0.0 0.0 
-12.857142857142858 -7.857142857142858 0.0 -27 -62.88255170082226 0.0 0.0 
-12.857142857142858 -7.142857142857143 0.0 -23 -22.82938459580525 0.0 0.0 
-12.857142857142858 -6.428571428571429 0.0 -15 -18.027480216874693 0.0 0.0 
-12.857142857142858 -5.714285714285714 0.0 -14 13.515668994554417 0.0 0.0 
-12.857142857142858 -5.0 0.0 -10 22.77452659190672 0.0 0.0 
-12.857142857142858 -4.285714285714286 0.0 -14 48.08223325979715 0.0 0.0 
-12.857142857142858 -3.5714285714285716 0.0 -22 44.01032351376547 0.0 0.0 
-12.857142857142858 -2.857142857142857 0.0 -29 62.44708619566045 0.0 0.0 
-12.857142857142858 -2.142857142857143 0.0 -13 124.46397520908593 0.0 0.0 
-12.857142857142858 2.142857142857143 0.0 9 232.5097579156664 0.0 0.0 
-12.857142857142858 2.857142857142857 0.0 11 253.3378627742185 0.0 0.0 
-12.857142857142858 3.5714285714285716 0.0 -1 206.26935125746726 0.0 0.0 
-12.857142857142858 4.285714285714286 0.0 5 233.09853944470592 0.0 0.0 
-12.857142857142858 5.0 0.0 -2 210.65560334790922 0.0 0.0 
-12.857142857142858 5.714285714285714 0.0 0 226.37739739399746 0.0 0.0 
-12.857142857142858 6.428571428571429 0.0 -5 212.28373062777518 0.0 0.0 
-12.857142857142858 7.142857142857143 0.0 0 235.33118075415467 0.0 0.0 
-12.857142857142858 7.857142857142858 0.0 -36 159.17871939306474 0.0 0.0 
-12.857142857142858 8.571428571428571 0.0 13 329.31162488129246 0.0 0.0 
-12.857142857142858 9.285714285714286 0.0 155 643.8763015034593 0.0 0.0 
-10.714285714285714 -9.285714285714286 0.0 -43 -51.192275616142865 0.0 0.0 
-10.714285714285714 -8.571428571428571 0.0 -53 -31.413434603153547 0.0 0.0 
-10.714285714285714 -7.857142857142858 0.0 -47 7.53981208030666 0.0 0.0 
-10.714285714285714 -7.142857142857143 0.0 -48 27.130224605991486 0.0 0.0 
-10.714285714285714 -6.428571428571429 0.0 -44 56.17658973667281 0.0 0.0 
-10.714285714285714 -5.714285714285714 0.0 -47 66.40331736183285 0.0 0.0 
-10.714285714285714 -5.0 0.0 -47 87.34948459394028 0.0 0.0 
-10.714285714285714 -4.285714285714286 0.0 -49 98.12577216384804 0.0 0.0 
-10.714285714285714 -3.5714285714285716 0.0 -57 121.45774968318364 0.0 0.0 
-10.714285714285714 -2.857142857142857 0.0 -74 135.72665582952985 0.0 0.0 
-10.714285714285714 -2.142857142857143 0.0 -125 37.114958090548896 0.0 0.0 
-10.714285714285714 2.142857142857143 0.0 32 214.71539425209124 0.0 0.0 
-10.714285714285714 2.857142857142857 0.0 17 205.0383952529594 0.0 0.0 
-10.714285714285714 3.5714285714285716 0.0 9 183.21256741111875 0.0 0.0 
-10.714285714285714 4.285714285714286 0.0 6 194.3365091226904 0.0 0.0 
-10.714285714285714 5.0 0.0 4 185.52720821012375 0.0 0.0 
-10.714285714285714 5.714285714285714 0.0 1 196.31630033761508 0.0 0.0 
-10.714285714285714 6.428571428571429 0.0 -1 190.1742442748135 0.0 0.0 
-10.714285714285714 7.142857142857143 0.0 0 208.47311368068597 0.0 0.0 
-10.714285714285714 7.857142857142858 0.0 -37 119.19750992205209 0.0 0.0 
-10.714285714285714 8.571428571428571 0.0 -5 234.75066048453664 0.0 0.0 
-10.714285714285714 9.285714285714286 0.0 194 642.9385618838342 0.0 0.0 
-8.571428571428571 -9.285714285714286 0.0 -80 -18.380142401218194 0.0 0.0 
-8.571428571428571 -8.571428571428571 0.0 -85 -31.087285013906637 0.0 0.0 
-8.571428571428571 -7.857142857142858 0.0 -77 48.59465520959458 0.0 0.0 
-8.571428571428571 -7.142857142857143 0.0 -70 39.526279319522786 0.0 0.0 
-8.571428571428571 -6.428571428571429 0.0 -64 96.66480574304984 0.0 0.0 
-8.571428571428571 -5.714285714285714 0.0 -60 86.72238429340015 0.0 0.0 
-8.571428571428571 -5.0 0.0 -61 124.53324788048187 0.0 0.0 
-8.571428571428571 -4.285714285714286 0.0 -69 91.53603908839312 0.0 0.0 
-8.571428571428571 -3.5714285714285716 0.0 -82 79.48784237447293 0.0 0.0 
-8.571428571428571 -2.857142857142857 0.0 -66 89.99911447402067 0.0 0.0 
-8.571428571428571 -2.142857142857143 0.0 -74 74.14217932288503 0.0 0.0 
-8.571428571428571 2.142857142857143 0.0 30 251.10694002559694 0.0 0.0 
-8.571428571428571 2.857142857142857 0.0 15 196.13508461420867 0.0 0.0 
-8.571428571428571 3.5714285714285716 0.0 8 216.68741221734362 0.0 0.0 
-8.571428571428571 4.285714285714286 0.0 4 191.8809504741778 0.0 0.0 
-8.571428571428571 5.0 0.0 2 210.27414865031523 0.0 0.0 
-8.571428571428571 5.714285714285714 0.0 -1 190.88854013325954 0.0 0.0 
-8.571428571428571 6.428571428571429 0.0 -2 203.66668202386853 0.0 0.0 
-8.571428571428571 7.142857142857143 0.0 4 210.24487656761335 0.0 0.0 
-8.571428571428571 7.857142857142858 0.0 -20 160.8429886839483 0.0 0.0 
-8.571428571428571 8.571428571428571 0.0 1 257.7600179744063 0.0 0.0 
-8.571428571428571 9.285714285714286 0.0 185 662.3516046042946 0.0 0.0 
-6.428571428571429 -9.285714285714286 0.0 -110 -4.681132541794369 0.0 0.0 
-6.428571428571429 -8.571428571428571 0.0 -101 -35.25194588171354 0.0 0.0 
-6.428571428571429 -7.857142857142858 0.0 -91 68.68039517334492 0.0 0.0 
-6.428571428571429 -7.142857142857143 0.0 -79 37.739559076643474 0.0 0.0 
-6.428571428571429 -6.428571428571429 0.0 -77 99.99482323653103 0.0 0.0 
-6.428571428571429 -5.714285714285714 0.0 -72 60.16981692725122 0.0 0.0 
-6.428571428571429 -5.0 0.0 -68 101.28452644138503 0.0 0.0 
-6.428571428571429 -4.285714285714286 0.0 -59 72.64825502191306 0.0 0.0 
-6.428571428571429 -3.5714285714285716 0.0 -62 94.78270660941087 0.0 0.0 
-6.428571428571429 -2.857142857142857 0.0 -52 105.97705140771257 0.0 0.0 
-6.428571428571429 -2.142857142857143 0.0 -91 41.11251037526864 0.0 0.0 
-6.428571428571429 2.142857142857143 0.0 29 244.44861562183652 0.0 0.0 
-6.428571428571429 2.857142857142857 0.0 17 211.60160133924867 0.0 0.0 
-6.428571428571429 3.5714285714285716 0.0 8 215.34740334741747 0.0 0.0 
-6.428571428571429 4.285714285714286 0.0 7 204.90703657007504 0.0 0.0 
-6.428571428571429 5.0 0.0 5 214.63324945139541 0.0 0.0 
-6.428571428571429 5.714285714285714 0.0 5 206.41246556943378 0.0 0.0 
-6.428571428571429 6.428571428571429 0.0 0 211.519324131679 0.0 0.0 
-6.428571428571429 7.142857142857143 0.0 3 217.79087779970382 0.0 0.0 
-6.428571428571429 7.857142857142858 0.0 -25 159.27051761784935 0.0 0.0 
-6.428571428571429 8.571428571428571 0.0 0 263.65042749727047 0.0 0.0 
-6.428571428571429 9.285714285714286 0.0 190 676.9376479805077 0.0 0.0 
-4.285714285714286 -9.285714285714286 0.0 -127 -5.269090909440365 0.0 0.0 
-4.285714285714286 -8.571428571428571 0.0 -111 -55.34005635868817 0.0 0.0 
-4.285714285714286 -7.857142857142858 0.0 -100 57.19142232095774 0.0 0.0 
-4.285714285714286 -7.142857142857143 0.0 -82 12.744357140666267 0.0 0.0 
-4.285714285714286 -6.428571428571429 0.0 -73 89.58017517857309 0.0 0.0 
-4.285714285714286 -5.714285714285714 0.0 -60 51.91567991615835 0.0 0.0 
-4.285714285714286 -5.0 0.0 -56 110.77753901953886 0.0 0.0 
-4.285714285714286 -4.285714285714286 0.0 -49 74.23613385420609 0.0 0.0 
-4.285714285714286 -3.5714285714285716 0.0 -61 93.30070339028197 0.0 0.0 
-4.285714285714286 -2.857142857142857 0.0 -47 107.04483472781263 0.0 0.0 
-4.285714285714286 -2.142857142857143 0.0 -81 67.61325800481987 0.0 0.0 
-4.285714285714286 2.142857142857143 0.0 32 238.97155683428812 0.0 0.0 
-4.285714285714286 2.857142857142857 0.0 19 209.71896613219275 0.0 0.0 
-4.285714285714286 3.5714285714285716 0.0 13 213.7145629464997 0.0 0.0 
-4.285714285714286 4.285714285714286 0.0 10 204.05530148083696 0.0 0.0 
-4.285714285714286 5.0 0.0 7 211.387696044308 0.0 0.0 
-4.285714285714286 5.714285714285714 0.0 5 202.73338522406067 0.0 0.0 
-4.285714285714286 6.428571428571429 0.0 0 207.01408711631962 0.0 0.0 
-4.285714285714286 7.142857142857143 0.0 4 213.54519714495726 0.0 0.0 
-4.285714285714286 7.857142857142858 0.0 -25 150.21415577066878 0.0 0.0 
-4.285714285714286 8.571428571428571 0.0 0 253.05302265605403 0.0 0.0 
-4.285714285714286 9.285714285714286 0.0 193 669.0344421359061 0.0 0.0 
-2.142857142857143 -9.285714285714286 0.0 -132 -21.475325703796216 0.0 0.0 
-2.142857142857143 -8.571428571428571 0.0 -105 -67.34289865085697 0.0 0.0 
-2.142857142857143 -7.857142857142858 0.0 -92 51.51929071081392 0.0 0.0 
-2.142857142857143 -7.142857142857143 0.0 -70 12.703939341580963 0.0 0.0 
-2.142857142857143 -6.428571428571429 0.0 -65 93.7505952157687 0.0 0.0 
-2.142857142857143 -5.714285714285714 0.0 -54 54.31341020073401 0.0 0.0 
-2.142857142857143 -5.0 0.0 -55 112.96267542450889 0.0 0.0 
-2.142857142857143 -4.285714285714286 0.0 -50 75.7849979942587 0.0 0.0 
-2.142857142857143 -3.5714285714285716 0.0 -63 91.66628392872806 0.0 0.0 
-2.142857142857143 -2.857142857142857 0.0 -50 96.69380450626969 0.0 0.0 
-2.142857142857143 -2.142857142857143 0.0 -81 64.84868239829561 0.0 0.0 
-2.142857142857143 2.142857142857143 0.0 35 232.7034435961013 0.0 0.0 
-2.142857142857143 2.857142857142857 0.0 22 203.6855985308825 0.0 0.0 
-2.142857142857143 3.5714285714285716 0.0 16 210.1644092315791 0.0 0.0 
-2.142857142857143 4.285714285714286 0.0 13 197.39180730264087 0.0 0.0 
-2.142857142857143 5.0 0.0 8 204.3989422116967 0.0 0.0 
-2.142857142857143 5.714285714285714 0.0 6 192.40504502041006 0.0 0.0 
-2.142857142857143 6.428571428571429 0.0 1 195.70228656108833 0.0 0.0 
-2.142857142857143 7.142857142857143 0.0 5 202.99444446665322 0.0 0.0 
-2.142857142857143 7.857142857142858 0.0 -24 140.6285816308784 0.0 0.0 
-2.142857142857143 8.571428571428571 0.0 0 241.88624923036883 0.0 0.0 
-2.142857142857143 9.285714285714286 0.0 191 647.0064392577212 0.0 0.0 
-0.0 -9.285714285714286 0.0 -124 -23.709406245994018 0.0 0.0 
-0.0 -8.571428571428571 0.0 -98 -56.52570253063229 0.0 0.0 
-0.0 -7.857142857142858 0.0 -89 55.04580228531009 0.0 0.0 
-0.0 -7.142857142857143 0.0 -70 20.95850903231016 0.0 0.0 
-0.0 -6.428571428571429 0.0 -68 93.79794242526233 0.0 0.0 
-0.0 -5.714285714285714 0.0 -59 57.23651163497706 0.0 0.0 
-0.0 -5.0 0.0 -58 109.95972229492932 0.0 0.0 
-0.0 -4.285714285714286 0.0 -51 76.47020651108093 0.0 0.0 
-0.0 -3.5714285714285716 0.0 -62 91.20320478034469 0.0 0.0 
-0.0 -2.857142857142857 0.0 -49 93.61575397965544 0.0 0.0 
-0.0 -2.142857142857143 0.0 -79 59.41819443619224 0.0 0.0 
-0.0 2.142857142857143 0.0 41 229.61770685739296 0.0 0.0 
-0.0 2.857142857142857 0.0 28 200.60601133924536 0.0 0.0 
-0.0 3.5714285714285716 0.0 20 205.9345534529577 0.0 0.0 
-0.0 4.285714285714286 0.0 16 190.73308357433731 0.0 0.0 
-0.0 5.0 0.0 10 196.07740479163158 0.0 0.0 
-0.0 5.714285714285714 0.0 8 182.84604412505445 0.0 0.0 
-0.0 6.428571428571429 0.0 3 185.4903831281361 0.0 0.0 
-0.0 7.142857142857143 0.0 6 192.1968793973903 0.0 0.0 
-0.0 7.857142857142858 0.0 -23 130.72447177314183 0.0 0.0 
-0.0 8.571428571428571 0.0 1 232.70653738350472 0.0 0.0 
-0.0 9.285714285714286 0.0 186 621.5252395521904 0.0 0.0 
0.0 -9.285714285714286 0.0 -123 -20.574390900768947 0.0 0.0 
0.0 -8.571428571428571 0.0 -99 -52.68320899330121 0.0 0.0 
0.0 -7.857142857142858 0.0 -91 53.79925933880534 0.0 0.0 
0.0 -7.142857142857143 0.0 -73 20.131335136091423 0.0 0.0 
0.0 -6.428571428571429 0.0 -70 89.8844094195722 0.0 0.0 
0.0 -5.714285714285714 0.0 -59 54.21756457068713 0.0 0.0 
0.0 -5.0 0.0 -58 105.09239343034318 0.0 0.0 
0.0 -4.285714285714286 0.0 -50 74.00555032436372 0.0 0.0 
0.0 -3.5714285714285716 0.0 -58 90.14625687902188 0.0 0.0 
0.0 -2.857142857142857 0.0 -43 90.49152777549563 0.0 0.0 
0.0 -2.142857142857143 0.0 -71 59.004486524638 0.0 0.0 
0.0 2.142857142857143 0.0 47 209.9332278603116 0.0 0.0 
0.0 2.857142857142857 0.0 34 216.94590264162827 0.0 0.0 
0.0 3.5714285714285716 0.0 25 188.1845539282928 0.0 0.0 
0.0 4.285714285714286 0.0 18 194.84477609178452 0.0 0.0 
0.0 5.0 0.0 13 175.3351379224212 0.0 0.0 
0.0 5.714285714285714 0.0 7 179.80635149657627 0.0 0.0 
0.0 6.428571428571429 0.0 3 166.17955669278604 0.0 0.0 
0.0 7.142857142857143 0.0 6 186.1073173809698 0.0 0.0 
0.0 7.857142857142858 0.0 -22 112.50239342150716 0.0 0.0 
0.0 8.571428571428571 0.0 2 226.66464907336461 0.0 0.0 
0.0 9.285714285714286 0.0 182 592.0391404484827 0.0 0.0 
2.142857142857143 -9.285714285714286 0.0 -123 -26.177103072019264 0.0 0.0 
2.142857142857143 -8.571428571428571 0.0 -99 -58.632906677094695 0.0 0.0 
2.142857142857143 -7.857142857142858 0.0 -90 46.50799148226474 0.0 0.0 
2.142857142857143 -7.142857142857143 0.0 -70 13.030943239533173 0.0 0.0 
2.142857142857143 -6.428571428571429 0.0 -66 81.84277407945717 0.0 0.0 
2.142857142857143 -5.714285714285714 0.0 -56 46.52848663162007 0.0 0.0 
2.142857142857143 -5.0 0.0 -56 96.44733303807664 0.0 0.0 
2.142857142857143 -4.285714285714286 0.0 -48 66.57022592547605 0.0 0.0 
2.142857142857143 -3.5714285714285716 0.0 -54 87.44835681781859 0.0 0.0 
2.142857142857143 -2.857142857142857 0.0 -39 80.74522787309475 0.0 0.0 
2.142857142857143 -2.142857142857143 0.0 -58 69.70234679373476 0.0 0.0 
2.142857142857143 1.4285714285714286 0.0 65 128.16594704542766 0.0 0.0 
2.142857142857143 2.142857142857143 0.0 52 254.92914897049738 0.0 0.0 
2.142857142857143 2.857142857142857 0.0 36 114.18012442274627 0.0 0.0 
2.142857142857143 3.5714285714285716 0.0 29 211.67672983953375 0.0 0.0 
2.142857142857143 4.285714285714286 0.0 16 105.93733718345734 0.0 0.0 
2.142857142857143 5.0 0.0 12 177.2713863287394 0.0 0.0 
2.142857142857143 5.714285714285714 0.0 5 103.02344324460572 0.0 0.0 
2.142857142857143 6.428571428571429 0.0 2 156.80073274206993 0.0 0.0 
2.142857142857143 7.142857142857143 0.0 5 121.478635595154 0.0 0.0 
2.142857142857143 7.857142857142858 0.0 -21 93.25372363843492 0.0 0.0 
2.142857142857143 8.571428571428571 0.0 4 170.88491697865493 0.0 0.0 
2.142857142857143 9.285714285714286 0.0 174 531.8178303101251 0.0 0.0 
4.285714285714286 -9.285714285714286 0.0 -120 -38.299790276641005 0.0 0.0 
4.285714285714286 -8.571428571428571 0.0 -94 -64.36554370666073 0.0 0.0 
4.285714285714286 -7.857142857142858 0.0 -85 34.10103982082194 0.0 0.0 
4.285714285714286 -7.142857142857143 0.0 -64 4.853789198184273 0.0 0.0 
4.285714285714286 -6.428571428571429 0.0 -60 69.5334132869832 0.0 0.0 
4.285714285714286 -5.714285714285714 0.0 -50 36.367647265074766 0.0 0.0 
4.285714285714286 -5.0 0.0 -51 80.93564884663158 0.0 0.0 
4.285714285714286 -4.285714285714286 0.0 -45 50.113443258982684 0.0 0.0 
4.285714285714286 -3.5714285714285716 0.0 -50 73.12209339867611 0.0 0.0 
4.285714285714286 -2.857142857142857 0.0 -44 57.874498767803416 0.0 0.0 
4.285714285714286 -2.142857142857143 0.0 -58 49.27340198258182 0.0 0.0 
4.285714285714286 -1.4285714285714286 0.0 -36 -1.0385036969631614 0.0 0.0 
4.285714285714286 1.4285714285714286 0.0 62 129.96133877875084 0.0 0.0 
4.285714285714286 2.142857142857143 0.0 41 195.1820576753982 0.0 0.0 
4.285714285714286 2.857142857142857 0.0 37 121.7336735710264 0.0 0.0 
4.285714285714286 3.5714285714285716 0.0 22 157.44257420635725 0.0 0.0 
4.285714285714286 4.285714285714286 0.0 16 89.98638249323501 0.0 0.0 
4.285714285714286 5.0 0.0 4 121.12286350972553 0.0 0.0 
4.285714285714286 5.714285714285714 0.0 4 78.17021144538316 0.0 0.0 
4.285714285714286 6.428571428571429 0.0 0 110.05141728790043 0.0 0.0 
4.285714285714286 7.142857142857143 0.0 8 99.16448313731163 0.0 0.0 
4.285714285714286 7.857142857142858 0.0 -21 54.749231178635966 0.0 0.0 
4.285714285714286 8.571428571428571 0.0 9 148.67519418576134 0.0 0.0 
4.285714285714286 9.285714285714286 0.0 152 441.51436866846177 0.0 0.0 
6.428571428571429 -9.285714285714286 0.0 -110 -58.77851601801859 0.0 0.0 
6.428571428571429 -8.571428571428571 0.0 -85 -72.30881305112183 0.0 0.0 
6.428571428571429 -7.857142857142858 0.0 -75 10.027819462688711 0.0 0.0 
6.428571428571429 -7.142857142857143 0.0 -54 -11.023708240472246 0.0 0.0 
6.428571428571429 -6.428571428571429 0.0 -51 43.025266567695354 0.0 0.0 
6.428571428571429 -5.714285714285714 0.0 -39 16.016040913224955 0.0 0.0 
6.428571428571429 -5.0 0.0 -38 53.600353067466926 0.0 0.0 
6.428571428571429 -4.285714285714286 0.0 -33 26.366977353537763 0.0 0.0 
6.428571428571429 -3.5714285714285716 0.0 -37 38.639434066961826 0.0 0.0 
6.428571428571429 -2.857142857142857 0.0 -29 19.052071419236725 0.0 0.0 
6.428571428571429 -2.142857142857143 0.0 -19 63.60659268462109 0.0 0.0 
6.428571428571429 -1.4285714285714286 0.0 -44 -2.806018974686424 0.0 0.0 
6.428571428571429 -0.7142857142857143 0.0 -29 -17.838589252465212 0.0 0.0 
6.428571428571429 -0.0 0.0 2 -19.3434436268724 0.0 0.0 
6.428571428571429 0.0 0.0 -3 -67.89110361623318 0.0 0.0 
6.428571428571429 2.142857142857143 0.0 57 86.28554279523976 0.0 0.0 
6.428571428571429 2.857142857142857 0.0 35 162.93835206877208 0.0 0.0 
6.428571428571429 3.5714285714285716 0.0 17 55.310045480044245 0.0 0.0 
6.428571428571429 4.285714285714286 0.0 8 99.08550663844629 0.0 0.0 
6.428571428571429 5.0 0.0 0 27.10124976403621 0.0 0.0 
6.428571428571429 5.714285714285714 0.0 1 72.47803652175169 0.0 0.0 
6.428571428571429 6.428571428571429 0.0 -1 33.57443091901599 0.0 0.0 
6.428571428571429 7.142857142857143 0.0 8 85.37252105057091 0.0 0.0 
6.428571428571429 7.857142857142858 0.0 -18 -8.716726671978066 0.0 0.0 
6.428571428571429 8.571428571428571 0.0 14 134.83813226331003 0.0 0.0 
6.428571428571429 9.285714285714286 0.0 140 340.88430175933206 0.0 0.0 
8.571428571428571 -9.285714285714286 0.0 -95 -85.00701746784338 0.0 0.0 
8.571428571428571 -8.571428571428571 0.0 -71 -80.86128708898194 0.0 0.0 
8.571428571428571 -7.857142857142858 0.0 -60 -23.402417240578274 0.0 0.0 
8.571428571428571 -7.142857142857143 0.0 -41 -30.442084266724805 0.0 0.0 
8.571428571428571 -6.428571428571429 0.0 -36 6.779740661323785 0.0 0.0 
8.571428571428571 -5.714285714285714 0.0 -25 -9.17848840135828 0.0 0.0 
8.571428571428571 -5.0 0.0 -22 15.505122937056626 0.0 0.0 
8.571428571428571 -4.285714285714286 0.0 -11 3.8078820321441498 0.0 0.0 
8.571428571428571 -3.5714285714285716 0.0 -9 22.979253827967923 0.0 0.0 
8.571428571428571 -2.857142857142857 0.0 -8 3.1789278181689866 0.0 0.0 
8.571428571428571 -2.142857142857143 0.0 -5 20.68232321470247 0.0 0.0 
8.571428571428571 -1.4285714285714286 0.0 5 19.82836484339518 0.0 0.0 
8.571428571428571 -0.7142857142857143 0.0 6 34.71475403855512 0.0 0.0 
8.571428571428571 -0.0 0.0 14 59.530343410851515 0.0 0.0 
8.571428571428571 0.0 0.0 -47 -25.901110285425645 0.0 0.0 
8.571428571428571 0.7142857142857143 0.0 -50 -88.74527883181183 0.0 0.0 
8.571428571428571 1.4285714285714286 0.0 49 23.132513177102194 0.0 0.0 
8.571428571428571 3.5714285714285716 0.0 25 75.06065813243707 0.0 0.0 
8.571428571428571 4.285714285714286 0.0 1 124.72070495212802 0.0 0.0 
8.571428571428571 5.0 0.0 0 36.61886012263714 0.0 0.0 
8.571428571428571 5.714285714285714 0.0 2 107.87063978037536 0.0 0.0 
8.571428571428571 6.428571428571429 0.0 4 51.53380405172677 0.0 0.0 
8.571428571428571 7.142857142857143 0.0 11 119.88536659780888 0.0 0.0 
8.571428571428571 7.857142857142858 0.0 -12 12.718031678866183 0.0 0.0 
8.571428571428571 8.571428571428571 0.0 19 181.49375211661103 0.0 0.0 
8.571428571428571 9.285714285714286 0.0 123 343.4966921133315 0.0 0.0 
10.714285714285714 -9.285714285714286 0.0 -73 -104.87026876444742 0.0 0.0 
10.714285714285714 -8.571428571428571 0.0 -52 -80.46324632285919 0.0 0.0 
10.714285714285714 -7.857142857142858 0.0 -42 -45.95889512488648 0.0 0.0 
10.714285714285714 -7.142857142857143 0.0 -26 -36.209532140875424 0.0 0.0 
10.714285714285714 -6.428571428571429 0.0 -20 -12.404909349693 0.0 0.0 
10.714285714285714 -5.714285714285714 0.0 -9 -9.549478972613088 0.0 0.0 
10.714285714285714 -5.0 0.0 -6 9.672475676624188 0.0 0.0 
10.714285714285714 -4.285714285714286 0.0 -1 10.605236098500704 0.0 0.0 
10.714285714285714 -3.5714285714285716 0.0 0 24.919114474956757 0.0 0.0 
10.714285714285714 -2.857142857142857 0.0 4 23.086516297760937 0.0 0.0 
10.714285714285714 -2.142857142857143 0.0 5 42.517483180518276 0.0 0.0 
10.714285714285714 -1.4285714285714286 0.0 2 45.51252922538606 0.0 0.0 
10.714285714285714 -0.7142857142857143 0.0 -10 44.33243630902395 0.0 0.0 
10.714285714285714 -0.0 0.0 -3 56.104297889116935 0.0 0.0 
10.714285714285714 0.0 0.0 0 64.26072647762147 0.0 0.0 
10.714285714285714 0.7142857142857143 0.0 -20 39.007226082684 0.0 0.0 
10.714285714285714 1.4285714285714286 0.0 -80 -40.728309514901 0.0 0.0 
10.714285714285714 2.142857142857143 0.0 -67 -113.6530630885549 0.0 0.0 
10.714285714285714 5.0 0.0 27 78.47200301654948 0.0 0.0 
10.714285714285714 5.714285714285714 0.0 15 108.25119071528577 0.0 0.0 
10.714285714285714 6.428571428571429 0.0 14 63.475953480607465 0.0 0.0 
10.714285714285714 7.142857142857143 0.0 13 110.66559635080557 0.0 0.0 
10.714285714285714 7.857142857142858 0.0 -16 -3.2454780132548393 0.0 0.0 
10.714285714285714 8.571428571428571 0.0 15 150.5539481733672 0.0 0.0 
10.714285714285714 9.285714285714286 0.0 140 344.272428690931 0.0 0.0 
12.857142857142858 -9.285714285714286 0.0 -52 -104.99801624836662 0.0 0.0 
12.857142857142858 -8.571428571428571 0.0 -39 -66.40469539446303 0.0 0.0 
12.857142857142858 -7.857142857142858 0.0 -29 -42.580201593550086 0.0 0.0 
12.857142857142858 -7.142857142857143 0.0 -18 -18.6306319271455 0.0 0.0 
12.857142857142858 -6.428571428571429 0.0 -14 -2.954029934759987 0.0 0.0 
12.857142857142858 -5.714285714285714 0.0 -9 6.102512941846726 0.0 0.0 
12.857142857142858 -5.0 0.0 -9 15.339865199760382 0.0 0.0 
12.857142857142858 -4.285714285714286 0.0 -8 22.444411825288448 0.0 0.0 
12.857142857142858 -3.5714285714285716 0.0 -8 35.268507462482525 0.0 0.0 
12.857142857142858 -2.857142857142857 0.0 -10 38.54886012447439 0.0 0.0 
12.857142857142858 -2.142857142857143 0.0 -16 37.86929868111007 0.0 0.0 
12.857142857142858 -1.4285714285714286 0.0 -19 25.215370364293292 0.0 0.0 
12.857142857142858 -0.7142857142857143 0.0 -21 19.49706827557793 0.0 0.0 
12.857142857142858 -0.0 0.0 -19 28.6386844708127 0.0 0.0 
12.857142857142858 0.0 0.0 -17 32.2509790382125 0.0 0.0 
12.857142857142858 0.7142857142857143 0.0 -8 39.41711840704847 0.0 0.0 
12.857142857142858 1.4285714285714286 0.0 12 71.1164821213263 0.0 0.0 
12.857142857142858 2.142857142857143 0.0 -44 -29.33229613719088 0.0 0.0 
12.857142857142858 4.285714285714286 0.0 39 84.10926516425803 0.0 0.0 
12.857142857142858 5.0 0.0 31 98.8692744610873 0.0 0.0 
12.857142857142858 5.714285714285714 0.0 17 58.97253373497179 0.0 0.0 
12.857142857142858 6.428571428571429 0.0 18 76.58772368959805 0.0 0.0 
12.857142857142858 7.142857142857143 0.0 19 70.11280132527904 0.0 0.0 
12.857142857142858 7.857142857142858 0.0 -5 15.210384632928744 0.0 0.0 
12.857142857142858 8.571428571428571 0.0 22 138.59728850026752 0.0 0.0 
12.857142857142858 9.285714285714286 0.0 136 327.9597307653356 0.0 0.0 
15.0 -9.285714285714286 0.0 -44 -95.33554544505904 0.0 0.0 
15.0 -8.571428571428571 0.0 -39 -56.676484738352826 0.0 0.0 
15.0 -7.857142857142858 0.0 -30 -36.66270481186611 0.0 0.0 
15.0 -7.142857142857143 0.0 -22 -13.190741113346334 0.0 0.0 
15.0 -6.428571428571429 0.0 -18 1.2815463258034185 0.0 0.0 
15.0 -5.714285714285714 0.0 -14 14.322948629592275 0.0 0.0 
15.0 -5.0 0.0 -14 22.449860603662742 0.0 0.0 
15.0 -4.285714285714286 0.0 -15 22.937859665596392 0.0 0.0 
15.0 -3.5714285714285716 0.0 -18 21.213454182611116 0.0 0.0 
15.0 -2.857142857142857 0.0 -17 18.155162367086646 0.0 0.0 
15.0 -2.142857142857143 0.0 -14 27.549601756650006 0.0 0.0 
15.0 -1.4285714285714286 0.0 -8 34.737263234243 0.0 0.0 
15.0 -0.7142857142857143 0.0 -10 35.66125540606291 0.0 0.0 
15.0 -0.0 0.0 -13 29.88207306531085 0.0 0.0 
15.0 0.0 0.0 -20 22.961187476589522 0.0 0.0 
15.0 0.7142857142857143 0.0 -20 34.78284708747596 0.0 0.0 
15.0 1.4285714285714286 0.0 -18 65.29940807693131 0.0 0.0 
15.0 2.142857142857143 0.0 -75 -79.50522436569031 0.0 0.0 
15.0 2.857142857142857 0.0 -34 -108.74026030786524 0.0 0.0 
15.0 3.5714285714285716 0.0 56 25.663658359951725 0.0 0.0 
15.0 4.285714285714286 0.0 33 14.797253016337962 0.0 0.0 
15.0 5.0 0.0 26 1.7919949283315404 0.0 0.0 
15.0 5.714285714285714 0.0 21 9.530223551869375 0.0 0.0 
15.0 6.428571428571429 0.0 17 2.39565694629934 0.0 0.0 
15.0 7.142857142857143 0.0 21 21.158803327944906 0.0 0.0 
15.0 7.857142857142858 0.0 -14 -72.70353841283116 0.0 0.0 
15.0 8.571428571428571 0.0 22 64.8059132514871 0.0 0.0 
15.0 9.285714285714286 0.0 120 191.372171514898 0.0 0.0 
17.142857142857142 -9.285714285714286 0.0 -44 -92.30410611971286 0.0 0.0 
17.142857142857142 -8.571428571428571 0.0 -41 -57.032092438597346 0.0 0.0 
17.142857142857142 -7.857142857142858 0.0 -31 -35.82664229711111 0.0 0.0 
17.142857142857142 -7.142857142857143 0.0 -24 -16.243942618007452 0.0 0.0 
17.142857142857142 -6.428571428571429 0.0 -21 -6.519913594150012 0.0 0.0 
17.142857142857142 -5.714285714285714 0.0 -18 -2.1559542517592405 0.0 0.0 
17.142857142857142 -5.0 0.0 -14 2.6363810530251612 0.0 0.0 
17.142857142857142 -4.285714285714286 0.0 -10 6.250626422483322 0.0 0.0 
17.142857142857142 -3.5714285714285716 0.0 -6 13.90951418380925 0.0 0.0 
17.142857142857142 -2.857142857142857 0.0 -5 12.280424537474175 0.0 0.0 
17.142857142857142 -2.142857142857143 0.0 -6 12.51183796435943 0.0 0.0 
17.142857142857142 -1.4285714285714286 0.0 -5 8.461078790162944 0.0 0.0 
17.142857142857142 -0.7142857142857143 0.0 -2 11.438457636322148 0.0 0.0 
17.142857142857142 -0.0 0.0 1 15.845091344033435 0.0 0.0 
17.142857142857142 0.0 0.0 -2 0.5826680227684022 0.0 0.0 
17.142857142857142 0.7142857142857143 0.0 -5 -26.677639077713458 0.0 0.0 
17.142857142857142 1.4285714285714286 0.0 18 3.045278604480627 0.0 0.0 
17.142857142857142 2.142857142857143 0.0 37 27.023457576316165 0.0 0.0 
17.142857142857142 2.857142857142857 0.0 34 20.220033715217966 0.0 0.0 
17.142857142857142 3.5714285714285716 0.0 21 12.771515125730948 0.0 0.0 
17.142857142857142 4.285714285714286 0.0 14 9.700440858761592 0.0 0.0 
17.142857142857142 5.0 0.0 14 10.504696875143864 0.0 0.0 
17.142857142857142 5.714285714285714 0.0 11 9.562660456632813 0.0 0.0 
17.142857142857142 6.428571428571429 0.0 11 5.217336122137766 0.0 0.0 
17.142857142857142 7.142857142857143 0.0 21 28.75862568327668 0.0 0.0 
17.142857142857142 7.857142857142858 0.0 -5 -51.51019983725833 0.0 0.0 
17.142857142857142 8.571428571428571 0.0 36 110.65927703426699 0.0 0.0 
17.142857142857142 9.285714285714286 0.0 91 162.41728968525598 0.0 0.0 
19.285714285714285 -9.285714285714286 0.0 -43 -100.98624207479764 0.0 0.0 
19.285714285714285 -8.571428571428571 0.0 -37 -66.0940495748498 0.0 0.0 
19.285714285714285 -7.857142857142858 0.0 -26 -48.83935509659334 0.0 0.0 
19.285714285714285 -7.142857142857143 0.0 -16 -28.99903744189384 0.0 0.0 
19.285714285714285 -6.428571428571429 0.0 -9 -18.75690038029046 0.0 0.0 
19.285714285714285 -5.714285714285714 0.0 -2 -11.88710902307259 0.0 0.0 
19.285714285714285 -5.0 0.0 0 -6.262422663329204 0.0 0.0 
19.285714285714285 -4.285714285714286 0.0 2 -5.0706645025597155 0.0 0.0 
19.285714285714285 -3.5714285714285716 0.0 5 -0.2866698544731108 0.0 0.0 
19.285714285714285 -2.857142857142857 0.0 9 0.4095497881595165 0.0 0.0 
19.285714285714285 -2.142857142857143 0.0 11 6.378366129967532 0.0 0.0 
19.285714285714285 -1.4285714285714286 0.0 13 6.276151097504435 0.0 0.0 
19.285714285714285 -0.7142857142857143 0.0 13 5.893296979215435 0.0 0.0 
19.285714285714285 -0.0 0.0 17 10.944685362201987 0.0 0.0 
19.285714285714285 0.0 0.0 23 19.45541154779905 0.0 0.0 
19.285714285714285 0.7142857142857143 0.0 24 17.708880537538302 0.0 0.0 
19.285714285714285 1.4285714285714286 0.0 22 22.971449901704734 0.0 0.0 
19.285714285714285 2.142857142857143 0.0 14 20.959099565409893 0.0 0.0 
19.285714285714285 2.857142857142857 0.0 11 18.686417882043507 0.0 0.0 
19.285714285714285 3.5714285714285716 0.0 11 19.71629555517143 0.0 0.0 
19.285714285714285 4.285714285714286 0.0 12 22.42576245050218 0.0 0.0 
19.285714285714285 5.0 0.0 14 25.054366537837453 0.0 0.0 
19.285714285714285 5.714285714285714 0.0 15 27.682233614130816 0.0 0.0 
19.285714285714285 6.428571428571429 0.0 14 23.55323805653431 0.0 0.0 
19.285714285714285 7.142857142857143 0.0 21 42.3197177225551 0.0 0.0 
19.285714285714285 7.857142857142858 0.0 -10 -51.08423310759277 0.0 0.0 
19.285714285714285 8.571428571428571 0.0 36 114.29934679388724 0.0 0.0 
19.285714285714285 9.285714285714286 0.0 88 165.52554632913333 0.0 0.0 
21.428571428571427 -9.285714285714286 0.0 -31 -106.24970884319933 0.0 0.0 
21.428571428571427 -8.571428571428571 0.0 -23 -60.43451111341687 0.0 0.0 
21.428571428571427 -7.857142857142858 0.0 -9 -50.690291864857016 0.0 0.0 
21.428571428571427 -7.142857142857143 0.0 -2 -25.572104459510307 0.0 0.0 
21.428571428571427 -6.428571428571429 0.0 5 -21.232384362814678 0.0 0.0 
21.428571428571427 -5.714285714285714 0.0 7 -8.744826421634556 0.0 0.0 
21.428571428571427 -5.0 0.0 10 -4.876429696610998 0.0 0.0 
21.428571428571427 -4.285714285714286 0.0 12 1.8906939351625596 0.0 0.0 
21.428571428571427 -3.5714285714285716 0.0 13 4.94809483487041 0.0 0.0 
21.428571428571427 -2.857142857142857 0.0 13 7.627971607181948 0.0 0.0 
21.428571428571427 -2.142857142857143 0.0 13 9.307490794459149 0.0 0.0 
21.428571428571427 -1.4285714285714286 0.0 14 9.557869127052847 0.0 0.0 
21.428571428571427 -0.7142857142857143 0.0 12 9.393407839957348 0.0 0.0 
21.428571428571427 -0.0 0.0 14 9.89832102828029 0.0 0.0 
21.428571428571427 0.0 0.0 14 15.856986579979598 0.0 0.0 
21.428571428571427 0.7142857142857143 0.0 14 18.493221357319907 0.0 0.0 
21.428571428571427 1.4285714285714286 0.0 16 22.475223233367714 0.0 0.0 
21.428571428571427 2.142857142857143 0.0 15 21.134644626721645 0.0 0.0 
21.428571428571427 2.857142857142857 0.0 16 23.195894007051216 0.0 0.0 
21.428571428571427 3.5714285714285716 0.0 16 23.71253972407819 0.0 0.0 
21.428571428571427 4.285714285714286 0.0 16 24.548197537106454 0.0 0.0 
21.428571428571427 5.0 0.0 16 23.27394406535345 0.0 0.0 
21.428571428571427 5.714285714285714 0.0 17 23.44360875477217 0.0 0.0 
21.428571428571427 6.428571428571429 0.0 16 19.759747047774557 0.0 0.0 
21.428571428571427 7.142857142857143 0.0 26 42.852946931127086 0.0 0.0 
21.428571428571427 7.857142857142858 0.0 -5 -49.49217252861511 0.0 0.0 
21.428571428571427 8.571428571428571 0.0 39 101.65484858801003 0.0 0.0 
21.428571428571427 9.285714285714286 0.0 83 143.14903544299494 0.0 0.0 
23.57142857142857 -9.285714285714286 0.0 -14 -92.99482692632705 0.0 0.0 
23.57142857142857 -8.571428571428571 0.0 -9 -46.443606348987934 0.0 0.0 
23.57142857142857 -7.857142857142858 0.0 1 -42.046248839757844 0.0 0.0 
23.57142857142857 -7.142857142857143 0.0 4 -17.493689924118556 0.0 0.0 
23.57142857142857 -6.428571428571429 0.0 8 -15.817630905943531 0.0 0.0 
23.57142857142857 -5.714285714285714 0.0 8 -5.436618568853632 0.0 0.0 
23.57142857142857 -5.0 0.0 10 -4.312768106495142 0.0 0.0 
23.57142857142857 -4.285714285714286 0.0 9 0.45428846494736064 0.0 0.0 
23.57142857142857 -3.5714285714285716 0.0 12 2.1352430297649008 0.0 0.0 
23.57142857142857 -2.857142857142857 0.0 13 4.407061189076941 0.0 0.0 
23.57142857142857 -2.142857142857143 0.0 16 8.618862034408977 0.0 0.0 
23.57142857142857 -1.4285714285714286 0.0 19 13.797112488741607 0.0 0.0 
23.57142857142857 -0.7142857142857143 0.0 22 20.570743065140906 0.0 0.0 
23.57142857142857 -0.0 0.0 23 21.589289357164382 0.0 0.0 
23.57142857142857 0.0 0.0 22 22.889508160497385 0.0 0.0 
23.57142857142857 0.7142857142857143 0.0 20 19.51052061983968 0.0 0.0 
23.57142857142857 1.4285714285714286 0.0 22 22.201534977215648 0.0 0.0 
23.57142857142857 2.142857142857143 0.0 23 21.512780450688364 0.0 0.0 
23.57142857142857 2.857142857142857 0.0 22 23.28290600762977 0.0 0.0 
23.57142857142857 3.5714285714285716 0.0 22 22.180065073743513 0.0 0.0 
23.57142857142857 4.285714285714286 0.0 23 23.094986964105498 0.0 0.0 
23.57142857142857 5.0 0.0 23 21.309961142447982 0.0 0.0 
23.57142857142857 5.714285714285714 0.0 22 21.654158607767183 0.0 0.0 
23.57142857142857 6.428571428571429 0.0 21 16.305512136323166 0.0 0.0 
23.57142857142857 7.142857142857143 0.0 31 41.46478504144406 0.0 0.0 
23.57142857142857 7.857142857142858 0.0 1 -46.49253327235162 0.0 0.0 
23.57142857142857 8.571428571428571 0.0 40 83.13671710275995 0.0 0.0 
23.57142857142857 9.285714285714286 0.0 70 100.64593756352154 0.0 0.0 
25.714285714285715 -9.285714285714286 0.0 -6 -78.21845901250202 0.0 0.0 
25.714285714285715 -8.571428571428571 0.0 -8 -46.68784020514744 0.0 0.0 
25.714285714285715 -7.857142857142858 0.0 0 -42.66405924817362 0.0 0.0 
25.714285714285715 -7.142857142857143 0.0 1 -26.572860498959216 0.0 0.0 
25.714285714285715 -6.428571428571429 0.0 7 -20.617316791106923 0.0 0.0 
25.714285714285715 -5.714285714285714 0.0 8 -13.744205725710472 0.0 0.0 
25.714285714285715 -5.0 0.0 14 -5.679587762443269 0.0 0.0 
25.714285714285715 -4.285714285714286 0.0 17 -1.5022017279850317 0.0 0.0 
25.714285714285715 -3.5714285714285716 0.0 22 8.228217057038048 0.0 0.0 
25.714285714285715 -2.857142857142857 0.0 24 9.93503787657112 0.0 0.0 
25.714285714285715 -2.142857142857143 0.0 27 17.18219736348008 0.0 0.0 
25.714285714285715 -1.4285714285714286 0.0 26 15.576832463486735 0.0 0.0 
25.714285714285715 -0.7142857142857143 0.0 27 20.305002835719964 0.0 0.0 
25.714285714285715 -0.0 0.0 29 17.979240770533 0.0 0.0 
25.714285714285715 0.0 0.0 31 23.621766222878215 0.0 0.0 
25.714285714285715 0.7142857142857143 0.0 32 21.182306497970597 0.0 0.0 
25.714285714285715 1.4285714285714286 0.0 33 24.53581734983797 0.0 0.0 
25.714285714285715 2.142857142857143 0.0 34 21.555345331045977 0.0 0.0 
25.714285714285715 2.857142857142857 0.0 33 23.491361014386033 0.0 0.0 
25.714285714285715 3.5714285714285716 0.0 32 20.106584623404125 0.0 0.0 
25.714285714285715 4.285714285714286 0.0 31 19.800627804991514 0.0 0.0 
25.714285714285715 5.0 0.0 30 15.623910482061259 0.0 0.0 
25.714285714285715 5.714285714285714 0.0 28 14.807893040496726 0.0 0.0 
25.714285714285715 6.428571428571429 0.0 25 6.285965995184586 0.0 0.0 
25.714285714285715 7.142857142857143 0.0 34 32.73341981871845 0.0 0.0 
25.714285714285715 7.857142857142858 0.0 7 -47.35086658868404 0.0 0.0 
25.714285714285715 8.571428571428571 0.0 43 57.54211356280419 0.0 0.0 
25.714285714285715 9.285714285714286 0.0 53 41.22291377501878 0.0 0.0 
27.857142857142858 -9.285714285714286 0.0 30 -27.647816329885806 0.0 0.0 
27.857142857142858 -8.571428571428571 0.0 24 -13.119737848854292 0.0 0.0 
27.857142857142858 -7.857142857142858 0.0 41 16.923553604007267 0.0 0.0 
27.857142857142858 -7.142857142857143 0.0 41 24.89507945636085 0.0 0.0 
27.857142857142858 -6.428571428571429 0.0 54 52.44908902781309 0.0 0.0 
27.857142857142858 -5.714285714285714 0.0 57 53.66935175247485 0.0 0.0 
27.857142857142858 -5.0 0.0 64 75.68219079465193 0.0 0.0 
27.857142857142858 -4.285714285714286 0.0 66 72.57488613193524 0.0 0.0 
27.857142857142858 -3.5714285714285716 0.0 71 87.66240757831628 0.0 0.0 
27.857142857142858 -2.857142857142857 0.0 71 82.53287470694366 0.0 0.0 
27.857142857142858 -2.142857142857143 0.0 74 92.54796272471054 0.0 0.0 
27.857142857142858 -1.4285714285714286 0.0 76 86.70292641062399 0.0 0.0 
27.857142857142858 -0.7142857142857143 0.0 77 92.06154470794385 0.0 0.0 
27.857142857142858 -0.0 0.0 76 85.11228790623495 0.0 0.0 
27.857142857142858 0.0 0.0 76 87.0182524252991 0.0 0.0 
27.857142857142858 0.7142857142857143 0.0 75 79.45419815569807 0.0 0.0 
27.857142857142858 1.4285714285714286 0.0 73 77.65333272400812 0.0 0.0 
27.857142857142858 2.142857142857143 0.0 70 69.64590942063094 0.0 0.0 
27.857142857142858 2.857142857142857 0.0 67 65.34324779503353 0.0 0.0 
27.857142857142858 3.5714285714285716 0.0 64 56.36321704748597 0.0 0.0 
27.857142857142858 4.285714285714286 0.0 60 50.006688206097735 0.0 0.0 
27.857142857142858 5.0 0.0 56 40.456225369560336 0.0 0.0 
27.857142857142858 5.714285714285714 0.0 49 32.77758578772067 0.0 0.0 
27.857142857142858 6.428571428571429 0.0 41 15.361898796281096 0.0 0.0 
27.857142857142858 7.142857142857143 0.0 45 36.004002278585816 0.0 0.0 
27.857142857142858 7.857142857142858 0.0 13 -39.221110624049516 0.0 0.0 
27.857142857142858 8.571428571428571 0.0 42 36.659863675755595 0.0 0.0 
27.857142857142858 9.285714285714286 0.0 21 -19.896452010287263 0.0 0.0 
