-27.857142857142858 -9.285714285714286 0.0 0 0.0 0.0 0.0 
-27.857142857142858 -8.571428571428571 0.0 0 -0.0017261708874962741 0.0 0.0 
-27.857142857142858 -7.857142857142858 0.0 0 -0.0021205538804933946 0.0 0.0 
-27.857142857142858 -7.142857142857143 0.0 0 -0.002407764040009043 0.0 0.0 
-27.857142857142858 -6.428571428571429 0.0 0 -0.0023990082592748054 0.0 0.0 
-27.857142857142858 -5.714285714285714 0.0 0 -0.0024776504740342434 0.0 0.0 
-27.857142857142858 -5.0 0.0 0 -0.0024310702491868027 0.0 0.0 
-27.857142857142858 -4.285714285714286 0.0 0 -0.002455174382949046 0.0 0.0 
-27.857142857142858 -3.5714285714285716 0.0 0 -0.0024137470620140223 0.0 0.0 
-27.857142857142858 -2.857142857142857 0.0 0 -0.0024184420799363377 0.0 0.0 
-27.857142857142858 -2.142857142857143 0.0 0 -0.002386875205567694 0.0 0.0 
-27.857142857142858 -1.4285714285714286 0.0 0 -0.0023841565816852027 0.0 0.0 
-27.857142857142858 -0.7142857142857143 0.0 0 -0.0023610858672043094 0.0 0.0 
-27.857142857142858 -0.0 0.0 0 -0.0023558639317726817 0.0 0.0 
-27.857142857142858 0.0 0.0 0 -0.0023392037352045402 0.0 0.0 
-27.857142857142858 0.7142857142857143 0.0 0 -0.0023335377329254166 0.0 0.0 
-27.857142857142858 1.4285714285714286 0.0 0 -0.0023214039498881908 0.0 0.0 
-27.857142857142858 2.142857142857143 0.0 0 -0.0023158879913702545 0.0 0.0 
-27.857142857142858 2.857142857142857 0.0 0 -0.0023063994246807547 0.0 0.0 
-27.857142857142858 3.5714285714285716 0.0 0 -0.002300213128344916 0.0 0.0 
-27.857142857142858 4.285714285714286 0.0 0 -0.002290187711075373 0.0 0.0 
-27.857142857142858 5.0 0.0 0 -0.0022788268801618404 0.0 0.0 
-27.857142857142858 5.714285714285714 0.0 0 -0.002257970099650994 0.0 0.0 
-27.857142857142858 6.428571428571429 0.0 0 -0.002219562969463061 0.0 0.0 
-27.857142857142858 7.142857142857143 0.0 0 -0.002132303542609505 0.0 0.0 
-27.857142857142858 7.857142857142858 0.0 0 -0.0019085774299669772 0.0 0.0 
-27.857142857142858 8.571428571428571 0.0 0 -0.001234865067484161 0.0 0.0 
-27.857142857142858 9.285714285714286 0.0 0 0.0013941478723621314 0.0 0.0 
-25.714285714285715 -9.285714285714286 0.0 0 -0.0035826470645911198 0.0 0.0 
-25.714285714285715 -8.571428571428571 0.0 0 -0.0033632435801315527 0.0 0.0 
-25.714285714285715 -7.857142857142858 0.0 0 -0.004012434562788045 0.0 0.0 
-25.714285714285715 -7.142857142857143 0.0 0 -0.0036702284160723873 0.0 0.0 
-25.714285714285715 -6.428571428571429 0.0 0 -0.003971822086166306 0.0 0.0 
-25.714285714285715 -5.714285714285714 0.0 0 -0.0036596635801515592 0.0 0.0 
-25.714285714285715 -5.0 0.0 0 -0.003812818365356749 0.0 0.0 
-25.714285714285715 -4.285714285714286 0.0 0 -0.003563246022599372 0.0 0.0 
-25.714285714285715 -3.5714285714285716 0.0 0 -0.0036354344073856824 0.0 0.0 
-25.714285714285715 -2.857142857142857 0.0 0 -0.003437167845241825 0.0 0.0 
-25.714285714285715 -2.142857142857143 0.0 0 -0.0034584328671039546 0.0 0.0 
-25.714285714285715 -1.4285714285714286 0.0 0 -0.0032959521112972956 0.0 0.0 
-25.714285714285715 -0.7142857142857143 0.0 0 -0.003281816697145768 0.0 0.0 
-25.714285714285715 -0.0 0.0 0 -0.003141150214643152 0.0 0.0 
-25.714285714285715 0.0 0.0 0 -0.0030989573125210675 0.0 0.0 
-25.714285714285715 0.7142857142857143 0.0 0 -0.002967267566790773 0.0 0.0 
-25.714285714285715 1.4285714285714286 0.0 0 -0.0028979411990383472 0.0 0.0 
-25.714285714285715 2.142857142857143 0.0 0 -0.002761341216763937 0.0 0.0 
-25.714285714285715 2.857142857142857 0.0 0 -0.002658571188768036 0.0 0.0 
-25.714285714285715 3.5714285714285716 0.0 0 -0.0024981207002773066 0.0 0.0 
-25.714285714285715 4.285714285714286 0.0 0 -0.002344441938208097 0.0 0.0 
-25.714285714285715 5.0 0.0 0 -0.002129386341288905 0.0 0.0 
-25.714285714285715 5.714285714285714 0.0 0 -0.0018907764131207575 0.0 0.0 
-25.714285714285715 6.428571428571429 0.0 0 -0.0015807643694694844 0.0 0.0 
-25.714285714285715 7.142857142857143 0.0 0 -0.0012421770134533002 0.0 0.0 
-25.714285714285715 7.857142857142858 0.0 0 -0.0008841757828959886 0.0 0.0 
-25.714285714285715 8.571428571428571 0.0 0 -0.0003335948754297238 0.0 0.0 
-25.714285714285715 9.285714285714286 0.0 0 0.004664495469034419 0.0 0.0 
-23.57142857142857 -9.285714285714286 0.0 0 -0.0005942659172322447 0.0 0.0 
-23.57142857142857 -8.571428571428571 0.0 0 0.0004991835792316057 0.0 0.0 
-23.57142857142857 -7.857142857142858 0.0 0 -0.0007508667621103123 0.0 0.0 
-23.57142857142857 -7.142857142857143 0.0 0 5.550716611166847e-05 0.0 0.0 
-23.57142857142857 -6.428571428571429 0.0 0 -0.0007428512021105077 0.0 0.0 
-23.57142857142857 -5.714285714285714 0.0 0 -0.00011926455901616691 0.0 0.0 
-23.57142857142857 -5.0 0.0 0 -0.0006426392911949496 0.0 0.0 
-23.57142857142857 -4.285714285714286 0.0 0 -0.00017395005117825887 0.0 0.0 
-23.57142857142857 -3.5714285714285716 0.0 0 -0.0005146433609520046 0.0 0.0 
-23.57142857142857 -2.857142857142857 0.0 0 -0.00015915535450253759 0.0 0.0 
-23.57142857142857 -2.142857142857143 0.0 0 -0.0003722828148599183 0.0 0.0 
-23.57142857142857 -1.4285714285714286 0.0 0 -9.490827844870191e-05 0.0 0.0 
-23.57142857142857 -0.7142857142857143 0.0 0 -0.00021507681270242752 0.0 0.0 
-23.57142857142857 -0.0 0.0 0 1.2315269165633297e-05 0.0 0.0 
-23.57142857142857 0.0 0.0 0 -3.5892083023517356e-05 0.0 0.0 
-23.57142857142857 0.7142857142857143 0.0 0 0.00016478047608817215 0.0 0.0 
-23.57142857142857 1.4285714285714286 0.0 0 0.00017742809993822044 0.0 0.0 
-23.57142857142857 2.142857142857143 0.0 0 0.00037131832224361746 0.0 0.0 
-23.57142857142857 2.857142857142857 0.0 0 0.0004397904412056277 0.0 0.0 
-23.57142857142857 3.5714285714285716 0.0 0 0.0006413912228454154 0.0 0.0 
-23.57142857142857 4.285714285714286 0.0 0 0.0007578266306971983 0.0 0.0 
-23.57142857142857 5.0 0.0 0 0.000965195160879894 0.0 0.0 
-23.57142857142857 5.714285714285714 0.0 0 0.0011033432645952874 0.0 0.0 
-23.57142857142857 6.428571428571429 0.0 0 0.0012913458002336477 0.0 0.0 
-23.57142857142857 7.142857142857143 0.0 0 0.001397750649815184 0.0 0.0 
-23.57142857142857 7.857142857142858 0.0 0 0.0013052557334011256 0.0 0.0 
-23.57142857142857 8.571428571428571 0.0 0 7.824614008776108e-05 0.0 0.0 
-23.57142857142857 9.285714285714286 0.0 0 0.003044479643242116 0.0 0.0 
-21.428571428571427 -9.285714285714286 0.0 0 -0.0009599010548896171 0.0 0.0 
-21.428571428571427 -8.571428571428571 0.0 0 -0.00014237081456938726 0.0 0.0 
-21.428571428571427 -7.857142857142858 0.0 0 -0.001205824395358537 0.0 0.0 
-21.428571428571427 -7.142857142857143 0.0 0 -0.0005072080195133947 0.0 0.0 
-21.428571428571427 -6.428571428571429 0.0 0 -0.0011925338442981836 0.0 0.0 
-21.428571428571427 -5.714285714285714 0.0 0 -0.0006407375491837017 0.0 0.0 
-21.428571428571427 -5.0 0.0 0 -0.001091470277283694 0.0 0.0 
-21.428571428571427 -4.285714285714286 0.0 0 -0.0006673164560710445 0.0 0.0 
-21.428571428571427 -3.5714285714285716 0.0 0 -0.0009586897617302624 0.0 0.0 
-21.428571428571427 -2.857142857142857 0.0 0 -0.0006270948701329862 0.0 0.0 
-21.428571428571427 -2.142857142857143 0.0 0 -0.0008037038609096225 0.0 0.0 
-21.428571428571427 -1.4285714285714286 0.0 0 -0.0005349940314365324 0.0 0.0 
-21.428571428571427 -0.7142857142857143 0.0 0 -0.0006258062379784254 0.0 0.0 
-21.428571428571427 -0.0 0.0 0 -0.00039754379531096795 0.0 0.0 
-21.428571428571427 0.0 0.0 0 -0.0004233728871753596 0.0 0.0 
-21.428571428571427 0.7142857142857143 0.0 0 -0.0002214842839155105 0.0 0.0 
-21.428571428571427 1.4285714285714286 0.0 0 -0.00020142620525408092 0.0 0.0 
-21.428571428571427 2.142857142857143 0.0 0 -2.3198162615466384e-05 0.0 0.0 
-21.428571428571427 2.857142857142857 0.0 0 1.8181798318613886e-05 0.0 0.0 
-21.428571428571427 3.5714285714285716 0.0 0 0.000159919658298258 0.0 0.0 
-21.428571428571427 4.285714285714286 0.0 0 0.00018705248670079026 0.0 0.0 
-21.428571428571427 5.0 0.0 0 0.0002625965016810496 0.0 0.0 
-21.428571428571427 5.714285714285714 0.0 0 0.00022956932294667664 0.0 0.0 
-21.428571428571427 6.428571428571429 0.0 0 0.00022007072261971878 0.0 0.0 
-21.428571428571427 7.142857142857143 0.0 0 0.0002344636358112973 0.0 0.0 
-21.428571428571427 7.857142857142858 0.0 0 0.0005718776693135763 0.0 0.0 
-21.428571428571427 8.571428571428571 0.0 0 -4.32120955704727e-05 0.0 0.0 
-21.428571428571427 9.285714285714286 0.0 0 0.0015091310897540145 0.0 0.0 
-19.285714285714285 -9.285714285714286 0.0 0 -0.000616581431189556 0.0 0.0 
-19.285714285714285 -8.571428571428571 0.0 0 3.9748685782421233e-05 0.0 0.0 
-19.285714285714285 -7.857142857142858 0.0 0 -0.0008038608702275291 0.0 0.0 
-19.285714285714285 -7.142857142857143 0.0 0 -0.0002285361727721902 0.0 0.0 
-19.285714285714285 -6.428571428571429 0.0 0 -0.0007668210381195685 0.0 0.0 
-19.285714285714285 -5.714285714285714 0.0 0 -0.0003039126290220512 0.0 0.0 
-19.285714285714285 -5.0 0.0 0 -0.0006520837969669585 0.0 0.0 
-19.285714285714285 -4.285714285714286 0.0 0 -0.0002898901561453213 0.0 0.0 
-19.285714285714285 -3.5714285714285716 0.0 0 -0.0005101658550484048 0.0 0.0 
-19.285714285714285 -2.857142857142857 0.0 0 -0.00022372096529703909 0.0 0.0 
-19.285714285714285 -2.142857142857143 0.0 0 -0.0003551774977701618 0.0 0.0 
-19.285714285714285 -1.4285714285714286 0.0 0 -0.00012579095849379396 0.0 0.0 
-19.285714285714285 -0.7142857142857143 0.0 0 -0.00019764881528567884 0.0 0.0 
-19.285714285714285 -0.0 0.0 0 -1.4937337077479775e-05 0.0 0.0 
-19.285714285714285 0.0 0.0 0 -5.240103516347206e-05 0.0 0.0 
-19.285714285714285 0.7142857142857143 0.0 0 8.603560824794578e-05 0.0 0.0 
-19.285714285714285 1.4285714285714286 0.0 0 5.991069532663357e-05 0.0 0.0 
-19.285714285714285 2.142857142857143 0.0 0 0.0001520407706420906 0.0 0.0 
-19.285714285714285 2.857142857142857 0.0 0 0.00012011738714781495 0.0 0.0 
-19.285714285714285 3.5714285714285716 0.0 0 0.00016962022452502104 0.0 0.0 
-19.285714285714285 4.285714285714286 0.0 0 0.00013414856445659407 0.0 0.0 
-19.285714285714285 5.0 0.0 0 0.00017020706939801985 0.0 0.0 
-19.285714285714285 5.714285714285714 0.0 0 0.00016103435874617063 0.0 0.0 
-19.285714285714285 6.428571428571429 0.0 0 0.0001827486635918601 0.0 0.0 
-19.285714285714285 7.142857142857143 0.0 0 0.00010556211645698077 0.0 0.0 
-19.285714285714285 7.857142857142858 0.0 0 0.0002879356896684844 0.0 0.0 
-19.285714285714285 8.571428571428571 0.0 0 -8.473054091933023e-05 0.0 0.0 
-19.285714285714285 9.285714285714286 0.0 0 0.0006903474994262311 0.0 0.0 
-17.142857142857142 -9.285714285714286 0.0 0 -0.0003863971828260398 0.0 0.0 
-17.142857142857142 -8.571428571428571 0.0 0 0.00011356860780413578 0.0 0.0 
-17.142857142857142 -7.857142857142858 0.0 0 -0.0005049084925640191 0.0 0.0 
-17.142857142857142 -7.142857142857143 0.0 0 -5.6006966507339e-05 0.0 0.0 
-17.142857142857142 -6.428571428571429 0.0 0 -0.0004464431882125344 0.0 0.0 
-17.142857142857142 -5.714285714285714 0.0 0 -8.437616364056686e-05 0.0 0.0 
-17.142857142857142 -5.0 0.0 0 -0.0003378052962488132 0.0 0.0 
-17.142857142857142 -4.285714285714286 0.0 0 -5.8332528299892815e-05 0.0 0.0 
-17.142857142857142 -3.5714285714285716 0.0 0 -0.00022477289006309453 0.0 0.0 
-17.142857142857142 -2.857142857142857 0.0 0 -1.2650947657049738e-05 0.0 0.0 
-17.142857142857142 -2.142857142857143 0.0 0 -0.00012425202651676132 0.0 0.0 
-17.142857142857142 -1.4285714285714286 0.0 0 3.194914894557632e-05 0.0 0.0 
-17.142857142857142 -0.7142857142857143 0.0 0 -4.794753504577612e-05 0.0 0.0 
-17.142857142857142 -0.0 0.0 0 6.066474891669945e-05 0.0 0.0 
-17.142857142857142 0.0 0.0 0 -3.0406706722955466e-06 0.0 0.0 
-17.142857142857142 0.7142857142857143 0.0 0 6.669032956611211e-05 0.0 0.0 
-17.142857142857142 1.4285714285714286 0.0 0 1.2743635425814e-05 0.0 0.0 
-17.142857142857142 2.142857142857143 0.0 0 5.636690283702585e-05 0.0 0.0 
-17.142857142857142 2.857142857142857 0.0 0 1.469305156023828e-05 0.0 0.0 
-17.142857142857142 3.5714285714285716 0.0 0 4.621233879101194e-05 0.0 0.0 
-17.142857142857142 4.285714285714286 0.0 0 1.705695849155878e-05 0.0 0.0 
-17.142857142857142 5.0 0.0 0 3.886580597893851e-05 0.0 0.0 
-17.142857142857142 5.714285714285714 0.0 0 2.4409205290523807e-05 0.0 0.0 
-17.142857142857142 6.428571428571429 0.0 0 6.018713461579619e-05 0.0 0.0 
-17.142857142857142 7.142857142857143 0.0 0 8.275900310004487e-06 0.0 0.0 
-17.142857142857142 7.857142857142858 0.0 0 0.00011445818187326648 0.0 0.0 
-17.142857142857142 8.571428571428571 0.0 0 -7.61715118361842e-05 0.0 0.0 
-17.142857142857142 9.285714285714286 0.0 0 0.0002473469516827716 0.0 0.0 
-15.0 -9.285714285714286 0.0 0 -0.00012829129152378525 0.0 0.0 
-15.0 -8.571428571428571 0.0 0 0.0001772732898943684 0.0 0.0 
-15.0 -7.857142857142858 0.0 0 -0.00019706177739135832 0.0 0.0 
-15.0 -7.142857142857143 0.0 0 8.711191196075439e-05 0.0 0.0 
-15.0 -6.428571428571429 0.0 0 -0.00015196397258569324 0.0 0.0 
-15.0 -5.714285714285714 0.0 0 7.35085547009867e-05 0.0 0.0 
-15.0 -5.0 0.0 0 -8.938999555925489e-05 0.0 0.0 
-15.0 -4.285714285714286 0.0 0 7.729813420837662e-05 0.0 0.0 
-15.0 -3.5714285714285716 0.0 0 -4.0147707779234236e-05 0.0 0.0 
-15.0 -2.857142857142857 0.0 0 7.785652157177796e-05 0.0 0.0 
-15.0 -2.142857142857143 0.0 0 -1.1268867653102892e-05 0.0 0.0 
-15.0 -1.4285714285714286 0.0 0 6.858129320963816e-05 0.0 0.0 
-15.0 1.4285714285714286 0.0 0 -6.188295269523837e-06 0.0 0.0 
-15.0 2.142857142857143 0.0 0 2.1088652211946934e-05 0.0 0.0 
-15.0 2.857142857142857 0.0 0 -5.1590173219432615e-06 0.0 0.0 
-15.0 3.5714285714285716 0.0 0 1.7242607921727144e-05 0.0 0.0 
-15.0 4.285714285714286 0.0 0 1.0615272149311244e-06 0.0 0.0 
-15.0 5.0 0.0 0 1.64052655730335e-05 0.0 0.0 
-15.0 5.714285714285714 0.0 0 -5.282628052780286e-07 0.0 0.0 
-15.0 6.428571428571429 0.0 0 2.0294308119023743e-05 0.0 0.0 
-15.0 7.142857142857143 0.0 0 -1.1792756118408294e-05 0.0 0.0 
-15.0 7.857142857142858 0.0 0 4.561150429924037e-05 0.0 0.0 
-15.0 8.571428571428571 0.0 0 -3.672291072842776e-05 0.0 0.0 
-15.0 9.285714285714286 0.0 0 7.359696128481835e-05 0.0 0.0 
-12.857142857142858 -9.285714285714286 0.0 0 2.666681567497478e-05 0.0 0.0 
-12.857142857142858 -8.571428571428571 0.0 0 0.0001450563822130671 0.0 0.0 
-12.857142857142858 -7.857142857142858 0.0 0 -2.2522661977918064e-05 0.0 0.0 
-12.857142857142858 -7.142857142857143 0.0 0 0.00010108994267955165 0.0 0.0 
-12.857142857142858 -6.428571428571429 0.0 0 -1.058536821618177e-05 0.0 0.0 
-12.857142857142858 -5.714285714285714 0.0 0 8.498495484373946e-05 0.0 0.0 
-12.857142857142858 -5.0 0.0 0 2.6378181113531904e-06 0.0 0.0 
-12.857142857142858 -4.285714285714286 0.0 0 7.000661982140474e-05 0.0 0.0 
-12.857142857142858 -3.5714285714285716 0.0 0 6.078393378165056e-06 0.0 0.0 
-12.857142857142858 -2.857142857142857 0.0 0 5.214955912430116e-05 0.0 0.0 
-12.857142857142858 -2.142857142857143 0.0 0 2.5372295773191807e-06 0.0 0.0 
-12.857142857142858 2.142857142857143 0.0 0 1.2911422496697818e-05 0.0 0.0 
-12.857142857142858 2.857142857142857 0.0 0 6.333383056085795e-07 0.0 0.0 
-12.857142857142858 3.5714285714285716 0.0 0 1.1296511471739226e-05 0.0 0.0 
-12.857142857142858 4.285714285714286 0.0 0 2.4101261365807147e-06 0.0 0.0 
-12.857142857142858 5.0 0.0 0 1.1322658980779969e-05 0.0 0.0 
-12.857142857142858 5.714285714285714 0.0 0 2.6310594625951497e-06 0.0 0.0 
-12.857142857142858 6.428571428571429 0.0 0 1.4829256567617117e-05 0.0 0.0 
-12.857142857142858 7.142857142857143 0.0 0 -1.6934351639618162e-06 0.0 0.0 
-12.857142857142858 7.857142857142858 0.0 0 2.4134311867479476e-05 0.0 0.0 
-12.857142857142858 8.571428571428571 0.0 0 -3.509850780207023e-06 0.0 0.0 
-12.857142857142858 9.285714285714286 0.0 0 3.267322180072878e-05 0.0 0.0 
-10.714285714285714 -9.285714285714286 0.0 0 5.9732563828747996e-05 0.0 0.0 
-10.714285714285714 -8.571428571428571 0.0 0 6.25519130722334e-05 0.0 0.0 
-10.714285714285714 -7.857142857142858 0.0 0 2.21424570619809e-05 0.0 0.0 
-10.714285714285714 -7.142857142857143 0.0 0 4.3840471766648174e-05 0.0 0.0 
-10.714285714285714 -6.428571428571429 0.0 0 1.4579098034777e-05 0.0 0.0 
-10.714285714285714 -5.714285714285714 0.0 0 3.198456632722967e-05 0.0 0.0 
-10.714285714285714 -5.0 0.0 0 8.33997504682719e-06 0.0 0.0 
-10.714285714285714 -4.285714285714286 0.0 0 2.1210721586262295e-05 0.0 0.0 
-10.714285714285714 -3.5714285714285716 0.0 0 2.577398882894068e-06 0.0 0.0 
-10.714285714285714 -2.857142857142857 0.0 0 1.301676891270035e-05 0.0 0.0 
-10.714285714285714 -2.142857142857143 0.0 0 -4.5916551931836384e-07 0.0 0.0 
-10.714285714285714 2.142857142857143 0.0 0 9.609178245778366e-06 0.0 0.0 
-10.714285714285714 2.857142857142857 0.0 0 6.148442521080956e-06 0.0 0.0 
-10.714285714285714 3.5714285714285716 0.0 0 9.888885745135973e-06 0.0 0.0 
-10.714285714285714 4.285714285714286 0.0 0 7.021779427593425e-06 0.0 0.0 
-10.714285714285714 5.0 0.0 0 1.0559748780539986e-05 0.0 0.0 
-10.714285714285714 5.714285714285714 0.0 0 7.187474050200665e-06 0.0 0.0 
-10.714285714285714 6.428571428571429 0.0 0 1.26701796563321e-05 0.0 0.0 
-10.714285714285714 7.142857142857143 0.0 0 5.5842360967856e-06 0.0 0.0 
-10.714285714285714 7.857142857142858 0.0 0 1.3754999824290262e-05 0.0 0.0 
-10.714285714285714 8.571428571428571 0.0 0 5.226928888006127e-06 0.0 0.0 
-10.714285714285714 9.285714285714286 0.0 0 2.62074031400809e-05 0.0 0.0 
-8.571428571428571 -9.285714285714286 0.0 0 2.797485045825675e-05 0.0 0.0 
-8.571428571428571 -8.571428571428571 0.0 0 1.7144643331420698e-06 0.0 0.0 
-8.571428571428571 -7.857142857142858 0.0 0 8.042320757291923e-06 0.0 0.0 
-8.571428571428571 -7.142857142857143 0.0 0 -2.254237270577991e-06 0.0 0.0 
-8.571428571428571 -6.428571428571429 0.0 0 1.6421146757714614e-06 0.0 0.0 
-8.571428571428571 -5.714285714285714 0.0 0 -4.3346083710204905e-06 0.0 0.0 
-8.571428571428571 -5.0 0.0 0 -1.8174998980437842e-06 0.0 0.0 
-8.571428571428571 -4.285714285714286 0.0 0 -4.518793661773843e-06 0.0 0.0 
-8.571428571428571 -3.5714285714285716 0.0 0 -2.418122053143423e-06 0.0 0.0 
-8.571428571428571 -2.857142857142857 0.0 0 -2.825572682952478e-06 0.0 0.0 
-8.571428571428571 -2.142857142857143 0.0 0 -9.683647417333999e-07 0.0 0.0 
-8.571428571428571 2.142857142857143 0.0 0 4.14013158886404e-06 0.0 0.0 
-8.571428571428571 2.857142857142857 0.0 0 4.117567658602456e-06 0.0 0.0 
-8.571428571428571 3.5714285714285716 0.0 0 4.709597345455506e-06 0.0 0.0 
-8.571428571428571 4.285714285714286 0.0 0 4.426337003836935e-06 0.0 0.0 
-8.571428571428571 5.0 0.0 0 5.177678169061106e-06 0.0 0.0 
-8.571428571428571 5.714285714285714 0.0 0 4.029321940342235e-06 0.0 0.0 
-8.571428571428571 6.428571428571429 0.0 0 5.697948484340456e-06 0.0 0.0 
-8.571428571428571 7.142857142857143 0.0 0 3.5025915188921346e-06 0.0 0.0 
-8.571428571428571 7.857142857142858 0.0 0 5.290595223568729e-06 0.0 0.0 
-8.571428571428571 8.571428571428571 0.0 0 3.971843876505806e-07 0.0 0.0 
-8.571428571428571 9.285714285714286 0.0 0 1.5395409649497945e-05 0.0 0.0 
-6.428571428571429 -9.285714285714286 0.0 0 -2.8786565970777933e-07 0.0 0.0 
-6.428571428571429 -8.571428571428571 0.0 0 -1.1907217668877934e-05 0.0 0.0 
-6.428571428571429 -7.857142857142858 0.0 0 -4.236967832593461e-06 0.0 0.0 
-6.428571428571429 -7.142857142857143 0.0 0 -1.0111081363536384e-05 0.0 0.0 
-6.428571428571429 -6.428571428571429 0.0 0 -4.3379713601541465e-06 0.0 0.0 
-6.428571428571429 -5.714285714285714 0.0 0 -7.71636021296576e-06 0.0 0.0 
-6.428571428571429 -5.0 0.0 0 -3.2342481575133896e-06 0.0 0.0 
-6.428571428571429 -4.285714285714286 0.0 0 -4.96983478036112e-06 0.0 0.0 
-6.428571428571429 -3.5714285714285716 0.0 0 -1.6237118182164818e-06 0.0 0.0 
-6.428571428571429 -2.857142857142857 0.0 0 -2.5607738971978057e-06 0.0 0.0 
-6.428571428571429 -2.142857142857143 0.0 0 -3.064300527468318e-07 0.0 0.0 
-6.428571428571429 2.142857142857143 0.0 0 3.3844252870210616e-07 0.0 0.0 
-6.428571428571429 2.857142857142857 0.0 0 5.401156138310089e-07 0.0 0.0 
-6.428571428571429 3.5714285714285716 0.0 0 3.4137244426277166e-07 0.0 0.0 
-6.428571428571429 4.285714285714286 0.0 0 3.00339422225386e-07 0.0 0.0 
-6.428571428571429 5.0 0.0 0 3.1294775020832415e-07 0.0 0.0 
-6.428571428571429 5.714285714285714 0.0 0 -1.3376105976076225e-07 0.0 0.0 
-6.428571428571429 6.428571428571429 0.0 0 1.8801515666570036e-07 0.0 0.0 
-6.428571428571429 7.142857142857143 0.0 0 -2.643590664739526e-07 0.0 0.0 
-6.428571428571429 7.857142857142858 0.0 0 7.662961339070995e-07 0.0 0.0 
-6.428571428571429 8.571428571428571 0.0 0 -2.9213628559486796e-06 0.0 0.0 
-6.428571428571429 9.285714285714286 0.0 0 3.678492797406182e-06 0.0 0.0 
-4.285714285714286 -9.285714285714286 0.0 0 -5.269727027861803e-06 0.0 0.0 
-4.285714285714286 -8.571428571428571 0.0 0 -3.0831364395854775e-06 0.0 0.0 
-4.285714285714286 -7.857142857142858 0.0 0 -3.354128773047886e-06 0.0 0.0 
-4.285714285714286 -7.142857142857143 0.0 0 -1.8370307492264873e-06 0.0 0.0 
-4.285714285714286 -6.428571428571429 0.0 0 -1.787965507614065e-06 0.0 0.0 
-4.285714285714286 -5.714285714285714 0.0 0 -6.269527450186865e-07 0.0 0.0 
-4.285714285714286 -5.0 0.0 0 -5.685277189337629e-07 0.0 0.0 
-4.285714285714286 -4.285714285714286 0.0 0 1.4871904834289144e-07 0.0 0.0 
-4.285714285714286 -3.5714285714285716 0.0 0 4.8554678514811296e-08 0.0 0.0 
-4.285714285714286 -2.857142857142857 0.0 0 3.736180936299672e-07 0.0 0.0 
-4.285714285714286 -2.142857142857143 0.0 0 1.3426418265342897e-07 0.0 0.0 
-4.285714285714286 2.142857142857143 0.0 0 -5.979359837599381e-07 0.0 0.0 
-4.285714285714286 2.857142857142857 0.0 0 -7.812395149514482e-07 0.0 0.0 
-4.285714285714286 3.5714285714285716 0.0 0 -8.000175811557214e-07 0.0 0.0 
-4.285714285714286 4.285714285714286 0.0 0 -9.796916556030212e-07 0.0 0.0 
-4.285714285714286 5.0 0.0 0 -8.730655462612334e-07 0.0 0.0 
-4.285714285714286 5.714285714285714 0.0 0 -1.0560399097269639e-06 0.0 0.0 
-4.285714285714286 6.428571428571429 0.0 0 -9.102948693286218e-07 0.0 0.0 
-4.285714285714286 7.142857142857143 0.0 0 -1.14231173190877e-06 0.0 0.0 
-4.285714285714286 7.857142857142858 0.0 0 -4.5911861670718374e-08 0.0 0.0 
-4.285714285714286 8.571428571428571 0.0 0 -1.7214437308243096e-06 0.0 0.0 
-4.285714285714286 9.285714285714286 0.0 0 -1.0657838515805843e-06 0.0 0.0 
-2.142857142857143 -9.285714285714286 0.0 0 -5.707138865467548e-07 0.0 0.0 
-2.142857142857143 -8.571428571428571 0.0 0 2.8120059542184927e-06 0.0 0.0 
-2.142857142857143 -7.857142857142858 0.0 0 3.130900278804547e-07 0.0 0.0 
-2.142857142857143 -7.142857142857143 0.0 0 2.466175466048675e-06 0.0 0.0 
-2.142857142857143 -6.428571428571429 0.0 0 6.776891836839081e-07 0.0 0.0 
-2.142857142857143 -5.714285714285714 0.0 0 2.099251559515576e-06 0.0 0.0 
-2.142857142857143 -5.0 0.0 0 7.208562653708768e-07 0.0 0.0 
-2.142857142857143 -4.285714285714286 0.0 0 1.5840433789095006e-06 0.0 0.0 
-2.142857142857143 -3.5714285714285716 0.0 0 5.09995321120326e-07 0.0 0.0 
-2.142857142857143 -2.857142857142857 0.0 0 1.0333638436695414e-06 0.0 0.0 
-2.142857142857143 -2.142857142857143 0.0 0 2.2810279623204421e-07 0.0 0.0 
-2.142857142857143 2.142857142857143 0.0 0 -1.6536178443842098e-07 0.0 0.0 
-2.142857142857143 2.857142857142857 0.0 0 -3.438247800384345e-07 0.0 0.0 
-2.142857142857143 3.5714285714285716 0.0 0 -2.0457080764197633e-07 0.0 0.0 
-2.142857142857143 4.285714285714286 0.0 0 -3.253420096405285e-07 0.0 0.0 
-2.142857142857143 5.0 0.0 0 -1.6935453435047857e-07 0.0 0.0 
-2.142857142857143 5.714285714285714 0.0 0 -2.2583525841468279e-07 0.0 0.0 
-2.142857142857143 6.428571428571429 0.0 0 -5.8402790347066406e-08 0.0 0.0 
-2.142857142857143 7.142857142857143 0.0 0 -3.280152051710143e-07 0.0 0.0 
-2.142857142857143 7.857142857142858 0.0 0 2.5897409934354633e-07 0.0 0.0 
-2.142857142857143 8.571428571428571 0.0 0 8.784144937888371e-08 0.0 0.0 
-2.142857142857143 9.285714285714286 0.0 0 -5.738883038599478e-07 0.0 0.0 
-0.0 -9.285714285714286 0.0 0 1.6757142581100014e-06 0.0 0.0 
-0.0 -8.571428571428571 0.0 0 1.8761647486275753e-06 0.0 0.0 
-0.0 -7.857142857142858 0.0 0 1.0893525133665598e-06 0.0 0.0 
-0.0 -7.142857142857143 0.0 0 1.3289827299963122e-06 0.0 0.0 
-0.0 -6.428571428571429 0.0 0 7.257453386504366e-07 0.0 0.0 
-0.0 -5.714285714285714 0.0 0 8.798444085252311e-07 0.0 0.0 
-0.0 -5.0 0.0 0 4.131221279775074e-07 0.0 0.0 
-0.0 -4.285714285714286 0.0 0 5.205057512953063e-07 0.0 0.0 
-0.0 -3.5714285714285716 0.0 0 1.8237645680419667e-07 0.0 0.0 
-0.0 -2.857142857142857 0.0 0 2.7956953588766174e-07 0.0 0.0 
-0.0 -2.142857142857143 0.0 0 5.201171147462923e-08 0.0 0.0 
-0.0 2.142857142857143 0.0 0 1.5822276416420114e-07 0.0 0.0 
-0.0 2.857142857142857 0.0 0 1.4228752741360125e-07 0.0 0.0 
-0.0 3.5714285714285716 0.0 0 2.274419909982198e-07 0.0 0.0 
-0.0 4.285714285714286 0.0 0 2.14780026123398e-07 0.0 0.0 
-0.0 5.0 0.0 0 2.770668544022588e-07 0.0 0.0 
-0.0 5.714285714285714 0.0 0 2.592038928324242e-07 0.0 0.0 
-0.0 6.428571428571429 0.0 0 3.6378265251470876e-07 0.0 0.0 
-0.0 7.142857142857143 0.0 0 2.0554559446959214e-07 0.0 0.0 
-0.0 7.857142857142858 0.0 0 2.6995461307105565e-07 0.0 0.0 
-0.0 8.571428571428571 0.0 0 4.456310859689073e-07 0.0 0.0 
-0.0 9.285714285714286 0.0 0 4.506675323762326e-07 0.0 0.0 
0.0 -9.285714285714286 0.0 0 8.016814988252059e-07 0.0 0.0 
0.0 -8.571428571428571 0.0 0 -1.7547669658741143e-07 0.0 0.0 
0.0 -7.857142857142858 0.0 0 2.6317476730396744e-07 0.0 0.0 
0.0 -7.142857142857143 0.0 0 -2.6977311833544627e-07 0.0 0.0 
0.0 -6.428571428571429 0.0 0 3.8899759872420785e-08 0.0 0.0 
0.0 -5.714285714285714 0.0 0 -3.0907025579823805e-07 0.0 0.0 
0.0 -5.0 0.0 0 -7.840441948456766e-08 0.0 0.0 
0.0 -4.285714285714286 0.0 0 -2.873107288215949e-07 0.0 0.0 
0.0 -3.5714285714285716 0.0 0 -1.0558216006754682e-07 0.0 0.0 
0.0 -2.857142857142857 0.0 0 -2.201017874819366e-07 0.0 0.0 
0.0 -2.142857142857143 0.0 0 -7.452002419208334e-08 0.0 0.0 
0.0 2.142857142857143 0.0 0 1.195054861367882e-07 0.0 0.0 
0.0 2.857142857142857 0.0 0 1.587656849934653e-07 0.0 0.0 
0.0 3.5714285714285716 0.0 0 1.560917725911107e-07 0.0 0.0 
0.0 4.285714285714286 0.0 0 1.7498516663363106e-07 0.0 0.0 
0.0 5.0 0.0 0 1.6506256466372703e-07 0.0 0.0 
0.0 5.714285714285714 0.0 0 1.501874448436131e-07 0.0 0.0 
0.0 6.428571428571429 0.0 0 1.7398944994463997e-07 0.0 0.0 
0.0 7.142857142857143 0.0 0 1.5064341571452727e-07 0.0 0.0 
0.0 7.857142857142858 0.0 0 7.259273413534413e-08 0.0 0.0 
0.0 8.571428571428571 0.0 0 7.873632190718883e-08 0.0 0.0 
0.0 9.285714285714286 0.0 0 4.249330639382303e-07 0.0 0.0 
2.142857142857143 -9.285714285714286 0.0 0 -1.885971931509603e-07 0.0 0.0 
2.142857142857143 -8.571428571428571 0.0 0 -5.724248065818767e-07 0.0 0.0 
2.142857142857143 -7.857142857142858 0.0 0 -2.3045322520774817e-07 0.0 0.0 
2.142857142857143 -7.142857142857143 0.0 0 -4.631440395599266e-07 0.0 0.0 
2.142857142857143 -6.428571428571429 0.0 0 -2.0781084536396143e-07 0.0 0.0 
2.142857142857143 -5.714285714285714 0.0 0 -3.5737076697592537e-07 0.0 0.0 
2.142857142857143 -5.0 0.0 0 -1.6119586166335365e-07 0.0 0.0 
2.142857142857143 -4.285714285714286 0.0 0 -2.515045124613721e-07 0.0 0.0 
2.142857142857143 -3.5714285714285716 0.0 0 -1.0165712457905054e-07 0.0 0.0 
2.142857142857143 -2.857142857142857 0.0 0 -1.5611003758277332e-07 0.0 0.0 
2.142857142857143 -2.142857142857143 0.0 0 -4.494243958939558e-08 0.0 0.0 
2.142857142857143 1.4285714285714286 0.0 54 -6832.4298910403695 0.0 0.0 
2.142857142857143 2.142857142857143 0.0 44 -16094.60273870634 0.0 0.0 
2.142857142857143 2.857142857142857 0.0 50 -6945.980176808467 0.0 0.0 
2.142857142857143 3.5714285714285716 0.0 42 -13583.882636414864 0.0 0.0 
2.142857142857143 4.285714285714286 0.0 44 -7271.993783086666 0.0 0.0 
2.142857142857143 5.0 0.0 36 -11986.803547234686 0.0 0.0 
2.142857142857143 5.714285714285714 0.0 35 -7667.723094524864 0.0 0.0 
2.142857142857143 6.428571428571429 0.0 25 -11127.402169794714 0.0 0.0 
2.142857142857143 7.142857142857143 0.0 15 -8405.609240276008 0.0 0.0 
2.142857142857143 7.857142857142858 0.0 -7 -11422.190037438502 0.0 0.0 
2.142857142857143 8.571428571428571 0.0 -31 -10852.168612874053 0.0 0.0 
2.142857142857143 9.285714285714286 0.0 -46 -16633.525452344824 0.0 0.0 
4.285714285714286 -9.285714285714286 0.0 28 -1505.1534727873566 0.0 0.0 
4.285714285714286 -8.571428571428571 0.0 63 -1446.5996026214443 0.0 0.0 
4.285714285714286 -7.857142857142858 0.0 99 -2405.1360546013834 0.0 0.0 
4.285714285714286 -7.142857142857143 0.0 146 -2541.737724624464 0.0 0.0 
4.285714285714286 -6.428571428571429 0.0 210 -3463.6499793144058 0.0 0.0 
4.285714285714286 -5.714285714285714 0.0 311 -3889.688608867035 0.0 0.0 
4.285714285714286 -5.0 0.0 480 -4956.559336885692 0.0 0.0 
4.285714285714286 -4.285714285714286 0.0 795 -5745.921735577489 0.0 0.0 
4.285714285714286 -3.5714285714285716 0.0 1467 -6836.873980309515 0.0 0.0 
4.285714285714286 -2.857142857142857 0.0 3125 -6329.883637674633 0.0 0.0 
4.285714285714286 -2.142857142857143 0.0 7891 2013.64466150121 0.0 0.0 
4.285714285714286 -1.4285714285714286 0.0 6891 3962.830082770477 0.0 0.0 
4.285714285714286 1.4285714285714286 0.0 -3007 49011.06472356491 0.0 0.0 
4.285714285714286 2.142857142857143 0.0 -1357 68564.82227048432 0.0 0.0 
4.285714285714286 2.857142857142857 0.0 -1687 45122.752560606204 0.0 0.0 
4.285714285714286 3.5714285714285716 0.0 -738 59320.765774747946 0.0 0.0 
4.285714285714286 4.285714285714286 0.0 -1018 43343.2659278828 0.0 0.0 
4.285714285714286 5.0 0.0 -311 53551.40440547737 0.0 0.0 
4.285714285714286 5.714285714285714 0.0 -385 42997.46458697261 0.0 0.0 
4.285714285714286 6.428571428571429 0.0 318 51196.12982282331 0.0 0.0 
4.285714285714286 7.142857142857143 0.0 589 46060.757356298156 0.0 0.0 
4.285714285714286 7.857142857142858 0.0 1465 56184.50459691648 0.0 0.0 
4.285714285714286 8.571428571428571 0.0 1384 60625.507430131765 0.0 0.0 
4.285714285714286 9.285714285714286 0.0 -3484 76622.18572405665 0.0 0.0 
6.428571428571429 -9.285714285714286 0.0 868 3270.184308798206 0.0 0.0 
6.428571428571429 -8.571428571428571 0.0 891 4378.641902491716 0.0 0.0 
6.428571428571429 -7.857142857142858 0.0 958 6497.5121749097925 0.0 0.0 
6.428571428571429 -7.142857142857143 0.0 962 8265.622898890115 0.0 0.0 
6.428571428571429 -6.428571428571429 0.0 1043 11178.372828352389 0.0 0.0 
6.428571428571429 -5.714285714285714 0.0 1046 14403.530450457114 0.0 0.0 
6.428571428571429 -5.0 0.0 962 19153.347238906565 0.0 0.0 
6.428571428571429 -4.285714285714286 0.0 384 24920.90077137326 0.0 0.0 
6.428571428571429 -3.5714285714285716 0.0 -1542 31745.998743084372 0.0 0.0 
6.428571428571429 -2.857142857142857 0.0 -7100 35583.788369777394 0.0 0.0 
6.428571428571429 -2.142857142857143 0.0 -18424 31936.33936436446 0.0 0.0 
6.428571428571429 -1.4285714285714286 0.0 -48055 -20980.709764092884 0.0 0.0 
6.428571428571429 -0.7142857142857143 0.0 -42060 -34761.43326782032 0.0 0.0 
6.428571428571429 -0.0 0.0 -28855 -36316.47703894344 0.0 0.0 
6.428571428571429 0.0 0.0 -17271 -44590.03054036184 0.0 0.0 
6.428571428571429 2.142857142857143 0.0 7123 26441.686737650463 0.0 0.0 
6.428571428571429 2.857142857142857 0.0 6525 40278.38771913873 0.0 0.0 
6.428571428571429 3.5714285714285716 0.0 3724 22385.0030364196 0.0 0.0 
6.428571428571429 4.285714285714286 0.0 3669 33856.05268729678 0.0 0.0 
6.428571428571429 5.0 0.0 1570 22408.939518574327 0.0 0.0 
6.428571428571429 5.714285714285714 0.0 916 30431.543192586865 0.0 0.0 
6.428571428571429 6.428571428571429 0.0 -1719 21348.446892602813 0.0 0.0 
6.428571428571429 7.142857142857143 0.0 -3978 23407.530874493394 0.0 0.0 
6.428571428571429 7.857142857142858 0.0 -7523 10620.026517247452 0.0 0.0 
6.428571428571429 8.571428571428571 0.0 -6081 9530.868548667386 0.0 0.0 
6.428571428571429 9.285714285714286 0.0 19509 60768.61642743138 0.0 0.0 
8.571428571428571 -9.285714285714286 0.0 -2203 15370.948389163648 0.0 0.0 
8.571428571428571 -8.571428571428571 0.0 -3291 11760.370619791804 0.0 0.0 
8.571428571428571 -7.857142857142858 0.0 -4350 20752.80532988628 0.0 0.0 
8.571428571428571 -7.142857142857143 0.0 -5595 18163.510082330653 0.0 0.0 
8.571428571428571 -6.428571428571429 0.0 -7284 24020.92853302927 0.0 0.0 
8.571428571428571 -5.714285714285714 0.0 -9541 20949.796004481203 0.0 0.0 
8.571428571428571 -5.0 0.0 -12510 22355.87423279601 0.0 0.0 
8.571428571428571 -4.285714285714286 0.0 -15939 15559.142385018014 0.0 0.0 
8.571428571428571 -3.5714285714285716 0.0 -18743 10711.756921001794 0.0 0.0 
8.571428571428571 -2.857142857142857 0.0 -18382 2483.0712266584123 0.0 0.0 
8.571428571428571 -2.142857142857143 0.0 -8808 12705.38673639736 0.0 0.0 
8.571428571428571 -1.4285714285714286 0.0 -308 19387.82544287988 0.0 0.0 
8.571428571428571 -0.7142857142857143 0.0 3317 26709.509605929412 0.0 0.0 
8.571428571428571 -0.0 0.0 -2467 25000.630375874956 0.0 0.0 
8.571428571428571 0.0 0.0 -37189 -45498.43605263797 0.0 0.0 
8.571428571428571 0.7142857142857143 0.0 -23952 -55365.16556297756 0.0 0.0 
8.571428571428571 1.4285714285714286 0.0 18252 7847.856822000387 0.0 0.0 
8.571428571428571 3.5714285714285716 0.0 4040 -71252.80097939575 0.0 0.0 
8.571428571428571 4.285714285714286 0.0 1255 -99416.16599772756 0.0 0.0 
8.571428571428571 5.0 0.0 700 -64342.65071813556 0.0 0.0 
8.571428571428571 5.714285714285714 0.0 -620 -86788.76711237092 0.0 0.0 
8.571428571428571 6.428571428571429 0.0 96 -63835.10702280859 0.0 0.0 
8.571428571428571 7.142857142857143 0.0 810 -80040.2564540684 0.0 0.0 
8.571428571428571 7.857142857142858 0.0 1658 -67938.7341040371 0.0 0.0 
8.571428571428571 8.571428571428571 0.0 -3311 -102382.90618850857 0.0 0.0 
8.571428571428571 9.285714285714286 0.0 10099 -97473.84809101814 0.0 0.0 
10.714285714285714 -9.285714285714286 0.0 -10067 14399.263515417528 0.0 0.0 
10.714285714285714 -8.571428571428571 0.0 -10327 2187.516727975033 0.0 0.0 
10.714285714285714 -7.857142857142858 0.0 -11143 12828.558639567962 0.0 0.0 
10.714285714285714 -7.142857142857143 0.0 -10883 1645.7425548279207 0.0 0.0 
10.714285714285714 -6.428571428571429 0.0 -11179 6181.208778516668 0.0 0.0 
10.714285714285714 -5.714285714285714 0.0 -10191 -4450.921582951451 0.0 0.0 
10.714285714285714 -5.0 0.0 -8747 -3103.797645196433 0.0 0.0 
10.714285714285714 -4.285714285714286 0.0 -5695 -11166.5196177066 0.0 0.0 
10.714285714285714 -3.5714285714285716 0.0 -2622 -10417.469596804836 0.0 0.0 
10.714285714285714 -2.857142857142857 0.0 -1082 -20665.575825396914 0.0 0.0 
10.714285714285714 -2.142857142857143 0.0 -259 -25983.04719590136 0.0 0.0 
10.714285714285714 -1.4285714285714286 0.0 -431 -40305.82561606515 0.0 0.0 
10.714285714285714 -0.7142857142857143 0.0 2296 -50565.066123556746 0.0 0.0 
10.714285714285714 -0.0 0.0 17726 -43492.16553676967 0.0 0.0 
10.714285714285714 0.0 0.0 32170 -38279.48145218344 0.0 0.0 
10.714285714285714 0.7142857142857143 0.0 48493 -32651.95208642786 0.0 0.0 
10.714285714285714 1.4285714285714286 0.0 110651 110845.98549237318 0.0 0.0 
10.714285714285714 2.142857142857143 0.0 67721 126491.22268143884 0.0 0.0 
10.714285714285714 5.0 0.0 -6646 -128385.87461156402 0.0 0.0 
10.714285714285714 5.714285714285714 0.0 -1419 -911314.6895884409 0.0 0.0 
10.714285714285714 6.428571428571429 0.0 774 -184822.91987636843 0.0 0.0 
10.714285714285714 7.142857142857143 0.0 5649 -753310.1411497006 0.0 0.0 
10.714285714285714 7.857142857142858 0.0 9730 -266157.7496989124 0.0 0.0 
10.714285714285714 8.571428571428571 0.0 6041 -715134.1886630645 0.0 0.0 
10.714285714285714 9.285714285714286 0.0 -32675 -675903.1129519402 0.0 0.0 
12.857142857142858 -9.285714285714286 0.0 -10329 -17679.847324226517 0.0 0.0 
12.857142857142858 -8.571428571428571 0.0 -5721 -27245.79124380547 0.0 0.0 
12.857142857142858 -7.857142857142858 0.0 -3241 -32507.92403399556 0.0 0.0 
12.857142857142858 -7.142857142857143 0.0 1447 -43120.627696787415 0.0 0.0 
12.857142857142858 -6.428571428571429 0.0 4692 -50926.5747185899 0.0 0.0 
12.857142857142858 -5.714285714285714 0.0 9599 -63282.82512984276 0.0 0.0 
12.857142857142858 -5.0 0.0 13428 -74393.34901526864 0.0 0.0 
12.857142857142858 -4.285714285714286 0.0 18450 -89787.71953346586 0.0 0.0 
12.857142857142858 -3.5714285714285716 0.0 23379 -104064.26987782845 0.0 0.0 
12.857142857142858 -2.857142857142857 0.0 29690 -122035.94199622658 0.0 0.0 
12.857142857142858 -2.142857142857143 0.0 37061 -139052.03726414224 0.0 0.0 
12.857142857142858 -1.4285714285714286 0.0 46451 -158547.29210900675 0.0 0.0 
12.857142857142858 -0.7142857142857143 0.0 55002 -183456.8344674821 0.0 0.0 
12.857142857142858 -0.0 0.0 66968 -210542.5416232369 0.0 0.0 
12.857142857142858 0.0 0.0 79845 -247277.77786575322 0.0 0.0 
12.857142857142858 0.7142857142857143 0.0 93258 -324234.63277767954 0.0 0.0 
12.857142857142858 1.4285714285714286 0.0 186726 -289117.1441320646 0.0 0.0 
12.857142857142858 2.142857142857143 0.0 530158 386606.61733439297 0.0 0.0 
12.857142857142858 4.285714285714286 0.0 -155352 -692863.578134406 0.0 0.0 
12.857142857142858 5.0 0.0 -151948 -1042277.4506852187 0.0 0.0 
12.857142857142858 5.714285714285714 0.0 -26178 -524724.2579001468 0.0 0.0 
12.857142857142858 6.428571428571429 0.0 -53574 -822987.5005475768 0.0 0.0 
12.857142857142858 7.142857142857143 0.0 27641 -486037.0690471823 0.0 0.0 
12.857142857142858 7.857142857142858 0.0 10349 -679995.9990922696 0.0 0.0 
12.857142857142858 8.571428571428571 0.0 58490 -440231.9998802896 0.0 0.0 
12.857142857142858 9.285714285714286 0.0 -264512 -1381629.8414289888 0.0 0.0 
15.0 -9.285714285714286 0.0 13890 -108489.62539477645 0.0 0.0 
15.0 -8.571428571428571 0.0 25323 -84211.3514585903 0.0 0.0 
15.0 -7.857142857142858 0.0 33764 -146263.96934339334 0.0 0.0 
15.0 -7.142857142857143 0.0 43010 -132962.33626113046 0.0 0.0 
15.0 -6.428571428571429 0.0 51819 -180845.48351809033 0.0 0.0 
15.0 -5.714285714285714 0.0 62021 -177124.1544692333 0.0 0.0 
15.0 -5.0 0.0 72419 -217206.96213456997 0.0 0.0 
15.0 -4.285714285714286 0.0 84229 -222320.44260811713 0.0 0.0 
15.0 -3.5714285714285716 0.0 96900 -258633.42440061684 0.0 0.0 
15.0 -2.857142857142857 0.0 111489 -271130.2984265661 0.0 0.0 
15.0 -2.142857142857143 0.0 128125 -305558.4628581817 0.0 0.0 
15.0 -1.4285714285714286 0.0 149085 -321066.81629047764 0.0 0.0 
15.0 -0.7142857142857143 0.0 175395 -348775.6596967499 0.0 0.0 
15.0 -0.0 0.0 212921 -351986.21536268404 0.0 0.0 
15.0 0.0 0.0 268392 -334570.4853088789 0.0 0.0 
15.0 0.7142857142857143 0.0 330184 -303421.59532587806 0.0 0.0 
15.0 1.4285714285714286 0.0 416012 -257304.96662731667 0.0 0.0 
15.0 2.142857142857143 0.0 961560 1074898.40470367 0.0 0.0 
15.0 2.857142857142857 0.0 510958 1180084.397905035 0.0 0.0 
15.0 3.5714285714285716 0.0 -441953 -158694.24814848352 0.0 0.0 
15.0 4.285714285714286 0.0 -256453 -36078.20629539527 0.0 0.0 
15.0 5.0 0.0 -121740 78625.037230986 0.0 0.0 
15.0 5.714285714285714 0.0 -79646 72466.33634582913 0.0 0.0 
15.0 6.428571428571429 0.0 -26705 119538.34408739345 0.0 0.0 
15.0 7.142857142857143 0.0 -16066 112641.57308684335 0.0 0.0 
15.0 7.857142857142858 0.0 18726 183101.7060746615 0.0 0.0 
15.0 8.571428571428571 0.0 72970 405109.92784228787 0.0 0.0 
15.0 9.285714285714286 0.0 -242308 -132970.8501353091 0.0 0.0 
17.142857142857142 -9.285714285714286 0.0 80182 -204128.72173138792 0.0 0.0 
17.142857142857142 -8.571428571428571 0.0 91556 -103348.22150281053 0.0 0.0 
17.142857142857142 -7.857142857142858 0.0 104987 -242525.69146072725 0.0 0.0 
17.142857142857142 -7.142857142857143 0.0 112183 -165743.0703318904 0.0 0.0 
17.142857142857142 -6.428571428571429 0.0 125257 -256748.3514971352 0.0 0.0 
17.142857142857142 -5.714285714285714 0.0 135046 -195526.84404704082 0.0 0.0 
17.142857142857142 -5.0 0.0 149123 -251423.0295200927 0.0 0.0 
17.142857142857142 -4.285714285714286 0.0 160934 -197982.4074844046 0.0 0.0 
17.142857142857142 -3.5714285714285716 0.0 175923 -222831.54228308608 0.0 0.0 
17.142857142857142 -2.857142857142857 0.0 189494 -165047.5806677969 0.0 0.0 
17.142857142857142 -2.142857142857143 0.0 204996 -154330.11144429655 0.0 0.0 
17.142857142857142 -1.4285714285714286 0.0 218467 -74347.0350336507 0.0 0.0 
17.142857142857142 -0.7142857142857143 0.0 229323 -14638.302141381719 0.0 0.0 
17.142857142857142 -0.0 0.0 229161 105570.84446552483 0.0 0.0 
17.142857142857142 0.0 0.0 211254 228911.0719958592 0.0 0.0 
17.142857142857142 0.7142857142857143 0.0 131816 350695.96924594376 0.0 0.0 
17.142857142857142 1.4285714285714286 0.0 -160729 5655.816116784001 0.0 0.0 
17.142857142857142 2.142857142857143 0.0 -328005 -208698.7876299515 0.0 0.0 
17.142857142857142 2.857142857142857 0.0 -201509 -6599.062784679874 0.0 0.0 
17.142857142857142 3.5714285714285716 0.0 -87619 52056.547561507556 0.0 0.0 
17.142857142857142 4.285714285714286 0.0 -30407 58536.76344968991 0.0 0.0 
17.142857142857142 5.0 0.0 -8269 73736.73390577696 0.0 0.0 
17.142857142857142 5.714285714285714 0.0 -1445 67831.61702375422 0.0 0.0 
17.142857142857142 6.428571428571429 0.0 -9721 66662.64204708961 0.0 0.0 
17.142857142857142 7.142857142857143 0.0 -31810 26945.19192457459 0.0 0.0 
17.142857142857142 7.857142857142858 0.0 -71212 -69327.1189836739 0.0 0.0 
17.142857142857142 8.571428571428571 0.0 -2171 29062.626121901227 0.0 0.0 
17.142857142857142 9.285714285714286 0.0 34423 77885.24733818168 0.0 0.0 
19.285714285714285 -9.285714285714286 0.0 154665 -175622.6740132291 0.0 0.0 
19.285714285714285 -8.571428571428571 0.0 143417 -15176.94370877638 0.0 0.0 
19.285714285714285 -7.857142857142858 0.0 150258 -181735.61853276155 0.0 0.0 
19.285714285714285 -7.142857142857143 0.0 138156 -51135.37732799654 0.0 0.0 
19.285714285714285 -6.428571428571429 0.0 143240 -150716.4600300127 0.0 0.0 
19.285714285714285 -5.714285714285714 0.0 134278 -40355.802839807264 0.0 0.0 
19.285714285714285 -5.0 0.0 135241 -93649.39516461347 0.0 0.0 
19.285714285714285 -4.285714285714286 0.0 123641 1771.50661949208 0.0 0.0 
19.285714285714285 -3.5714285714285716 0.0 115779 -18500.938534034096 0.0 0.0 
19.285714285714285 -2.857142857142857 0.0 94789 64534.909051594615 0.0 0.0 
19.285714285714285 -2.142857142857143 0.0 70603 60070.62562220067 0.0 0.0 
19.285714285714285 -1.4285714285714286 0.0 30108 116621.80568283549 0.0 0.0 
19.285714285714285 -0.7142857142857143 0.0 -19920 89794.95164803338 0.0 0.0 
19.285714285714285 -0.0 0.0 -85075 72704.99987553344 0.0 0.0 
19.285714285714285 0.0 0.0 -136338 -12358.504515831097 0.0 0.0 
19.285714285714285 0.7142857142857143 0.0 -116690 38735.78053021632 0.0 0.0 
19.285714285714285 1.4285714285714286 0.0 -88173 33560.588502386745 0.0 0.0 
19.285714285714285 2.142857142857143 0.0 -64383 -3486.9603536638897 0.0 0.0 
19.285714285714285 2.857142857142857 0.0 -14663 7655.235690081256 0.0 0.0 
19.285714285714285 3.5714285714285716 0.0 -901 19130.04068259891 0.0 0.0 
19.285714285714285 4.285714285714286 0.0 -992 6105.3322523147635 0.0 0.0 
19.285714285714285 5.0 0.0 -6307 3292.0088928087043 0.0 0.0 
19.285714285714285 5.714285714285714 0.0 -9597 -11573.68006449085 0.0 0.0 
19.285714285714285 6.428571428571429 0.0 -5524 -6210.071407990204 0.0 0.0 
19.285714285714285 7.142857142857143 0.0 8644 12509.400968570788 0.0 0.0 
19.285714285714285 7.857142857142858 0.0 -265 -8983.189804950833 0.0 0.0 
19.285714285714285 8.571428571428571 0.0 3058 -13277.46236189679 0.0 0.0 
19.285714285714285 9.285714285714286 0.0 4366 -2448.3077254605014 0.0 0.0 
21.428571428571427 -9.285714285714286 0.0 161069 -67407.1221635548 0.0 0.0 
21.428571428571427 -8.571428571428571 0.0 118910 72289.26412050494 0.0 0.0 
21.428571428571427 -7.857142857142858 0.0 113558 -56610.9899878611 0.0 0.0 
21.428571428571427 -7.142857142857143 0.0 80382 60052.45041239485 0.0 0.0 
21.428571428571427 -6.428571428571429 0.0 73353 -19237.998003322675 0.0 0.0 
21.428571428571427 -5.714285714285714 0.0 44440 72812.82472656383 0.0 0.0 
21.428571428571427 -5.0 0.0 31506 19506.709206589854 0.0 0.0 
21.428571428571427 -4.285714285714286 0.0 1322 83421.68680780675 0.0 0.0 
21.428571428571427 -3.5714285714285716 0.0 -17962 38174.72481206035 0.0 0.0 
21.428571428571427 -2.857142857142857 0.0 -47924 71112.67285242466 0.0 0.0 
21.428571428571427 -2.142857142857143 0.0 -65761 22618.98184579835 0.0 0.0 
21.428571428571427 -1.4285714285714286 0.0 -82628 32077.26631168413 0.0 0.0 
21.428571428571427 -0.7142857142857143 0.0 -78895 -4647.829752432008 0.0 0.0 
21.428571428571427 -0.0 0.0 -67355 10589.686289437042 0.0 0.0 
21.428571428571427 0.0 0.0 -52917 -30403.84419427972 0.0 0.0 
21.428571428571427 0.7142857142857143 0.0 -29076 -18973.414442705576 0.0 0.0 
21.428571428571427 1.4285714285714286 0.0 2329 -7432.764777772628 0.0 0.0 
21.428571428571427 2.142857142857143 0.0 9548 5868.611971049055 0.0 0.0 
21.428571428571427 2.857142857142857 0.0 8280 -5652.975200071056 0.0 0.0 
21.428571428571427 3.5714285714285716 0.0 3373 -1664.4524016585437 0.0 0.0 
21.428571428571427 4.285714285714286 0.0 2148 -9522.603824648162 0.0 0.0 
21.428571428571427 5.0 0.0 1525 -3917.4053052192285 0.0 0.0 
21.428571428571427 5.714285714285714 0.0 2164 -9070.63627515264 0.0 0.0 
21.428571428571427 6.428571428571429 0.0 274 -10178.67745005216 0.0 0.0 
21.428571428571427 7.142857142857143 0.0 4899 -4671.337438681776 0.0 0.0 
21.428571428571427 7.857142857142858 0.0 3413 -655.7254355925725 0.0 0.0 
21.428571428571427 8.571428571428571 0.0 658 -6355.342940701831 0.0 0.0 
21.428571428571427 9.285714285714286 0.0 -2838 -11711.353346034468 0.0 0.0 
23.57142857142857 -9.285714285714286 0.0 96409 20534.31987337902 0.0 0.0 
23.57142857142857 -8.571428571428571 0.0 42736 77611.35114771072 0.0 0.0 
23.57142857142857 -7.857142857142858 0.0 32801 15178.88207899381 0.0 0.0 
23.57142857142857 -7.142857142857143 0.0 -1833 63885.92274977261 0.0 0.0 
23.57142857142857 -6.428571428571429 0.0 -8756 18378.660157062146 0.0 0.0 
23.57142857142857 -5.714285714285714 0.0 -33717 50523.9251560012 0.0 0.0 
23.57142857142857 -5.0 0.0 -38106 11822.669976539531 0.0 0.0 
23.57142857142857 -4.285714285714286 0.0 -53188 29039.94585514076 0.0 0.0 
23.57142857142857 -3.5714285714285716 0.0 -50441 -3836.3876772527656 0.0 0.0 
23.57142857142857 -2.857142857142857 0.0 -52113 6659.898620252061 0.0 0.0 
23.57142857142857 -2.142857142857143 0.0 -39262 -16238.35371297929 0.0 0.0 
23.57142857142857 -1.4285714285714286 0.0 -30297 -6599.161466006939 0.0 0.0 
23.57142857142857 -0.7142857142857143 0.0 -13092 -19660.5051297396 0.0 0.0 
23.57142857142857 -0.0 0.0 743 -45.811220548124766 0.0 0.0 
23.57142857142857 0.0 0.0 12015 -2121.1319373900005 0.0 0.0 
23.57142857142857 0.7142857142857143 0.0 10706 3712.510332480437 0.0 0.0 
23.57142857142857 1.4285714285714286 0.0 9615 -3080.1913713112426 0.0 0.0 
23.57142857142857 2.142857142857143 0.0 4525 531.7711596558274 0.0 0.0 
23.57142857142857 2.857142857142857 0.0 3193 -5006.47013045641 0.0 0.0 
23.57142857142857 3.5714285714285716 0.0 1298 -1498.555041077479 0.0 0.0 
23.57142857142857 4.285714285714286 0.0 1855 -4665.761535638621 0.0 0.0 
23.57142857142857 5.0 0.0 1517 -845.3732383144056 0.0 0.0 
23.57142857142857 5.714285714285714 0.0 2473 -1034.548923350509 0.0 0.0 
23.57142857142857 6.428571428571429 0.0 288 -925.1343507028262 0.0 0.0 
23.57142857142857 7.142857142857143 0.0 -25 -3037.284995894868 0.0 0.0 
23.57142857142857 7.857142857142858 0.0 -402 -817.9196667595959 0.0 0.0 
23.57142857142857 8.571428571428571 0.0 496 -54.118743999393246 0.0 0.0 
23.57142857142857 9.285714285714286 0.0 -2948 -5954.865629360914 0.0 0.0 
25.714285714285715 -9.285714285714286 0.0 21791 33146.39854044804 0.0 0.0 
25.714285714285715 -8.571428571428571 0.0 -13963 23610.351797443655 0.0 0.0 
25.714285714285715 -7.857142857142858 0.0 -16988 11944.164735151531 0.0 0.0 
25.714285714285715 -7.142857142857143 0.0 -33444 9014.498882830092 0.0 0.0 
25.714285714285715 -6.428571428571429 0.0 -30160 -828.43292553028 0.0 0.0 
25.714285714285715 -5.714285714285714 0.0 -36320 -2854.1197382824103 0.0 0.0 
25.714285714285715 -5.0 0.0 -27770 -9880.403361179382 0.0 0.0 
25.714285714285715 -4.285714285714286 0.0 -25880 -9350.172928241605 0.0 0.0 
25.714285714285715 -3.5714285714285716 0.0 -13980 -12092.845694972217 0.0 0.0 
25.714285714285715 -2.857142857142857 0.0 -8306 -8182.724346232127 0.0 0.0 
25.714285714285715 -2.142857142857143 0.0 2481 -6660.340771294679 0.0 0.0 
25.714285714285715 -1.4285714285714286 0.0 5915 -958.208781901456 0.0 0.0 
25.714285714285715 -0.7142857142857143 0.0 9391 -1621.791215070687 0.0 0.0 
25.714285714285715 -0.0 0.0 6956 3.0968416259402147 0.0 0.0 
25.714285714285715 0.0 0.0 6404 -754.2775689597984 0.0 0.0 
25.714285714285715 0.7142857142857143 0.0 2625 -612.9005782690715 0.0 0.0 
25.714285714285715 1.4285714285714286 0.0 1926 -2120.1474361837395 0.0 0.0 
25.714285714285715 2.142857142857143 0.0 392 -1300.7483564958716 0.0 0.0 
25.714285714285715 2.857142857142857 0.0 979 -1647.610002555196 0.0 0.0 
25.714285714285715 3.5714285714285716 0.0 313 -570.0727761895239 0.0 0.0 
25.714285714285715 4.285714285714286 0.0 530 -1048.5598210909304 0.0 0.0 
25.714285714285715 5.0 0.0 -440 -1034.2228392517725 0.0 0.0 
25.714285714285715 5.714285714285714 0.0 -98 -997.6823447653853 0.0 0.0 
25.714285714285715 6.428571428571429 0.0 -602 -623.8075409954176 0.0 0.0 
25.714285714285715 7.142857142857143 0.0 -462 -1164.774911281309 0.0 0.0 
25.714285714285715 7.857142857142858 0.0 -810 -1344.6082066060737 0.0 0.0 
25.714285714285715 8.571428571428571 0.0 219 134.23675651418563 0.0 0.0 
25.714285714285715 9.285714285714286 0.0 -1168 -2479.0795633747925 0.0 0.0 
27.857142857142858 -9.285714285714286 0.0 -13330 4247.9634891409005 0.0 0.0 
27.857142857142858 -8.571428571428571 0.0 -24075 -17224.456033163053 0.0 0.0 
27.857142857142858 -7.857142857142858 0.0 -21782 -11446.559617838877 0.0 0.0 
27.857142857142858 -7.142857142857143 0.0 -22881 -20117.396304605347 0.0 0.0 
27.857142857142858 -6.428571428571429 0.0 -16593 -13733.949435557392 0.0 0.0 
27.857142857142858 -5.714285714285714 0.0 -13848 -16586.822056965735 0.0 0.0 
27.857142857142858 -5.0 0.0 -6498 -9832.14758879602 0.0 0.0 
27.857142857142858 -4.285714285714286 0.0 -3124 -9430.631305731797 0.0 0.0 
27.857142857142858 -3.5714285714285716 0.0 2229 -3658.0626267538173 0.0 0.0 
27.857142857142858 -2.857142857142857 0.0 3189 -3260.9476511564017 0.0 0.0 
27.857142857142858 -2.142857142857143 0.0 4827 -354.33862760492866 0.0 0.0 
27.857142857142858 -1.4285714285714286 0.0 3431 -807.9666248317972 0.0 0.0 
27.857142857142858 -0.7142857142857143 0.0 2973 257.8337709104585 0.0 0.0 
27.857142857142858 -0.0 0.0 880 -1212.6156457447514 0.0 0.0 
27.857142857142858 0.0 0.0 611 -716.3628969581699 0.0 0.0 
27.857142857142858 0.7142857142857143 0.0 -270 -1276.5778983421671 0.0 0.0 
27.857142857142858 1.4285714285714286 0.0 85 -608.1822619762347 0.0 0.0 
27.857142857142858 2.142857142857143 0.0 -337 -872.2829342692028 0.0 0.0 
27.857142857142858 2.857142857142857 0.0 -114 -510.0170770658491 0.0 0.0 
27.857142857142858 3.5714285714285716 0.0 -494 -766.5581018634051 0.0 0.0 
27.857142857142858 4.285714285714286 0.0 -312 -445.2422484678199 0.0 0.0 
27.857142857142858 5.0 0.0 -639 -792.9715581458804 0.0 0.0 
27.857142857142858 5.714285714285714 0.0 -441 -628.0827012311344 0.0 0.0 
27.857142857142858 6.428571428571429 0.0 -494 -643.0757662819263 0.0 0.0 
27.857142857142858 7.142857142857143 0.0 -242 -339.0509072388848 0.0 0.0 
27.857142857142858 7.857142857142858 0.0 -478 -797.3584654940516 0.0 0.0 
27.857142857142858 8.571428571428571 0.0 14 88.44492530539986 0.0 0.0 
27.857142857142858 9.285714285714286 0.0 -614 -1099.72670654483 0.0 0.0 
