-47.63076923076923 -22.25 0.0 29 12.674359088468922 0.0 0.0 
-47.63076923076923 -17.8 0.0 35 7.434013685193784 0.0 0.0 
-47.63076923076923 -13.350000000000001 0.0 36 7.420684881164783 0.0 0.0 
-47.63076923076923 -8.9 0.0 37 6.964152861068323 0.0 0.0 
-47.63076923076923 -4.45 0.0 37 6.9485929043518375 0.0 0.0 
-47.63076923076923 -0.0 0.0 36 6.643737488658805 0.0 0.0 
-47.63076923076923 0.0 0.0 36 6.100214519633526 0.0 0.0 
-47.63076923076923 4.45 0.0 35 5.604492844794597 0.0 0.0 
-47.63076923076923 8.9 0.0 35 4.53219723672276 0.0 0.0 
-47.63076923076923 13.350000000000001 0.0 33 2.7102054245818517 0.0 0.0 
-47.63076923076923 17.8 0.0 31 0.6134704640116875 0.0 0.0 
-47.63076923076923 22.25 0.0 28 -6.425316162198834 0.0 0.0 
-43.66153846153846 -22.25 0.0 11 -6.352576915989997 0.0 0.0 
-43.66153846153846 -17.8 0.0 15 -5.019296265949404 0.0 0.0 
-43.66153846153846 -13.350000000000001 0.0 13 -5.955997757508167 0.0 0.0 
-43.66153846153846 -8.9 0.0 13 -5.435476687732876 0.0 0.0 
-43.66153846153846 -4.45 0.0 13 -5.465369237637188 0.0 0.0 
-43.66153846153846 -0.0 0.0 14 -5.700344032576159 0.0 0.0 
-43.66153846153846 0.0 0.0 14 -5.423702212659222 0.0 0.0 
-43.66153846153846 4.45 0.0 13 -5.03731743436763 0.0 0.0 
-43.66153846153846 8.9 0.0 14 -5.298273831526673 0.0 0.0 
-43.66153846153846 13.350000000000001 0.0 15 -5.096666632720054 0.0 0.0 
-43.66153846153846 17.8 0.0 15 -4.435466783596199 0.0 0.0 
-43.66153846153846 22.25 0.0 13 -5.6180419563677235 0.0 0.0 
-39.69230769230769 -22.25 0.0 24 0.2619415795099323 0.0 0.0 
-39.69230769230769 -17.8 0.0 27 0.4072582294333544 0.0 0.0 
-39.69230769230769 -13.350000000000001 0.0 26 -0.17028071015046076 0.0 0.0 
-39.69230769230769 -8.9 0.0 27 -0.07882164546474552 0.0 0.0 
-39.69230769230769 -4.45 0.0 27 -0.780230457038212 0.0 0.0 
-39.69230769230769 -0.0 0.0 26 -0.5585165232896983 0.0 0.0 
-39.69230769230769 0.0 0.0 26 -0.2706381718006211 0.0 0.0 
-39.69230769230769 4.45 0.0 26 -0.52942698839167 0.0 0.0 
-39.69230769230769 8.9 0.0 26 -0.9866339451541437 0.0 0.0 
-39.69230769230769 13.350000000000001 0.0 24 -0.9308512858009188 0.0 0.0 
-39.69230769230769 17.8 0.0 24 -1.6098193437257642 0.0 0.0 
-39.69230769230769 22.25 0.0 21 -4.072770172387507 0.0 0.0 
-35.723076923076924 -22.25 0.0 20 -4.481996362052576 0.0 0.0 
-35.723076923076924 -17.8 0.0 21 -2.231035039016854 0.0 0.0 
-35.723076923076924 -13.350000000000001 0.0 20 -3.4252415242101297 0.0 0.0 
-35.723076923076924 -8.9 0.0 20 -3.5931566169777445 0.0 0.0 
-35.723076923076924 -4.45 0.0 20 -3.7259346593964264 0.0 0.0 
-35.723076923076924 -0.0 0.0 19 -3.4271543559186215 0.0 0.0 
-35.723076923076924 0.0 0.0 20 -3.175853388674354 0.0 0.0 
-35.723076923076924 4.45 0.0 20 -3.094532193823284 0.0 0.0 
-35.723076923076924 8.9 0.0 20 -2.6237229986076454 0.0 0.0 
-35.723076923076924 13.350000000000001 0.0 20 -2.391207891267492 0.0 0.0 
-35.723076923076924 17.8 0.0 20 -2.572247528344045 0.0 0.0 
-35.723076923076924 22.25 0.0 18 -3.3052914826285535 0.0 0.0 
-31.753846153846155 -22.25 0.0 24 -3.331550522761248 0.0 0.0 
-31.753846153846155 -17.8 0.0 23 -0.7915084811792047 0.0 0.0 
-31.753846153846155 -13.350000000000001 0.0 23 -2.439836312388481 0.0 0.0 
-31.753846153846155 -8.9 0.0 24 -2.634562450953526 0.0 0.0 
-31.753846153846155 -4.45 0.0 23 -2.847364246943739 0.0 0.0 
-31.753846153846155 -0.0 0.0 22 -2.9754890680052286 0.0 0.0 
-31.753846153846155 0.0 0.0 22 -2.3694927704662936 0.0 0.0 
-31.753846153846155 4.45 0.0 23 -1.6272360424073407 0.0 0.0 
-31.753846153846155 8.9 0.0 24 -1.5912662580786672 0.0 0.0 
-31.753846153846155 13.350000000000001 0.0 23 -1.4893400580577174 0.0 0.0 
-31.753846153846155 17.8 0.0 22 -1.8764794747866078 0.0 0.0 
-31.753846153846155 22.25 0.0 20 -2.4308723170543716 0.0 0.0 
-27.784615384615385 -22.25 0.0 24 -4.47344750037997 0.0 0.0 
-27.784615384615385 -17.8 0.0 23 -1.5661232123936437 0.0 0.0 
-27.784615384615385 -13.350000000000001 0.0 22 -3.2898267030175607 0.0 0.0 
-27.784615384615385 -8.9 0.0 22 -3.310227758004169 0.0 0.0 
-27.784615384615385 -4.45 0.0 21 -3.816302230063877 0.0 0.0 
-27.784615384615385 -0.0 0.0 20 -3.5543773797980163 0.0 0.0 
-27.784615384615385 0.0 0.0 20 -2.357296061063482 0.0 0.0 
-27.784615384615385 4.45 0.0 21 -1.4824598301298875 0.0 0.0 
-27.784615384615385 8.9 0.0 21 -1.5586217441593049 0.0 0.0 
-27.784615384615385 13.350000000000001 0.0 21 -1.1957933844518485 0.0 0.0 
-27.784615384615385 17.8 0.0 22 -1.9426106363721865 0.0 0.0 
-27.784615384615385 22.25 0.0 19 -1.807581798539963 0.0 0.0 
-23.815384615384616 -22.25 0.0 24 -4.346359787511966 0.0 0.0 
-23.815384615384616 -17.8 0.0 24 -1.0502342573363017 0.0 0.0 
-23.815384615384616 -13.350000000000001 0.0 24 -2.956691142318692 0.0 0.0 
-23.815384615384616 -8.9 0.0 24 -3.2685799972397853 0.0 0.0 
-23.815384615384616 -4.45 0.0 22 -4.06373028631777 0.0 0.0 
-23.815384615384616 -0.0 0.0 18 -4.655993566666012 0.0 0.0 
-23.815384615384616 0.0 0.0 18 -3.0656630487801833 0.0 0.0 
-23.815384615384616 4.45 0.0 22 -1.3266078459186887 0.0 0.0 
-23.815384615384616 8.9 0.0 22 -1.587697858576134 0.0 0.0 
-23.815384615384616 13.350000000000001 0.0 22 -1.200807923637705 0.0 0.0 
-23.815384615384616 17.8 0.0 22 -1.8781383840171397 0.0 0.0 
-23.815384615384616 22.25 0.0 20 -1.2982868470631899 0.0 0.0 
-19.846153846153847 -22.25 0.0 25 -4.370198607324887 0.0 0.0 
-19.846153846153847 -17.8 0.0 24 -1.0334323118252506 0.0 0.0 
-19.846153846153847 -13.350000000000001 0.0 25 -3.252508529383622 0.0 0.0 
-19.846153846153847 -8.9 0.0 24 -3.128637940602501 0.0 0.0 
-19.846153846153847 -4.45 0.0 23 -4.579983095177698 0.0 0.0 
-19.846153846153847 -0.0 0.0 19 -5.22450527391107 0.0 0.0 
-19.846153846153847 0.0 0.0 18 -1.7552574872753492 0.0 0.0 
-19.846153846153847 4.45 0.0 21 -0.1320057634469887 0.0 0.0 
-19.846153846153847 8.9 0.0 22 -1.160359016753787 0.0 0.0 
-19.846153846153847 13.350000000000001 0.0 23 -0.7393297831653108 0.0 0.0 
-19.846153846153847 17.8 0.0 22 -1.6297377635526897 0.0 0.0 
-19.846153846153847 22.25 0.0 20 -1.0129195062874656 0.0 0.0 
-15.876923076923077 -22.25 0.0 25 -4.580463458083808 0.0 0.0 
-15.876923076923077 -17.8 0.0 25 -1.1348828905360047 0.0 0.0 
-15.876923076923077 -13.350000000000001 0.0 25 -2.830147853143456 0.0 0.0 
-15.876923076923077 -8.9 0.0 25 -1.9451386547874863 0.0 0.0 
-15.876923076923077 -4.45 0.0 24 -3.53509615662185 0.0 0.0 
-15.876923076923077 4.45 0.0 25 1.1628173314112773 0.0 0.0 
-15.876923076923077 8.9 0.0 23 -0.06462000639964185 0.0 0.0 
-15.876923076923077 13.350000000000001 0.0 23 -0.368579442978123 0.0 0.0 
-15.876923076923077 17.8 0.0 22 -1.349193822861839 0.0 0.0 
-15.876923076923077 22.25 0.0 20 -0.8308407650156767 0.0 0.0 
-11.907692307692308 -22.25 0.0 25 -4.554856732090487 0.0 0.0 
-11.907692307692308 -17.8 0.0 25 -0.9287918016396576 0.0 0.0 
-11.907692307692308 -13.350000000000001 0.0 25 -2.2635533053658596 0.0 0.0 
-11.907692307692308 -8.9 0.0 25 -1.2198256964874876 0.0 0.0 
-11.907692307692308 -4.45 0.0 25 -1.6819722083623394 0.0 0.0 
-11.907692307692308 4.45 0.0 25 -0.17037908854229225 0.0 0.0 
-11.907692307692308 8.9 0.0 24 -0.21011310858217036 0.0 0.0 
-11.907692307692308 13.350000000000001 0.0 23 -0.5857035910193985 0.0 0.0 
-11.907692307692308 17.8 0.0 22 -1.2094268983750542 0.0 0.0 
-11.907692307692308 22.25 0.0 21 -0.6146237674049141 0.0 0.0 
-7.938461538461539 -22.25 0.0 25 -4.405184930619191 0.0 0.0 
-7.938461538461539 -17.8 0.0 25 -0.7384460571746093 0.0 0.0 
-7.938461538461539 -13.350000000000001 0.0 25 -2.039979800027797 0.0 0.0 
-7.938461538461539 -8.9 0.0 25 -1.0450986066449974 0.0 0.0 
-7.938461538461539 -4.45 0.0 24 -1.2259259283676278 0.0 0.0 
-7.938461538461539 4.45 0.0 26 -0.8361503469556085 0.0 0.0 
-7.938461538461539 8.9 0.0 24 -0.7519332590726443 0.0 0.0 
-7.938461538461539 13.350000000000001 0.0 23 -0.26357273469253256 0.0 0.0 
-7.938461538461539 17.8 0.0 22 -1.0837737197810053 0.0 0.0 
-7.938461538461539 22.25 0.0 21 -0.6192461756320327 0.0 0.0 
-3.9692307692307693 -22.25 0.0 25 -4.344276799146277 0.0 0.0 
-3.9692307692307693 -17.8 0.0 25 -0.6283370712061709 0.0 0.0 
-3.9692307692307693 -13.350000000000001 0.0 25 -1.8125730704685186 0.0 0.0 
-3.9692307692307693 -8.9 0.0 25 -0.6043162333592906 0.0 0.0 
-3.9692307692307693 -4.45 0.0 25 -0.7842133578953188 0.0 0.0 
-3.9692307692307693 4.45 0.0 26 -1.6527213310162234 0.0 0.0 
-3.9692307692307693 8.9 0.0 24 -0.8529569175825639 0.0 0.0 
-3.9692307692307693 13.350000000000001 0.0 23 -0.32488049910726935 0.0 0.0 
-3.9692307692307693 17.8 0.0 22 -1.7316569565062723 0.0 0.0 
-3.9692307692307693 22.25 0.0 21 -0.6621446891227017 0.0 0.0 
-0.0 -22.25 0.0 25 -4.425301646474093 0.0 0.0 
-0.0 -17.8 0.0 25 -0.7213817321705634 0.0 0.0 
-0.0 -13.350000000000001 0.0 24 -1.6691139225685956 0.0 0.0 
-0.0 -8.9 0.0 24 -0.7043679233329599 0.0 0.0 
-0.0 -4.45 0.0 24 -0.5185338108510704 0.0 0.0 
-0.0 4.45 0.0 26 -2.1446007001391933 0.0 0.0 
-0.0 8.9 0.0 24 -1.0665616466901007 0.0 0.0 
-0.0 13.350000000000001 0.0 23 -0.8688997967202254 0.0 0.0 
-0.0 17.8 0.0 22 -1.722070755826096 0.0 0.0 
-0.0 22.25 0.0 21 -0.2869469941505246 0.0 0.0 
0.0 -22.25 0.0 25 -4.625315672034422 0.0 0.0 
0.0 -17.8 0.0 23 -0.7665404649823114 0.0 0.0 
0.0 -13.350000000000001 0.0 23 -1.7226510730470097 0.0 0.0 
0.0 -8.9 0.0 24 -0.43491412395126117 0.0 0.0 
0.0 -4.45 0.0 25 1.1758154072690015 0.0 0.0 
0.0 4.45 0.0 23 -3.265642397344333 0.0 0.0 
0.0 8.9 0.0 23 -1.3146229932145197 0.0 0.0 
0.0 13.350000000000001 0.0 23 -1.16880953430546 0.0 0.0 
0.0 17.8 0.0 21 -1.4948802642815069 0.0 0.0 
0.0 22.25 0.0 22 -0.48845779172150655 0.0 0.0 
3.9692307692307693 -22.25 0.0 25 -4.905377379340508 0.0 0.0 
3.9692307692307693 -17.8 0.0 23 -1.0135961839669427 0.0 0.0 
3.9692307692307693 -13.350000000000001 0.0 22 -2.067607863032774 0.0 0.0 
3.9692307692307693 -8.9 0.0 21 0.24670379008835652 0.0 0.0 
3.9692307692307693 -4.45 0.0 21 1.6704106109901602 0.0 0.0 
3.9692307692307693 4.45 0.0 26 -3.030822977023193 0.0 0.0 
3.9692307692307693 8.9 0.0 23 -0.11444644310759297 0.0 0.0 
3.9692307692307693 13.350000000000001 0.0 23 -0.7634911924757365 0.0 0.0 
3.9692307692307693 17.8 0.0 22 -1.3290925704895005 0.0 0.0 
3.9692307692307693 22.25 0.0 21 -0.05952363511220854 0.0 0.0 
7.938461538461539 -22.25 0.0 25 -5.060584576192153 0.0 0.0 
7.938461538461539 -17.8 0.0 22 -1.0089091934725019 0.0 0.0 
7.938461538461539 -13.350000000000001 0.0 21 -2.313840968911022 0.0 0.0 
7.938461538461539 -8.9 0.0 20 -1.611724128648663 0.0 0.0 
7.938461538461539 -4.45 0.0 17 -1.5611922965454976 0.0 0.0 
7.938461538461539 -0.0 0.0 14 -4.198011689743819 0.0 0.0 
7.938461538461539 0.0 0.0 22 -6.432637986189386 0.0 0.0 
7.938461538461539 4.45 0.0 26 -4.350013343564588 0.0 0.0 
7.938461538461539 8.9 0.0 22 -2.2119110148311227 0.0 0.0 
7.938461538461539 13.350000000000001 0.0 22 -1.1038784908932064 0.0 0.0 
7.938461538461539 17.8 0.0 21 -1.3865837922641968 0.0 0.0 
7.938461538461539 22.25 0.0 21 -0.021716546089829203 0.0 0.0 
11.907692307692308 -22.25 0.0 25 -5.579328707915457 0.0 0.0 
11.907692307692308 -17.8 0.0 22 -1.3708017175111775 0.0 0.0 
11.907692307692308 -13.350000000000001 0.0 21 -2.796850755743483 0.0 0.0 
11.907692307692308 -8.9 0.0 20 -2.163137278479075 0.0 0.0 
11.907692307692308 -4.45 0.0 18 -2.24705595904567 0.0 0.0 
11.907692307692308 -0.0 0.0 15 -5.184333204998229 0.0 0.0 
11.907692307692308 0.0 0.0 17 -6.600509446172277 0.0 0.0 
11.907692307692308 4.45 0.0 22 -3.6866718935004483 0.0 0.0 
11.907692307692308 8.9 0.0 20 -2.1440143241778387 0.0 0.0 
11.907692307692308 13.350000000000001 0.0 21 -1.3744033579859343 0.0 0.0 
11.907692307692308 17.8 0.0 20 -1.5952646454171249 0.0 0.0 
11.907692307692308 22.25 0.0 21 -0.34121083227517096 0.0 0.0 
15.876923076923077 -22.25 0.0 25 -6.204782816689275 0.0 0.0 
15.876923076923077 -17.8 0.0 22 -1.9611898826254976 0.0 0.0 
15.876923076923077 -13.350000000000001 0.0 20 -3.4393504027421513 0.0 0.0 
15.876923076923077 -8.9 0.0 20 -2.801740078536986 0.0 0.0 
15.876923076923077 -4.45 0.0 19 -2.866942996345064 0.0 0.0 
15.876923076923077 -0.0 0.0 19 -4.050574409715799 0.0 0.0 
15.876923076923077 0.0 0.0 19 -4.669478301943144 0.0 0.0 
15.876923076923077 4.45 0.0 20 -3.4018462218238863 0.0 0.0 
15.876923076923077 8.9 0.0 20 -2.866011372880549 0.0 0.0 
15.876923076923077 13.350000000000001 0.0 20 -1.6531441195346104 0.0 0.0 
15.876923076923077 17.8 0.0 20 -1.8722438064348872 0.0 0.0 
15.876923076923077 22.25 0.0 20 -0.5201654794501995 0.0 0.0 
19.846153846153847 -22.25 0.0 24 -6.521550027850744 0.0 0.0 
19.846153846153847 -17.8 0.0 21 -2.3333904352217614 0.0 0.0 
19.846153846153847 -13.350000000000001 0.0 20 -3.974935235564097 0.0 0.0 
19.846153846153847 -8.9 0.0 19 -3.4681470660085543 0.0 0.0 
19.846153846153847 -4.45 0.0 19 -3.85009453373171 0.0 0.0 
19.846153846153847 -0.0 0.0 17 -4.12374685439935 0.0 0.0 
19.846153846153847 0.0 0.0 17 -4.039872956894864 0.0 0.0 
19.846153846153847 4.45 0.0 19 -3.422588033958905 0.0 0.0 
19.846153846153847 8.9 0.0 19 -2.8390857152683213 0.0 0.0 
19.846153846153847 13.350000000000001 0.0 19 -1.3533715625833973 0.0 0.0 
19.846153846153847 17.8 0.0 19 -1.958934501362098 0.0 0.0 
19.846153846153847 22.25 0.0 20 -0.38386588252511356 0.0 0.0 
23.815384615384616 -22.25 0.0 24 -7.065250754056384 0.0 0.0 
23.815384615384616 -17.8 0.0 21 -3.014447948301387 0.0 0.0 
23.815384615384616 -13.350000000000001 0.0 20 -4.54705562713938 0.0 0.0 
23.815384615384616 -8.9 0.0 20 -4.101374850657082 0.0 0.0 
23.815384615384616 -4.45 0.0 18 -4.060570850812765 0.0 0.0 
23.815384615384616 -0.0 0.0 18 -4.010901321825772 0.0 0.0 
23.815384615384616 0.0 0.0 18 -3.9590767557575286 0.0 0.0 
23.815384615384616 4.45 0.0 19 -3.56616300332153 0.0 0.0 
23.815384615384616 8.9 0.0 18 -2.569753114277452 0.0 0.0 
23.815384615384616 13.350000000000001 0.0 19 -1.6176935789309657 0.0 0.0 
23.815384615384616 17.8 0.0 19 -2.0733910199861385 0.0 0.0 
23.815384615384616 22.25 0.0 20 -0.12915007634433712 0.0 0.0 
27.784615384615385 -22.25 0.0 23 -7.838296092604939 0.0 0.0 
27.784615384615385 -17.8 0.0 21 -3.5641018258243293 0.0 0.0 
27.784615384615385 -13.350000000000001 0.0 20 -5.116882545267953 0.0 0.0 
27.784615384615385 -8.9 0.0 19 -4.325510240099329 0.0 0.0 
27.784615384615385 -4.45 0.0 18 -4.292523968652925 0.0 0.0 
27.784615384615385 -0.0 0.0 17 -3.955776342046956 0.0 0.0 
27.784615384615385 0.0 0.0 17 -3.817799062578516 0.0 0.0 
27.784615384615385 4.45 0.0 18 -3.302628826892757 0.0 0.0 
27.784615384615385 8.9 0.0 18 -2.6747254279089923 0.0 0.0 
27.784615384615385 13.350000000000001 0.0 19 -1.8833520225090579 0.0 0.0 
27.784615384615385 17.8 0.0 18 -1.8066362912511515 0.0 0.0 
27.784615384615385 22.25 0.0 19 0.11044012524118264 0.0 0.0 
31.753846153846155 -22.25 0.0 23 -8.389440318753797 0.0 0.0 
31.753846153846155 -17.8 0.0 20 -3.909049837574908 0.0 0.0 
31.753846153846155 -13.350000000000001 0.0 19 -5.168153162498365 0.0 0.0 
31.753846153846155 -8.9 0.0 19 -4.55240793764679 0.0 0.0 
31.753846153846155 -4.45 0.0 17 -4.465179772599817 0.0 0.0 
31.753846153846155 -0.0 0.0 17 -4.2252764092201085 0.0 0.0 
31.753846153846155 0.0 0.0 17 -4.266851662159459 0.0 0.0 
31.753846153846155 4.45 0.0 17 -3.3688906896537225 0.0 0.0 
31.753846153846155 8.9 0.0 18 -2.9183370553626258 0.0 0.0 
31.753846153846155 13.350000000000001 0.0 18 -1.606285974120447 0.0 0.0 
31.753846153846155 17.8 0.0 18 -1.7748468395698371 0.0 0.0 
31.753846153846155 22.25 0.0 19 0.24870403125531523 0.0 0.0 
35.723076923076924 -22.25 0.0 22 -9.337747467277651 0.0 0.0 
35.723076923076924 -17.8 0.0 19 -4.55172477604179 0.0 0.0 
35.723076923076924 -13.350000000000001 0.0 18 -5.843049933702833 0.0 0.0 
35.723076923076924 -8.9 0.0 18 -5.343735974981771 0.0 0.0 
35.723076923076924 -4.45 0.0 17 -4.983700527201762 0.0 0.0 
35.723076923076924 -0.0 0.0 17 -4.861649752016657 0.0 0.0 
35.723076923076924 0.0 0.0 17 -4.364236259366351 0.0 0.0 
35.723076923076924 4.45 0.0 16 -3.5204414710443084 0.0 0.0 
35.723076923076924 8.9 0.0 16 -3.0874455077118146 0.0 0.0 
35.723076923076924 13.350000000000001 0.0 16 -1.7384498354076134 0.0 0.0 
35.723076923076924 17.8 0.0 17 -1.979850123042712 0.0 0.0 
35.723076923076924 22.25 0.0 19 0.44145470786942254 0.0 0.0 
39.69230769230769 -22.25 0.0 26 -9.081966172001506 0.0 0.0 
39.69230769230769 -17.8 0.0 22 -3.1838371666663896 0.0 0.0 
39.69230769230769 -13.350000000000001 0.0 23 -4.60847411614685 0.0 0.0 
39.69230769230769 -8.9 0.0 22 -3.623500210616647 0.0 0.0 
39.69230769230769 -4.45 0.0 21 -3.301308842582635 0.0 0.0 
39.69230769230769 -0.0 0.0 20 -3.0734427593361686 0.0 0.0 
39.69230769230769 0.0 0.0 19 -2.5384449730667615 0.0 0.0 
39.69230769230769 4.45 0.0 19 -2.454060985516522 0.0 0.0 
39.69230769230769 8.9 0.0 19 -2.107223706917993 0.0 0.0 
39.69230769230769 13.350000000000001 0.0 19 -1.1295326792525031 0.0 0.0 
39.69230769230769 17.8 0.0 19 -1.3330676433693365 0.0 0.0 
39.69230769230769 22.25 0.0 20 1.4275015519645122 0.0 0.0 
43.66153846153846 -22.25 0.0 15 -11.147701563644153 0.0 0.0 
43.66153846153846 -17.8 0.0 11 -6.97462745525591 0.0 0.0 
43.66153846153846 -13.350000000000001 0.0 11 -8.699217084510371 0.0 0.0 
43.66153846153846 -8.9 0.0 10 -7.8358110350680255 0.0 0.0 
43.66153846153846 -4.45 0.0 10 -7.628799108465631 0.0 0.0 
43.66153846153846 -0.0 0.0 9 -7.151690261535593 0.0 0.0 
43.66153846153846 0.0 0.0 9 -7.1032851651797095 0.0 0.0 
43.66153846153846 4.45 0.0 9 -7.065264076576764 0.0 0.0 
43.66153846153846 8.9 0.0 9 -6.638796065099715 0.0 0.0 
43.66153846153846 13.350000000000001 0.0 10 -5.7029440995300025 0.0 0.0 
43.66153846153846 17.8 0.0 10 -5.524137647346626 0.0 0.0 
43.66153846153846 22.25 0.0 11 -2.859156359734005 0.0 0.0 
47.63076923076923 -22.25 0.0 36 -7.971554182284882 0.0 0.0 
47.63076923076923 -17.8 0.0 31 -0.9207084198292507 0.0 0.0 
47.63076923076923 -13.350000000000001 0.0 31 -1.3397124783470657 0.0 0.0 
47.63076923076923 -8.9 0.0 30 -0.4601635606879287 0.0 0.0 
47.63076923076923 -4.45 0.0 29 -0.3415335490384917 0.0 0.0 
47.63076923076923 -0.0 0.0 29 -0.43885932844381514 0.0 0.0 
47.63076923076923 0.0 0.0 28 -0.6977247428147029 0.0 0.0 
47.63076923076923 4.45 0.0 27 -0.6220835058153571 0.0 0.0 
47.63076923076923 8.9 0.0 26 -0.6009207585136761 0.0 0.0 
47.63076923076923 13.350000000000001 0.0 25 0.20013756534639715 0.0 0.0 
47.63076923076923 17.8 0.0 23 -0.380157362812665 0.0 0.0 
47.63076923076923 22.25 0.0 23 6.1135554798862435 0.0 0.0 
