-27.857142857142858 -9.285714285714286 0.0 -472 -1435.6815759529754 0.0 0.0 
-27.857142857142858 -8.571428571428571 0.0 -624 -1326.6560550690126 0.0 0.0 
-27.857142857142858 -7.857142857142858 0.0 -637 -1388.203663121912 0.0 0.0 
-27.857142857142858 -7.142857142857143 0.0 -553 -1027.9962862922923 0.0 0.0 
-27.857142857142858 -6.428571428571429 0.0 -476 -894.085686533183 0.0 0.0 
-27.857142857142858 -5.714285714285714 0.0 -443 -673.7275451065301 0.0 0.0 
-27.857142857142858 -5.0 0.0 -427 -577.136433074248 0.0 0.0 
-27.857142857142858 -4.285714285714286 0.0 -446 -447.9567178684042 0.0 0.0 
-27.857142857142858 -3.5714285714285716 0.0 -453 -394.30849383684813 0.0 0.0 
-27.857142857142858 -2.857142857142857 0.0 -490 -313.3320355037372 0.0 0.0 
-27.857142857142858 -2.142857142857143 0.0 -499 -296.8141756622156 0.0 0.0 
-27.857142857142858 -1.4285714285714286 0.0 -541 -240.823784939314 0.0 0.0 
-27.857142857142858 -0.7142857142857143 0.0 -549 -250.20394776065496 0.0 0.0 
-27.857142857142858 -0.0 0.0 -588 -207.1824561146027 0.0 0.0 
-27.857142857142858 0.0 0.0 -596 -233.0918108376659 0.0 0.0 
-27.857142857142858 0.7142857142857143 0.0 -629 -198.2623899305845 0.0 0.0 
-27.857142857142858 1.4285714285714286 0.0 -631 -237.9042995024147 0.0 0.0 
-27.857142857142858 2.142857142857143 0.0 -655 -216.7496009232882 0.0 0.0 
-27.857142857142858 2.857142857142857 0.0 -654 -278.9447904419478 0.0 0.0 
-27.857142857142858 3.5714285714285716 0.0 -667 -289.5456465583122 0.0 0.0 
-27.857142857142858 4.285714285714286 0.0 -676 -357.0108471021895 0.0 0.0 
-27.857142857142858 5.0 0.0 -667 -371.73452109513187 0.0 0.0 
-27.857142857142858 5.714285714285714 0.0 -687 -594.0825984428245 0.0 0.0 
-27.857142857142858 6.428571428571429 0.0 -779 -698.8531147265805 0.0 0.0 
-27.857142857142858 7.142857142857143 0.0 -536 -772.6743282471555 0.0 0.0 
-27.857142857142858 7.857142857142858 0.0 -175 -915.9628400029999 0.0 0.0 
-27.857142857142858 8.571428571428571 0.0 -98 -526.1468130631121 0.0 0.0 
-27.857142857142858 9.285714285714286 0.0 526 1387.5692704118032 0.0 0.0 
-25.714285714285715 -9.285714285714286 0.0 -193 -923.3098425622927 0.0 0.0 
-25.714285714285715 -8.571428571428571 0.0 -479 -660.2523568522806 0.0 0.0 
-25.714285714285715 -7.857142857142858 0.0 -491 -635.8233987495746 0.0 0.0 
-25.714285714285715 -7.142857142857143 0.0 -444 -288.2279707463958 0.0 0.0 
-25.714285714285715 -6.428571428571429 0.0 -334 -313.9911033806182 0.0 0.0 
-25.714285714285715 -5.714285714285714 0.0 -303 -117.42362653574384 0.0 0.0 
-25.714285714285715 -5.0 0.0 -254 -224.43798806932477 0.0 0.0 
-25.714285714285715 -4.285714285714286 0.0 -236 -87.71227566306692 0.0 0.0 
-25.714285714285715 -3.5714285714285716 0.0 -203 -244.69666806207874 0.0 0.0 
-25.714285714285715 -2.857142857142857 0.0 -182 -123.77352620053483 0.0 0.0 
-25.714285714285715 -2.142857142857143 0.0 -161 -319.2456692065997 0.0 0.0 
-25.714285714285715 -1.4285714285714286 0.0 -141 -184.76618236323128 0.0 0.0 
-25.714285714285715 -0.7142857142857143 0.0 -125 -416.3244943891744 0.0 0.0 
-25.714285714285715 -0.0 0.0 -105 -243.10410231943672 0.0 0.0 
-25.714285714285715 0.0 0.0 -93 -531.3555209700984 0.0 0.0 
-25.714285714285715 0.7142857142857143 0.0 -73 -293.9332293801816 0.0 0.0 
-25.714285714285715 1.4285714285714286 0.0 -64 -683.668032312554 0.0 0.0 
-25.714285714285715 2.142857142857143 0.0 -44 -333.4018980664917 0.0 0.0 
-25.714285714285715 2.857142857142857 0.0 -34 -867.3000560581326 0.0 0.0 
-25.714285714285715 3.5714285714285716 0.0 -21 -363.8772841818392 0.0 0.0 
-25.714285714285715 4.285714285714286 0.0 -32 -1216.206586209018 0.0 0.0 
-25.714285714285715 5.0 0.0 82 -223.01693049143293 0.0 0.0 
-25.714285714285715 5.714285714285714 0.0 179 -1499.2773554498826 0.0 0.0 
-25.714285714285715 6.428571428571429 0.0 195 275.4300808478889 0.0 0.0 
-25.714285714285715 7.142857142857143 0.0 216 -1314.3092257752278 0.0 0.0 
-25.714285714285715 7.857142857142858 0.0 33 860.4885611919156 0.0 0.0 
-25.714285714285715 8.571428571428571 0.0 -875 -3350.1579242078046 0.0 0.0 
-25.714285714285715 9.285714285714286 0.0 1179 5055.298446129556 0.0 0.0 
-23.57142857142857 -9.285714285714286 0.0 -460 -995.8473833712161 0.0 0.0 
-23.57142857142857 -8.571428571428571 0.0 -767 -672.147847747281 0.0 0.0 
-23.57142857142857 -7.857142857142858 0.0 -585 -504.13870657751085 0.0 0.0 
-23.57142857142857 -7.142857142857143 0.0 -395 -207.02509314521149 0.0 0.0 
-23.57142857142857 -6.428571428571429 0.0 -225 -215.0269083420315 0.0 0.0 
-23.57142857142857 -5.714285714285714 0.0 -133 -34.85171277412644 0.0 0.0 
-23.57142857142857 -5.0 0.0 -78 -141.83766138205252 0.0 0.0 
-23.57142857142857 -4.285714285714286 0.0 -26 -21.54266524577551 0.0 0.0 
-23.57142857142857 -3.5714285714285716 0.0 -11 -194.0367901127734 0.0 0.0 
-23.57142857142857 -2.857142857142857 0.0 15 -90.24876798177112 0.0 0.0 
-23.57142857142857 -2.142857142857143 0.0 8 -329.78409220438664 0.0 0.0 
-23.57142857142857 -1.4285714285714286 0.0 29 -185.3530677912744 0.0 0.0 
-23.57142857142857 -0.7142857142857143 0.0 19 -492.24106235777026 0.0 0.0 
-23.57142857142857 -0.0 0.0 51 -234.9808057341744 0.0 0.0 
-23.57142857142857 0.0 0.0 40 -654.6358519682033 0.0 0.0 
-23.57142857142857 0.7142857142857143 0.0 92 -192.8339061031705 0.0 0.0 
-23.57142857142857 1.4285714285714286 0.0 63 -839.7939996195649 0.0 0.0 
-23.57142857142857 2.142857142857143 0.0 132 -68.36023430966785 0.0 0.0 
-23.57142857142857 2.857142857142857 0.0 81 -1099.9377321724792 0.0 0.0 
-23.57142857142857 3.5714285714285716 0.0 219 275.0792365160862 0.0 0.0 
-23.57142857142857 4.285714285714286 0.0 100 -1364.111970638853 0.0 0.0 
-23.57142857142857 5.0 0.0 271 1014.443983443881 0.0 0.0 
-23.57142857142857 5.714285714285714 0.0 -145 -2161.9070901062273 0.0 0.0 
-23.57142857142857 6.428571428571429 0.0 -70 562.703550986939 0.0 0.0 
-23.57142857142857 7.142857142857143 0.0 -120 -2164.9423602199045 0.0 0.0 
-23.57142857142857 7.857142857142858 0.0 202 3244.0677649626195 0.0 0.0 
-23.57142857142857 8.571428571428571 0.0 -2583 -8159.63906209905 0.0 0.0 
-23.57142857142857 9.285714285714286 0.0 1346 7237.480548893972 0.0 0.0 
-21.428571428571427 -9.285714285714286 0.0 -641 -1198.465897162082 0.0 0.0 
-21.428571428571427 -8.571428571428571 0.0 -791 -723.3398467799003 0.0 0.0 
-21.428571428571427 -7.857142857142858 0.0 -342 -530.9764713340342 0.0 0.0 
-21.428571428571427 -7.142857142857143 0.0 -136 -221.54556352264865 0.0 0.0 
-21.428571428571427 -6.428571428571429 0.0 23 -188.60630933813718 0.0 0.0 
-21.428571428571427 -5.714285714285714 0.0 93 -23.885958707165166 0.0 0.0 
-21.428571428571427 -5.0 0.0 123 -126.2355486984963 0.0 0.0 
-21.428571428571427 -4.285714285714286 0.0 166 -7.819436789023712 0.0 0.0 
-21.428571428571427 -3.5714285714285716 0.0 153 -198.25220359194617 0.0 0.0 
-21.428571428571427 -2.857142857142857 0.0 181 -57.85867731923457 0.0 0.0 
-21.428571428571427 -2.142857142857143 0.0 138 -354.2389892132213 0.0 0.0 
-21.428571428571427 -1.4285714285714286 0.0 176 -87.62649230268698 0.0 0.0 
-21.428571428571427 -0.7142857142857143 0.0 121 -516.1220361060984 0.0 0.0 
-21.428571428571427 -0.0 0.0 180 -8.292952048700613 0.0 0.0 
-21.428571428571427 0.0 0.0 102 -698.7741196807517 0.0 0.0 
-21.428571428571427 0.7142857142857143 0.0 197 205.82543113260266 0.0 0.0 
-21.428571428571427 1.4285714285714286 0.0 67 -954.7920752102076 0.0 0.0 
-21.428571428571427 2.142857142857143 0.0 213 592.4438644360598 0.0 0.0 
-21.428571428571427 2.857142857142857 0.0 -35 -1358.6753313234149 0.0 0.0 
-21.428571428571427 3.5714285714285716 0.0 154 1033.4181664774474 0.0 0.0 
-21.428571428571427 4.285714285714286 0.0 -265 -2113.0752651851403 0.0 0.0 
-21.428571428571427 5.0 0.0 172 1776.1328024564536 0.0 0.0 
-21.428571428571427 5.714285714285714 0.0 -242 -2710.909223976864 0.0 0.0 
-21.428571428571427 6.428571428571429 0.0 -67 2499.9084525784087 0.0 0.0 
-21.428571428571427 7.142857142857143 0.0 -462 -3164.30961032733 0.0 0.0 
-21.428571428571427 7.857142857142858 0.0 618 6763.997321351812 0.0 0.0 
-21.428571428571427 8.571428571428571 0.0 -5620 -15935.019320354244 0.0 0.0 
-21.428571428571427 9.285714285714286 0.0 3076 13861.23998024446 0.0 0.0 
-19.285714285714285 -9.285714285714286 0.0 -574 -1382.00131181376 0.0 0.0 
-19.285714285714285 -8.571428571428571 0.0 -586 -714.2448221649386 0.0 0.0 
-19.285714285714285 -7.857142857142858 0.0 -14 -574.1286784522995 0.0 0.0 
-19.285714285714285 -7.142857142857143 0.0 112 -113.59373821659032 0.0 0.0 
-19.285714285714285 -6.428571428571429 0.0 228 -147.7099231169397 0.0 0.0 
-19.285714285714285 -5.714285714285714 0.0 290 151.48860931322554 0.0 0.0 
-19.285714285714285 -5.0 0.0 263 -88.48050186456783 0.0 0.0 
-19.285714285714285 -4.285714285714286 0.0 317 237.588120352548 0.0 0.0 
-19.285714285714285 -3.5714285714285716 0.0 243 -179.39272417216517 0.0 0.0 
-19.285714285714285 -2.857142857142857 0.0 283 285.9731163703062 0.0 0.0 
-19.285714285714285 -2.142857142857143 0.0 177 -379.4378372854524 0.0 0.0 
-19.285714285714285 -1.4285714285714286 0.0 236 410.8789727003863 0.0 0.0 
-19.285714285714285 -0.7142857142857143 0.0 97 -625.8742878805733 0.0 0.0 
-19.285714285714285 -0.0 0.0 200 710.1668642734246 0.0 0.0 
-19.285714285714285 0.0 0.0 16 -955.5700845479928 0.0 0.0 
-19.285714285714285 0.7142857142857143 0.0 191 1244.938514815285 0.0 0.0 
-19.285714285714285 1.4285714285714286 0.0 -107 -1475.0522994035189 0.0 0.0 
-19.285714285714285 2.142857142857143 0.0 152 1929.916796744565 0.0 0.0 
-19.285714285714285 2.857142857142857 0.0 -264 -2231.3292246115543 0.0 0.0 
-19.285714285714285 3.5714285714285716 0.0 158 2984.446403992293 0.0 0.0 
-19.285714285714285 4.285714285714286 0.0 -397 -3239.7425575171187 0.0 0.0 
-19.285714285714285 5.0 0.0 210 4996.930359680234 0.0 0.0 
-19.285714285714285 5.714285714285714 0.0 -845 -5516.944823254401 0.0 0.0 
-19.285714285714285 6.428571428571429 0.0 -511 6595.773777407478 0.0 0.0 
-19.285714285714285 7.142857142857143 0.0 -1649 -7625.8325298998825 0.0 0.0 
-19.285714285714285 7.857142857142858 0.0 726 14495.109787726873 0.0 0.0 
-19.285714285714285 8.571428571428571 0.0 -10946 -36142.96024759526 0.0 0.0 
-19.285714285714285 9.285714285714286 0.0 6854 38803.40019280781 0.0 0.0 
-17.142857142857142 -9.285714285714286 0.0 -372 -1338.414444882695 0.0 0.0 
-17.142857142857142 -8.571428571428571 0.0 -370 -527.1623681352694 0.0 0.0 
-17.142857142857142 -7.857142857142858 0.0 192 -482.14112902257614 0.0 0.0 
-17.142857142857142 -7.142857142857143 0.0 250 180.40891699684374 0.0 0.0 
-17.142857142857142 -6.428571428571429 0.0 310 -44.65030664704551 0.0 0.0 
-17.142857142857142 -5.714285714285714 0.0 376 545.7340285746739 0.0 0.0 
-17.142857142857142 -5.0 0.0 271 -19.340768751342125 0.0 0.0 
-17.142857142857142 -4.285714285714286 0.0 361 793.5788492805792 0.0 0.0 
-17.142857142857142 -3.5714285714285716 0.0 200 -151.5728579806651 0.0 0.0 
-17.142857142857142 -2.857142857142857 0.0 297 1058.0511015973416 0.0 0.0 
-17.142857142857142 -2.142857142857143 0.0 113 -380.3495796640214 0.0 0.0 
-17.142857142857142 -1.4285714285714286 0.0 266 1520.0910731484678 0.0 0.0 
-17.142857142857142 -0.7142857142857143 0.0 7 -667.0911592011303 0.0 0.0 
-17.142857142857142 -0.0 0.0 223 2226.424957317015 0.0 0.0 
-17.142857142857142 0.0 0.0 -152 -1181.7776377037933 0.0 0.0 
-17.142857142857142 0.7142857142857143 0.0 218 3274.2667798666644 0.0 0.0 
-17.142857142857142 1.4285714285714286 0.0 -318 -2045.7585127520533 0.0 0.0 
-17.142857142857142 2.142857142857143 0.0 248 4914.874787031694 0.0 0.0 
-17.142857142857142 2.857142857142857 0.0 -558 -3470.74396020112 0.0 0.0 
-17.142857142857142 3.5714285714285716 0.0 234 7572.981948487044 0.0 0.0 
-17.142857142857142 4.285714285714286 0.0 -1113 -5882.681167730337 0.0 0.0 
-17.142857142857142 5.0 0.0 154 11711.486350093466 0.0 0.0 
-17.142857142857142 5.714285714285714 0.0 -2368 -10774.64078766292 0.0 0.0 
-17.142857142857142 6.428571428571429 0.0 -1401 15114.379045372672 0.0 0.0 
-17.142857142857142 7.142857142857143 0.0 -4392 -15212.003428104716 0.0 0.0 
-17.142857142857142 7.857142857142858 0.0 644 30063.328062615074 0.0 0.0 
-17.142857142857142 8.571428571428571 0.0 -25097 -78010.43461419905 0.0 0.0 
-17.142857142857142 9.285714285714286 0.0 15766 76995.54605265056 0.0 0.0 
-15.0 -9.285714285714286 0.0 -229 -930.4548470665028 0.0 0.0 
-15.0 -8.571428571428571 0.0 -278 -109.34734841602676 0.0 0.0 
-15.0 -7.857142857142858 0.0 218 -88.09254333958017 0.0 0.0 
-15.0 -7.142857142857143 0.0 260 782.2958014382243 0.0 0.0 
-15.0 -6.428571428571429 0.0 254 307.66267537565176 0.0 0.0 
-15.0 -5.714285714285714 0.0 338 1339.5934331214285 0.0 0.0 
-15.0 -5.0 0.0 159 312.1456060246704 0.0 0.0 
-15.0 -4.285714285714286 0.0 303 1881.6762817990202 0.0 0.0 
-15.0 -3.5714285714285716 0.0 56 204.00449293533202 0.0 0.0 
-15.0 -2.857142857142857 0.0 238 2561.639139108233 0.0 0.0 
-15.0 -2.142857142857143 0.0 -33 97.04118123998909 0.0 0.0 
-15.0 -1.4285714285714286 0.0 237 3591.8574309854203 0.0 0.0 
-15.0 1.4285714285714286 0.0 -830 -2563.98827752201 0.0 0.0 
-15.0 2.142857142857143 0.0 209 10781.838829578255 0.0 0.0 
-15.0 2.857142857142857 0.0 -1683 -5517.716548087508 0.0 0.0 
-15.0 3.5714285714285716 0.0 -76 15549.59086586108 0.0 0.0 
-15.0 4.285714285714286 0.0 -3047 -10002.647479663094 0.0 0.0 
-15.0 5.0 0.0 -505 22729.784387610096 0.0 0.0 
-15.0 5.714285714285714 0.0 -5605 -18925.687974162167 0.0 0.0 
-15.0 6.428571428571429 0.0 -3992 28206.85204883792 0.0 0.0 
-15.0 7.142857142857143 0.0 -10535 -27578.419742820814 0.0 0.0 
-15.0 7.857142857142858 0.0 -53 53438.487787743215 0.0 0.0 
-15.0 8.571428571428571 0.0 -50792 -149912.45108286425 0.0 0.0 
-15.0 9.285714285714286 0.0 28644 129597.05848390401 0.0 0.0 
-12.857142857142858 -9.285714285714286 0.0 -323 50.17665797602717 0.0 0.0 
-12.857142857142858 -8.571428571428571 0.0 -394 818.9140676755007 0.0 0.0 
-12.857142857142858 -7.857142857142858 0.0 58 963.3912181395033 0.0 0.0 
-12.857142857142858 -7.142857142857143 0.0 116 2159.1517961584873 0.0 0.0 
-12.857142857142858 -6.428571428571429 0.0 58 1320.2878886689607 0.0 0.0 
-12.857142857142858 -5.714285714285714 0.0 171 3153.7079216830584 0.0 0.0 
-12.857142857142858 -5.0 0.0 -80 1297.8394944497368 0.0 0.0 
-12.857142857142858 -4.285714285714286 0.0 120 4258.163682147218 0.0 0.0 
-12.857142857142858 -3.5714285714285716 0.0 -235 1107.2825070684084 0.0 0.0 
-12.857142857142858 -2.857142857142857 0.0 49 5716.874345609625 0.0 0.0 
-12.857142857142858 -2.142857142857143 0.0 -369 830.5860279403603 0.0 0.0 
-12.857142857142858 2.142857142857143 0.0 -507 21686.954350098124 0.0 0.0 
-12.857142857142858 2.857142857142857 0.0 -4128 -9551.31373300541 0.0 0.0 
-12.857142857142858 3.5714285714285716 0.0 -1359 29191.939665730726 0.0 0.0 
-12.857142857142858 4.285714285714286 0.0 -6698 -16324.428009033518 0.0 0.0 
-12.857142857142858 5.0 0.0 -2561 39478.042017844105 0.0 0.0 
-12.857142857142858 5.714285714285714 0.0 -11362 -29832.618422578358 0.0 0.0 
-12.857142857142858 6.428571428571429 0.0 -9623 44303.69760163943 0.0 0.0 
-12.857142857142858 7.142857142857143 0.0 -21243 -42871.86755745966 0.0 0.0 
-12.857142857142858 7.857142857142858 0.0 -1904 81195.71422700731 0.0 0.0 
-12.857142857142858 8.571428571428571 0.0 -90439 -239787.53712231945 0.0 0.0 
-12.857142857142858 9.285714285714286 0.0 35422 138071.013795465 0.0 0.0 
-10.714285714285714 -9.285714285714286 0.0 -886 2063.70047161379 0.0 0.0 
-10.714285714285714 -8.571428571428571 0.0 -863 2680.460694701158 0.0 0.0 
-10.714285714285714 -7.857142857142858 0.0 -355 3398.9237542972483 0.0 0.0 
-10.714285714285714 -7.142857142857143 0.0 -217 4935.312161323405 0.0 0.0 
-10.714285714285714 -6.428571428571429 0.0 -345 3757.0533549869465 0.0 0.0 
-10.714285714285714 -5.714285714285714 0.0 -151 6588.361466276615 0.0 0.0 
-10.714285714285714 -5.0 0.0 -555 3609.18841295551 0.0 0.0 
-10.714285714285714 -4.285714285714286 0.0 -212 8503.820022344757 0.0 0.0 
-10.714285714285714 -3.5714285714285716 0.0 -891 3229.9880404625155 0.0 0.0 
-10.714285714285714 -2.857142857142857 0.0 -410 11255.010749685576 0.0 0.0 
-10.714285714285714 -2.142857142857143 0.0 -1445 2760.1586021809635 0.0 0.0 
-10.714285714285714 2.142857142857143 0.0 -2406 32438.841420123452 0.0 0.0 
-10.714285714285714 2.857142857142857 0.0 -8349 -11214.3776393918 0.0 0.0 
-10.714285714285714 3.5714285714285716 0.0 -4179 40093.028798031395 0.0 0.0 
-10.714285714285714 4.285714285714286 0.0 -12285 -18979.77546450396 0.0 0.0 
-10.714285714285714 5.0 0.0 -6586 49842.862195750895 0.0 0.0 
-10.714285714285714 5.714285714285714 0.0 -18834 -34196.06856124636 0.0 0.0 
-10.714285714285714 6.428571428571429 0.0 -18136 47131.291461221335 0.0 0.0 
-10.714285714285714 7.142857142857143 0.0 -33823 -54257.4144990626 0.0 0.0 
-10.714285714285714 7.857142857142858 0.0 -744 95197.87360099486 0.0 0.0 
-10.714285714285714 8.571428571428571 0.0 -120951 -296220.27572042006 0.0 0.0 
-10.714285714285714 9.285714285714286 0.0 25753 93211.04772851674 0.0 0.0 
-8.571428571428571 -9.285714285714286 0.0 -2282 5564.414496185871 0.0 0.0 
-8.571428571428571 -8.571428571428571 0.0 -1863 5333.014532712632 0.0 0.0 
-8.571428571428571 -7.857142857142858 0.0 -1132 7802.335275708703 0.0 0.0 
-8.571428571428571 -7.142857142857143 0.0 -816 8752.097934073061 0.0 0.0 
-8.571428571428571 -6.428571428571429 0.0 -1112 8531.275478106974 0.0 0.0 
-8.571428571428571 -5.714285714285714 0.0 -813 11082.072381237844 0.0 0.0 
-8.571428571428571 -5.0 0.0 -1649 8733.931202149224 0.0 0.0 
-8.571428571428571 -4.285714285714286 0.0 -1221 13437.03654055078 0.0 0.0 
-8.571428571428571 -3.5714285714285716 0.0 -2585 8330.04274001158 0.0 0.0 
-8.571428571428571 -2.857142857142857 0.0 -1865 16134.14763969819 0.0 0.0 
-8.571428571428571 -2.142857142857143 0.0 -3569 7974.992185759855 0.0 0.0 
-8.571428571428571 2.142857142857143 0.0 -5678 32069.898214766108 0.0 0.0 
-8.571428571428571 2.857142857142857 0.0 -13026 -4802.542207695935 0.0 0.0 
-8.571428571428571 3.5714285714285716 0.0 -8378 35599.925543046294 0.0 0.0 
-8.571428571428571 4.285714285714286 0.0 -17620 -12383.2285961087 0.0 0.0 
-8.571428571428571 5.0 0.0 -11498 40071.24761454444 0.0 0.0 
-8.571428571428571 5.714285714285714 0.0 -23280 -25875.714908741185 0.0 0.0 
-8.571428571428571 6.428571428571429 0.0 -24054 31234.480320952563 0.0 0.0 
-8.571428571428571 7.142857142857143 0.0 -42438 -58061.38692915733 0.0 0.0 
-8.571428571428571 7.857142857142858 0.0 4052 86757.96071613958 0.0 0.0 
-8.571428571428571 8.571428571428571 0.0 -127325 -288470.75804697006 0.0 0.0 
-8.571428571428571 9.285714285714286 0.0 16230 35146.53106371287 0.0 0.0 
-6.428571428571429 -9.285714285714286 0.0 -4704 10505.191808597772 0.0 0.0 
-6.428571428571429 -8.571428571428571 0.0 -3592 8381.147666984609 0.0 0.0 
-6.428571428571429 -7.857142857142858 0.0 -2423 13942.100880141954 0.0 0.0 
-6.428571428571429 -7.142857142857143 0.0 -2268 13576.211391304842 0.0 0.0 
-6.428571428571429 -6.428571428571429 0.0 -2635 14633.474841450405 0.0 0.0 
-6.428571428571429 -5.714285714285714 0.0 -2649 16287.904911925732 0.0 0.0 
-6.428571428571429 -5.0 0.0 -3534 13974.898015005354 0.0 0.0 
-6.428571428571429 -4.285714285714286 0.0 -3334 18396.905065340885 0.0 0.0 
-6.428571428571429 -3.5714285714285716 0.0 -4713 12714.461722232556 0.0 0.0 
-6.428571428571429 -2.857142857142857 0.0 -4285 20856.84521368038 0.0 0.0 
-6.428571428571429 -2.142857142857143 0.0 -6015 11737.039306045366 0.0 0.0 
-6.428571428571429 2.142857142857143 0.0 -9306 29536.623523422248 0.0 0.0 
-6.428571428571429 2.857142857142857 0.0 -15480 -3924.3347323142116 0.0 0.0 
-6.428571428571429 3.5714285714285716 0.0 -11824 29747.592135246367 0.0 0.0 
-6.428571428571429 4.285714285714286 0.0 -19431 -12185.338279932337 0.0 0.0 
-6.428571428571429 5.0 0.0 -14421 29942.808143306287 0.0 0.0 
-6.428571428571429 5.714285714285714 0.0 -22604 -24254.29894268117 0.0 0.0 
-6.428571428571429 6.428571428571429 0.0 -23229 23817.82989419961 0.0 0.0 
-6.428571428571429 7.142857142857143 0.0 -44662 -64341.099536595284 0.0 0.0 
-6.428571428571429 7.857142857142858 0.0 6331 75414.40337329087 0.0 0.0 
-6.428571428571429 8.571428571428571 0.0 -115503 -262869.079402413 0.0 0.0 
-6.428571428571429 9.285714285714286 0.0 9631 17625.88250863718 0.0 0.0 
-4.285714285714286 -9.285714285714286 0.0 -8351 15672.90863105215 0.0 0.0 
-4.285714285714286 -8.571428571428571 0.0 -6926 11800.943712672757 0.0 0.0 
-4.285714285714286 -7.857142857142858 0.0 -4592 19206.087473639498 0.0 0.0 
-4.285714285714286 -7.142857142857143 0.0 -4535 18161.86963203849 0.0 0.0 
-4.285714285714286 -6.428571428571429 0.0 -4535 18469.790440409044 0.0 0.0 
-4.285714285714286 -5.714285714285714 0.0 -4639 21166.17726255454 0.0 0.0 
-4.285714285714286 -5.0 0.0 -5399 16607.764199347614 0.0 0.0 
-4.285714285714286 -4.285714285714286 0.0 -5373 23352.860311873734 0.0 0.0 
-4.285714285714286 -3.5714285714285716 0.0 -6745 13893.597083183075 0.0 0.0 
-4.285714285714286 -2.857142857142857 0.0 -6482 25273.893781056104 0.0 0.0 
-4.285714285714286 -2.142857142857143 0.0 -7968 11783.048120346488 0.0 0.0 
-4.285714285714286 2.142857142857143 0.0 -10835 28943.828563979707 0.0 0.0 
-4.285714285714286 2.857142857142857 0.0 -15502 -7100.334848202721 0.0 0.0 
-4.285714285714286 3.5714285714285716 0.0 -12420 28053.363242694068 0.0 0.0 
-4.285714285714286 4.285714285714286 0.0 -18225 -14366.513186435286 0.0 0.0 
-4.285714285714286 5.0 0.0 -14418 26347.318927699598 0.0 0.0 
-4.285714285714286 5.714285714285714 0.0 -20228 -24932.608026071113 0.0 0.0 
-4.285714285714286 6.428571428571429 0.0 -19811 24169.058226565223 0.0 0.0 
-4.285714285714286 7.142857142857143 0.0 -42541 -64188.75748968666 0.0 0.0 
-4.285714285714286 7.857142857142858 0.0 6162 67229.76666108066 0.0 0.0 
-4.285714285714286 8.571428571428571 0.0 -101980 -230676.92833609664 0.0 0.0 
-4.285714285714286 9.285714285714286 0.0 -2096 -12210.75554519397 0.0 0.0 
-2.142857142857143 -9.285714285714286 0.0 -12843 18156.867022683287 0.0 0.0 
-2.142857142857143 -8.571428571428571 0.0 -9797 11202.968585149076 0.0 0.0 
-2.142857142857143 -7.857142857142858 0.0 -6633 22612.85872032077 0.0 0.0 
-2.142857142857143 -7.142857142857143 0.0 -5743 17868.55701925115 0.0 0.0 
-2.142857142857143 -6.428571428571429 0.0 -6186 22488.536905096553 0.0 0.0 
-2.142857142857143 -5.714285714285714 0.0 -5707 19971.875031727857 0.0 0.0 
-2.142857142857143 -5.0 0.0 -6987 20654.513392247176 0.0 0.0 
-2.142857142857143 -4.285714285714286 0.0 -6382 20631.21489444864 0.0 0.0 
-2.142857142857143 -3.5714285714285716 0.0 -8166 18226.516377898668 0.0 0.0 
-2.142857142857143 -2.857142857142857 0.0 -7474 20898.77039071987 0.0 0.0 
-2.142857142857143 -2.142857142857143 0.0 -9109 16462.84474255624 0.0 0.0 
-2.142857142857143 2.142857142857143 0.0 -10264 16459.52518671222 0.0 0.0 
-2.142857142857143 2.857142857142857 0.0 -13938 2517.2718045835754 0.0 0.0 
-2.142857142857143 3.5714285714285716 0.0 -11328 13870.473926127317 0.0 0.0 
-2.142857142857143 4.285714285714286 0.0 -15705 -2397.390788790377 0.0 0.0 
-2.142857142857143 5.0 0.0 -13060 10625.611917499438 0.0 0.0 
-2.142857142857143 5.714285714285714 0.0 -17563 -10935.55427093566 0.0 0.0 
-2.142857142857143 6.428571428571429 0.0 -16483 9126.780802725745 0.0 0.0 
-2.142857142857143 7.142857142857143 0.0 -36849 -48692.66928397203 0.0 0.0 
-2.142857142857143 7.857142857142858 0.0 7055 43370.81665374045 0.0 0.0 
-2.142857142857143 8.571428571428571 0.0 -78827 -160466.6374451963 0.0 0.0 
-2.142857142857143 9.285714285714286 0.0 -14906 -62326.85090001907 0.0 0.0 
-0.0 -9.285714285714286 0.0 -15662 18514.40767840907 0.0 0.0 
-0.0 -8.571428571428571 0.0 -11125 8568.67602636269 0.0 0.0 
-0.0 -7.857142857142858 0.0 -7757 23729.68335915469 0.0 0.0 
-0.0 -7.142857142857143 0.0 -6633 14394.60256476221 0.0 0.0 
-0.0 -6.428571428571429 0.0 -6863 23998.001449030562 0.0 0.0 
-0.0 -5.714285714285714 0.0 -6434 15325.958992883283 0.0 0.0 
-0.0 -5.0 0.0 -7320 22670.476570629035 0.0 0.0 
-0.0 -4.285714285714286 0.0 -6996 14653.064124763341 0.0 0.0 
-0.0 -3.5714285714285716 0.0 -8137 20667.86474351926 0.0 0.0 
-0.0 -2.857142857142857 0.0 -7751 13511.221356085774 0.0 0.0 
-0.0 -2.142857142857143 0.0 -8595 19267.818723272303 0.0 0.0 
-0.0 2.142857142857143 0.0 -9172 4778.586124340898 0.0 0.0 
-0.0 2.857142857142857 0.0 -11139 9287.01262925085 0.0 0.0 
-0.0 3.5714285714285716 0.0 -9753 1257.1551528803757 0.0 0.0 
-0.0 4.285714285714286 0.0 -12344 4827.033659938494 0.0 0.0 
-0.0 5.0 0.0 -10824 -3203.189395291831 0.0 0.0 
-0.0 5.714285714285714 0.0 -13176 -2579.5078246544545 0.0 0.0 
-0.0 6.428571428571429 0.0 -10867 -1892.838861472479 0.0 0.0 
-0.0 7.142857142857143 0.0 -28401 -36275.851638304695 0.0 0.0 
-0.0 7.857142857142858 0.0 6291 17248.56994887336 0.0 0.0 
-0.0 8.571428571428571 0.0 -44272 -84549.33584016522 0.0 0.0 
-0.0 9.285714285714286 0.0 -17082 -66068.32890623691 0.0 0.0 
0.0 -9.285714285714286 0.0 -16556 16786.586085394523 0.0 0.0 
0.0 -8.571428571428571 0.0 -11338 5179.787825286228 0.0 0.0 
0.0 -7.857142857142858 0.0 -7956 22021.01023877562 0.0 0.0 
0.0 -7.142857142857143 0.0 -6818 9899.317684313408 0.0 0.0 
0.0 -6.428571428571429 0.0 -6661 22490.711584970115 0.0 0.0 
0.0 -5.714285714285714 0.0 -6444 9972.414910470467 0.0 0.0 
0.0 -5.0 0.0 -6704 21328.42530084024 0.0 0.0 
0.0 -4.285714285714286 0.0 -6661 8660.143870050471 0.0 0.0 
0.0 -3.5714285714285716 0.0 -7006 19614.838016707807 0.0 0.0 
0.0 -2.857142857142857 0.0 -6933 7071.824627396136 0.0 0.0 
0.0 -2.142857142857143 0.0 -7106 18375.532801190944 0.0 0.0 
0.0 2.142857142857143 0.0 -7049 -1817.7236519085982 0.0 0.0 
0.0 2.857142857142857 0.0 -7722 9042.104741755615 0.0 0.0 
0.0 3.5714285714285716 0.0 -6881 -4730.337198845197 0.0 0.0 
0.0 4.285714285714286 0.0 -8061 5106.877619270905 0.0 0.0 
0.0 5.0 0.0 -7009 -8244.147147152295 0.0 0.0 
0.0 5.714285714285714 0.0 -8000 -829.7994609754078 0.0 0.0 
0.0 6.428571428571429 0.0 -4272 -3437.276352107209 0.0 0.0 
0.0 7.142857142857143 0.0 -17774 -24166.4953250739 0.0 0.0 
0.0 7.857142857142858 0.0 3880 1359.4672477040376 0.0 0.0 
0.0 8.571428571428571 0.0 -18699 -34428.76131762014 0.0 0.0 
0.0 9.285714285714286 0.0 -12452 -47462.93599834732 0.0 0.0 
2.142857142857143 -9.285714285714286 0.0 -15664 13309.751665444619 0.0 0.0 
2.142857142857143 -8.571428571428571 0.0 -10367 1757.8731147766885 0.0 0.0 
2.142857142857143 -7.857142857142858 0.0 -7271 18003.01512877942 0.0 0.0 
2.142857142857143 -7.142857142857143 0.0 -6102 5220.222038240792 0.0 0.0 
2.142857142857143 -6.428571428571429 0.0 -5696 18452.682264427596 0.0 0.0 
2.142857142857143 -5.714285714285714 0.0 -5497 4958.284423409816 0.0 0.0 
2.142857142857143 -5.0 0.0 -5367 17413.97708944844 0.0 0.0 
2.142857142857143 -4.285714285714286 0.0 -5400 3789.363182723302 0.0 0.0 
2.142857142857143 -3.5714285714285716 0.0 -5291 15773.386228378704 0.0 0.0 
2.142857142857143 -2.857142857142857 0.0 -5344 2360.1082301499046 0.0 0.0 
2.142857142857143 -2.142857142857143 0.0 -5156 14124.978798862465 0.0 0.0 
2.142857142857143 1.4285714285714286 0.0 -4562 7904.324662808445 0.0 0.0 
2.142857142857143 2.142857142857143 0.0 -4102 -3522.9801564877876 0.0 0.0 
2.142857142857143 2.857142857142857 0.0 -4211 5607.328320763821 0.0 0.0 
2.142857142857143 3.5714285714285716 0.0 -3473 -4983.836570734809 0.0 0.0 
2.142857142857143 4.285714285714286 0.0 -3974 3020.9249978769703 0.0 0.0 
2.142857142857143 5.0 0.0 -3148 -6631.1894606763635 0.0 0.0 
2.142857142857143 5.714285714285714 0.0 -4044 -1483.625160216493 0.0 0.0 
2.142857142857143 6.428571428571429 0.0 -230 -1689.9859360081286 0.0 0.0 
2.142857142857143 7.142857142857143 0.0 -8851 -13397.475755129413 0.0 0.0 
2.142857142857143 7.857142857142858 0.0 1684 -3975.7321118247137 0.0 0.0 
2.142857142857143 8.571428571428571 0.0 -5107 -9514.56287220377 0.0 0.0 
2.142857142857143 9.285714285714286 0.0 -7208 -26443.07965142896 0.0 0.0 
4.285714285714286 -9.285714285714286 0.0 -13187 8952.408289736592 0.0 0.0 
4.285714285714286 -8.571428571428571 0.0 -8270 -1015.860960226215 0.0 0.0 
4.285714285714286 -7.857142857142858 0.0 -5806 12767.196267266741 0.0 0.0 
4.285714285714286 -7.142857142857143 0.0 -4639 1349.0391476758114 0.0 0.0 
4.285714285714286 -6.428571428571429 0.0 -4222 13058.622477373458 0.0 0.0 
4.285714285714286 -5.714285714285714 0.0 -3938 1096.4564600823605 0.0 0.0 
4.285714285714286 -5.0 0.0 -3729 12011.45442561901 0.0 0.0 
4.285714285714286 -4.285714285714286 0.0 -3596 369.44958906093325 0.0 0.0 
4.285714285714286 -3.5714285714285716 0.0 -3412 10526.12310605841 0.0 0.0 
4.285714285714286 -2.857142857142857 0.0 -3251 -605.5455939971698 0.0 0.0 
4.285714285714286 -2.142857142857143 0.0 -3209 8948.891470817067 0.0 0.0 
4.285714285714286 -1.4285714285714286 0.0 -2822 -1611.3264163209565 0.0 0.0 
4.285714285714286 1.4285714285714286 0.0 -1988 4241.946494970361 0.0 0.0 
4.285714285714286 2.142857142857143 0.0 -1551 -3074.7471807342113 0.0 0.0 
4.285714285714286 2.857142857142857 0.0 -1632 2806.5506209867735 0.0 0.0 
4.285714285714286 3.5714285714285716 0.0 -1045 -3452.8415835100586 0.0 0.0 
4.285714285714286 4.285714285714286 0.0 -1391 1436.9334119952239 0.0 0.0 
4.285714285714286 5.0 0.0 -713 -3572.3189301285456 0.0 0.0 
4.285714285714286 5.714285714285714 0.0 -1780 -1486.55477803562 0.0 0.0 
4.285714285714286 6.428571428571429 0.0 919 -747.2126642508024 0.0 0.0 
4.285714285714286 7.142857142857143 0.0 -3402 -5694.147678829276 0.0 0.0 
4.285714285714286 7.857142857142858 0.0 437 -3939.5354446092306 0.0 0.0 
4.285714285714286 8.571428571428571 0.0 -375 -594.2132117493525 0.0 0.0 
4.285714285714286 9.285714285714286 0.0 -3446 -12403.737929902643 0.0 0.0 
6.428571428571429 -9.285714285714286 0.0 -9707 4840.134999965076 0.0 0.0 
6.428571428571429 -8.571428571428571 0.0 -5601 -2472.570126145216 0.0 0.0 
6.428571428571429 -7.857142857142858 0.0 -3951 7614.606415401797 0.0 0.0 
6.428571428571429 -7.142857142857143 0.0 -2891 -981.631345201798 0.0 0.0 
6.428571428571429 -6.428571428571429 0.0 -2608 7682.901510631292 0.0 0.0 
6.428571428571429 -5.714285714285714 0.0 -2208 -1054.3799565934924 0.0 0.0 
6.428571428571429 -5.0 0.0 -2104 6773.8210597622165 0.0 0.0 
6.428571428571429 -4.285714285714286 0.0 -1782 -1269.820911860527 0.0 0.0 
6.428571428571429 -3.5714285714285716 0.0 -1718 5735.271715514647 0.0 0.0 
6.428571428571429 -2.857142857142857 0.0 -1399 -1567.5735043658372 0.0 0.0 
6.428571428571429 -2.142857142857143 0.0 -1384 4669.3843101425155 0.0 0.0 
6.428571428571429 -1.4285714285714286 0.0 -1106 -1948.1608294094463 0.0 0.0 
6.428571428571429 -0.7142857142857143 0.0 -1223 3401.0291629141802 0.0 0.0 
6.428571428571429 -0.0 0.0 -698 -2061.7592123785917 0.0 0.0 
6.428571428571429 0.0 0.0 -839 2593.006989225237 0.0 0.0 
6.428571428571429 2.142857142857143 0.0 -129 -2021.786546245722 0.0 0.0 
6.428571428571429 2.857142857142857 0.0 -383 1202.936283665346 0.0 0.0 
6.428571428571429 3.5714285714285716 0.0 14 -1973.442833571886 0.0 0.0 
6.428571428571429 4.285714285714286 0.0 -355 467.7686088891543 0.0 0.0 
6.428571428571429 5.0 0.0 231 -1488.7887362929685 0.0 0.0 
6.428571428571429 5.714285714285714 0.0 -685 -971.9692098982755 0.0 0.0 
6.428571428571429 6.428571428571429 0.0 732 -602.4529407908085 0.0 0.0 
6.428571428571429 7.142857142857143 0.0 -869 -1640.5145824489127 0.0 0.0 
6.428571428571429 7.857142857142858 0.0 57 -2333.894173700068 0.0 0.0 
6.428571428571429 8.571428571428571 0.0 469 1097.8401191076214 0.0 0.0 
6.428571428571429 9.285714285714286 0.0 -1432 -5074.933479750109 0.0 0.0 
8.571428571428571 -9.285714285714286 0.0 -6097 1826.2089052157462 0.0 0.0 
8.571428571428571 -8.571428571428571 0.0 -3079 -2525.9385848868287 0.0 0.0 
8.571428571428571 -7.857142857142858 0.0 -2163 3692.2816209893435 0.0 0.0 
8.571428571428571 -7.142857142857143 0.0 -1329 -1585.630156235954 0.0 0.0 
8.571428571428571 -6.428571428571429 0.0 -1231 3650.2291941010667 0.0 0.0 
8.571428571428571 -5.714285714285714 0.0 -819 -1473.9332797736306 0.0 0.0 
8.571428571428571 -5.0 0.0 -863 2961.6712915064318 0.0 0.0 
8.571428571428571 -4.285714285714286 0.0 -469 -1469.9562207807894 0.0 0.0 
8.571428571428571 -3.5714285714285716 0.0 -565 2341.4596301525135 0.0 0.0 
8.571428571428571 -2.857142857142857 0.0 -225 -1424.78482314073 0.0 0.0 
8.571428571428571 -2.142857142857143 0.0 -343 1740.5078623762015 0.0 0.0 
8.571428571428571 -1.4285714285714286 0.0 -20 -1338.5056738096173 0.0 0.0 
8.571428571428571 -0.7142857142857143 0.0 -206 1172.465250315789 0.0 0.0 
8.571428571428571 -0.0 0.0 139 -1244.3870364613858 0.0 0.0 
8.571428571428571 0.0 0.0 -106 791.5347975304038 0.0 0.0 
8.571428571428571 0.7142857142857143 0.0 218 -1131.3937917395565 0.0 0.0 
8.571428571428571 1.4285714285714286 0.0 1 513.7414629858087 0.0 0.0 
8.571428571428571 3.5714285714285716 0.0 251 -859.4333717472691 0.0 0.0 
8.571428571428571 4.285714285714286 0.0 -81 -132.60270560141402 0.0 0.0 
8.571428571428571 5.0 0.0 365 -426.2104781888954 0.0 0.0 
8.571428571428571 5.714285714285714 0.0 -201 -615.0673488591214 0.0 0.0 
8.571428571428571 6.428571428571429 0.0 323 -604.4361799257254 0.0 0.0 
8.571428571428571 7.142857142857143 0.0 32 -220.29372566737825 0.0 0.0 
8.571428571428571 7.857142857142858 0.0 118 -797.4656435571876 0.0 0.0 
8.571428571428571 8.571428571428571 0.0 232 571.9678699784256 0.0 0.0 
8.571428571428571 9.285714285714286 0.0 -655 -2096.0091593524803 0.0 0.0 
10.714285714285714 -9.285714285714286 0.0 -3149 237.11726242927398 0.0 0.0 
10.714285714285714 -8.571428571428571 0.0 -1264 -1712.689983878275 0.0 0.0 
10.714285714285714 -7.857142857142858 0.0 -855 1327.6846830881184 0.0 0.0 
10.714285714285714 -7.142857142857143 0.0 -284 -1170.2482397353176 0.0 0.0 
10.714285714285714 -6.428571428571429 0.0 -323 1228.3773898453242 0.0 0.0 
10.714285714285714 -5.714285714285714 0.0 28 -1009.171678009175 0.0 0.0 
10.714285714285714 -5.0 0.0 -111 892.2554218248657 0.0 0.0 
10.714285714285714 -4.285714285714286 0.0 171 -934.0849054791194 0.0 0.0 
10.714285714285714 -3.5714285714285716 0.0 1 562.0997322302646 0.0 0.0 
10.714285714285714 -2.857142857142857 0.0 273 -831.5977164987248 0.0 0.0 
10.714285714285714 -2.142857142857143 0.0 94 375.5171735889961 0.0 0.0 
10.714285714285714 -1.4285714285714286 0.0 343 -674.3531384241443 0.0 0.0 
10.714285714285714 -0.7142857142857143 0.0 130 187.12535299068793 0.0 0.0 
10.714285714285714 -0.0 0.0 313 -619.6678644491893 0.0 0.0 
10.714285714285714 0.0 0.0 86 25.823676857215162 0.0 0.0 
10.714285714285714 0.7142857142857143 0.0 244 -563.233561808164 0.0 0.0 
10.714285714285714 1.4285714285714286 0.0 50 -128.74741070931282 0.0 0.0 
10.714285714285714 2.142857142857143 0.0 222 -538.6312752925996 0.0 0.0 
10.714285714285714 5.0 0.0 288 -210.63119187836628 0.0 0.0 
10.714285714285714 5.714285714285714 0.0 23 -409.2314268506392 0.0 0.0 
10.714285714285714 6.428571428571429 0.0 81 -699.5838531500985 0.0 0.0 
10.714285714285714 7.142857142857143 0.0 245 -13.327818079919325 0.0 0.0 
10.714285714285714 7.857142857142858 0.0 277 10.92466551937332 0.0 0.0 
10.714285714285714 8.571428571428571 0.0 26 4.516160403867616 0.0 0.0 
10.714285714285714 9.285714285714286 0.0 -480 -1379.1938305159415 0.0 0.0 
12.857142857142858 -9.285714285714286 0.0 -1192 -300.6714874524473 0.0 0.0 
12.857142857142858 -8.571428571428571 0.0 -156 -773.5098915851327 0.0 0.0 
12.857142857142858 -7.857142857142858 0.0 -78 289.4088412697412 0.0 0.0 
12.857142857142858 -7.142857142857143 0.0 239 -506.03189768421277 0.0 0.0 
12.857142857142858 -6.428571428571429 0.0 122 229.22455233806994 0.0 0.0 
12.857142857142858 -5.714285714285714 0.0 322 -442.89922779054564 0.0 0.0 
12.857142857142858 -5.0 0.0 180 91.44625949900825 0.0 0.0 
12.857142857142858 -4.285714285714286 0.0 349 -373.1852062729481 0.0 0.0 
12.857142857142858 -3.5714285714285716 0.0 196 5.1341955128118 0.0 0.0 
12.857142857142858 -2.857142857142857 0.0 312 -356.58170781527303 0.0 0.0 
12.857142857142858 -2.142857142857143 0.0 157 -126.88126068389226 0.0 0.0 
12.857142857142858 -1.4285714285714286 0.0 270 -345.26340374225373 0.0 0.0 
12.857142857142858 -0.7142857142857143 0.0 132 -174.76984596401854 0.0 0.0 
12.857142857142858 -0.0 0.0 241 -302.72417044939596 0.0 0.0 
12.857142857142858 0.0 0.0 114 -232.3056739392667 0.0 0.0 
12.857142857142858 0.7142857142857143 0.0 173 -361.78916690360955 0.0 0.0 
12.857142857142858 1.4285714285714286 0.0 73 -291.79473508677836 0.0 0.0 
12.857142857142858 2.142857142857143 0.0 100 -394.64177169279037 0.0 0.0 
12.857142857142858 4.285714285714286 0.0 26 -498.8589909222889 0.0 0.0 
12.857142857142858 5.0 0.0 194 -261.9346503261075 0.0 0.0 
12.857142857142858 5.714285714285714 0.0 101 -374.65684030862667 0.0 0.0 
12.857142857142858 6.428571428571429 0.0 7 -714.8981554749805 0.0 0.0 
12.857142857142858 7.142857142857143 0.0 214 -175.44067196146187 0.0 0.0 
12.857142857142858 7.857142857142858 0.0 330 196.19007928469216 0.0 0.0 
12.857142857142858 8.571428571428571 0.0 -22 -259.7102033712408 0.0 0.0 
12.857142857142858 9.285714285714286 0.0 -479 -1360.2889539432751 0.0 0.0 
15.0 -9.285714285714286 0.0 -158 -259.71702756479465 0.0 0.0 
15.0 -8.571428571428571 0.0 288 -82.48740381811353 0.0 0.0 
15.0 -7.857142857142858 0.0 246 24.562577331431214 0.0 0.0 
15.0 -7.142857142857143 0.0 356 -22.051774184353917 0.0 0.0 
15.0 -6.428571428571429 0.0 254 -20.581227008262147 0.0 0.0 
15.0 -5.714285714285714 0.0 323 -50.514546825068464 0.0 0.0 
15.0 -5.0 0.0 219 -102.9169831858905 0.0 0.0 
15.0 -4.285714285714286 0.0 273 -106.71955242983694 0.0 0.0 
15.0 -3.5714285714285716 0.0 187 -167.20439726118053 0.0 0.0 
15.0 -2.857142857142857 0.0 241 -131.92132094565153 0.0 0.0 
15.0 -2.142857142857143 0.0 161 -195.70246795684767 0.0 0.0 
15.0 -1.4285714285714286 0.0 194 -177.6925665637733 0.0 0.0 
15.0 -0.7142857142857143 0.0 115 -276.13719916749284 0.0 0.0 
15.0 -0.0 0.0 151 -252.83347841827577 0.0 0.0 
15.0 0.0 0.0 112 -296.80649403573193 0.0 0.0 
15.0 0.7142857142857143 0.0 132 -283.93034449213985 0.0 0.0 
15.0 1.4285714285714286 0.0 99 -342.1860244275141 0.0 0.0 
15.0 2.142857142857143 0.0 85 -404.0165851391681 0.0 0.0 
15.0 2.857142857142857 0.0 62 -408.1751640660941 0.0 0.0 
15.0 3.5714285714285716 0.0 98 -425.6951613683477 0.0 0.0 
15.0 4.285714285714286 0.0 34 -499.0457728820349 0.0 0.0 
15.0 5.0 0.0 143 -304.8241388871951 0.0 0.0 
15.0 5.714285714285714 0.0 98 -396.7678155674679 0.0 0.0 
15.0 6.428571428571429 0.0 -15 -703.298205503242 0.0 0.0 
15.0 7.142857142857143 0.0 156 -307.05230610076705 0.0 0.0 
15.0 7.857142857142858 0.0 278 93.65905273504882 0.0 0.0 
15.0 8.571428571428571 0.0 -20 -394.21813654234614 0.0 0.0 
15.0 9.285714285714286 0.0 -505 -1486.8465471605405 0.0 0.0 
17.142857142857142 -9.285714285714286 0.0 248 -56.70367596732842 0.0 0.0 
17.142857142857142 -8.571428571428571 0.0 375 255.38264532978621 0.0 0.0 
17.142857142857142 -7.857142857142858 0.0 326 48.012589777633366 0.0 0.0 
17.142857142857142 -7.142857142857143 0.0 315 173.7495171406834 0.0 0.0 
17.142857142857142 -6.428571428571429 0.0 253 -48.89593697120148 0.0 0.0 
17.142857142857142 -5.714285714285714 0.0 251 58.226088416354514 0.0 0.0 
17.142857142857142 -5.0 0.0 209 -116.39210149344848 0.0 0.0 
17.142857142857142 -4.285714285714286 0.0 217 -11.45965604205395 0.0 0.0 
17.142857142857142 -3.5714285714285716 0.0 180 -164.27026340534388 0.0 0.0 
17.142857142857142 -2.857142857142857 0.0 183 -93.56149223670451 0.0 0.0 
17.142857142857142 -2.142857142857143 0.0 158 -218.29110935417168 0.0 0.0 
17.142857142857142 -1.4285714285714286 0.0 168 -152.54510417937013 0.0 0.0 
17.142857142857142 -0.7142857142857143 0.0 149 -247.7897089869794 0.0 0.0 
17.142857142857142 -0.0 0.0 141 -222.40854312098594 0.0 0.0 
17.142857142857142 0.0 0.0 111 -329.7696228367816 0.0 0.0 
17.142857142857142 0.7142857142857143 0.0 97 -345.77616425249795 0.0 0.0 
17.142857142857142 1.4285714285714286 0.0 98 -386.24555583685 0.0 0.0 
17.142857142857142 2.142857142857143 0.0 87 -390.52784086891313 0.0 0.0 
17.142857142857142 2.857142857142857 0.0 79 -377.4174751424827 0.0 0.0 
17.142857142857142 3.5714285714285716 0.0 73 -438.10500863838695 0.0 0.0 
17.142857142857142 4.285714285714286 0.0 31 -506.520933126398 0.0 0.0 
17.142857142857142 5.0 0.0 106 -356.68265090287 0.0 0.0 
17.142857142857142 5.714285714285714 0.0 76 -436.5768351723715 0.0 0.0 
17.142857142857142 6.428571428571429 0.0 -22 -678.3217922373286 0.0 0.0 
17.142857142857142 7.142857142857143 0.0 141 -342.41913078167875 0.0 0.0 
17.142857142857142 7.857142857142858 0.0 229 -39.90441199904649 0.0 0.0 
17.142857142857142 8.571428571428571 0.0 -5 -536.4475567985755 0.0 0.0 
17.142857142857142 9.285714285714286 0.0 -514 -1608.8151635141128 0.0 0.0 
19.285714285714285 -9.285714285714286 0.0 352 109.59737835325268 0.0 0.0 
19.285714285714285 -8.571428571428571 0.0 341 301.91788699566416 0.0 0.0 
19.285714285714285 -7.857142857142858 0.0 317 72.02374234722333 0.0 0.0 
19.285714285714285 -7.142857142857143 0.0 267 168.57619729410067 0.0 0.0 
19.285714285714285 -6.428571428571429 0.0 253 -20.475217296781693 0.0 0.0 
19.285714285714285 -5.714285714285714 0.0 228 63.927886312738394 0.0 0.0 
19.285714285714285 -5.0 0.0 220 -92.14580473977657 0.0 0.0 
19.285714285714285 -4.285714285714286 0.0 204 -23.809122264909433 0.0 0.0 
19.285714285714285 -3.5714285714285716 0.0 197 -143.8399138592112 0.0 0.0 
19.285714285714285 -2.857142857142857 0.0 183 -95.20594798041026 0.0 0.0 
19.285714285714285 -2.142857142857143 0.0 172 -203.90883647343207 0.0 0.0 
19.285714285714285 -1.4285714285714286 0.0 145 -201.76111591778567 0.0 0.0 
19.285714285714285 -0.7142857142857143 0.0 129 -310.8248623808656 0.0 0.0 
19.285714285714285 -0.0 0.0 112 -313.29801898715544 0.0 0.0 
19.285714285714285 0.0 0.0 111 -364.87540567135704 0.0 0.0 
19.285714285714285 0.7142857142857143 0.0 99 -349.6154252036514 0.0 0.0 
19.285714285714285 1.4285714285714286 0.0 100 -378.54256819857414 0.0 0.0 
19.285714285714285 2.142857142857143 0.0 79 -435.6185652510683 0.0 0.0 
19.285714285714285 2.857142857142857 0.0 89 -424.97388524113626 0.0 0.0 
19.285714285714285 3.5714285714285716 0.0 72 -500.03472669183515 0.0 0.0 
19.285714285714285 4.285714285714286 0.0 36 -562.3188039147494 0.0 0.0 
19.285714285714285 5.0 0.0 93 -438.0792532539171 0.0 0.0 
19.285714285714285 5.714285714285714 0.0 54 -529.6546678762138 0.0 0.0 
19.285714285714285 6.428571428571429 0.0 -32 -724.4820986032427 0.0 0.0 
19.285714285714285 7.142857142857143 0.0 120 -438.6557185688057 0.0 0.0 
19.285714285714285 7.857142857142858 0.0 185 -203.20751654789882 0.0 0.0 
19.285714285714285 8.571428571428571 0.0 -3 -737.1053300571623 0.0 0.0 
19.285714285714285 9.285714285714286 0.0 -496 -1788.2585768510398 0.0 0.0 
21.428571428571427 -9.285714285714286 0.0 373 179.1719224247446 0.0 0.0 
21.428571428571427 -8.571428571428571 0.0 322 298.22475290057207 0.0 0.0 
21.428571428571427 -7.857142857142858 0.0 322 93.17702758104474 0.0 0.0 
21.428571428571427 -7.142857142857143 0.0 255 141.08072910988062 0.0 0.0 
21.428571428571427 -6.428571428571429 0.0 257 -20.123166647146718 0.0 0.0 
21.428571428571427 -5.714285714285714 0.0 218 31.106473419184283 0.0 0.0 
21.428571428571427 -5.0 0.0 218 -93.2981036541081 0.0 0.0 
21.428571428571427 -4.285714285714286 0.0 185 -67.58207123673128 0.0 0.0 
21.428571428571427 -3.5714285714285716 0.0 176 -192.0816079243217 0.0 0.0 
21.428571428571427 -2.857142857142857 0.0 146 -196.81759366670275 0.0 0.0 
21.428571428571427 -2.142857142857143 0.0 144 -289.48357401754555 0.0 0.0 
21.428571428571427 -1.4285714285714286 0.0 133 -273.85239376630506 0.0 0.0 
21.428571428571427 -0.7142857142857143 0.0 145 -324.88600295249404 0.0 0.0 
21.428571428571427 -0.0 0.0 133 -314.00115395436194 0.0 0.0 
21.428571428571427 0.0 0.0 128 -382.79900320393733 0.0 0.0 
21.428571428571427 0.7142857142857143 0.0 107 -421.8617670495995 0.0 0.0 
21.428571428571427 1.4285714285714286 0.0 104 -475.24388966456917 0.0 0.0 
21.428571428571427 2.142857142857143 0.0 77 -544.7450113569643 0.0 0.0 
21.428571428571427 2.857142857142857 0.0 92 -524.2606610727795 0.0 0.0 
21.428571428571427 3.5714285714285716 0.0 70 -596.0119448065356 0.0 0.0 
21.428571428571427 4.285714285714286 0.0 38 -671.2031812464986 0.0 0.0 
21.428571428571427 5.0 0.0 81 -566.0329919997843 0.0 0.0 
21.428571428571427 5.714285714285714 0.0 43 -679.1074227352759 0.0 0.0 
21.428571428571427 6.428571428571429 0.0 -28 -813.9508654286096 0.0 0.0 
21.428571428571427 7.142857142857143 0.0 107 -592.4912026506092 0.0 0.0 
21.428571428571427 7.857142857142858 0.0 155 -368.25753582273035 0.0 0.0 
21.428571428571427 8.571428571428571 0.0 10 -889.634372120622 0.0 0.0 
21.428571428571427 9.285714285714286 0.0 -463 -1975.0904845776051 0.0 0.0 
23.57142857142857 -9.285714285714286 0.0 388 225.72588348680597 0.0 0.0 
23.57142857142857 -8.571428571428571 0.0 308 272.47115479224396 0.0 0.0 
23.57142857142857 -7.857142857142858 0.0 315 93.62202480180554 0.0 0.0 
23.57142857142857 -7.142857142857143 0.0 240 109.70558186383147 0.0 0.0 
23.57142857142857 -6.428571428571429 0.0 247 -30.25810397046405 0.0 0.0 
23.57142857142857 -5.714285714285714 0.0 200 -20.50599177941143 0.0 0.0 
23.57142857142857 -5.0 0.0 207 -137.12881206081278 0.0 0.0 
23.57142857142857 -4.285714285714286 0.0 183 -121.46016374947851 0.0 0.0 
23.57142857142857 -3.5714285714285716 0.0 202 -198.2352926433627 0.0 0.0 
23.57142857142857 -2.857142857142857 0.0 192 -177.01225993879774 0.0 0.0 
23.57142857142857 -2.142857142857143 0.0 199 -248.17251384481807 0.0 0.0 
23.57142857142857 -1.4285714285714286 0.0 175 -266.98881909757364 0.0 0.0 
23.57142857142857 -0.7142857142857143 0.0 166 -362.60257073525196 0.0 0.0 
23.57142857142857 -0.0 0.0 141 -403.78500012761293 0.0 0.0 
23.57142857142857 0.0 0.0 137 -481.24860503163836 0.0 0.0 
23.57142857142857 0.7142857142857143 0.0 127 -516.5254391870365 0.0 0.0 
23.57142857142857 1.4285714285714286 0.0 134 -545.5665149268613 0.0 0.0 
23.57142857142857 2.142857142857143 0.0 110 -617.8739772986484 0.0 0.0 
23.57142857142857 2.857142857142857 0.0 126 -605.4502922218644 0.0 0.0 
23.57142857142857 3.5714285714285716 0.0 103 -674.682135144064 0.0 0.0 
23.57142857142857 4.285714285714286 0.0 83 -751.2900847233897 0.0 0.0 
23.57142857142857 5.0 0.0 112 -669.7270091337629 0.0 0.0 
23.57142857142857 5.714285714285714 0.0 84 -793.0331734438693 0.0 0.0 
23.57142857142857 6.428571428571429 0.0 24 -859.2147932542451 0.0 0.0 
23.57142857142857 7.142857142857143 0.0 118 -722.3844866369947 0.0 0.0 
23.57142857142857 7.857142857142858 0.0 129 -518.1403078060805 0.0 0.0 
23.57142857142857 8.571428571428571 0.0 54 -894.477512544981 0.0 0.0 
23.57142857142857 9.285714285714286 0.0 -344 -1909.642453362706 0.0 0.0 
25.714285714285715 -9.285714285714286 0.0 353 196.98916256515406 0.0 0.0 
25.714285714285715 -8.571428571428571 0.0 256 225.42646766828108 0.0 0.0 
25.714285714285715 -7.857142857142858 0.0 272 55.360683752481236 0.0 0.0 
25.714285714285715 -7.142857142857143 0.0 203 61.3653390618598 0.0 0.0 
25.714285714285715 -6.428571428571429 0.0 226 -61.96213158694445 0.0 0.0 
25.714285714285715 -5.714285714285714 0.0 189 -41.08449251711511 0.0 0.0 
25.714285714285715 -5.0 0.0 204 -138.44070018572927 0.0 0.0 
25.714285714285715 -4.285714285714286 0.0 171 -138.77519042933557 0.0 0.0 
25.714285714285715 -3.5714285714285716 0.0 168 -248.0292799352299 0.0 0.0 
25.714285714285715 -2.857142857142857 0.0 131 -282.59082974049664 0.0 0.0 
25.714285714285715 -2.142857142857143 0.0 124 -385.6424475596874 0.0 0.0 
25.714285714285715 -1.4285714285714286 0.0 102 -412.4837319007416 0.0 0.0 
25.714285714285715 -0.7142857142857143 0.0 109 -478.22293615533863 0.0 0.0 
25.714285714285715 -0.0 0.0 106 -481.16044936517636 0.0 0.0 
25.714285714285715 0.0 0.0 115 -518.7430600922196 0.0 0.0 
25.714285714285715 0.7142857142857143 0.0 108 -527.5389571180028 0.0 0.0 
25.714285714285715 1.4285714285714286 0.0 117 -536.6054735096802 0.0 0.0 
25.714285714285715 2.142857142857143 0.0 93 -578.1507524006291 0.0 0.0 
25.714285714285715 2.857142857142857 0.0 108 -545.4863452413484 0.0 0.0 
25.714285714285715 3.5714285714285716 0.0 88 -567.6928678890678 0.0 0.0 
25.714285714285715 4.285714285714286 0.0 75 -590.3241554228291 0.0 0.0 
25.714285714285715 5.0 0.0 94 -483.5240935864501 0.0 0.0 
25.714285714285715 5.714285714285714 0.0 53 -578.3389734099084 0.0 0.0 
25.714285714285715 6.428571428571429 0.0 28 -538.5696116686892 0.0 0.0 
25.714285714285715 7.142857142857143 0.0 55 -489.97040858877506 0.0 0.0 
25.714285714285715 7.857142857142858 0.0 45 -316.21494508647214 0.0 0.0 
25.714285714285715 8.571428571428571 0.0 39 -264.19237735642037 0.0 0.0 
25.714285714285715 9.285714285714286 0.0 -482 -1253.4237502396718 0.0 0.0 
27.857142857142858 -9.285714285714286 0.0 349 202.18189353114695 0.0 0.0 
27.857142857142858 -8.571428571428571 0.0 230 256.3394461686187 0.0 0.0 
27.857142857142858 -7.857142857142858 0.0 264 119.71455529813284 0.0 0.0 
27.857142857142858 -7.142857142857143 0.0 182 96.79074547221495 0.0 0.0 
27.857142857142858 -6.428571428571429 0.0 183 -20.544034273816408 0.0 0.0 
27.857142857142858 -5.714285714285714 0.0 122 -55.49469016621106 0.0 0.0 
27.857142857142858 -5.0 0.0 113 -150.4984572984667 0.0 0.0 
27.857142857142858 -4.285714285714286 0.0 78 -183.2312028028954 0.0 0.0 
27.857142857142858 -3.5714285714285716 0.0 82 -241.8597046120535 0.0 0.0 
27.857142857142858 -2.857142857142857 0.0 75 -253.49213068285016 0.0 0.0 
27.857142857142858 -2.142857142857143 0.0 88 -281.79670781710934 0.0 0.0 
27.857142857142858 -1.4285714285714286 0.0 87 -283.7257034394859 0.0 0.0 
27.857142857142858 -0.7142857142857143 0.0 98 -303.92796993772697 0.0 0.0 
27.857142857142858 -0.0 0.0 92 -311.8824522209247 0.0 0.0 
27.857142857142858 0.0 0.0 91 -329.8947164138588 0.0 0.0 
27.857142857142858 0.7142857142857143 0.0 77 -351.60290022170625 0.0 0.0 
27.857142857142858 1.4285714285714286 0.0 75 -346.210427833005 0.0 0.0 
27.857142857142858 2.142857142857143 0.0 42 -398.96664592737346 0.0 0.0 
27.857142857142858 2.857142857142857 0.0 50 -355.83911829403564 0.0 0.0 
27.857142857142858 3.5714285714285716 0.0 5 -425.96652335659616 0.0 0.0 
27.857142857142858 4.285714285714286 0.0 -1 -397.61721081990834 0.0 0.0 
27.857142857142858 5.0 0.0 -12 -380.0150415897605 0.0 0.0 
27.857142857142858 5.714285714285714 0.0 -53 -413.23010683396615 0.0 0.0 
27.857142857142858 6.428571428571429 0.0 -76 -394.0934914845531 0.0 0.0 
27.857142857142858 7.142857142857143 0.0 -98 -429.70647927138594 0.0 0.0 
27.857142857142858 7.857142857142858 0.0 -192 -477.70480211619395 0.0 0.0 
27.857142857142858 8.571428571428571 0.0 -101 -483.84409453547784 0.0 0.0 
27.857142857142858 9.285714285714286 0.0 -258 -552.4773597556745 0.0 0.0 
