-28.42105263157895 -9.473684210526315 0 -102.51033728244195 -257.0206745648839 0 0
-28.42105263157895 -8.947368421052632 0 -25.290563057252818 -102.58112611450566 0 0
-28.42105263157895 -8.421052631578947 0 117.34734472190478 182.69468944380952 0 0
-28.42105263157895 -7.894736842105263 0 118.94382721654813 185.88765443309626 0 0
-28.42105263157895 -7.368421052631579 0 74.43440679196478 96.86881358392958 0 0
-28.42105263157895 -6.842105263157895 0 19.893982619669785 -12.21203476066044 0 0
-28.42105263157895 -6.315789473684211 0 -2.0565469715881273 -56.11309394317627 0 0
-28.42105263157895 -5.789473684210526 0 0.38415177982841753 -51.23169644034316 0 0
-28.42105263157895 -5.263157894736842 0 7.809800892406687 -36.38039821518662 0 0
-28.42105263157895 -4.7368421052631575 0 13.36107720151167 -25.277845596976682 0 0
-28.42105263157895 -4.2105263157894735 0 16.676275460870954 -18.64744907825809 0 0
-28.42105263157895 -3.6842105263157894 0 18.54146810626862 -14.91706378746278 0 0
-28.42105263157895 -3.1578947368421053 0 19.57454345354863 -12.850913092902744 0 0
-28.42105263157895 -2.631578947368421 0 20.139658507060105 -11.720682985879783 0 0
-28.42105263157895 -2.1052631578947367 0 20.442764147039416 -11.114471705921162 0 0
-28.42105263157895 -1.5789473684210527 0 20.600489114091356 -10.799021771817287 0 0
-28.42105263157895 -1.0526315789473684 0 20.679625044707436 -10.640749910585129 0 0
-28.42105263157895 -0.5263157894736842 0 20.717398165642827 -10.565203668714346 0 0
-28.42105263157895 -0.0 0 20.7353787383957 -10.529242523208595 0 0
-28.42105263157895 0.0 0 20.742959311876128 -10.514081376247745 0 0
-28.42105263157895 0.5263157894736842 0 20.7464132741943 -10.507173451611386 0 0
-28.42105263157895 1.0526315789473684 0 20.748137322093275 -10.503725355813444 0 0
-28.42105263157895 1.5789473684210527 0 20.748342096707923 -10.503315806584155 0 0
-28.42105263157895 2.1052631578947367 0 20.74881487839803 -10.502370243203949 0 0
-28.42105263157895 2.631578947368421 0 20.748781373534253 -10.502437252931472 0 0
-28.42105263157895 3.1578947368421053 0 20.748825468148176 -10.502349063703626 0 0
-28.42105263157895 3.6842105263157894 0 20.74883477266014 -10.502330454679715 0 0
-28.42105263157895 4.2105263157894735 0 20.748827461512334 -10.502345076975331 0 0
-28.42105263157895 4.7368421052631575 0 20.748829923183322 -10.502340153633355 0 0
-28.42105263157895 5.263157894736842 0 20.748828333236464 -10.50234333352708 0 0
-28.42105263157895 5.789473684210526 0 20.74882820296271 -10.502343594074574 0 0
-28.42105263157895 6.315789473684211 0 20.74882796030737 -10.502344079385267 0 0
-28.42105263157895 6.842105263157895 0 20.740445047897715 -10.519109904204555 0 0
-28.42105263157895 7.368421052631579 0 20.471077368588524 -11.057845262822951 0 0
-28.42105263157895 7.894736842105263 0 17.11358776671624 -17.772824466567528 0 0
-28.42105263157895 8.421052631578947 0 6.31304695520565 -39.373906089588715 0 0
-28.42105263157895 8.947368421052632 0 39.220884786903824 26.441769573807633 0 0
-28.42105263157895 9.473684210526315 0 79.18233071964144 106.3646614392829 0 0
-26.842105263157894 -9.473684210526315 0 -170.58682268105906 -393.1736453621181 0 0
-26.842105263157894 -8.947368421052632 0 -333.4121175224203 -718.8242350448406 0 0
-26.842105263157894 -8.421052631578947 0 76.71260230905133 101.42520461810264 0 0
-26.842105263157894 -7.894736842105263 0 147.26918460587737 242.53836921175474 0 0
-26.842105263157894 -7.368421052631579 0 187.37397254226735 322.74794508453476 0 0
-26.842105263157894 -6.842105263157895 0 107.9912067326899 163.9824134653798 0 0
-26.842105263157894 -6.315789473684211 0 -22.198945316461366 -96.39789063292271 0 0
-26.842105263157894 -5.789473684210526 0 -72.68277296219375 -197.3655459243875 0 0
-26.842105263157894 -5.263157894736842 0 -75.48135563404904 -202.96271126809808 0 0
-26.842105263157894 -4.7368421052631575 0 -62.74307246385278 -177.4861449277056 0 0
-26.842105263157894 -4.2105263157894735 0 -49.13650996533366 -150.2730199306673 0 0
-26.842105263157894 -3.6842105263157894 0 -40.08327984145472 -132.1665596829095 0 0
-26.842105263157894 -3.1578947368421053 0 -35.064189308498754 -122.12837861699748 0 0
-26.842105263157894 -2.631578947368421 0 -32.74288087670656 -117.48576175341312 0 0
-26.842105263157894 -2.1052631578947367 0 -31.884043955017752 -115.76808791003548 0 0
-26.842105263157894 -1.5789473684210527 0 -31.72281719890337 -115.44563439780674 0 0
-26.842105263157894 -1.0526315789473684 0 -31.825886954581193 -115.65177390913766 0 0
-26.842105263157894 -0.5263157894736842 0 -31.982888517911142 -115.96577703550663 0 0
-26.842105263157894 -0.0 0 -32.102992701919085 -116.20598540364716 0 0
-26.842105263157894 0.0 0 -32.20137396979983 -116.40274793930755 0 0
-26.842105263157894 0.5263157894736842 0 -32.24953364059338 -116.49906728096157 0 0
-26.842105263157894 1.0526315789473684 0 -32.278592405206346 -116.55718481045218 0 0
-26.842105263157894 1.5789473684210527 0 -32.3051403196013 -116.61028063912919 0 0
-26.842105263157894 2.1052631578947367 0 -32.30486594847161 -116.60973189696531 0 0
-26.842105263157894 2.631578947368421 0 -32.31173821614967 -116.6234764322825 0 0
-26.842105263157894 3.1578947368421053 0 -32.31253233357873 -116.62506466716296 0 0
-26.842105263157894 3.6842105263157894 0 -32.31367766391333 -116.62735532782341 0 0
-26.842105263157894 4.2105263157894735 0 -32.31438655522207 -116.62877311044521 0 0
-26.842105263157894 4.7368421052631575 0 -32.31457887594397 -116.62915775188742 0 0
-26.842105263157894 5.263157894736842 0 -32.31472152776208 -116.62944305552436 0 0
-26.842105263157894 5.789473684210526 0 -32.31473854909843 -116.6294770981968 0 0
-26.842105263157894 6.315789473684211 0 -32.31620908233745 -116.6324181646749 0 0
-26.842105263157894 6.842105263157895 0 -32.38651583240765 -116.77303166481529 0 0
-26.842105263157894 7.368421052631579 0 -33.26252039006589 -118.5250407801318 0 0
-26.842105263157894 7.894736842105263 0 -42.73557921976602 -137.47115843953205 0 0
-26.842105263157894 8.421052631578947 0 -95.85504272953479 -243.7100854590696 0 0
-26.842105263157894 8.947368421052632 0 -71.36863878663732 -194.73727757327467 0 0
-26.842105263157894 9.473684210526315 0 -0.8204276660687064 -53.64085533213741 0 0
-25.263157894736842 -9.473684210526315 0 340.74953478819253 629.4990695763851 0 0
-25.263157894736842 -8.947368421052632 0 -1129.0997817662476 -2310.199563532495 0 0
-25.263157894736842 -8.421052631578947 0 267.7600205733543 483.5200411467081 0 0
-25.263157894736842 -7.894736842105263 0 156.15350874085482 260.3070174817098 0 0
-25.263157894736842 -7.368421052631579 0 45.59797416186396 39.19594832372791 0 0
-25.263157894736842 -6.842105263157895 0 182.06916917585485 312.13833835170976 0 0
-25.263157894736842 -6.315789473684211 0 98.32991703179583 144.65983406359166 0 0
-25.263157894736842 -5.789473684210526 0 -84.79786589179226 -221.5957317835845 0 0
-25.263157894736842 -5.263157894736842 0 -112.43811722883926 -276.87623445767855 0 0
-25.263157894736842 -4.7368421052631575 0 -80.89158074654875 -213.7831614930975 0 0
-25.263157894736842 -4.2105263157894735 0 32.3609542358509 12.721908471701909 0 0
-25.263157894736842 -3.6842105263157894 0 168.28410598263417 284.56821196526835 0 0
-25.263157894736842 -3.1578947368421053 0 335.6014073983191 619.2028147966382 0 0
-25.263157894736842 -2.631578947368421 0 476.54090683789116 901.0818136757825 0 0
-25.263157894736842 -2.1052631578947367 0 616.1620573098771 1180.3241146197547 0 0
-25.263157894736842 -1.5789473684210527 0 713.9441844232721 1375.8883688568567 0 0
-25.263157894736842 -1.0526315789473684 0 809.7724375100008 1567.5448751955405 0 0
-25.263157894736842 -0.5263157894736842 0 869.7064047449746 1687.4128089074052 0 0
-25.263157894736842 -0.0 0 935.3602997827182 1818.7205995696063 0 0
-25.263157894736842 0.0 0 972.1560613721064 1892.3121217902908 0 0
-25.263157894736842 0.5263157894736842 0 1019.9470742081778 1987.8941480449153 0 0
-25.263157894736842 1.0526315789473684 0 1043.1882004241957 2034.376400264584 0 0
-25.263157894736842 1.5789473684210527 0 1079.749548725597 2107.4990970674926 0 0
-25.263157894736842 2.1052631578947367 0 1094.2611858963305 2136.5223714133 0 0
-25.263157894736842 2.631578947368421 0 1123.341402346137 2194.682804378193 0 0
-25.263157894736842 3.1578947368421053 0 1131.6183773018124 2211.2367543389764 0 0
-25.263157894736842 3.6842105263157894 0 1155.3383676896624 2258.676735137673 0 0
-25.263157894736842 4.2105263157894735 0 1159.2083072507535 2266.4166143116763 0 0
-25.263157894736842 4.7368421052631575 0 1178.9376048988456 2305.8752096146727 0 0
-25.263157894736842 5.263157894736842 0 1179.621330146503 2307.2426601561087 0 0
-25.263157894736842 5.789473684210526 0 1196.3662741111123 2340.732548083745 0 0
-25.263157894736842 6.315789473684211 0 1194.745349028643 2337.4906979589723 0 0
-25.263157894736842 6.842105263157895 0 1209.6522919306376 2367.3045837560294 0 0
-25.263157894736842 7.368421052631579 0 1211.2728450454542 2370.545690021125 0 0
-25.263157894736842 7.894736842105263 0 1234.3639813077853 2416.7279625351002 0 0
-25.263157894736842 8.421052631578947 0 1026.2171097617822 2000.4342194610826 0 0
-25.263157894736842 8.947368421052632 0 825.10575728446 1598.2115144690374 0 0
-25.263157894736842 9.473684210526315 0 2038.1431464351858 4024.2862928139352 0 0
-23.68421052631579 -9.473684210526315 0 227.82219124462492 403.6443824892498 0 0
-23.68421052631579 -8.947368421052632 0 1040.282390173006 2028.5647803460117 0 0
-23.68421052631579 -8.421052631578947 0 -4718.71495600128 -9489.42991200256 0 0
-23.68421052631579 -7.894736842105263 0 582.6326080495442 1113.2652160990883 0 0
-23.68421052631579 -7.368421052631579 0 93.41044540321278 134.8208908064256 0 0
-23.68421052631579 -6.842105263157895 0 -33.9646994721621 -119.92939894432422 0 0
-23.68421052631579 -6.315789473684211 0 -162.58980638904924 -377.17961277809843 0 0
-23.68421052631579 -5.789473684210526 0 -651.3440614933122 -1354.6881229866244 0 0
-23.68421052631579 -5.263157894736842 0 -1329.226364499236 -2710.4527289984703 0 0
-23.68421052631579 -4.7368421052631575 0 -2254.1978314928483 -4560.395662985704 0 0
-23.68421052631579 -4.2105263157894735 0 -3782.8546718024263 -7617.709343604817 0 0
-23.68421052631579 -3.6842105263157894 0 -5487.624406386782 -11027.2488127738 0 0
-23.68421052631579 -3.1578947368421053 0 -15053.752524048801 -30159.505048095656 0 0
-23.68421052631579 -2.631578947368421 0 27260.136952760913 54468.273905503636 0 0
-23.68421052631579 -2.1052631578947367 0 -492826.6715662327 -985705.3431315002 0 0
-23.68421052631579 -1.5789473684210527 0 5007750.234927894 10015448.469851993 0 0
-23.68421052631579 -1.0526315789473684 0 -58625960.9708588 -117251973.94169135 0 0
-23.68421052631579 -0.5263157894736842 0 703943803.717334 1407887555.4345965 0 0
-23.68421052631579 -0.0 0 -8750430109.731712 -17500860271.46197 0 0
-23.68421052631579 0.0 0 111641826424.46686 223283652796.91644 0 0
-23.68421052631579 0.5263157894736842 0 -1455983406253.6665 -2911966812559.1045 0 0
-23.68421052631579 1.0526315789473684 0 19340490999154.906 38680981998254.78 0 0
-23.68421052631579 1.5789473684210527 0 -260892877987220.2 -521785755974451.5 0 0
-23.68421052631579 2.1052631578947367 0 3565504527539146.0 7131009055077681.0 0 0
-23.68421052631579 2.631578947368421 0 -4.926916269080574e+16 -9.853832538160379e+16 0 0
-23.68421052631579 3.1578947368421053 0 6.872495336745132e+17 1.3744990673489183e+18 0 0
-23.68421052631579 3.6842105263157894 0 -9.663476954049161e+18 -1.9326953908096807e+19 0 0
-23.68421052631579 4.2105263157894735 0 1.3681171433949567e+20 2.736234286789699e+20 0 0
-23.68421052631579 4.7368421052631575 0 -1.9482803996704217e+21 -3.896560799340538e+21 0 0
-23.68421052631579 5.263157894736842 0 2.7883723849740214e+22 5.576744769947606e+22 0 0
-23.68421052631579 5.789473684210526 0 -4.007822791627586e+23 -8.015645583254543e+23 0 0
-23.68421052631579 6.315789473684211 0 5.781732097720939e+24 1.1563464195440967e+25 0 0
-23.68421052631579 6.842105263157895 0 -8.366779100596435e+25 -1.6733558201191554e+26 0 0
-23.68421052631579 7.368421052631579 0 1.2136757675708187e+27 2.4273515351414469e+27 0 0
-23.68421052631579 7.894736842105263 0 -1.776555022984105e+28 -3.553110045967931e+28 0 0
-23.68421052631579 8.421052631578947 0 2.8247591801394237e+29 5.649518360278405e+29 0 0
-23.68421052631579 8.947368421052632 0 -5.172610790599326e+30 -1.034522158119784e+31 0 0
-23.68421052631579 9.473684210526315 0 1.0357307652384604e+32 2.0714615304767575e+32 0 0
-22.105263157894736 -9.473684210526315 0 -1081.16644421203 -2214.33288842406 0 0
-22.105263157894736 -8.947368421052632 0 -1357.747078488371 -2767.4941569767416 0 0
-22.105263157894736 -8.421052631578947 0 -857.4245300167829 -1766.8490600335656 0 0
-22.105263157894736 -7.894736842105263 0 -1554.8118754519287 -3161.623750903859 0 0
-22.105263157894736 -7.368421052631579 0 -193.36098863750442 -438.7219772750085 0 0
-22.105263157894736 -6.842105263157895 0 -137.1794032463248 -326.3588064926497 0 0
-22.105263157894736 -6.315789473684211 0 -655.4842668883834 -1362.968533776767 0 0
-22.105263157894736 -5.789473684210526 0 -3637.964235773644 -7327.928471547287 0 0
-22.105263157894736 -5.263157894736842 0 -6597.864590727374 -13247.729181454772 0 0
-22.105263157894736 -4.7368421052631575 0 -59006.35143710661 -118064.70287421279 0 0
-22.105263157894736 -4.2105263157894735 0 1352082.73715281 2704113.474305604 0 0
-22.105263157894736 -3.6842105263157894 0 -105532712.1008399 -211065476.20167857 0 0
-22.105263157894736 -3.1578947368421053 0 15894892662.181517 31789785272.36285 0 0
-22.105263157894736 -2.631578947368421 0 -4628218502244.555 -9256437004541.055 0 0
-22.105263157894736 -2.1052631578947367 0 2542475312604474.0 5084950625208867.0 0 0
-22.105263157894736 -1.5789473684210527 0 -2.593177527684877e+18 -5.186355055369722e+18 0 0
-22.105263157894736 -1.0526315789473684 0 4.859087140893388e+21 9.718174281786716e+21 0 0
-22.105263157894736 -0.5263157894736842 0 -1.6623641931641656e+25 -3.3247283863283102e+25 0 0
-22.105263157894736 -0.0 0 1.0350703433509841e+29 2.0701406867019556e+29 0 0
-22.105263157894736 0.0 0 -1.1698705731651725e+33 -2.33974114633033e+33 0 0
-22.105263157894736 0.5263157894736842 0 2.3990216960050358e+37 4.798043392010039e+37 0 0
-22.105263157894736 1.0526315789473684 0 -8.920090059205643e+41 -1.784018011841117e+42 0 0
-22.105263157894736 1.5789473684210527 0 6.009477501256418e+46 1.2018955002512758e+47 0 0
-22.105263157894736 2.1052631578947367 0 -7.338606959584228e+51 -1.4677213919168357e+52 0 0
-22.105263157894736 2.631578947368421 0 1.623821117015561e+57 3.2476422340311e+57 0 0
-22.105263157894736 3.1578947368421053 0 -6.511168263185792e+62 -1.3022336526371496e+63 0 0
-22.105263157894736 3.6842105263157894 0 4.730837201248438e+68 9.461674402496815e+68 0 0
-22.105263157894736 4.2105263157894735 0 -6.228464481462038e+74 -1.2456928962923994e+75 0 0
-22.105263157894736 4.7368421052631575 0 1.4858720312249207e+81 2.9717440624498217e+81 0 0
-22.105263157894736 5.263157894736842 0 -6.423022812717097e+87 -1.2846045625434107e+88 0 0
-22.105263157894736 5.789473684210526 0 5.030992136625723e+94 1.0061984273251378e+95 0 0
-22.105263157894736 6.315789473684211 0 -7.140415637076333e+101 -1.4280831274152568e+102 0 0
-22.105263157894736 6.842105263157895 0 1.8363068081415168e+109 3.6726136162830086e+109 0 0
-22.105263157894736 7.368421052631579 0 -8.552598382103725e+116 -1.7105196764207333e+117 0 0
-22.105263157894736 7.894736842105263 0 7.214836578587846e+124 1.4429673157175593e+125 0 0
-22.105263157894736 8.421052631578947 0 -1.1583774614533593e+133 -2.3167549229067024e+133 0 0
-22.105263157894736 8.947368421052632 0 3.402821479749919e+141 6.805642959499789e+141 0 0
-22.105263157894736 9.473684210526315 0 -1.4990095103439246e+150 -2.9980190206878274e+150 0 0
-20.526315789473685 -9.473684210526315 0 -16776955885.870983 -33553911823.741966 0 0
-20.526315789473685 -8.947368421052632 0 -23150703138.623405 -46301406329.24681 0 0
-20.526315789473685 -8.421052631578947 0 -68333895994.95495 -136667792041.9099 0 0
-20.526315789473685 -7.894736842105263 0 11971292566.93543 23942585081.870865 0 0
-20.526315789473685 -7.368421052631579 0 -29758348860.178867 -59516697772.35774 0 0
-20.526315789473685 -6.842105263157895 0 23748268098.86392 47496536145.72784 0 0
-20.526315789473685 -6.315789473684211 0 -16489041277.17555 -32978082606.351105 0 0
-20.526315789473685 -5.789473684210526 0 29769444476.38194 59538888900.763885 0 0
-20.526315789473685 -5.263157894736842 0 -183412391662.7757 -366824783377.5514 0 0
-20.526315789473685 -4.7368421052631575 0 3481179194991.56 6962358389931.12 0 0
-20.526315789473685 -4.2105263157894735 0 -187368103222270.97 -374736206444593.94 0 0
-20.526315789473685 -3.6842105263157894 0 2.6265697498347e+16 5.253139499669394e+16 0 0
-20.526315789473685 -3.1578947368421053 0 -9.030108254371789e+18 -1.8060216508743571e+19 0 0
-20.526315789473685 -2.631578947368421 0 7.184148610752865e+21 1.4368297221505725e+22 0 0
-20.526315789473685 -2.1052631578947367 0 -1.2642169836109756e+25 -2.52843396722195e+25 0 0
-20.526315789473685 -1.5789473684210527 0 4.729999258782896e+28 9.459998517565788e+28 0 0
-20.526315789473685 -1.0526315789473684 0 -3.648443506299453e+32 -7.296887012598905e+32 0 0
-20.526315789473685 -0.5263157894736842 0 5.688597767173129e+36 1.1377195534346254e+37 0 0
-20.526315789473685 -0.0 0 -1.7630285306121607e+41 -3.52605706122432e+41 0 0
-20.526315789473685 0.0 0 1.07013458952652e+46 2.140269179053039e+46 0 0
-20.526315789473685 0.5263157894736842 0 -1.2619048601020575e+51 -2.5238097202041137e+51 0 0
-20.526315789473685 1.0526315789473684 0 2.8564493254484823e+56 5.712898650896961e+56 0 0
-20.526315789473685 1.5789473684210527 0 -1.2294236606392876e+62 -2.4588473212785743e+62 0 0
-20.526315789473685 2.1052631578947367 0 1.0023850057327025e+68 2.0047700114654044e+68 0 0
-20.526315789473685 2.631578947368421 0 -1.5390923029885234e+74 -3.078184605977046e+74 0 0
-20.526315789473685 3.1578947368421053 0 4.432346296866067e+80 8.86469259373213e+80 0 0
-20.526315789473685 3.6842105263157894 0 -2.3863565202600654e+87 -4.772713040520129e+87 0 0
-20.526315789473685 4.2105263157894735 0 2.393250162048453e+94 4.786500324096904e+94 0 0
-20.526315789473685 4.7368421052631575 0 -4.460153290554721e+101 -8.920306581109438e+101 0 0
-20.526315789473685 5.263157894736842 0 1.540433876779336e+109 3.0808677535586706e+109 0 0
-20.526315789473685 5.789473684210526 0 -9.840147650732738e+116 -1.9680295301465468e+117 0 0
-20.526315789473685 6.315789473684211 0 1.1602270679468072e+125 2.3204541358936128e+125 0 0
-20.526315789473685 6.842105263157895 0 -2.520864687815694e+133 -5.041729375631385e+133 0 0
-20.526315789473685 7.368421052631579 0 1.006970779872817e+142 2.0139415597456326e+142 0 0
-20.526315789473685 7.894736842105263 0 -7.391160089542669e+150 -1.478232017908533e+151 0 0
-20.526315789473685 8.421052631578947 0 1.0367009869694009e+160 2.0734019739388006e+160 0 0
-20.526315789473685 8.947368421052632 0 -2.2196092427079904e+169 -4.439218485415978e+169 0 0
-20.526315789473685 9.473684210526315 0 6.3986315397578715e+178 1.2797263079515736e+179 0 0
-18.94736842105263 -9.473684210526315 0 -132909942458.10944 -265819884968.2189 0 0
-18.94736842105263 -8.947368421052632 0 -107882647259.79514 -215765294571.59027 0 0
-18.94736842105263 -8.421052631578947 0 -262549166248.6078 -525098332549.2156 0 0
-18.94736842105263 -7.894736842105263 0 -1417329985435.9692 -2834659970923.9385 0 0
-18.94736842105263 -7.368421052631579 0 7825423555205.431 15650847110358.861 0 0
-18.94736842105263 -6.842105263157895 0 2467158753883.666 4934317507715.332 0 0
-18.94736842105263 -6.315789473684211 0 988307572586.2582 1976615145120.5166 0 0
-18.94736842105263 -5.789473684210526 0 -468564948373.4996 -937129896798.9991 0 0
-18.94736842105263 -5.263157894736842 0 858307953955.9762 1716615907859.9526 0 0
-18.94736842105263 -4.7368421052631575 0 -12141532077203.752 -24283064154459.508 0 0
-18.94736842105263 -4.2105263157894735 0 1272575697321018.8 2545151394641985.5 0 0
-18.94736842105263 -3.6842105263157894 0 -4.8043405679774483e+17 -9.608681135954895e+17 0 0
-18.94736842105263 -3.1578947368421053 0 4.442722999625615e+20 8.885445999251228e+20 0 0
-18.94736842105263 -2.631578947368421 0 -9.125158425691048e+23 -1.825031685138209e+24 0 0
-18.94736842105263 -2.1052631578947367 0 3.828167734284295e+27 7.656335468568586e+27 0 0
-18.94736842105263 -1.5789473684210527 0 -3.30633465646945e+31 -6.612669312938897e+31 0 0
-18.94736842105263 -1.0526315789473684 0 5.599641983258362e+35 1.119928396651672e+36 0 0
-18.94736842105263 -0.5263157894736842 0 -1.8706946352047783e+40 -3.7413892704095543e+40 0 0
-18.94736842105263 -0.0 0 1.1901103880897451e+45 2.3802207761794893e+45 0 0
-18.94736842105263 0.0 0 -1.4827603992243857e+50 -2.9655207984487693e+50 0 0
-18.94736842105263 0.5263157894736842 0 3.4636744907855256e+55 6.927348981571048e+55 0 0
-18.94736842105263 1.0526315789473684 0 -1.5712738860887933e+61 -3.142547772177584e+61 0 0
-18.94736842105263 1.5789473684210527 0 1.320391215934233e+67 2.6407824318684648e+67 0 0
-18.94736842105263 2.1052631578947367 0 -2.0917178093733455e+73 -4.183435618746689e+73 0 0
-18.94736842105263 2.631578947368421 0 6.221245540614906e+79 1.2442491081229808e+80 0 0
-18.94736842105263 3.1578947368421053 0 -3.4032722314515415e+86 -6.80654446290308e+86 0 0
-18.94736842105263 3.6842105263157894 0 3.495973155781925e+93 6.991946311563845e+93 0 0
-18.94736842105263 4.2105263157894735 0 -6.593101615030475e+100 -1.3186203230060944e+101 0 0
-18.94736842105263 4.7368421052631575 0 2.3140372026352546e+108 4.628074405270507e+108 0 0
-18.94736842105263 5.263157894736842 0 -1.4934745579939598e+116 -2.9869491159879182e+116 0 0
-18.94736842105263 5.789473684210526 0 1.7806972154443829e+124 3.5613944308887643e+124 0 0
-18.94736842105263 6.315789473684211 0 -3.902916822662371e+132 -7.805833645324736e+132 0 0
-18.94736842105263 6.842105263157895 0 1.5731884175019593e+141 3.1463768350039165e+141 0 0
-18.94736842105263 7.368421052631579 0 -1.1609639541112868e+150 -2.321927908222572e+150 0 0
-18.94736842105263 7.894736842105263 0 1.569255158137294e+159 3.1385103162745857e+159 0 0
-18.94736842105263 8.421052631578947 0 -4.01318908544433e+168 -8.026378170888656e+168 0 0
-18.94736842105263 8.947368421052632 0 1.170079306773697e+178 2.3401586135473927e+178 0 0
-18.94736842105263 9.473684210526315 0 -5.704916957449404e+187 -1.1409833914898797e+188 0 0
-17.36842105263158 -9.473684210526315 0 -121954656536.64636 -243909313125.2927 0 0
-17.36842105263158 -8.947368421052632 0 -78403203161.8558 -156806406375.7116 0 0
-17.36842105263158 -8.421052631578947 0 -187544420076.99377 -375088840205.98755 0 0
-17.36842105263158 -7.894736842105263 0 -2686527236414.2583 -5373054472880.518 0 0
-17.36842105263158 -7.368421052631579 0 -3204910359496.711 -6409820719045.423 0 0
-17.36842105263158 -6.842105263157895 0 21454458432792.582 42908916865533.16 0 0
-17.36842105263158 -6.315789473684211 0 17379789530306.959 34759579060561.914 0 0
-17.36842105263158 -5.789473684210526 0 -16983841626479.508 -33967683253011.008 0 0
-17.36842105263158 -5.263157894736842 0 -3896666289861.434 -7793332579774.866 0 0
-17.36842105263158 -4.7368421052631575 0 19029559382383.457 38059118764714.91 0 0
-17.36842105263158 -4.2105263157894735 0 -2607995452858419.0 -5215990905716889.0 0 0
-17.36842105263158 -3.6842105263157894 0 2.8815545752080645e+18 5.763109150416128e+18 0 0
-17.36842105263158 -3.1578947368421053 0 -7.003220604672905e+21 -1.4006441209345803e+22 0 0
-17.36842105263158 -2.631578947368421 0 3.771989975177682e+25 7.543979950355362e+25 0 0
-17.36842105263158 -2.1052631578947367 0 -3.699259436446039e+29 -7.398518872892074e+29 0 0
-17.36842105263158 -1.5789473684210527 0 7.060359144059893e+33 1.412071828811978e+34 0 0
-17.36842105263158 -1.0526315789473684 0 -2.7427239179734618e+38 -5.485447835946922e+38 0 0
-17.36842105263158 -0.5263157894736842 0 1.7144128444999018e+43 3.428825688999802e+43 0 0
-17.36842105263158 -0.0 0 -2.4573944232262184e+48 -4.914788846452435e+48 0 0
-17.36842105263158 0.0 0 5.478119353899303e+53 1.0956238707798595e+54 0 0
-17.36842105263158 0.5263157894736842 0 -2.8217572757790173e+59 -5.643514551558032e+59 0 0
-17.36842105263158 1.0526315789473684 0 2.270234989416068e+65 4.5404699788321335e+65 0 0
-17.36842105263158 1.5789473684210527 0 -4.236219029773084e+71 -8.472438059546163e+71 0 0
-17.36842105263158 2.1052631578947367 0 1.1324928530918496e+78 2.264985706183697e+78 0 0
-17.36842105263158 2.631578947368421 0 -7.361266000675022e+84 -1.472253200135004e+85 0 0
-17.36842105263158 3.1578947368421053 0 6.914250867386786e+91 1.382850173477357e+92 0 0
-17.36842105263158 3.6842105263157894 0 -1.4393209911390918e+99 -2.8786419822781806e+99 0 0
-17.36842105263158 4.2105263157894735 0 4.9090730394163165e+106 9.81814607883263e+106 0 0
-17.36842105263158 4.7368421052631575 0 -3.2726633162413963e+114 -6.545326632482789e+114 0 0
-17.36842105263158 5.263157894736842 0 3.941657341718375e+122 7.883314683436746e+122 0 0
-17.36842105263158 5.789473684210526 0 -8.646553519924261e+130 -1.7293107039848518e+131 0 0
-17.36842105263158 6.315789473684211 0 3.5654884354356293e+139 7.13097687087125e+139 0 0
-17.36842105263158 6.842105263157895 0 -2.616641042585193e+148 -5.233282085170381e+148 0 0
-17.36842105263158 7.368421052631579 0 3.6089818460351266e+157 7.217963692070248e+157 0 0
-17.36842105263158 7.894736842105263 0 -8.816057444370392e+166 -1.763211488874077e+167 0 0
-17.36842105263158 8.421052631578947 0 4.0496153798653326e+176 8.09923075973066e+176 0 0
-17.36842105263158 8.947368421052632 0 -1.5435755346755737e+186 -3.0871510693511455e+186 0 0
-17.36842105263158 9.473684210526315 0 1.219896621456869e+196 2.4397932429137365e+196 0 0
-15.789473684210527 -9.473684210526315 0 -48767499094.1958 -97534998240.39162 0 0
-15.789473684210527 -8.947368421052632 0 -43160712123.320816 -86321424298.64165 0 0
-15.789473684210527 -8.421052631578947 0 -100852977257.05846 -201705954566.1169 0 0
-15.789473684210527 -7.894736842105263 0 -2593923448780.9316 -5187846897613.865 0 0
-15.789473684210527 -7.368421052631579 0 -22345499041619.953 -44690998083291.92 0 0
-15.789473684210527 -6.842105263157895 0 225995987858460.78 451991975716869.75 0 0
-15.789473684210527 -6.315789473684211 0 1022441352380576.2 2044882704761101.2 0 0
-15.789473684210527 -5.789473684210526 0 -5603344154303592.0 -1.1206688308607242e+16 0 0
-15.789473684210527 -5.263157894736842 0 -3.1598255677470052e+16 -6.3196511354940184e+16 0 0
-15.789473684210527 -4.7368421052631575 0 6.259892239341214e+16 1.2519784478682429e+17 0 0
-15.789473684210527 -4.2105263157894735 0 -1.030517208989607e+17 -2.0610344179792154e+17 0 0
-15.789473684210527 -3.6842105263157894 0 -7.159442800724923e+18 -1.4318885601449843e+19 0 0
-15.789473684210527 -3.1578947368421053 0 8.884526951109426e+21 1.7769053902218847e+22 0 0
-15.789473684210527 -2.631578947368421 0 -8.012260003267301e+26 -1.60245200065346e+27 0 0
-15.789473684210527 -2.1052631578947367 0 3.470910075247744e+30 6.941820150495483e+30 0 0
-15.789473684210527 -1.5789473684210527 0 -7.740486845134367e+35 -1.548097369026873e+36 0 0
-15.789473684210527 -1.0526315789473684 0 1.095149461887346e+40 2.190298923774691e+40 0 0
-15.789473684210527 -0.5263157894736842 1 -8.717010012634092e+45 -1.7434020025268175e+46 0 0
-15.789473684210527 -0.0 1 1.1615257769904791e+50 2.323051553980957e+50 0 0
-15.789473684210527 0.0 1 -1.1473492024005632e+57 -2.2946984048011246e+57 0 0
-15.789473684210527 0.5263157894736842 1 -7.601330637480024e+60 -1.520266127496004e+61 0 0
-15.789473684210527 1.0526315789473684 0 -1.8091098531438494e+69 -3.618219706287696e+69 0 0
-15.789473684210527 1.5789473684210527 0 2.9259334702190868e+72 5.851866940438171e+72 0 0
-15.789473684210527 2.1052631578947367 0 -3.477906517159088e+82 -6.955813034318171e+82 0 0
-15.789473684210527 2.631578947368421 0 -3.362049415757486e+88 -6.724098831514971e+88 0 0
-15.789473684210527 3.1578947368421053 0 -7.932122518722885e+96 -1.5864245037445767e+97 0 0
-15.789473684210527 3.6842105263157894 0 -3.463367699419198e+103 -6.92673539883839e+103 0 0
-15.789473684210527 4.2105263157894735 0 -1.9587895240466947e+112 -3.917579048093387e+112 0 0
-15.789473684210527 4.7368421052631575 0 -9.895926743122808e+118 -1.9791853486245605e+119 0 0
-15.789473684210527 5.263157894736842 0 -5.228855885900881e+128 -1.0457711771801758e+129 0 0
-15.789473684210527 5.789473684210526 0 1.698527535969717e+136 3.397055071939433e+136 0 0
-15.789473684210527 6.315789473684211 0 -1.5303995866824572e+146 -3.0607991733649112e+146 0 0
-15.789473684210527 6.842105263157895 0 4.387829066936047e+154 8.775658133872086e+154 0 0
-15.789473684210527 7.368421052631579 0 -4.925631026245991e+164 -9.851262052491973e+164 0 0
-15.789473684210527 7.894736842105263 0 7.032664696245321e+173 1.406532939249063e+174 0 0
-15.789473684210527 8.421052631578947 0 -1.713146402485474e+184 -3.4262928049709465e+184 0 0
-15.789473684210527 8.947368421052632 0 -3.8495233838126e+192 -7.699046767625195e+192 0 0
-15.789473684210527 9.473684210526315 0 -8.202827906548792e+203 -1.6405655813097574e+204 0 0
-14.210526315789474 -9.473684210526315 0 -6287888246.048033 -12575776544.096067 0 0
-14.210526315789474 -8.947368421052632 0 -12044167168.911526 -24088334389.823048 0 0
-14.210526315789474 -8.421052631578947 0 -43361956109.63037 -86723912271.26074 0 0
-14.210526315789474 -7.894736842105263 0 -1733894889792.6782 -3467789779637.358 0 0
-14.210526315789474 -7.368421052631579 0 -41115922342137.33 -82231844684326.69 0 0
-14.210526315789474 -6.842105263157895 0 14394546733590.584 28789093467129.04 0 0
-14.210526315789474 -6.315789473684211 0 -17611242760847.47 -35222485521746.81 0 0
-14.210526315789474 -5.789473684210526 0 -1313233495025252.5 -2626466990050559.0 0 0
-14.210526315789474 -5.263157894736842 0 7.748367301413568e+16 1.5496734602827136e+17 0 0
-14.210526315789474 -4.7368421052631575 0 1.1215570832443894e+18 2.2431141664887798e+18 0 0
-14.210526315789474 -4.2105263157894735 0 -1.949057065751081e+19 -3.898114131502164e+19 0 0
-14.210526315789474 -3.6842105263157894 0 -6.34294741237045e+20 -1.2685894824740903e+21 0 0
-14.210526315789474 -3.1578947368421053 0 -1.5693712645309937e+22 -3.138742529061984e+22 0 0
-14.210526315789474 -2.631578947368421 0 -9.951205674659554e+27 -1.9902411349319103e+28 0 0
-14.210526315789474 -2.1052631578947367 0 -3.788837129531294e+31 -7.577674259062584e+31 0 0
-14.210526315789474 -1.5789473684210527 0 -5.301868003882382e+37 -1.0603736007764761e+38 0 0
-14.210526315789474 -1.0526315789473684 1 -2.0058695672720914e+41 -4.011739134544181e+41 0 0
-14.210526315789474 -0.5263157894736842 1 -2.2064312200883218e+48 -4.412862440176641e+48 0 0
-14.210526315789474 -0.0 1 -5.0274277780065524e+51 -1.0054855556013098e+52 0 0
-14.210526315789474 0.0 1 -1.2558094429515935e+60 -2.511618885903185e+60 0 0
-14.210526315789474 0.5263157894736842 1 -2.569583004803252e+63 -5.139166009606499e+63 0 0
-14.210526315789474 1.0526315789473684 1 -6.1240142529690745e+72 -1.2248028505938137e+73 0 0
-14.210526315789474 1.5789473684210527 0 -8.854849949424358e+75 -1.7709699898848694e+76 0 0
-14.210526315789474 2.1052631578947367 0 -5.683388006822185e+86 -1.1366776013644361e+87 0 0
-14.210526315789474 2.631578947368421 0 -6.212538305240332e+92 -1.242507661048066e+93 0 0
-14.210526315789474 3.1578947368421053 0 -1.443094589243145e+100 -2.8861891784862893e+100 0 0
-14.210526315789474 3.6842105263157894 0 2.5600609876113183e+108 5.12012197522263e+108 0 0
-14.210526315789474 4.2105263157894735 0 -1.3336181713796666e+118 -2.6672363427593313e+118 0 0
-14.210526315789474 4.7368421052631575 0 -3.466613572798596e+125 -6.933227145597189e+125 0 0
-14.210526315789474 5.263157894736842 0 4.9329751807031904e+135 9.865950361406377e+135 0 0
-14.210526315789474 5.789473684210526 0 -1.5998834138721204e+144 -3.199766827744239e+144 0 0
-14.210526315789474 6.315789473684211 0 -3.174715876240508e+154 -6.349431752481008e+154 0 0
-14.210526315789474 6.842105263157895 0 -1.0181477785470008e+164 -2.0362955570939982e+164 0 0
-14.210526315789474 7.368421052631579 0 4.2489075121675244e+174 8.497815024335038e+174 0 0
-14.210526315789474 7.894736842105263 0 -3.5192770666628165e+185 -7.038554133325625e+185 0 0
-14.210526315789474 8.421052631578947 0 -1.5652757369852337e+197 -3.130551473970464e+197 0 0
-14.210526315789474 8.947368421052632 0 -2.287454044579741e+209 -4.574908089159478e+209 0 0
-14.210526315789474 9.473684210526315 0 1.4499295347794083e+222 2.8998590695588146e+222 0 0
-12.631578947368421 -9.473684210526315 0 77284946776293.78 154569893552535.53 0 0
-12.631578947368421 -8.947368421052632 0 -82035066371994.31 -164070132744040.56 0 0
-12.631578947368421 -8.421052631578947 0 -8179239341303.434 -16358478682658.854 0 0
-12.631578947368421 -7.894736842105263 0 -14130640262571.605 -28261280525195.188 0 0
-12.631578947368421 -7.368421052631579 0 -112468277319133.36 -224936554638318.72 0 0
-12.631578947368421 -6.842105263157895 0 455445547778145.5 910891095556239.0 0 0
-12.631578947368421 -6.315789473684211 0 -1340181232984339.0 -2680362465968730.0 0 0
-12.631578947368421 -5.789473684210526 0 -5174397651140115.0 -1.0348795302280282e+16 0 0
-12.631578947368421 -5.263157894736842 0 -4.23522769012328e+16 -8.47045538024657e+16 0 0
-12.631578947368421 -4.7368421052631575 0 -5.399401316444557e+17 -1.0798802632889121e+18 0 0
-12.631578947368421 -4.2105263157894735 0 -3.5112323729874473e+19 -7.0224647459748995e+19 0 0
-12.631578947368421 -3.6842105263157894 0 5.448192414369732e+21 1.089638482873947e+22 0 0
-12.631578947368421 -3.1578947368421053 0 1.8177263292046392e+23 3.635452658409286e+23 0 0
-12.631578947368421 -2.631578947368421 0 4.243074288219542e+28 8.486148576439082e+28 0 0
-12.631578947368421 -2.1052631578947367 0 -9.687799598677902e+32 -1.9375599197355793e+33 0 0
-12.631578947368421 -1.5789473684210527 0 -4.075030215995119e+39 -8.150060431990236e+39 0 0
-12.631578947368421 -1.0526315789473684 1 6.459940554519171e+43 1.2919881109038337e+44 0 0
-12.631578947368421 -0.5263157894736842 1 2.1985018436334514e+51 4.3970036872669e+51 0 0
-12.631578947368421 -0.0 1 4.870200373257123e+55 9.740400746514241e+55 0 0
-12.631578947368421 0.0 1 -4.232194692553998e+64 -8.464389385107988e+64 0 0
-12.631578947368421 0.5263157894736842 1 5.886158860653031e+70 1.177231772130605e+71 0 0
-12.631578947368421 1.0526315789473684 1 8.740046967248155e+78 1.7480093934496297e+79 0 0
-12.631578947368421 1.5789473684210527 0 6.935111675579968e+86 1.3870223351159924e+87 0 0
-12.631578947368421 2.1052631578947367 0 4.4341451700359244e+95 8.868290340071844e+95 0 0
-12.631578947368421 2.631578947368421 0 -3.6052272608217453e+105 -7.210454521643487e+105 0 0
-12.631578947368421 3.1578947368421053 0 3.661279699592899e+116 7.322559399185795e+116 0 0
-12.631578947368421 3.6842105263157894 0 4.876737167109417e+128 9.753474334218829e+128 0 0
-12.631578947368421 4.2105263157894735 0 9.650815035514914e+141 1.9301630071029817e+142 0 0
-12.631578947368421 4.7368421052631575 0 -2.8779041261517455e+156 -5.755808252303487e+156 0 0
-12.631578947368421 5.263157894736842 0 1.4133911092032154e+172 2.8267822184064287e+172 0 0
-12.631578947368421 5.789473684210526 0 1.1752094250787903e+189 2.350418850157579e+189 0 0
-12.631578947368421 6.315789473684211 0 1.7296835662023725e+207 3.459367132404743e+207 0 0
-12.631578947368421 6.842105263157895 0 -4.719009106291124e+226 -9.438018212582244e+226 0 0
-12.631578947368421 7.368421052631579 0 2.3932746149200744e+247 4.786549229840147e+247 0 0
-12.631578947368421 7.894736842105263 0 2.409615778995219e+269 4.8192315579904363e+269 0 0
-12.631578947368421 8.421052631578947 0 4.724355589509764e+292 9.448711179019524e+292 0 0
-12.631578947368421 8.947368421052632 0 -inf -inf 0 0
-12.631578947368421 9.473684210526315 0 nan nan 0 0
-11.052631578947368 -9.473684210526315 0 -2.39712434308304e+76 -4.7942486861660803e+76 0 0
-11.052631578947368 -8.947368421052632 0 5.5531244669158025e+82 1.1106248933831606e+83 0 0
-11.052631578947368 -8.421052631578947 0 7.853399633849938e+88 1.5706799267699875e+89 0 0
-11.052631578947368 -7.894736842105263 0 3.5332706804684867e+93 7.0665413609369725e+93 0 0
-11.052631578947368 -7.368421052631579 0 2.3843750206964825e+98 4.768750041392964e+98 0 0
-11.052631578947368 -6.842105263157895 0 -1.4432337246734772e+103 -2.886467449346954e+103 0 0
-11.052631578947368 -6.315789473684211 0 -1.5622842176273984e+108 -3.124568435254797e+108 0 0
-11.052631578947368 -5.789473684210526 0 1.8643052320750686e+113 3.728610464150137e+113 0 0
-11.052631578947368 -5.263157894736842 0 3.320612491605515e+118 6.64122498321103e+118 0 0
-11.052631578947368 -4.7368421052631575 0 -9.596749961093169e+123 -1.9193499922186337e+124 0 0
-11.052631578947368 -4.2105263157894735 0 -3.039006696523953e+129 -6.078013393047906e+129 0 0
-11.052631578947368 -3.6842105263157894 0 1.254526630275849e+135 2.509053260551698e+135 0 0
-11.052631578947368 -3.1578947368421053 0 5.93519533163231e+140 1.187039066326462e+141 0 0
-11.052631578947368 -2.631578947368421 0 -2.033182669281633e+146 -4.066365338563266e+146 0 0
-11.052631578947368 -2.1052631578947367 0 -1.4391034343364795e+150 -2.878206868672959e+150 0 0
-11.052631578947368 -1.5789473684210527 1 1.7441952759235288e+154 3.4883905518470576e+154 0 0
-11.052631578947368 -1.0526315789473684 1 -5.209248165013232e+158 -1.0418496330026464e+159 0 0
-11.052631578947368 -0.5263157894736842 1 -2.7114439646612873e+163 -5.4228879293225746e+163 0 0
-11.052631578947368 -0.0 1 -5.919196814657554e+168 -1.1838393629315108e+169 0 0
-11.052631578947368 0.0 1 1.5394513906359002e+174 3.0789027812718003e+174 0 0
-11.052631578947368 0.5263157894736842 1 -1.9754374212751067e+180 -3.9508748425502134e+180 0 0
-11.052631578947368 1.0526315789473684 1 1.6460792339724838e+187 3.2921584679449675e+187 0 0
-11.052631578947368 1.5789473684210527 1 -3.321634957510412e+194 -6.643269915020823e+194 0 0
-11.052631578947368 2.1052631578947367 0 -6.422666533793606e+204 -1.2845333067587211e+205 0 0
-11.052631578947368 2.631578947368421 0 7.693280807998795e+217 1.538656161599759e+218 0 0
-11.052631578947368 3.1578947368421053 0 -1.2877910333261712e+234 -2.5755820666523423e+234 0 0
-11.052631578947368 3.6842105263157894 0 -8.492203212445787e+253 -1.6984406424891575e+254 0 0
-11.052631578947368 4.2105263157894735 0 -3.8573897315452715e+277 -7.714779463090543e+277 0 0
-11.052631578947368 4.7368421052631575 0 inf inf 0 0
-11.052631578947368 5.263157894736842 0 nan nan 0 0
-11.052631578947368 5.789473684210526 0 nan nan 0 0
-11.052631578947368 6.315789473684211 0 nan nan 0 0
-11.052631578947368 6.842105263157895 0 nan nan 0 0
-11.052631578947368 7.368421052631579 0 nan nan 0 0
-11.052631578947368 7.894736842105263 0 nan nan 0 0
-11.052631578947368 8.421052631578947 0 nan nan 0 0
-11.052631578947368 8.947368421052632 0 nan nan 0 0
-11.052631578947368 9.473684210526315 0 nan nan 0 0
-9.473684210526315 -9.473684210526315 0 nan nan 0 0
-9.473684210526315 -8.947368421052632 0 nan nan 0 0
-9.473684210526315 -8.421052631578947 0 nan nan 0 0
-9.473684210526315 -7.894736842105263 0 nan nan 0 0
-9.473684210526315 -7.368421052631579 0 nan nan 0 0
-9.473684210526315 -6.842105263157895 0 nan nan 0 0
-9.473684210526315 -6.315789473684211 0 nan nan 0 0
-9.473684210526315 -5.789473684210526 0 nan nan 0 0
-9.473684210526315 -5.263157894736842 0 nan nan 0 0
-9.473684210526315 -4.7368421052631575 0 nan nan 0 0
-9.473684210526315 -4.2105263157894735 0 nan nan 0 0
-9.473684210526315 -3.6842105263157894 0 nan nan 0 0
-9.473684210526315 -3.1578947368421053 0 nan nan 0 0
-9.473684210526315 -2.631578947368421 0 nan nan 0 0
-9.473684210526315 -2.1052631578947367 0 nan nan 0 0
-9.473684210526315 -1.5789473684210527 1 nan nan 0 0
-9.473684210526315 -1.0526315789473684 1 nan nan 0 0
-9.473684210526315 -0.5263157894736842 1 nan nan 0 0
-9.473684210526315 -0.0 1 nan nan 0 0
-9.473684210526315 0.0 1 nan nan 0 0
-9.473684210526315 0.5263157894736842 1 nan nan 0 0
-9.473684210526315 1.0526315789473684 1 nan nan 0 0
-9.473684210526315 1.5789473684210527 1 nan nan 0 0
-9.473684210526315 2.1052631578947367 0 nan nan 0 0
-9.473684210526315 2.631578947368421 0 nan nan 0 0
-9.473684210526315 3.1578947368421053 0 nan nan 0 0
-9.473684210526315 3.6842105263157894 0 nan nan 0 0
-9.473684210526315 4.2105263157894735 0 nan nan 0 0
-9.473684210526315 4.7368421052631575 0 nan nan 0 0
-9.473684210526315 5.263157894736842 0 nan nan 0 0
-9.473684210526315 5.789473684210526 0 nan nan 0 0
-9.473684210526315 6.315789473684211 0 nan nan 0 0
-9.473684210526315 6.842105263157895 0 nan nan 0 0
-9.473684210526315 7.368421052631579 0 nan nan 0 0
-9.473684210526315 7.894736842105263 0 nan nan 0 0
-9.473684210526315 8.421052631578947 0 nan nan 0 0
-9.473684210526315 8.947368421052632 0 nan nan 0 0
-9.473684210526315 9.473684210526315 0 nan nan 0 0
-7.894736842105264 -9.473684210526315 0 nan nan 0 0
-7.894736842105264 -8.947368421052632 0 nan nan 0 0
-7.894736842105264 -8.421052631578947 0 nan nan 0 0
-7.894736842105264 -7.894736842105263 0 nan nan 0 0
-7.894736842105264 -7.368421052631579 0 nan nan 0 0
-7.894736842105264 -6.842105263157895 0 nan nan 0 0
-7.894736842105264 -6.315789473684211 0 nan nan 0 0
-7.894736842105264 -5.789473684210526 0 nan nan 0 0
-7.894736842105264 -5.263157894736842 0 nan nan 0 0
-7.894736842105264 -4.7368421052631575 0 nan nan 0 0
-7.894736842105264 -4.2105263157894735 0 nan nan 0 0
-7.894736842105264 -3.6842105263157894 0 nan nan 0 0
-7.894736842105264 -3.1578947368421053 0 nan nan 0 0
-7.894736842105264 -2.631578947368421 0 nan nan 0 0
-7.894736842105264 -2.1052631578947367 0 nan nan 0 0
-7.894736842105264 -1.5789473684210527 1 nan nan 0 0
-7.894736842105264 -1.0526315789473684 1 nan nan 0 0
-7.894736842105264 -0.5263157894736842 1 nan nan 0 0
-7.894736842105264 -0.0 1 nan nan 0 0
-7.894736842105264 0.0 1 nan nan 0 0
-7.894736842105264 0.5263157894736842 1 nan nan 0 0
-7.894736842105264 1.0526315789473684 1 nan nan 0 0
-7.894736842105264 1.5789473684210527 1 nan nan 0 0
-7.894736842105264 2.1052631578947367 0 nan nan 0 0
-7.894736842105264 2.631578947368421 0 nan nan 0 0
-7.894736842105264 3.1578947368421053 0 nan nan 0 0
-7.894736842105264 3.6842105263157894 0 nan nan 0 0
-7.894736842105264 4.2105263157894735 0 nan nan 0 0
-7.894736842105264 4.7368421052631575 0 nan nan 0 0
-7.894736842105264 5.263157894736842 0 nan nan 0 0
-7.894736842105264 5.789473684210526 0 nan nan 0 0
-7.894736842105264 6.315789473684211 0 nan nan 0 0
-7.894736842105264 6.842105263157895 0 nan nan 0 0
-7.894736842105264 7.368421052631579 0 nan nan 0 0
-7.894736842105264 7.894736842105263 0 nan nan 0 0
-7.894736842105264 8.421052631578947 0 nan nan 0 0
-7.894736842105264 8.947368421052632 0 nan nan 0 0
-7.894736842105264 9.473684210526315 0 nan nan 0 0
-6.315789473684211 -9.473684210526315 0 nan nan 0 0
-6.315789473684211 -8.947368421052632 0 nan nan 0 0
-6.315789473684211 -8.421052631578947 0 nan nan 0 0
-6.315789473684211 -7.894736842105263 0 nan nan 0 0
-6.315789473684211 -7.368421052631579 0 nan nan 0 0
-6.315789473684211 -6.842105263157895 0 nan nan 0 0
-6.315789473684211 -6.315789473684211 0 nan nan 0 0
-6.315789473684211 -5.789473684210526 0 nan nan 0 0
-6.315789473684211 -5.263157894736842 0 nan nan 0 0
-6.315789473684211 -4.7368421052631575 0 nan nan 0 0
-6.315789473684211 -4.2105263157894735 0 nan nan 0 0
-6.315789473684211 -3.6842105263157894 0 nan nan 0 0
-6.315789473684211 -3.1578947368421053 0 nan nan 0 0
-6.315789473684211 -2.631578947368421 0 nan nan 0 0
-6.315789473684211 -2.1052631578947367 0 nan nan 0 0
-6.315789473684211 -1.5789473684210527 1 nan nan 0 0
-6.315789473684211 -1.0526315789473684 1 nan nan 0 0
-6.315789473684211 -0.5263157894736842 1 nan nan 0 0
-6.315789473684211 -0.0 1 nan nan 0 0
-6.315789473684211 0.0 1 nan nan 0 0
-6.315789473684211 0.5263157894736842 1 nan nan 0 0
-6.315789473684211 1.0526315789473684 1 nan nan 0 0
-6.315789473684211 1.5789473684210527 1 nan nan 0 0
-6.315789473684211 2.1052631578947367 0 nan nan 0 0
-6.315789473684211 2.631578947368421 0 nan nan 0 0
-6.315789473684211 3.1578947368421053 0 nan nan 0 0
-6.315789473684211 3.6842105263157894 0 nan nan 0 0
-6.315789473684211 4.2105263157894735 0 nan nan 0 0
-6.315789473684211 4.7368421052631575 0 nan nan 0 0
-6.315789473684211 5.263157894736842 0 nan nan 0 0
-6.315789473684211 5.789473684210526 0 nan nan 0 0
-6.315789473684211 6.315789473684211 0 nan nan 0 0
-6.315789473684211 6.842105263157895 0 nan nan 0 0
-6.315789473684211 7.368421052631579 0 nan nan 0 0
-6.315789473684211 7.894736842105263 0 nan nan 0 0
-6.315789473684211 8.421052631578947 0 nan nan 0 0
-6.315789473684211 8.947368421052632 0 nan nan 0 0
-6.315789473684211 9.473684210526315 0 nan nan 0 0
-4.7368421052631575 -9.473684210526315 0 nan nan 0 0
-4.7368421052631575 -8.947368421052632 0 nan nan 0 0
-4.7368421052631575 -8.421052631578947 0 nan nan 0 0
-4.7368421052631575 -7.894736842105263 0 nan nan 0 0
-4.7368421052631575 -7.368421052631579 0 nan nan 0 0
-4.7368421052631575 -6.842105263157895 0 nan nan 0 0
-4.7368421052631575 -6.315789473684211 0 nan nan 0 0
-4.7368421052631575 -5.789473684210526 0 nan nan 0 0
-4.7368421052631575 -5.263157894736842 0 nan nan 0 0
-4.7368421052631575 -4.7368421052631575 0 nan nan 0 0
-4.7368421052631575 -4.2105263157894735 0 nan nan 0 0
-4.7368421052631575 -3.6842105263157894 0 nan nan 0 0
-4.7368421052631575 -3.1578947368421053 0 nan nan 0 0
-4.7368421052631575 -2.631578947368421 0 nan nan 0 0
-4.7368421052631575 -2.1052631578947367 0 nan nan 0 0
-4.7368421052631575 -1.5789473684210527 1 nan nan 0 0
-4.7368421052631575 -1.0526315789473684 1 nan nan 0 0
-4.7368421052631575 -0.5263157894736842 1 nan nan 0 0
-4.7368421052631575 -0.0 1 nan nan 0 0
-4.7368421052631575 0.0 1 nan nan 0 0
-4.7368421052631575 0.5263157894736842 1 nan nan 0 0
-4.7368421052631575 1.0526315789473684 1 nan nan 0 0
-4.7368421052631575 1.5789473684210527 1 nan nan 0 0
-4.7368421052631575 2.1052631578947367 0 nan nan 0 0
-4.7368421052631575 2.631578947368421 0 nan nan 0 0
-4.7368421052631575 3.1578947368421053 0 nan nan 0 0
-4.7368421052631575 3.6842105263157894 0 nan nan 0 0
-4.7368421052631575 4.2105263157894735 0 nan nan 0 0
-4.7368421052631575 4.7368421052631575 0 nan nan 0 0
-4.7368421052631575 5.263157894736842 0 nan nan 0 0
-4.7368421052631575 5.789473684210526 0 nan nan 0 0
-4.7368421052631575 6.315789473684211 0 nan nan 0 0
-4.7368421052631575 6.842105263157895 0 nan nan 0 0
-4.7368421052631575 7.368421052631579 0 nan nan 0 0
-4.7368421052631575 7.894736842105263 0 nan nan 0 0
-4.7368421052631575 8.421052631578947 0 nan nan 0 0
-4.7368421052631575 8.947368421052632 0 nan nan 0 0
-4.7368421052631575 9.473684210526315 0 nan nan 0 0
-3.1578947368421053 -9.473684210526315 0 nan nan 0 0
-3.1578947368421053 -8.947368421052632 0 nan nan 0 0
-3.1578947368421053 -8.421052631578947 0 nan nan 0 0
-3.1578947368421053 -7.894736842105263 0 nan nan 0 0
-3.1578947368421053 -7.368421052631579 0 nan nan 0 0
-3.1578947368421053 -6.842105263157895 0 nan nan 0 0
-3.1578947368421053 -6.315789473684211 0 nan nan 0 0
-3.1578947368421053 -5.789473684210526 0 nan nan 0 0
-3.1578947368421053 -5.263157894736842 0 nan nan 0 0
-3.1578947368421053 -4.7368421052631575 0 nan nan 0 0
-3.1578947368421053 -4.2105263157894735 0 nan nan 0 0
-3.1578947368421053 -3.6842105263157894 0 nan nan 0 0
-3.1578947368421053 -3.1578947368421053 0 nan nan 0 0
-3.1578947368421053 -2.631578947368421 0 nan nan 0 0
-3.1578947368421053 -2.1052631578947367 0 nan nan 0 0
-3.1578947368421053 -1.5789473684210527 1 nan nan 0 0
-3.1578947368421053 -1.0526315789473684 1 nan nan 0 0
-3.1578947368421053 -0.5263157894736842 1 nan nan 0 0
-3.1578947368421053 -0.0 1 nan nan 0 0
-3.1578947368421053 0.0 1 nan nan 0 0
-3.1578947368421053 0.5263157894736842 1 nan nan 0 0
-3.1578947368421053 1.0526315789473684 1 nan nan 0 0
-3.1578947368421053 1.5789473684210527 1 nan nan 0 0
-3.1578947368421053 2.1052631578947367 0 nan nan 0 0
-3.1578947368421053 2.631578947368421 0 nan nan 0 0
-3.1578947368421053 3.1578947368421053 0 nan nan 0 0
-3.1578947368421053 3.6842105263157894 0 nan nan 0 0
-3.1578947368421053 4.2105263157894735 0 nan nan 0 0
-3.1578947368421053 4.7368421052631575 0 nan nan 0 0
-3.1578947368421053 5.263157894736842 0 nan nan 0 0
-3.1578947368421053 5.789473684210526 0 nan nan 0 0
-3.1578947368421053 6.315789473684211 0 nan nan 0 0
-3.1578947368421053 6.842105263157895 0 nan nan 0 0
-3.1578947368421053 7.368421052631579 0 nan nan 0 0
-3.1578947368421053 7.894736842105263 0 nan nan 0 0
-3.1578947368421053 8.421052631578947 0 nan nan 0 0
-3.1578947368421053 8.947368421052632 0 nan nan 0 0
-3.1578947368421053 9.473684210526315 0 nan nan 0 0
-1.5789473684210527 -9.473684210526315 0 nan nan 0 0
-1.5789473684210527 -8.947368421052632 0 nan nan 0 0
-1.5789473684210527 -8.421052631578947 0 nan nan 0 0
-1.5789473684210527 -7.894736842105263 0 nan nan 0 0
-1.5789473684210527 -7.368421052631579 0 nan nan 0 0
-1.5789473684210527 -6.842105263157895 0 nan nan 0 0
-1.5789473684210527 -6.315789473684211 0 nan nan 0 0
-1.5789473684210527 -5.789473684210526 0 nan nan 0 0
-1.5789473684210527 -5.263157894736842 0 nan nan 0 0
-1.5789473684210527 -4.7368421052631575 0 nan nan 0 0
-1.5789473684210527 -4.2105263157894735 0 nan nan 0 0
-1.5789473684210527 -3.6842105263157894 0 nan nan 0 0
-1.5789473684210527 -3.1578947368421053 0 nan nan 0 0
-1.5789473684210527 -2.631578947368421 0 nan nan 0 0
-1.5789473684210527 -2.1052631578947367 0 nan nan 0 0
-1.5789473684210527 -1.5789473684210527 1 nan nan 0 0
-1.5789473684210527 -1.0526315789473684 1 nan nan 0 0
-1.5789473684210527 -0.5263157894736842 1 nan nan 0 0
-1.5789473684210527 -0.0 1 nan nan 0 0
-1.5789473684210527 0.0 1 nan nan 0 0
-1.5789473684210527 0.5263157894736842 1 nan nan 0 0
-1.5789473684210527 1.0526315789473684 1 nan nan 0 0
-1.5789473684210527 1.5789473684210527 1 nan nan 0 0
-1.5789473684210527 2.1052631578947367 0 nan nan 0 0
-1.5789473684210527 2.631578947368421 0 nan nan 0 0
-1.5789473684210527 3.1578947368421053 0 nan nan 0 0
-1.5789473684210527 3.6842105263157894 0 nan nan 0 0
-1.5789473684210527 4.2105263157894735 0 nan nan 0 0
-1.5789473684210527 4.7368421052631575 0 nan nan 0 0
-1.5789473684210527 5.263157894736842 0 nan nan 0 0
-1.5789473684210527 5.789473684210526 0 nan nan 0 0
-1.5789473684210527 6.315789473684211 0 nan nan 0 0
-1.5789473684210527 6.842105263157895 0 nan nan 0 0
-1.5789473684210527 7.368421052631579 0 nan nan 0 0
-1.5789473684210527 7.894736842105263 0 nan nan 0 0
-1.5789473684210527 8.421052631578947 0 nan nan 0 0
-1.5789473684210527 8.947368421052632 0 nan nan 0 0
-1.5789473684210527 9.473684210526315 0 nan nan 0 0
-0.0 -9.473684210526315 0 nan nan 0 0
-0.0 -8.947368421052632 0 nan nan 0 0
-0.0 -8.421052631578947 0 nan nan 0 0
-0.0 -7.894736842105263 0 nan nan 0 0
-0.0 -7.368421052631579 0 nan nan 0 0
-0.0 -6.842105263157895 0 nan nan 0 0
-0.0 -6.315789473684211 0 nan nan 0 0
-0.0 -5.789473684210526 0 nan nan 0 0
-0.0 -5.263157894736842 0 nan nan 0 0
-0.0 -4.7368421052631575 0 nan nan 0 0
-0.0 -4.2105263157894735 0 nan nan 0 0
-0.0 -3.6842105263157894 0 nan nan 0 0
-0.0 -3.1578947368421053 0 nan nan 0 0
-0.0 -2.631578947368421 0 nan nan 0 0
-0.0 -2.1052631578947367 0 nan nan 0 0
-0.0 -1.5789473684210527 0 nan nan 0 0
-0.0 -1.0526315789473684 1 nan nan 0 0
-0.0 -0.5263157894736842 1 nan nan 0 0
-0.0 -0.0 1 nan nan 0 0
-0.0 0.0 1 nan nan 0 0
-0.0 0.5263157894736842 1 nan nan 0 0
-0.0 1.0526315789473684 1 nan nan 0 0
-0.0 1.5789473684210527 0 nan nan 0 0
-0.0 2.1052631578947367 0 nan nan 0 0
-0.0 2.631578947368421 0 nan nan 0 0
-0.0 3.1578947368421053 0 nan nan 0 0
-0.0 3.6842105263157894 0 nan nan 0 0
-0.0 4.2105263157894735 0 nan nan 0 0
-0.0 4.7368421052631575 0 nan nan 0 0
-0.0 5.263157894736842 0 nan nan 0 0
-0.0 5.789473684210526 0 nan nan 0 0
-0.0 6.315789473684211 0 nan nan 0 0
-0.0 6.842105263157895 0 nan nan 0 0
-0.0 7.368421052631579 0 nan nan 0 0
-0.0 7.894736842105263 0 nan nan 0 0
-0.0 8.421052631578947 0 nan nan 0 0
-0.0 8.947368421052632 0 nan nan 0 0
-0.0 9.473684210526315 0 nan nan 0 0
0.0 -9.473684210526315 0 nan nan 0 0
0.0 -8.947368421052632 0 nan nan 0 0
0.0 -8.421052631578947 0 nan nan 0 0
0.0 -7.894736842105263 0 nan nan 0 0
0.0 -7.368421052631579 0 nan nan 0 0
0.0 -6.842105263157895 0 nan nan 0 0
0.0 -6.315789473684211 0 nan nan 0 0
0.0 -5.789473684210526 0 nan nan 0 0
0.0 -5.263157894736842 0 nan nan 0 0
0.0 -4.7368421052631575 0 nan nan 0 0
0.0 -4.2105263157894735 0 nan nan 0 0
0.0 -3.6842105263157894 0 nan nan 0 0
0.0 -3.1578947368421053 0 nan nan 0 0
0.0 -2.631578947368421 0 nan nan 0 0
0.0 -2.1052631578947367 0 nan nan 0 0
0.0 -1.5789473684210527 0 nan nan 0 0
0.0 -1.0526315789473684 1 nan nan 0 0
0.0 -0.5263157894736842 1 nan nan 0 0
0.0 -0.0 1 nan nan 0 0
0.0 0.0 1 nan nan 0 0
0.0 0.5263157894736842 1 nan nan 0 0
0.0 1.0526315789473684 1 nan nan 0 0
0.0 1.5789473684210527 0 nan nan 0 0
0.0 2.1052631578947367 0 nan nan 0 0
0.0 2.631578947368421 0 nan nan 0 0
0.0 3.1578947368421053 0 nan nan 0 0
0.0 3.6842105263157894 0 nan nan 0 0
0.0 4.2105263157894735 0 nan nan 0 0
0.0 4.7368421052631575 0 nan nan 0 0
0.0 5.263157894736842 0 nan nan 0 0
0.0 5.789473684210526 0 nan nan 0 0
0.0 6.315789473684211 0 nan nan 0 0
0.0 6.842105263157895 0 nan nan 0 0
0.0 7.368421052631579 0 nan nan 0 0
0.0 7.894736842105263 0 nan nan 0 0
0.0 8.421052631578947 0 nan nan 0 0
0.0 8.947368421052632 0 nan nan 0 0
0.0 9.473684210526315 0 nan nan 0 0
1.5789473684210527 -9.473684210526315 0 nan nan 0 0
1.5789473684210527 -8.947368421052632 0 nan nan 0 0
1.5789473684210527 -8.421052631578947 0 nan nan 0 0
1.5789473684210527 -7.894736842105263 0 nan nan 0 0
1.5789473684210527 -7.368421052631579 0 nan nan 0 0
1.5789473684210527 -6.842105263157895 0 nan nan 0 0
1.5789473684210527 -6.315789473684211 0 nan nan 0 0
1.5789473684210527 -5.789473684210526 0 nan nan 0 0
1.5789473684210527 -5.263157894736842 0 nan nan 0 0
1.5789473684210527 -4.7368421052631575 0 nan nan 0 0
1.5789473684210527 -4.2105263157894735 0 nan nan 0 0
1.5789473684210527 -3.6842105263157894 0 nan nan 0 0
1.5789473684210527 -3.1578947368421053 0 nan nan 0 0
1.5789473684210527 -2.631578947368421 0 nan nan 0 0
1.5789473684210527 -2.1052631578947367 0 nan nan 0 0
1.5789473684210527 -1.5789473684210527 0 nan nan 0 0
1.5789473684210527 -1.0526315789473684 1 nan nan 0 -0.11374812281075616
1.5789473684210527 -0.5263157894736842 1 nan nan 0 -0.11374812281075616
1.5789473684210527 -0.0 1 nan nan 0 -0.11374812281075616
1.5789473684210527 0.0 1 nan nan 0 -0.11374812281075616
1.5789473684210527 0.5263157894736842 1 nan nan 0 -0.11374812281075616
1.5789473684210527 1.0526315789473684 0 nan nan 0 0
1.5789473684210527 1.5789473684210527 0 nan nan 0 0
1.5789473684210527 2.1052631578947367 0 nan nan 0 0
1.5789473684210527 2.631578947368421 0 nan nan 0 0
1.5789473684210527 3.1578947368421053 0 nan nan 0 0
1.5789473684210527 3.6842105263157894 0 nan nan 0 0
1.5789473684210527 4.2105263157894735 0 nan nan 0 0
1.5789473684210527 4.7368421052631575 0 nan nan 0 0
1.5789473684210527 5.263157894736842 0 nan nan 0 0
1.5789473684210527 5.789473684210526 0 nan nan 0 0
1.5789473684210527 6.315789473684211 0 nan nan 0 0
1.5789473684210527 6.842105263157895 0 nan nan 0 0
1.5789473684210527 7.368421052631579 0 nan nan 0 0
1.5789473684210527 7.894736842105263 0 nan nan 0 0
1.5789473684210527 8.421052631578947 0 nan nan 0 0
1.5789473684210527 8.947368421052632 0 nan nan 0 0
1.5789473684210527 9.473684210526315 0 nan nan 0 0
3.1578947368421053 -9.473684210526315 0 nan nan 0 0
3.1578947368421053 -8.947368421052632 0 nan nan 0 0
3.1578947368421053 -8.421052631578947 0 nan nan 0 0
3.1578947368421053 -7.894736842105263 0 nan nan 0 0
3.1578947368421053 -7.368421052631579 0 nan nan 0 0
3.1578947368421053 -6.842105263157895 0 nan nan 0 0
3.1578947368421053 -6.315789473684211 0 nan nan 0 0
3.1578947368421053 -5.789473684210526 0 nan nan 0 0
3.1578947368421053 -5.263157894736842 0 nan nan 0 0
3.1578947368421053 -4.7368421052631575 0 nan nan 0 0
3.1578947368421053 -4.2105263157894735 0 nan nan 0 0
3.1578947368421053 -3.6842105263157894 0 nan nan 0 0
3.1578947368421053 -3.1578947368421053 0 nan nan 0 0
3.1578947368421053 -2.631578947368421 0 nan nan 0 0
3.1578947368421053 -2.1052631578947367 0 nan nan 0 0
3.1578947368421053 -1.5789473684210527 0 nan nan 0 0
3.1578947368421053 -1.0526315789473684 1 nan nan 0 0.12083681348653381
3.1578947368421053 -0.5263157894736842 1 nan nan 0 0.12083681348653381
3.1578947368421053 -0.0 1 nan nan 0 0.12083681348653381
3.1578947368421053 0.0 1 nan nan 0 0.12083681348653381
3.1578947368421053 0.5263157894736842 1 nan nan 0 0.12083681348653381
3.1578947368421053 1.0526315789473684 0 nan nan 0 0
3.1578947368421053 1.5789473684210527 0 nan nan 0 0
3.1578947368421053 2.1052631578947367 0 nan nan 0 0
3.1578947368421053 2.631578947368421 0 nan nan 0 0
3.1578947368421053 3.1578947368421053 0 nan nan 0 0
3.1578947368421053 3.6842105263157894 0 nan nan 0 0
3.1578947368421053 4.2105263157894735 0 nan nan 0 0
3.1578947368421053 4.7368421052631575 0 nan nan 0 0
3.1578947368421053 5.263157894736842 0 nan nan 0 0
3.1578947368421053 5.789473684210526 0 nan nan 0 0
3.1578947368421053 6.315789473684211 0 nan nan 0 0
3.1578947368421053 6.842105263157895 0 nan nan 0 0
3.1578947368421053 7.368421052631579 0 nan nan 0 0
3.1578947368421053 7.894736842105263 0 nan nan 0 0
3.1578947368421053 8.421052631578947 0 nan nan 0 0
3.1578947368421053 8.947368421052632 0 nan nan 0 0
3.1578947368421053 9.473684210526315 0 nan nan 0 0
4.7368421052631575 -9.473684210526315 0 nan nan 0 0
4.7368421052631575 -8.947368421052632 0 nan nan 0 0
4.7368421052631575 -8.421052631578947 0 nan nan 0 0
4.7368421052631575 -7.894736842105263 0 nan nan 0 0
4.7368421052631575 -7.368421052631579 0 nan nan 0 0
4.7368421052631575 -6.842105263157895 0 nan nan 0 0
4.7368421052631575 -6.315789473684211 0 nan nan 0 0
4.7368421052631575 -5.789473684210526 0 nan nan 0 0
4.7368421052631575 -5.263157894736842 0 nan nan 0 0
4.7368421052631575 -4.7368421052631575 0 nan nan 0 0
4.7368421052631575 -4.2105263157894735 0 nan nan 0 0
4.7368421052631575 -3.6842105263157894 0 nan nan 0 0
4.7368421052631575 -3.1578947368421053 0 nan nan 0 0
4.7368421052631575 -2.631578947368421 0 nan nan 0 0
4.7368421052631575 -2.1052631578947367 0 nan nan 0 0
4.7368421052631575 -1.5789473684210527 0 nan nan 0 0
4.7368421052631575 -1.0526315789473684 0 nan nan 0 0
4.7368421052631575 -0.5263157894736842 1 nan nan 0 0.43349136380642755
4.7368421052631575 -0.0 1 nan nan 0 0.43349136380642755
4.7368421052631575 0.0 1 nan nan 0 0.43349136380642755
4.7368421052631575 0.5263157894736842 1 nan nan 0 0.43349136380642755
4.7368421052631575 1.0526315789473684 1 nan nan 0 0.43349136380642755
4.7368421052631575 1.5789473684210527 0 nan nan 0 0
4.7368421052631575 2.1052631578947367 0 nan nan 0 0
4.7368421052631575 2.631578947368421 0 nan nan 0 0
4.7368421052631575 3.1578947368421053 0 nan nan 0 0
4.7368421052631575 3.6842105263157894 0 nan nan 0 0
4.7368421052631575 4.2105263157894735 0 nan nan 0 0
4.7368421052631575 4.7368421052631575 0 nan nan 0 0
4.7368421052631575 5.263157894736842 0 nan nan 0 0
4.7368421052631575 5.789473684210526 0 nan nan 0 0
4.7368421052631575 6.315789473684211 0 nan nan 0 0
4.7368421052631575 6.842105263157895 0 nan nan 0 0
4.7368421052631575 7.368421052631579 0 nan nan 0 0
4.7368421052631575 7.894736842105263 0 nan nan 0 0
4.7368421052631575 8.421052631578947 0 nan nan 0 0
4.7368421052631575 8.947368421052632 0 nan nan 0 0
4.7368421052631575 9.473684210526315 0 nan nan 0 0
6.315789473684211 -9.473684210526315 0 nan nan 0 0
6.315789473684211 -8.947368421052632 0 nan nan 0 0
6.315789473684211 -8.421052631578947 0 nan nan 0 0
6.315789473684211 -7.894736842105263 0 nan nan 0 0
6.315789473684211 -7.368421052631579 0 nan nan 0 0
6.315789473684211 -6.842105263157895 0 nan nan 0 0
6.315789473684211 -6.315789473684211 0 nan nan 0 0
6.315789473684211 -5.789473684210526 0 nan nan 0 0
6.315789473684211 -5.263157894736842 0 nan nan 0 0
6.315789473684211 -4.7368421052631575 0 nan nan 0 0
6.315789473684211 -4.2105263157894735 0 nan nan 0 0
6.315789473684211 -3.6842105263157894 0 nan nan 0 0
6.315789473684211 -3.1578947368421053 0 nan nan 0 0
6.315789473684211 -2.631578947368421 0 nan nan 0 0
6.315789473684211 -2.1052631578947367 0 nan nan 0 0
6.315789473684211 -1.5789473684210527 0 nan nan 0 0
6.315789473684211 -1.0526315789473684 0 nan nan 0 0
6.315789473684211 -0.5263157894736842 0 nan nan 0 0
6.315789473684211 -0.0 0 nan nan 0 0
6.315789473684211 0.0 0 nan nan 0 0
6.315789473684211 0.5263157894736842 1 nan nan 0 0.4034691132009356
6.315789473684211 1.0526315789473684 1 nan nan 0 0.4034691132009356
6.315789473684211 1.5789473684210527 1 nan nan 0 0.4034691132009356
6.315789473684211 2.1052631578947367 0 nan nan 0 0
6.315789473684211 2.631578947368421 0 nan nan 0 0
6.315789473684211 3.1578947368421053 0 nan nan 0 0
6.315789473684211 3.6842105263157894 0 nan nan 0 0
6.315789473684211 4.2105263157894735 0 nan nan 0 0
6.315789473684211 4.7368421052631575 0 nan nan 0 0
6.315789473684211 5.263157894736842 0 nan nan 0 0
6.315789473684211 5.789473684210526 0 nan nan 0 0
6.315789473684211 6.315789473684211 0 nan nan 0 0
6.315789473684211 6.842105263157895 0 nan nan 0 0
6.315789473684211 7.368421052631579 0 nan nan 0 0
6.315789473684211 7.894736842105263 0 nan nan 0 0
6.315789473684211 8.421052631578947 0 nan nan 0 0
6.315789473684211 8.947368421052632 0 nan nan 0 0
6.315789473684211 9.473684210526315 0 nan nan 0 0
7.894736842105264 -9.473684210526315 0 nan nan 0 0
7.894736842105264 -8.947368421052632 0 nan nan 0 0
7.894736842105264 -8.421052631578947 0 nan nan 0 0
7.894736842105264 -7.894736842105263 0 nan nan 0 0
7.894736842105264 -7.368421052631579 0 nan nan 0 0
7.894736842105264 -6.842105263157895 0 nan nan 0 0
7.894736842105264 -6.315789473684211 0 nan nan 0 0
7.894736842105264 -5.789473684210526 0 nan nan 0 0
7.894736842105264 -5.263157894736842 0 nan nan 0 0
7.894736842105264 -4.7368421052631575 0 nan nan 0 0
7.894736842105264 -4.2105263157894735 0 nan nan 0 0
7.894736842105264 -3.6842105263157894 0 nan nan 0 0
7.894736842105264 -3.1578947368421053 0 nan nan 0 0
7.894736842105264 -2.631578947368421 0 nan nan 0 0
7.894736842105264 -2.1052631578947367 0 nan nan 0 0
7.894736842105264 -1.5789473684210527 0 nan nan 0 0
7.894736842105264 -1.0526315789473684 0 nan nan 0 0
7.894736842105264 -0.5263157894736842 0 nan nan 0 0
7.894736842105264 -0.0 0 nan nan 0 0
7.894736842105264 0.0 0 nan nan 0 0
7.894736842105264 0.5263157894736842 0 nan nan 0 0
7.894736842105264 1.0526315789473684 0 nan nan 0 0
7.894736842105264 1.5789473684210527 1 nan nan 0 -0.4086547399634689
7.894736842105264 2.1052631578947367 1 nan nan 0 -0.4086547399634689
7.894736842105264 2.631578947368421 1 nan nan 0 -0.4086547399634689
7.894736842105264 3.1578947368421053 0 nan nan 0 0
7.894736842105264 3.6842105263157894 0 nan nan 0 0
7.894736842105264 4.2105263157894735 0 nan nan 0 0
7.894736842105264 4.7368421052631575 0 nan nan 0 0
7.894736842105264 5.263157894736842 0 nan nan 0 0
7.894736842105264 5.789473684210526 0 nan nan 0 0
7.894736842105264 6.315789473684211 0 nan nan 0 0
7.894736842105264 6.842105263157895 0 nan nan 0 0
7.894736842105264 7.368421052631579 0 nan nan 0 0
7.894736842105264 7.894736842105263 0 nan nan 0 0
7.894736842105264 8.421052631578947 0 nan nan 0 0
7.894736842105264 8.947368421052632 0 nan nan 0 0
7.894736842105264 9.473684210526315 0 nan nan 0 0
9.473684210526315 -9.473684210526315 0 nan nan 0 0
9.473684210526315 -8.947368421052632 0 nan nan 0 0
9.473684210526315 -8.421052631578947 0 nan nan 0 0
9.473684210526315 -7.894736842105263 0 nan nan 0 0
9.473684210526315 -7.368421052631579 0 nan nan 0 0
9.473684210526315 -6.842105263157895 0 nan nan 0 0
9.473684210526315 -6.315789473684211 0 nan nan 0 0
9.473684210526315 -5.789473684210526 0 nan nan 0 0
9.473684210526315 -5.263157894736842 0 nan nan 0 0
9.473684210526315 -4.7368421052631575 0 nan nan 0 0
9.473684210526315 -4.2105263157894735 0 nan nan 0 0
9.473684210526315 -3.6842105263157894 0 nan nan 0 0
9.473684210526315 -3.1578947368421053 0 nan nan 0 0
9.473684210526315 -2.631578947368421 0 nan nan 0 0
9.473684210526315 -2.1052631578947367 0 nan nan 0 0
9.473684210526315 -1.5789473684210527 0 nan nan 0 0
9.473684210526315 -1.0526315789473684 0 nan nan 0 0
9.473684210526315 -0.5263157894736842 0 nan nan 0 0
9.473684210526315 -0.0 0 nan nan 0 0
9.473684210526315 0.0 0 nan nan 0 0
9.473684210526315 0.5263157894736842 0 nan nan 0 0
9.473684210526315 1.0526315789473684 0 nan nan 0 0
9.473684210526315 1.5789473684210527 0 nan nan 0 0
9.473684210526315 2.1052631578947367 0 nan nan 0 0
9.473684210526315 2.631578947368421 1 nan nan 0 -2.311136713042432
9.473684210526315 3.1578947368421053 1 nan nan 0 -2.311136713042432
9.473684210526315 3.6842105263157894 1 nan nan 0 -2.311136713042432
9.473684210526315 4.2105263157894735 0 nan nan 0 0
9.473684210526315 4.7368421052631575 0 nan nan 0 0
9.473684210526315 5.263157894736842 0 nan nan 0 0
9.473684210526315 5.789473684210526 0 nan nan 0 0
9.473684210526315 6.315789473684211 0 nan nan 0 0
9.473684210526315 6.842105263157895 0 nan nan 0 0
9.473684210526315 7.368421052631579 0 nan nan 0 0
9.473684210526315 7.894736842105263 0 nan nan 0 0
9.473684210526315 8.421052631578947 0 nan nan 0 0
9.473684210526315 8.947368421052632 0 nan nan 0 0
9.473684210526315 9.473684210526315 0 nan nan 0 0
11.052631578947368 -9.473684210526315 0 nan nan 0 0
11.052631578947368 -8.947368421052632 0 nan nan 0 0
11.052631578947368 -8.421052631578947 0 nan nan 0 0
11.052631578947368 -7.894736842105263 0 nan nan 0 0
11.052631578947368 -7.368421052631579 0 nan nan 0 0
11.052631578947368 -6.842105263157895 0 nan nan 0 0
11.052631578947368 -6.315789473684211 0 nan nan 0 0
11.052631578947368 -5.789473684210526 0 nan nan 0 0
11.052631578947368 -5.263157894736842 0 nan nan 0 0
11.052631578947368 -4.7368421052631575 0 nan nan 0 0
11.052631578947368 -4.2105263157894735 0 nan nan 0 0
11.052631578947368 -3.6842105263157894 0 nan nan 0 0
11.052631578947368 -3.1578947368421053 0 nan nan 0 0
11.052631578947368 -2.631578947368421 0 nan nan 0 0
11.052631578947368 -2.1052631578947367 0 nan nan 0 0
11.052631578947368 -1.5789473684210527 0 nan nan 0 0
11.052631578947368 -1.0526315789473684 0 nan nan 0 0
11.052631578947368 -0.5263157894736842 0 nan nan 0 0
11.052631578947368 -0.0 0 nan nan 0 0
11.052631578947368 0.0 0 nan nan 0 0
11.052631578947368 0.5263157894736842 0 nan nan 0 0
11.052631578947368 1.0526315789473684 0 nan nan 0 0
11.052631578947368 1.5789473684210527 0 nan nan 0 0
11.052631578947368 2.1052631578947367 0 nan nan 0 0
11.052631578947368 2.631578947368421 0 nan nan 0 0
11.052631578947368 3.1578947368421053 1 nan nan 0 -5.346644125531712
11.052631578947368 3.6842105263157894 1 nan nan 0 -5.346644125531712
11.052631578947368 4.2105263157894735 1 nan nan 0 -5.346644125531712
11.052631578947368 4.7368421052631575 0 nan nan 0 0
11.052631578947368 5.263157894736842 0 nan nan 0 0
11.052631578947368 5.789473684210526 0 nan nan 0 0
11.052631578947368 6.315789473684211 0 nan nan 0 0
11.052631578947368 6.842105263157895 0 nan nan 0 0
11.052631578947368 7.368421052631579 0 nan nan 0 0
11.052631578947368 7.894736842105263 0 nan nan 0 0
11.052631578947368 8.421052631578947 0 nan nan 0 0
11.052631578947368 8.947368421052632 0 nan nan 0 0
11.052631578947368 9.473684210526315 0 nan nan 0 0
12.631578947368421 -9.473684210526315 0 nan nan 0 0
12.631578947368421 -8.947368421052632 0 nan nan 0 0
12.631578947368421 -8.421052631578947 0 nan nan 0 0
12.631578947368421 -7.894736842105263 0 nan nan 0 0
12.631578947368421 -7.368421052631579 0 nan nan 0 0
12.631578947368421 -6.842105263157895 0 nan nan 0 0
12.631578947368421 -6.315789473684211 0 nan nan 0 0
12.631578947368421 -5.789473684210526 0 nan nan 0 0
12.631578947368421 -5.263157894736842 0 nan nan 0 0
12.631578947368421 -4.7368421052631575 0 nan nan 0 0
12.631578947368421 -4.2105263157894735 0 nan nan 0 0
12.631578947368421 -3.6842105263157894 0 nan nan 0 0
12.631578947368421 -3.1578947368421053 0 nan nan 0 0
12.631578947368421 -2.631578947368421 0 nan nan 0 0
12.631578947368421 -2.1052631578947367 0 nan nan 0 0
12.631578947368421 -1.5789473684210527 0 nan nan 0 0
12.631578947368421 -1.0526315789473684 0 nan nan 0 0
12.631578947368421 -0.5263157894736842 0 nan nan 0 0
12.631578947368421 -0.0 0 nan nan 0 0
12.631578947368421 0.0 0 nan nan 0 0
12.631578947368421 0.5263157894736842 0 nan nan 0 0
12.631578947368421 1.0526315789473684 0 nan nan 0 0
12.631578947368421 1.5789473684210527 0 nan nan 0 0
12.631578947368421 2.1052631578947367 0 nan nan 0 0
12.631578947368421 2.631578947368421 1 nan nan 0 -9.205358435988856
12.631578947368421 3.1578947368421053 1 nan nan 0 -9.205358435988856
12.631578947368421 3.6842105263157894 1 nan nan 0 -9.205358435988856
12.631578947368421 4.2105263157894735 0 nan nan 0 0
12.631578947368421 4.7368421052631575 0 nan nan 0 0
12.631578947368421 5.263157894736842 0 nan nan 0 0
12.631578947368421 5.789473684210526 0 nan nan 0 0
12.631578947368421 6.315789473684211 0 nan nan 0 0
12.631578947368421 6.842105263157895 0 nan nan 0 0
12.631578947368421 7.368421052631579 0 nan nan 0 0
12.631578947368421 7.894736842105263 0 nan nan 0 0
12.631578947368421 8.421052631578947 0 nan nan 0 0
12.631578947368421 8.947368421052632 0 nan nan 0 0
12.631578947368421 9.473684210526315 0 nan nan 0 0
14.210526315789474 -9.473684210526315 0 nan nan 0 0
14.210526315789474 -8.947368421052632 0 nan nan 0 0
14.210526315789474 -8.421052631578947 0 nan nan 0 0
14.210526315789474 -7.894736842105263 0 nan nan 0 0
14.210526315789474 -7.368421052631579 0 nan nan 0 0
14.210526315789474 -6.842105263157895 0 nan nan 0 0
14.210526315789474 -6.315789473684211 0 nan nan 0 0
14.210526315789474 -5.789473684210526 0 nan nan 0 0
14.210526315789474 -5.263157894736842 0 nan nan 0 0
14.210526315789474 -4.7368421052631575 0 nan nan 0 0
14.210526315789474 -4.2105263157894735 0 nan nan 0 0
14.210526315789474 -3.6842105263157894 0 nan nan 0 0
14.210526315789474 -3.1578947368421053 0 nan nan 0 0
14.210526315789474 -2.631578947368421 0 nan nan 0 0
14.210526315789474 -2.1052631578947367 0 nan nan 0 0
14.210526315789474 -1.5789473684210527 0 nan nan 0 0
14.210526315789474 -1.0526315789473684 0 nan nan 0 0
14.210526315789474 -0.5263157894736842 0 nan nan 0 0
14.210526315789474 -0.0 0 nan nan 0 0
14.210526315789474 0.0 0 nan nan 0 0
14.210526315789474 0.5263157894736842 0 nan nan 0 0
14.210526315789474 1.0526315789473684 0 nan nan 0 0
14.210526315789474 1.5789473684210527 0 nan nan 0 0
14.210526315789474 2.1052631578947367 0 nan nan 0 0
14.210526315789474 2.631578947368421 0 nan nan 0 0
14.210526315789474 3.1578947368421053 0 nan nan 0 0
14.210526315789474 3.6842105263157894 0 nan nan 0 0
14.210526315789474 4.2105263157894735 0 nan nan 0 0
14.210526315789474 4.7368421052631575 0 nan nan 0 0
14.210526315789474 5.263157894736842 0 nan nan 0 0
14.210526315789474 5.789473684210526 0 nan nan 0 0
14.210526315789474 6.315789473684211 0 nan nan 0 0
14.210526315789474 6.842105263157895 0 nan nan 0 0
14.210526315789474 7.368421052631579 0 nan nan 0 0
14.210526315789474 7.894736842105263 0 nan nan 0 0
14.210526315789474 8.421052631578947 0 nan nan 0 0
14.210526315789474 8.947368421052632 0 nan nan 0 0
14.210526315789474 9.473684210526315 0 nan nan 0 0
15.789473684210527 -9.473684210526315 0 nan nan 0 0
15.789473684210527 -8.947368421052632 0 nan nan 0 0
15.789473684210527 -8.421052631578947 0 nan nan 0 0
15.789473684210527 -7.894736842105263 0 nan nan 0 0
15.789473684210527 -7.368421052631579 0 nan nan 0 0
15.789473684210527 -6.842105263157895 0 nan nan 0 0
15.789473684210527 -6.315789473684211 0 nan nan 0 0
15.789473684210527 -5.789473684210526 0 nan nan 0 0
15.789473684210527 -5.263157894736842 0 nan nan 0 0
15.789473684210527 -4.7368421052631575 0 nan nan 0 0
15.789473684210527 -4.2105263157894735 0 nan nan 0 0
15.789473684210527 -3.6842105263157894 0 nan nan 0 0
15.789473684210527 -3.1578947368421053 0 nan nan 0 0
15.789473684210527 -2.631578947368421 0 nan nan 0 0
15.789473684210527 -2.1052631578947367 0 nan nan 0 0
15.789473684210527 -1.5789473684210527 0 nan nan 0 0
15.789473684210527 -1.0526315789473684 0 nan nan 0 0
15.789473684210527 -0.5263157894736842 0 nan nan 0 0
15.789473684210527 -0.0 0 nan nan 0 0
15.789473684210527 0.0 0 nan nan 0 0
15.789473684210527 0.5263157894736842 0 nan nan 0 0
15.789473684210527 1.0526315789473684 0 nan nan 0 0
15.789473684210527 1.5789473684210527 0 nan nan 0 0
15.789473684210527 2.1052631578947367 0 nan nan 0 0
15.789473684210527 2.631578947368421 0 nan nan 0 0
15.789473684210527 3.1578947368421053 0 nan nan 0 0
15.789473684210527 3.6842105263157894 0 nan nan 0 0
15.789473684210527 4.2105263157894735 0 nan nan 0 0
15.789473684210527 4.7368421052631575 0 nan nan 0 0
15.789473684210527 5.263157894736842 0 nan nan 0 0
15.789473684210527 5.789473684210526 0 nan nan 0 0
15.789473684210527 6.315789473684211 0 nan nan 0 0
15.789473684210527 6.842105263157895 0 nan nan 0 0
15.789473684210527 7.368421052631579 0 nan nan 0 0
15.789473684210527 7.894736842105263 0 nan nan 0 0
15.789473684210527 8.421052631578947 0 nan nan 0 0
15.789473684210527 8.947368421052632 0 nan nan 0 0
15.789473684210527 9.473684210526315 0 nan nan 0 0
17.36842105263158 -9.473684210526315 0 nan nan 0 0
17.36842105263158 -8.947368421052632 0 nan nan 0 0
17.36842105263158 -8.421052631578947 0 nan nan 0 0
17.36842105263158 -7.894736842105263 0 nan nan 0 0
17.36842105263158 -7.368421052631579 0 nan nan 0 0
17.36842105263158 -6.842105263157895 0 nan nan 0 0
17.36842105263158 -6.315789473684211 0 nan nan 0 0
17.36842105263158 -5.789473684210526 0 nan nan 0 0
17.36842105263158 -5.263157894736842 0 nan nan 0 0
17.36842105263158 -4.7368421052631575 0 nan nan 0 0
17.36842105263158 -4.2105263157894735 0 nan nan 0 0
17.36842105263158 -3.6842105263157894 0 nan nan 0 0
17.36842105263158 -3.1578947368421053 0 nan nan 0 0
17.36842105263158 -2.631578947368421 0 nan nan 0 0
17.36842105263158 -2.1052631578947367 0 nan nan 0 0
17.36842105263158 -1.5789473684210527 0 nan nan 0 0
17.36842105263158 -1.0526315789473684 0 nan nan 0 0
17.36842105263158 -0.5263157894736842 0 nan nan 0 0
17.36842105263158 -0.0 0 nan nan 0 0
17.36842105263158 0.0 0 nan nan 0 0
17.36842105263158 0.5263157894736842 0 nan nan 0 0
17.36842105263158 1.0526315789473684 0 nan nan 0 0
17.36842105263158 1.5789473684210527 0 nan nan 0 0
17.36842105263158 2.1052631578947367 0 nan nan 0 0
17.36842105263158 2.631578947368421 0 nan nan 0 0
17.36842105263158 3.1578947368421053 0 nan nan 0 0
17.36842105263158 3.6842105263157894 0 nan nan 0 0
17.36842105263158 4.2105263157894735 0 nan nan 0 0
17.36842105263158 4.7368421052631575 0 nan nan 0 0
17.36842105263158 5.263157894736842 0 nan nan 0 0
17.36842105263158 5.789473684210526 0 nan nan 0 0
17.36842105263158 6.315789473684211 0 nan nan 0 0
17.36842105263158 6.842105263157895 0 nan nan 0 0
17.36842105263158 7.368421052631579 0 nan nan 0 0
17.36842105263158 7.894736842105263 0 nan nan 0 0
17.36842105263158 8.421052631578947 0 nan nan 0 0
17.36842105263158 8.947368421052632 0 nan nan 0 0
17.36842105263158 9.473684210526315 0 nan nan 0 0
18.94736842105263 -9.473684210526315 0 nan nan 0 0
18.94736842105263 -8.947368421052632 0 nan nan 0 0
18.94736842105263 -8.421052631578947 0 nan nan 0 0
18.94736842105263 -7.894736842105263 0 nan nan 0 0
18.94736842105263 -7.368421052631579 0 nan nan 0 0
18.94736842105263 -6.842105263157895 0 nan nan 0 0
18.94736842105263 -6.315789473684211 0 nan nan 0 0
18.94736842105263 -5.789473684210526 0 nan nan 0 0
18.94736842105263 -5.263157894736842 0 nan nan 0 0
18.94736842105263 -4.7368421052631575 0 nan nan 0 0
18.94736842105263 -4.2105263157894735 0 nan nan 0 0
18.94736842105263 -3.6842105263157894 0 nan nan 0 0
18.94736842105263 -3.1578947368421053 0 nan nan 0 0
18.94736842105263 -2.631578947368421 0 nan nan 0 0
18.94736842105263 -2.1052631578947367 0 nan nan 0 0
18.94736842105263 -1.5789473684210527 0 nan nan 0 0
18.94736842105263 -1.0526315789473684 0 nan nan 0 0
18.94736842105263 -0.5263157894736842 0 nan nan 0 0
18.94736842105263 -0.0 0 nan nan 0 0
18.94736842105263 0.0 0 nan nan 0 0
18.94736842105263 0.5263157894736842 0 nan nan 0 0
18.94736842105263 1.0526315789473684 0 nan nan 0 0
18.94736842105263 1.5789473684210527 0 nan nan 0 0
18.94736842105263 2.1052631578947367 0 nan nan 0 0
18.94736842105263 2.631578947368421 0 nan nan 0 0
18.94736842105263 3.1578947368421053 0 nan nan 0 0
18.94736842105263 3.6842105263157894 0 nan nan 0 0
18.94736842105263 4.2105263157894735 0 nan nan 0 0
18.94736842105263 4.7368421052631575 0 nan nan 0 0
18.94736842105263 5.263157894736842 0 nan nan 0 0
18.94736842105263 5.789473684210526 0 nan nan 0 0
18.94736842105263 6.315789473684211 0 nan nan 0 0
18.94736842105263 6.842105263157895 0 nan nan 0 0
18.94736842105263 7.368421052631579 0 nan nan 0 0
18.94736842105263 7.894736842105263 0 nan nan 0 0
18.94736842105263 8.421052631578947 0 nan nan 0 0
18.94736842105263 8.947368421052632 0 nan nan 0 0
18.94736842105263 9.473684210526315 0 nan nan 0 0
20.526315789473685 -9.473684210526315 0 nan nan 0 0
20.526315789473685 -8.947368421052632 0 nan nan 0 0
20.526315789473685 -8.421052631578947 0 nan nan 0 0
20.526315789473685 -7.894736842105263 0 nan nan 0 0
20.526315789473685 -7.368421052631579 0 nan nan 0 0
20.526315789473685 -6.842105263157895 0 nan nan 0 0
20.526315789473685 -6.315789473684211 0 nan nan 0 0
20.526315789473685 -5.789473684210526 0 nan nan 0 0
20.526315789473685 -5.263157894736842 0 nan nan 0 0
20.526315789473685 -4.7368421052631575 0 nan nan 0 0
20.526315789473685 -4.2105263157894735 0 nan nan 0 0
20.526315789473685 -3.6842105263157894 0 nan nan 0 0
20.526315789473685 -3.1578947368421053 0 nan nan 0 0
20.526315789473685 -2.631578947368421 0 nan nan 0 0
20.526315789473685 -2.1052631578947367 0 nan nan 0 0
20.526315789473685 -1.5789473684210527 0 nan nan 0 0
20.526315789473685 -1.0526315789473684 0 nan nan 0 0
20.526315789473685 -0.5263157894736842 0 nan nan 0 0
20.526315789473685 -0.0 0 nan nan 0 0
20.526315789473685 0.0 0 nan nan 0 0
20.526315789473685 0.5263157894736842 0 nan nan 0 0
20.526315789473685 1.0526315789473684 0 nan nan 0 0
20.526315789473685 1.5789473684210527 0 nan nan 0 0
20.526315789473685 2.1052631578947367 0 nan nan 0 0
20.526315789473685 2.631578947368421 0 nan nan 0 0
20.526315789473685 3.1578947368421053 0 nan nan 0 0
20.526315789473685 3.6842105263157894 0 nan nan 0 0
20.526315789473685 4.2105263157894735 0 nan nan 0 0
20.526315789473685 4.7368421052631575 0 nan nan 0 0
20.526315789473685 5.263157894736842 0 nan nan 0 0
20.526315789473685 5.789473684210526 0 nan nan 0 0
20.526315789473685 6.315789473684211 0 nan nan 0 0
20.526315789473685 6.842105263157895 0 nan nan 0 0
20.526315789473685 7.368421052631579 0 nan nan 0 0
20.526315789473685 7.894736842105263 0 nan nan 0 0
20.526315789473685 8.421052631578947 0 nan nan 0 0
20.526315789473685 8.947368421052632 0 nan nan 0 0
20.526315789473685 9.473684210526315 0 nan nan 0 0
22.105263157894736 -9.473684210526315 0 nan nan 0 0
22.105263157894736 -8.947368421052632 0 nan nan 0 0
22.105263157894736 -8.421052631578947 0 nan nan 0 0
22.105263157894736 -7.894736842105263 0 nan nan 0 0
22.105263157894736 -7.368421052631579 0 nan nan 0 0
22.105263157894736 -6.842105263157895 0 nan nan 0 0
22.105263157894736 -6.315789473684211 0 nan nan 0 0
22.105263157894736 -5.789473684210526 0 nan nan 0 0
22.105263157894736 -5.263157894736842 0 nan nan 0 0
22.105263157894736 -4.7368421052631575 0 nan nan 0 0
22.105263157894736 -4.2105263157894735 0 nan nan 0 0
22.105263157894736 -3.6842105263157894 0 nan nan 0 0
22.105263157894736 -3.1578947368421053 0 nan nan 0 0
22.105263157894736 -2.631578947368421 0 nan nan 0 0
22.105263157894736 -2.1052631578947367 0 nan nan 0 0
22.105263157894736 -1.5789473684210527 0 nan nan 0 0
22.105263157894736 -1.0526315789473684 0 nan nan 0 0
22.105263157894736 -0.5263157894736842 0 nan nan 0 0
22.105263157894736 -0.0 0 nan nan 0 0
22.105263157894736 0.0 0 nan nan 0 0
22.105263157894736 0.5263157894736842 0 nan nan 0 0
22.105263157894736 1.0526315789473684 0 nan nan 0 0
22.105263157894736 1.5789473684210527 0 nan nan 0 0
22.105263157894736 2.1052631578947367 0 nan nan 0 0
22.105263157894736 2.631578947368421 0 nan nan 0 0
22.105263157894736 3.1578947368421053 0 nan nan 0 0
22.105263157894736 3.6842105263157894 0 nan nan 0 0
22.105263157894736 4.2105263157894735 0 nan nan 0 0
22.105263157894736 4.7368421052631575 0 nan nan 0 0
22.105263157894736 5.263157894736842 0 nan nan 0 0
22.105263157894736 5.789473684210526 0 nan nan 0 0
22.105263157894736 6.315789473684211 0 nan nan 0 0
22.105263157894736 6.842105263157895 0 nan nan 0 0
22.105263157894736 7.368421052631579 0 nan nan 0 0
22.105263157894736 7.894736842105263 0 nan nan 0 0
22.105263157894736 8.421052631578947 0 nan nan 0 0
22.105263157894736 8.947368421052632 0 nan nan 0 0
22.105263157894736 9.473684210526315 0 nan nan 0 0
23.68421052631579 -9.473684210526315 0 nan nan 0 0
23.68421052631579 -8.947368421052632 0 nan nan 0 0
23.68421052631579 -8.421052631578947 0 nan nan 0 0
23.68421052631579 -7.894736842105263 0 nan nan 0 0
23.68421052631579 -7.368421052631579 0 nan nan 0 0
23.68421052631579 -6.842105263157895 0 nan nan 0 0
23.68421052631579 -6.315789473684211 0 nan nan 0 0
23.68421052631579 -5.789473684210526 0 nan nan 0 0
23.68421052631579 -5.263157894736842 0 nan nan 0 0
23.68421052631579 -4.7368421052631575 0 nan nan 0 0
23.68421052631579 -4.2105263157894735 0 nan nan 0 0
23.68421052631579 -3.6842105263157894 0 nan nan 0 0
23.68421052631579 -3.1578947368421053 0 nan nan 0 0
23.68421052631579 -2.631578947368421 0 nan nan 0 0
23.68421052631579 -2.1052631578947367 0 nan nan 0 0
23.68421052631579 -1.5789473684210527 0 nan nan 0 0
23.68421052631579 -1.0526315789473684 0 nan nan 0 0
23.68421052631579 -0.5263157894736842 0 nan nan 0 0
23.68421052631579 -0.0 0 nan nan 0 0
23.68421052631579 0.0 0 nan nan 0 0
23.68421052631579 0.5263157894736842 0 nan nan 0 0
23.68421052631579 1.0526315789473684 0 nan nan 0 0
23.68421052631579 1.5789473684210527 0 nan nan 0 0
23.68421052631579 2.1052631578947367 0 nan nan 0 0
23.68421052631579 2.631578947368421 0 nan nan 0 0
23.68421052631579 3.1578947368421053 0 nan nan 0 0
23.68421052631579 3.6842105263157894 0 nan nan 0 0
23.68421052631579 4.2105263157894735 0 nan nan 0 0
23.68421052631579 4.7368421052631575 0 nan nan 0 0
23.68421052631579 5.263157894736842 0 nan nan 0 0
23.68421052631579 5.789473684210526 0 nan nan 0 0
23.68421052631579 6.315789473684211 0 nan nan 0 0
23.68421052631579 6.842105263157895 0 nan nan 0 0
23.68421052631579 7.368421052631579 0 nan nan 0 0
23.68421052631579 7.894736842105263 0 nan nan 0 0
23.68421052631579 8.421052631578947 0 nan nan 0 0
23.68421052631579 8.947368421052632 0 nan nan 0 0
23.68421052631579 9.473684210526315 0 nan nan 0 0
25.263157894736842 -9.473684210526315 0 nan nan 0 0
25.263157894736842 -8.947368421052632 0 nan nan 0 0
25.263157894736842 -8.421052631578947 0 nan nan 0 0
25.263157894736842 -7.894736842105263 0 nan nan 0 0
25.263157894736842 -7.368421052631579 0 nan nan 0 0
25.263157894736842 -6.842105263157895 0 nan nan 0 0
25.263157894736842 -6.315789473684211 0 nan nan 0 0
25.263157894736842 -5.789473684210526 0 nan nan 0 0
25.263157894736842 -5.263157894736842 0 nan nan 0 0
25.263157894736842 -4.7368421052631575 0 nan nan 0 0
25.263157894736842 -4.2105263157894735 0 nan nan 0 0
25.263157894736842 -3.6842105263157894 0 nan nan 0 0
25.263157894736842 -3.1578947368421053 0 nan nan 0 0
25.263157894736842 -2.631578947368421 0 nan nan 0 0
25.263157894736842 -2.1052631578947367 0 nan nan 0 0
25.263157894736842 -1.5789473684210527 0 nan nan 0 0
25.263157894736842 -1.0526315789473684 0 nan nan 0 0
25.263157894736842 -0.5263157894736842 0 nan nan 0 0
25.263157894736842 -0.0 0 nan nan 0 0
25.263157894736842 0.0 0 nan nan 0 0
25.263157894736842 0.5263157894736842 0 nan nan 0 0
25.263157894736842 1.0526315789473684 0 nan nan 0 0
25.263157894736842 1.5789473684210527 0 nan nan 0 0
25.263157894736842 2.1052631578947367 0 nan nan 0 0
25.263157894736842 2.631578947368421 0 nan nan 0 0
25.263157894736842 3.1578947368421053 0 nan nan 0 0
25.263157894736842 3.6842105263157894 0 nan nan 0 0
25.263157894736842 4.2105263157894735 0 nan nan 0 0
25.263157894736842 4.7368421052631575 0 nan nan 0 0
25.263157894736842 5.263157894736842 0 nan nan 0 0
25.263157894736842 5.789473684210526 0 nan nan 0 0
25.263157894736842 6.315789473684211 0 nan nan 0 0
25.263157894736842 6.842105263157895 0 nan nan 0 0
25.263157894736842 7.368421052631579 0 nan nan 0 0
25.263157894736842 7.894736842105263 0 nan nan 0 0
25.263157894736842 8.421052631578947 0 nan nan 0 0
25.263157894736842 8.947368421052632 0 nan nan 0 0
25.263157894736842 9.473684210526315 0 nan nan 0 0
26.842105263157894 -9.473684210526315 0 nan nan 0 0
26.842105263157894 -8.947368421052632 0 nan nan 0 0
26.842105263157894 -8.421052631578947 0 nan nan 0 0
26.842105263157894 -7.894736842105263 0 nan nan 0 0
26.842105263157894 -7.368421052631579 0 nan nan 0 0
26.842105263157894 -6.842105263157895 0 nan nan 0 0
26.842105263157894 -6.315789473684211 0 nan nan 0 0
26.842105263157894 -5.789473684210526 0 nan nan 0 0
26.842105263157894 -5.263157894736842 0 nan nan 0 0
26.842105263157894 -4.7368421052631575 0 nan nan 0 0
26.842105263157894 -4.2105263157894735 0 nan nan 0 0
26.842105263157894 -3.6842105263157894 0 nan nan 0 0
26.842105263157894 -3.1578947368421053 0 nan nan 0 0
26.842105263157894 -2.631578947368421 0 nan nan 0 0
26.842105263157894 -2.1052631578947367 0 nan nan 0 0
26.842105263157894 -1.5789473684210527 0 nan nan 0 0
26.842105263157894 -1.0526315789473684 0 nan nan 0 0
26.842105263157894 -0.5263157894736842 0 nan nan 0 0
26.842105263157894 -0.0 0 nan nan 0 0
26.842105263157894 0.0 0 nan nan 0 0
26.842105263157894 0.5263157894736842 0 nan nan 0 0
26.842105263157894 1.0526315789473684 0 nan nan 0 0
26.842105263157894 1.5789473684210527 0 nan nan 0 0
26.842105263157894 2.1052631578947367 0 nan nan 0 0
26.842105263157894 2.631578947368421 0 nan nan 0 0
26.842105263157894 3.1578947368421053 0 nan nan 0 0
26.842105263157894 3.6842105263157894 0 nan nan 0 0
26.842105263157894 4.2105263157894735 0 nan nan 0 0
26.842105263157894 4.7368421052631575 0 nan nan 0 0
26.842105263157894 5.263157894736842 0 nan nan 0 0
26.842105263157894 5.789473684210526 0 nan nan 0 0
26.842105263157894 6.315789473684211 0 nan nan 0 0
26.842105263157894 6.842105263157895 0 nan nan 0 0
26.842105263157894 7.368421052631579 0 nan nan 0 0
26.842105263157894 7.894736842105263 0 nan nan 0 0
26.842105263157894 8.421052631578947 0 nan nan 0 0
26.842105263157894 8.947368421052632 0 nan nan 0 0
26.842105263157894 9.473684210526315 0 nan nan 0 0
28.42105263157895 -9.473684210526315 0 nan nan 0 0
28.42105263157895 -8.947368421052632 0 nan nan 0 0
28.42105263157895 -8.421052631578947 0 nan nan 0 0
28.42105263157895 -7.894736842105263 0 nan nan 0 0
28.42105263157895 -7.368421052631579 0 nan nan 0 0
28.42105263157895 -6.842105263157895 0 nan nan 0 0
28.42105263157895 -6.315789473684211 0 nan nan 0 0
28.42105263157895 -5.789473684210526 0 nan nan 0 0
28.42105263157895 -5.263157894736842 0 nan nan 0 0
28.42105263157895 -4.7368421052631575 0 nan nan 0 0
28.42105263157895 -4.2105263157894735 0 nan nan 0 0
28.42105263157895 -3.6842105263157894 0 nan nan 0 0
28.42105263157895 -3.1578947368421053 0 nan nan 0 0
28.42105263157895 -2.631578947368421 0 nan nan 0 0
28.42105263157895 -2.1052631578947367 0 nan nan 0 0
28.42105263157895 -1.5789473684210527 0 nan nan 0 0
28.42105263157895 -1.0526315789473684 0 nan nan 0 0
28.42105263157895 -0.5263157894736842 0 nan nan 0 0
28.42105263157895 -0.0 0 nan nan 0 0
28.42105263157895 0.0 0 nan nan 0 0
28.42105263157895 0.5263157894736842 0 nan nan 0 0
28.42105263157895 1.0526315789473684 0 nan nan 0 0
28.42105263157895 1.5789473684210527 0 nan nan 0 0
28.42105263157895 2.1052631578947367 0 nan nan 0 0
28.42105263157895 2.631578947368421 0 nan nan 0 0
28.42105263157895 3.1578947368421053 0 nan nan 0 0
28.42105263157895 3.6842105263157894 0 nan nan 0 0
28.42105263157895 4.2105263157894735 0 nan nan 0 0
28.42105263157895 4.7368421052631575 0 nan nan 0 0
28.42105263157895 5.263157894736842 0 nan nan 0 0
28.42105263157895 5.789473684210526 0 nan nan 0 0
28.42105263157895 6.315789473684211 0 nan nan 0 0
28.42105263157895 6.842105263157895 0 nan nan 0 0
28.42105263157895 7.368421052631579 0 nan nan 0 0
28.42105263157895 7.894736842105263 0 nan nan 0 0
28.42105263157895 8.421052631578947 0 nan nan 0 0
28.42105263157895 8.947368421052632 0 nan nan 0 0
28.42105263157895 9.473684210526315 0 nan nan 0 0
