-28.42105263157895 -9.473684210526315 0 nan nan 0
-28.42105263157895 -8.947368421052632 0 nan nan 0
-28.42105263157895 -8.421052631578947 0 nan nan 0
-28.42105263157895 -7.894736842105263 0 nan nan 0
-28.42105263157895 -7.368421052631579 0 nan nan 0
-28.42105263157895 -6.842105263157895 0 nan nan 0
-28.42105263157895 -6.315789473684211 0 nan nan 0
-28.42105263157895 -5.789473684210526 0 nan nan 0
-28.42105263157895 -5.263157894736842 0 nan nan 0
-28.42105263157895 -4.7368421052631575 0 nan nan 0
-28.42105263157895 -4.2105263157894735 0 nan nan 0
-28.42105263157895 -3.6842105263157894 0 nan nan 0
-28.42105263157895 -3.1578947368421053 0 nan nan 0
-28.42105263157895 -2.631578947368421 0 nan nan 0
-28.42105263157895 -2.1052631578947367 0 nan nan 0
-28.42105263157895 -1.5789473684210527 0 nan nan 0
-28.42105263157895 -1.0526315789473684 0 nan nan 0
-28.42105263157895 -0.5263157894736842 0 nan nan 0
-28.42105263157895 -0.0 0 nan nan 0
-28.42105263157895 0.0 0 nan nan 0
-28.42105263157895 0.5263157894736842 0 nan nan 0
-28.42105263157895 1.0526315789473684 0 nan nan 0
-28.42105263157895 1.5789473684210527 0 nan nan 0
-28.42105263157895 2.1052631578947367 0 nan nan 0
-28.42105263157895 2.631578947368421 0 nan nan 0
-28.42105263157895 3.1578947368421053 0 nan nan 0
-28.42105263157895 3.6842105263157894 0 nan nan 0
-28.42105263157895 4.2105263157894735 0 nan nan 0
-28.42105263157895 4.7368421052631575 0 nan nan 0
-28.42105263157895 5.263157894736842 0 nan nan 0
-28.42105263157895 5.789473684210526 0 nan nan 0
-28.42105263157895 6.315789473684211 0 nan nan 0
-28.42105263157895 6.842105263157895 0 nan nan 0
-28.42105263157895 7.368421052631579 0 nan nan 0
-28.42105263157895 7.894736842105263 0 nan nan 0
-28.42105263157895 8.421052631578947 0 nan nan 0
-28.42105263157895 8.947368421052632 0 nan nan 0
-28.42105263157895 9.473684210526315 0 nan nan 0
-26.842105263157894 -9.473684210526315 0 nan nan 0
-26.842105263157894 -8.947368421052632 0 nan nan 0
-26.842105263157894 -8.421052631578947 0 nan nan 0
-26.842105263157894 -7.894736842105263 0 nan nan 0
-26.842105263157894 -7.368421052631579 0 nan nan 0
-26.842105263157894 -6.842105263157895 0 nan nan 0
-26.842105263157894 -6.315789473684211 0 nan nan 0
-26.842105263157894 -5.789473684210526 0 nan nan 0
-26.842105263157894 -5.263157894736842 0 nan nan 0
-26.842105263157894 -4.7368421052631575 0 nan nan 0
-26.842105263157894 -4.2105263157894735 0 nan nan 0
-26.842105263157894 -3.6842105263157894 0 nan nan 0
-26.842105263157894 -3.1578947368421053 0 nan nan 0
-26.842105263157894 -2.631578947368421 0 nan nan 0
-26.842105263157894 -2.1052631578947367 0 nan nan 0
-26.842105263157894 -1.5789473684210527 0 nan nan 0
-26.842105263157894 -1.0526315789473684 0 nan nan 0
-26.842105263157894 -0.5263157894736842 0 nan nan 0
-26.842105263157894 -0.0 0 nan nan 0
-26.842105263157894 0.0 0 nan nan 0
-26.842105263157894 0.5263157894736842 0 nan nan 0
-26.842105263157894 1.0526315789473684 0 nan nan 0
-26.842105263157894 1.5789473684210527 0 nan nan 0
-26.842105263157894 2.1052631578947367 0 nan nan 0
-26.842105263157894 2.631578947368421 0 nan nan 0
-26.842105263157894 3.1578947368421053 0 nan nan 0
-26.842105263157894 3.6842105263157894 0 nan nan 0
-26.842105263157894 4.2105263157894735 0 nan nan 0
-26.842105263157894 4.7368421052631575 0 nan nan 0
-26.842105263157894 5.263157894736842 0 nan nan 0
-26.842105263157894 5.789473684210526 0 nan nan 0
-26.842105263157894 6.315789473684211 0 nan nan 0
-26.842105263157894 6.842105263157895 0 nan nan 0
-26.842105263157894 7.368421052631579 0 nan nan 0
-26.842105263157894 7.894736842105263 0 nan nan 0
-26.842105263157894 8.421052631578947 0 nan nan 0
-26.842105263157894 8.947368421052632 0 nan nan 0
-26.842105263157894 9.473684210526315 0 nan nan 0
-25.263157894736842 -9.473684210526315 0 nan nan 0
-25.263157894736842 -8.947368421052632 0 nan nan 0
-25.263157894736842 -8.421052631578947 0 nan nan 0
-25.263157894736842 -7.894736842105263 0 nan nan 0
-25.263157894736842 -7.368421052631579 0 nan nan 0
-25.263157894736842 -6.842105263157895 0 nan nan 0
-25.263157894736842 -6.315789473684211 0 nan nan 0
-25.263157894736842 -5.789473684210526 0 nan nan 0
-25.263157894736842 -5.263157894736842 0 nan nan 0
-25.263157894736842 -4.7368421052631575 0 nan nan 0
-25.263157894736842 -4.2105263157894735 0 nan nan 0
-25.263157894736842 -3.6842105263157894 0 nan nan 0
-25.263157894736842 -3.1578947368421053 0 nan nan 0
-25.263157894736842 -2.631578947368421 0 nan nan 0
-25.263157894736842 -2.1052631578947367 0 nan nan 0
-25.263157894736842 -1.5789473684210527 0 nan nan 0
-25.263157894736842 -1.0526315789473684 0 nan nan 0
-25.263157894736842 -0.5263157894736842 0 nan nan 0
-25.263157894736842 -0.0 0 nan nan 0
-25.263157894736842 0.0 0 nan nan 0
-25.263157894736842 0.5263157894736842 0 nan nan 0
-25.263157894736842 1.0526315789473684 0 nan nan 0
-25.263157894736842 1.5789473684210527 0 nan nan 0
-25.263157894736842 2.1052631578947367 0 nan nan 0
-25.263157894736842 2.631578947368421 0 nan nan 0
-25.263157894736842 3.1578947368421053 0 nan nan 0
-25.263157894736842 3.6842105263157894 0 nan nan 0
-25.263157894736842 4.2105263157894735 0 nan nan 0
-25.263157894736842 4.7368421052631575 0 nan nan 0
-25.263157894736842 5.263157894736842 0 nan nan 0
-25.263157894736842 5.789473684210526 0 nan nan 0
-25.263157894736842 6.315789473684211 0 nan nan 0
-25.263157894736842 6.842105263157895 0 nan nan 0
-25.263157894736842 7.368421052631579 0 nan nan 0
-25.263157894736842 7.894736842105263 0 nan nan 0
-25.263157894736842 8.421052631578947 0 nan nan 0
-25.263157894736842 8.947368421052632 0 nan nan 0
-25.263157894736842 9.473684210526315 0 nan nan 0
-23.68421052631579 -9.473684210526315 0 nan nan 0
-23.68421052631579 -8.947368421052632 0 nan nan 0
-23.68421052631579 -8.421052631578947 0 nan nan 0
-23.68421052631579 -7.894736842105263 0 nan nan 0
-23.68421052631579 -7.368421052631579 0 nan nan 0
-23.68421052631579 -6.842105263157895 0 nan nan 0
-23.68421052631579 -6.315789473684211 0 nan nan 0
-23.68421052631579 -5.789473684210526 0 nan nan 0
-23.68421052631579 -5.263157894736842 0 nan nan 0
-23.68421052631579 -4.7368421052631575 0 nan nan 0
-23.68421052631579 -4.2105263157894735 0 nan nan 0
-23.68421052631579 -3.6842105263157894 0 nan nan 0
-23.68421052631579 -3.1578947368421053 0 nan nan 0
-23.68421052631579 -2.631578947368421 0 nan nan 0
-23.68421052631579 -2.1052631578947367 0 nan nan 0
-23.68421052631579 -1.5789473684210527 0 nan nan 0
-23.68421052631579 -1.0526315789473684 0 nan nan 0
-23.68421052631579 -0.5263157894736842 0 nan nan 0
-23.68421052631579 -0.0 0 nan nan 0
-23.68421052631579 0.0 0 nan nan 0
-23.68421052631579 0.5263157894736842 0 nan nan 0
-23.68421052631579 1.0526315789473684 0 nan nan 0
-23.68421052631579 1.5789473684210527 0 nan nan 0
-23.68421052631579 2.1052631578947367 0 nan nan 0
-23.68421052631579 2.631578947368421 0 nan nan 0
-23.68421052631579 3.1578947368421053 0 nan nan 0
-23.68421052631579 3.6842105263157894 0 nan nan 0
-23.68421052631579 4.2105263157894735 0 nan nan 0
-23.68421052631579 4.7368421052631575 0 nan nan 0
-23.68421052631579 5.263157894736842 0 nan nan 0
-23.68421052631579 5.789473684210526 0 nan nan 0
-23.68421052631579 6.315789473684211 0 nan nan 0
-23.68421052631579 6.842105263157895 0 nan nan 0
-23.68421052631579 7.368421052631579 0 nan nan 0
-23.68421052631579 7.894736842105263 0 nan nan 0
-23.68421052631579 8.421052631578947 0 nan nan 0
-23.68421052631579 8.947368421052632 0 nan nan 0
-23.68421052631579 9.473684210526315 0 nan nan 0
-22.105263157894736 -9.473684210526315 0 nan nan 0
-22.105263157894736 -8.947368421052632 0 nan nan 0
-22.105263157894736 -8.421052631578947 0 nan nan 0
-22.105263157894736 -7.894736842105263 0 nan nan 0
-22.105263157894736 -7.368421052631579 0 nan nan 0
-22.105263157894736 -6.842105263157895 0 nan nan 0
-22.105263157894736 -6.315789473684211 0 nan nan 0
-22.105263157894736 -5.789473684210526 0 nan nan 0
-22.105263157894736 -5.263157894736842 0 nan nan 0
-22.105263157894736 -4.7368421052631575 0 nan nan 0
-22.105263157894736 -4.2105263157894735 0 nan nan 0
-22.105263157894736 -3.6842105263157894 0 nan nan 0
-22.105263157894736 -3.1578947368421053 0 nan nan 0
-22.105263157894736 -2.631578947368421 0 nan nan 0
-22.105263157894736 -2.1052631578947367 0 nan nan 0
-22.105263157894736 -1.5789473684210527 0 nan nan 0
-22.105263157894736 -1.0526315789473684 0 nan nan 0
-22.105263157894736 -0.5263157894736842 0 nan nan 0
-22.105263157894736 -0.0 0 nan nan 0
-22.105263157894736 0.0 0 nan nan 0
-22.105263157894736 0.5263157894736842 0 nan nan 0
-22.105263157894736 1.0526315789473684 0 nan nan 0
-22.105263157894736 1.5789473684210527 0 nan nan 0
-22.105263157894736 2.1052631578947367 0 nan nan 0
-22.105263157894736 2.631578947368421 0 nan nan 0
-22.105263157894736 3.1578947368421053 0 nan nan 0
-22.105263157894736 3.6842105263157894 0 nan nan 0
-22.105263157894736 4.2105263157894735 0 nan nan 0
-22.105263157894736 4.7368421052631575 0 nan nan 0
-22.105263157894736 5.263157894736842 0 nan nan 0
-22.105263157894736 5.789473684210526 0 nan nan 0
-22.105263157894736 6.315789473684211 0 nan nan 0
-22.105263157894736 6.842105263157895 0 nan nan 0
-22.105263157894736 7.368421052631579 0 nan nan 0
-22.105263157894736 7.894736842105263 0 nan nan 0
-22.105263157894736 8.421052631578947 0 nan nan 0
-22.105263157894736 8.947368421052632 0 nan nan 0
-22.105263157894736 9.473684210526315 0 nan nan 0
-20.526315789473685 -9.473684210526315 0 nan nan 0
-20.526315789473685 -8.947368421052632 0 nan nan 0
-20.526315789473685 -8.421052631578947 0 nan nan 0
-20.526315789473685 -7.894736842105263 0 nan nan 0
-20.526315789473685 -7.368421052631579 0 nan nan 0
-20.526315789473685 -6.842105263157895 0 nan nan 0
-20.526315789473685 -6.315789473684211 0 nan nan 0
-20.526315789473685 -5.789473684210526 0 nan nan 0
-20.526315789473685 -5.263157894736842 0 nan nan 0
-20.526315789473685 -4.7368421052631575 0 nan nan 0
-20.526315789473685 -4.2105263157894735 0 nan nan 0
-20.526315789473685 -3.6842105263157894 0 nan nan 0
-20.526315789473685 -3.1578947368421053 0 nan nan 0
-20.526315789473685 -2.631578947368421 0 nan nan 0
-20.526315789473685 -2.1052631578947367 0 nan nan 0
-20.526315789473685 -1.5789473684210527 0 nan nan 0
-20.526315789473685 -1.0526315789473684 0 nan nan 0
-20.526315789473685 -0.5263157894736842 0 nan nan 0
-20.526315789473685 -0.0 0 nan nan 0
-20.526315789473685 0.0 0 nan nan 0
-20.526315789473685 0.5263157894736842 0 nan nan 0
-20.526315789473685 1.0526315789473684 0 nan nan 0
-20.526315789473685 1.5789473684210527 0 nan nan 0
-20.526315789473685 2.1052631578947367 0 nan nan 0
-20.526315789473685 2.631578947368421 0 nan nan 0
-20.526315789473685 3.1578947368421053 0 nan nan 0
-20.526315789473685 3.6842105263157894 0 nan nan 0
-20.526315789473685 4.2105263157894735 0 nan nan 0
-20.526315789473685 4.7368421052631575 0 nan nan 0
-20.526315789473685 5.263157894736842 0 nan nan 0
-20.526315789473685 5.789473684210526 0 nan nan 0
-20.526315789473685 6.315789473684211 0 nan nan 0
-20.526315789473685 6.842105263157895 0 nan nan 0
-20.526315789473685 7.368421052631579 0 nan nan 0
-20.526315789473685 7.894736842105263 0 nan nan 0
-20.526315789473685 8.421052631578947 0 nan nan 0
-20.526315789473685 8.947368421052632 0 nan nan 0
-20.526315789473685 9.473684210526315 0 nan nan 0
-18.94736842105263 -9.473684210526315 0 nan nan 0
-18.94736842105263 -8.947368421052632 0 nan nan 0
-18.94736842105263 -8.421052631578947 0 nan nan 0
-18.94736842105263 -7.894736842105263 0 nan nan 0
-18.94736842105263 -7.368421052631579 0 nan nan 0
-18.94736842105263 -6.842105263157895 0 nan nan 0
-18.94736842105263 -6.315789473684211 0 nan nan 0
-18.94736842105263 -5.789473684210526 0 nan nan 0
-18.94736842105263 -5.263157894736842 0 nan nan 0
-18.94736842105263 -4.7368421052631575 0 nan nan 0
-18.94736842105263 -4.2105263157894735 0 nan nan 0
-18.94736842105263 -3.6842105263157894 0 nan nan 0
-18.94736842105263 -3.1578947368421053 0 nan nan 0
-18.94736842105263 -2.631578947368421 0 nan nan 0
-18.94736842105263 -2.1052631578947367 0 nan nan 0
-18.94736842105263 -1.5789473684210527 0 nan nan 0
-18.94736842105263 -1.0526315789473684 0 nan nan 0
-18.94736842105263 -0.5263157894736842 0 nan nan 0
-18.94736842105263 -0.0 0 nan nan 0
-18.94736842105263 0.0 0 nan nan 0
-18.94736842105263 0.5263157894736842 0 nan nan 0
-18.94736842105263 1.0526315789473684 0 nan nan 0
-18.94736842105263 1.5789473684210527 0 nan nan 0
-18.94736842105263 2.1052631578947367 0 nan nan 0
-18.94736842105263 2.631578947368421 0 nan nan 0
-18.94736842105263 3.1578947368421053 0 nan nan 0
-18.94736842105263 3.6842105263157894 0 nan nan 0
-18.94736842105263 4.2105263157894735 0 nan nan 0
-18.94736842105263 4.7368421052631575 0 nan nan 0
-18.94736842105263 5.263157894736842 0 nan nan 0
-18.94736842105263 5.789473684210526 0 nan nan 0
-18.94736842105263 6.315789473684211 0 nan nan 0
-18.94736842105263 6.842105263157895 0 nan nan 0
-18.94736842105263 7.368421052631579 0 nan nan 0
-18.94736842105263 7.894736842105263 0 nan nan 0
-18.94736842105263 8.421052631578947 0 nan nan 0
-18.94736842105263 8.947368421052632 0 nan nan 0
-18.94736842105263 9.473684210526315 0 nan nan 0
-17.36842105263158 -9.473684210526315 0 nan nan 0
-17.36842105263158 -8.947368421052632 0 nan nan 0
-17.36842105263158 -8.421052631578947 0 nan nan 0
-17.36842105263158 -7.894736842105263 0 nan nan 0
-17.36842105263158 -7.368421052631579 0 nan nan 0
-17.36842105263158 -6.842105263157895 0 nan nan 0
-17.36842105263158 -6.315789473684211 0 nan nan 0
-17.36842105263158 -5.789473684210526 0 nan nan 0
-17.36842105263158 -5.263157894736842 0 nan nan 0
-17.36842105263158 -4.7368421052631575 0 nan nan 0
-17.36842105263158 -4.2105263157894735 0 nan nan 0
-17.36842105263158 -3.6842105263157894 0 nan nan 0
-17.36842105263158 -3.1578947368421053 0 nan nan 0
-17.36842105263158 -2.631578947368421 0 nan nan 0
-17.36842105263158 -2.1052631578947367 0 nan nan 0
-17.36842105263158 -1.5789473684210527 0 nan nan 0
-17.36842105263158 -1.0526315789473684 0 nan nan 0
-17.36842105263158 -0.5263157894736842 0 nan nan 0
-17.36842105263158 -0.0 0 nan nan 0
-17.36842105263158 0.0 0 nan nan 0
-17.36842105263158 0.5263157894736842 0 nan nan 0
-17.36842105263158 1.0526315789473684 0 nan nan 0
-17.36842105263158 1.5789473684210527 0 nan nan 0
-17.36842105263158 2.1052631578947367 0 nan nan 0
-17.36842105263158 2.631578947368421 0 nan nan 0
-17.36842105263158 3.1578947368421053 0 nan nan 0
-17.36842105263158 3.6842105263157894 0 nan nan 0
-17.36842105263158 4.2105263157894735 0 nan nan 0
-17.36842105263158 4.7368421052631575 0 nan nan 0
-17.36842105263158 5.263157894736842 0 nan nan 0
-17.36842105263158 5.789473684210526 0 nan nan 0
-17.36842105263158 6.315789473684211 0 nan nan 0
-17.36842105263158 6.842105263157895 0 nan nan 0
-17.36842105263158 7.368421052631579 0 nan nan 0
-17.36842105263158 7.894736842105263 0 nan nan 0
-17.36842105263158 8.421052631578947 0 nan nan 0
-17.36842105263158 8.947368421052632 0 nan nan 0
-17.36842105263158 9.473684210526315 0 nan nan 0
-15.789473684210527 -9.473684210526315 0 nan nan 0
-15.789473684210527 -8.947368421052632 0 nan nan 0
-15.789473684210527 -8.421052631578947 0 nan nan 0
-15.789473684210527 -7.894736842105263 0 nan nan 0
-15.789473684210527 -7.368421052631579 0 nan nan 0
-15.789473684210527 -6.842105263157895 0 nan nan 0
-15.789473684210527 -6.315789473684211 0 nan nan 0
-15.789473684210527 -5.789473684210526 0 nan nan 0
-15.789473684210527 -5.263157894736842 0 nan nan 0
-15.789473684210527 -4.7368421052631575 0 nan nan 0
-15.789473684210527 -4.2105263157894735 0 nan nan 0
-15.789473684210527 -3.6842105263157894 0 nan nan 0
-15.789473684210527 -3.1578947368421053 0 nan nan 0
-15.789473684210527 -2.631578947368421 0 nan nan 0
-15.789473684210527 -2.1052631578947367 0 nan nan 0
-15.789473684210527 -1.5789473684210527 0 nan nan 0
-15.789473684210527 -1.0526315789473684 0 nan nan 0
-15.789473684210527 -0.5263157894736842 1 nan nan 0
-15.789473684210527 -0.0 1 nan nan 0
-15.789473684210527 0.0 1 nan nan 0
-15.789473684210527 0.5263157894736842 1 nan nan 0
-15.789473684210527 1.0526315789473684 0 nan nan 0
-15.789473684210527 1.5789473684210527 0 nan nan 0
-15.789473684210527 2.1052631578947367 0 nan nan 0
-15.789473684210527 2.631578947368421 0 nan nan 0
-15.789473684210527 3.1578947368421053 0 nan nan 0
-15.789473684210527 3.6842105263157894 0 nan nan 0
-15.789473684210527 4.2105263157894735 0 nan nan 0
-15.789473684210527 4.7368421052631575 0 nan nan 0
-15.789473684210527 5.263157894736842 0 nan nan 0
-15.789473684210527 5.789473684210526 0 nan nan 0
-15.789473684210527 6.315789473684211 0 nan nan 0
-15.789473684210527 6.842105263157895 0 nan nan 0
-15.789473684210527 7.368421052631579 0 nan nan 0
-15.789473684210527 7.894736842105263 0 nan nan 0
-15.789473684210527 8.421052631578947 0 nan nan 0
-15.789473684210527 8.947368421052632 0 nan nan 0
-15.789473684210527 9.473684210526315 0 nan nan 0
-14.210526315789474 -9.473684210526315 0 nan nan 0
-14.210526315789474 -8.947368421052632 0 nan nan 0
-14.210526315789474 -8.421052631578947 0 nan nan 0
-14.210526315789474 -7.894736842105263 0 nan nan 0
-14.210526315789474 -7.368421052631579 0 nan nan 0
-14.210526315789474 -6.842105263157895 0 nan nan 0
-14.210526315789474 -6.315789473684211 0 nan nan 0
-14.210526315789474 -5.789473684210526 0 nan nan 0
-14.210526315789474 -5.263157894736842 0 nan nan 0
-14.210526315789474 -4.7368421052631575 0 nan nan 0
-14.210526315789474 -4.2105263157894735 0 nan nan 0
-14.210526315789474 -3.6842105263157894 0 nan nan 0
-14.210526315789474 -3.1578947368421053 0 nan nan 0
-14.210526315789474 -2.631578947368421 0 nan nan 0
-14.210526315789474 -2.1052631578947367 0 nan nan 0
-14.210526315789474 -1.5789473684210527 0 nan nan 0
-14.210526315789474 -1.0526315789473684 1 nan nan 0
-14.210526315789474 -0.5263157894736842 1 nan nan 0
-14.210526315789474 -0.0 1 nan nan 0
-14.210526315789474 0.0 1 nan nan 0
-14.210526315789474 0.5263157894736842 1 nan nan 0
-14.210526315789474 1.0526315789473684 1 nan nan 0
-14.210526315789474 1.5789473684210527 0 nan nan 0
-14.210526315789474 2.1052631578947367 0 nan nan 0
-14.210526315789474 2.631578947368421 0 nan nan 0
-14.210526315789474 3.1578947368421053 0 nan nan 0
-14.210526315789474 3.6842105263157894 0 nan nan 0
-14.210526315789474 4.2105263157894735 0 nan nan 0
-14.210526315789474 4.7368421052631575 0 nan nan 0
-14.210526315789474 5.263157894736842 0 nan nan 0
-14.210526315789474 5.789473684210526 0 nan nan 0
-14.210526315789474 6.315789473684211 0 nan nan 0
-14.210526315789474 6.842105263157895 0 nan nan 0
-14.210526315789474 7.368421052631579 0 nan nan 0
-14.210526315789474 7.894736842105263 0 nan nan 0
-14.210526315789474 8.421052631578947 0 nan nan 0
-14.210526315789474 8.947368421052632 0 nan nan 0
-14.210526315789474 9.473684210526315 0 nan nan 0
-12.631578947368421 -9.473684210526315 0 nan nan 0
-12.631578947368421 -8.947368421052632 0 nan nan 0
-12.631578947368421 -8.421052631578947 0 nan nan 0
-12.631578947368421 -7.894736842105263 0 nan nan 0
-12.631578947368421 -7.368421052631579 0 nan nan 0
-12.631578947368421 -6.842105263157895 0 nan nan 0
-12.631578947368421 -6.315789473684211 0 nan nan 0
-12.631578947368421 -5.789473684210526 0 nan nan 0
-12.631578947368421 -5.263157894736842 0 nan nan 0
-12.631578947368421 -4.7368421052631575 0 nan nan 0
-12.631578947368421 -4.2105263157894735 0 nan nan 0
-12.631578947368421 -3.6842105263157894 0 nan nan 0
-12.631578947368421 -3.1578947368421053 0 nan nan 0
-12.631578947368421 -2.631578947368421 0 nan nan 0
-12.631578947368421 -2.1052631578947367 0 nan nan 0
-12.631578947368421 -1.5789473684210527 0 nan nan 0
-12.631578947368421 -1.0526315789473684 1 nan nan 0
-12.631578947368421 -0.5263157894736842 1 nan nan 0
-12.631578947368421 -0.0 1 nan nan 0
-12.631578947368421 0.0 1 nan nan 0
-12.631578947368421 0.5263157894736842 1 nan nan 0
-12.631578947368421 1.0526315789473684 1 nan nan 0
-12.631578947368421 1.5789473684210527 0 nan nan 0
-12.631578947368421 2.1052631578947367 0 nan nan 0
-12.631578947368421 2.631578947368421 0 nan nan 0
-12.631578947368421 3.1578947368421053 0 nan nan 0
-12.631578947368421 3.6842105263157894 0 nan nan 0
-12.631578947368421 4.2105263157894735 0 nan nan 0
-12.631578947368421 4.7368421052631575 0 nan nan 0
-12.631578947368421 5.263157894736842 0 nan nan 0
-12.631578947368421 5.789473684210526 0 nan nan 0
-12.631578947368421 6.315789473684211 0 nan nan 0
-12.631578947368421 6.842105263157895 0 nan nan 0
-12.631578947368421 7.368421052631579 0 nan nan 0
-12.631578947368421 7.894736842105263 0 nan nan 0
-12.631578947368421 8.421052631578947 0 nan nan 0
-12.631578947368421 8.947368421052632 0 nan nan 0
-12.631578947368421 9.473684210526315 0 nan nan 0
-11.052631578947368 -9.473684210526315 0 nan nan 0
-11.052631578947368 -8.947368421052632 0 nan nan 0
-11.052631578947368 -8.421052631578947 0 nan nan 0
-11.052631578947368 -7.894736842105263 0 nan nan 0
-11.052631578947368 -7.368421052631579 0 nan nan 0
-11.052631578947368 -6.842105263157895 0 nan nan 0
-11.052631578947368 -6.315789473684211 0 nan nan 0
-11.052631578947368 -5.789473684210526 0 nan nan 0
-11.052631578947368 -5.263157894736842 0 nan nan 0
-11.052631578947368 -4.7368421052631575 0 nan nan 0
-11.052631578947368 -4.2105263157894735 0 nan nan 0
-11.052631578947368 -3.6842105263157894 0 nan nan 0
-11.052631578947368 -3.1578947368421053 0 nan nan 0
-11.052631578947368 -2.631578947368421 0 nan nan 0
-11.052631578947368 -2.1052631578947367 0 nan nan 0
-11.052631578947368 -1.5789473684210527 1 nan nan 0
-11.052631578947368 -1.0526315789473684 1 nan nan 0
-11.052631578947368 -0.5263157894736842 1 nan nan 0
-11.052631578947368 -0.0 1 nan nan 0
-11.052631578947368 0.0 1 nan nan 0
-11.052631578947368 0.5263157894736842 1 nan nan 0
-11.052631578947368 1.0526315789473684 1 nan nan 0
-11.052631578947368 1.5789473684210527 1 nan nan 0
-11.052631578947368 2.1052631578947367 0 nan nan 0
-11.052631578947368 2.631578947368421 0 nan nan 0
-11.052631578947368 3.1578947368421053 0 nan nan 0
-11.052631578947368 3.6842105263157894 0 nan nan 0
-11.052631578947368 4.2105263157894735 0 nan nan 0
-11.052631578947368 4.7368421052631575 0 nan nan 0
-11.052631578947368 5.263157894736842 0 nan nan 0
-11.052631578947368 5.789473684210526 0 nan nan 0
-11.052631578947368 6.315789473684211 0 nan nan 0
-11.052631578947368 6.842105263157895 0 nan nan 0
-11.052631578947368 7.368421052631579 0 nan nan 0
-11.052631578947368 7.894736842105263 0 nan nan 0
-11.052631578947368 8.421052631578947 0 nan nan 0
-11.052631578947368 8.947368421052632 0 nan nan 0
-11.052631578947368 9.473684210526315 0 nan nan 0
-9.473684210526315 -9.473684210526315 0 nan nan 0
-9.473684210526315 -8.947368421052632 0 nan nan 0
-9.473684210526315 -8.421052631578947 0 nan nan 0
-9.473684210526315 -7.894736842105263 0 nan nan 0
-9.473684210526315 -7.368421052631579 0 nan nan 0
-9.473684210526315 -6.842105263157895 0 nan nan 0
-9.473684210526315 -6.315789473684211 0 nan nan 0
-9.473684210526315 -5.789473684210526 0 nan nan 0
-9.473684210526315 -5.263157894736842 0 nan nan 0
-9.473684210526315 -4.7368421052631575 0 nan nan 0
-9.473684210526315 -4.2105263157894735 0 nan nan 0
-9.473684210526315 -3.6842105263157894 0 nan nan 0
-9.473684210526315 -3.1578947368421053 0 nan nan 0
-9.473684210526315 -2.631578947368421 0 nan nan 0
-9.473684210526315 -2.1052631578947367 0 nan nan 0
-9.473684210526315 -1.5789473684210527 1 nan nan 0
-9.473684210526315 -1.0526315789473684 1 nan nan 0
-9.473684210526315 -0.5263157894736842 1 nan nan 0
-9.473684210526315 -0.0 1 nan nan 0
-9.473684210526315 0.0 1 nan nan 0
-9.473684210526315 0.5263157894736842 1 nan nan 0
-9.473684210526315 1.0526315789473684 1 nan nan 0
-9.473684210526315 1.5789473684210527 1 nan nan 0
-9.473684210526315 2.1052631578947367 0 nan nan 0
-9.473684210526315 2.631578947368421 0 nan nan 0
-9.473684210526315 3.1578947368421053 0 nan nan 0
-9.473684210526315 3.6842105263157894 0 nan nan 0
-9.473684210526315 4.2105263157894735 0 nan nan 0
-9.473684210526315 4.7368421052631575 0 nan nan 0
-9.473684210526315 5.263157894736842 0 nan nan 0
-9.473684210526315 5.789473684210526 0 nan nan 0
-9.473684210526315 6.315789473684211 0 nan nan 0
-9.473684210526315 6.842105263157895 0 nan nan 0
-9.473684210526315 7.368421052631579 0 nan nan 0
-9.473684210526315 7.894736842105263 0 nan nan 0
-9.473684210526315 8.421052631578947 0 nan nan 0
-9.473684210526315 8.947368421052632 0 nan nan 0
-9.473684210526315 9.473684210526315 0 nan nan 0
-7.894736842105264 -9.473684210526315 0 nan nan 0
-7.894736842105264 -8.947368421052632 0 nan nan 0
-7.894736842105264 -8.421052631578947 0 nan nan 0
-7.894736842105264 -7.894736842105263 0 nan nan 0
-7.894736842105264 -7.368421052631579 0 nan nan 0
-7.894736842105264 -6.842105263157895 0 nan nan 0
-7.894736842105264 -6.315789473684211 0 nan nan 0
-7.894736842105264 -5.789473684210526 0 nan nan 0
-7.894736842105264 -5.263157894736842 0 nan nan 0
-7.894736842105264 -4.7368421052631575 0 nan nan 0
-7.894736842105264 -4.2105263157894735 0 nan nan 0
-7.894736842105264 -3.6842105263157894 0 nan nan 0
-7.894736842105264 -3.1578947368421053 0 nan nan 0
-7.894736842105264 -2.631578947368421 0 nan nan 0
-7.894736842105264 -2.1052631578947367 0 nan nan 0
-7.894736842105264 -1.5789473684210527 1 nan nan 0
-7.894736842105264 -1.0526315789473684 1 nan nan 0
-7.894736842105264 -0.5263157894736842 1 nan nan 0
-7.894736842105264 -0.0 1 nan nan 0
-7.894736842105264 0.0 1 nan nan 0
-7.894736842105264 0.5263157894736842 1 nan nan 0
-7.894736842105264 1.0526315789473684 1 nan nan 0
-7.894736842105264 1.5789473684210527 1 nan nan 0
-7.894736842105264 2.1052631578947367 0 nan nan 0
-7.894736842105264 2.631578947368421 0 nan nan 0
-7.894736842105264 3.1578947368421053 0 nan nan 0
-7.894736842105264 3.6842105263157894 0 nan nan 0
-7.894736842105264 4.2105263157894735 0 nan nan 0
-7.894736842105264 4.7368421052631575 0 nan nan 0
-7.894736842105264 5.263157894736842 0 nan nan 0
-7.894736842105264 5.789473684210526 0 nan nan 0
-7.894736842105264 6.315789473684211 0 nan nan 0
-7.894736842105264 6.842105263157895 0 nan nan 0
-7.894736842105264 7.368421052631579 0 nan nan 0
-7.894736842105264 7.894736842105263 0 nan nan 0
-7.894736842105264 8.421052631578947 0 nan nan 0
-7.894736842105264 8.947368421052632 0 nan nan 0
-7.894736842105264 9.473684210526315 0 nan nan 0
-6.315789473684211 -9.473684210526315 0 nan nan 0
-6.315789473684211 -8.947368421052632 0 nan nan 0
-6.315789473684211 -8.421052631578947 0 nan nan 0
-6.315789473684211 -7.894736842105263 0 nan nan 0
-6.315789473684211 -7.368421052631579 0 nan nan 0
-6.315789473684211 -6.842105263157895 0 nan nan 0
-6.315789473684211 -6.315789473684211 0 nan nan 0
-6.315789473684211 -5.789473684210526 0 nan nan 0
-6.315789473684211 -5.263157894736842 0 nan nan 0
-6.315789473684211 -4.7368421052631575 0 nan nan 0
-6.315789473684211 -4.2105263157894735 0 nan nan 0
-6.315789473684211 -3.6842105263157894 0 nan nan 0
-6.315789473684211 -3.1578947368421053 0 nan nan 0
-6.315789473684211 -2.631578947368421 0 nan nan 0
-6.315789473684211 -2.1052631578947367 0 nan nan 0
-6.315789473684211 -1.5789473684210527 1 nan nan 0
-6.315789473684211 -1.0526315789473684 1 nan nan 0
-6.315789473684211 -0.5263157894736842 1 nan nan 0
-6.315789473684211 -0.0 1 nan nan 0
-6.315789473684211 0.0 1 nan nan 0
-6.315789473684211 0.5263157894736842 1 nan nan 0
-6.315789473684211 1.0526315789473684 1 nan nan 0
-6.315789473684211 1.5789473684210527 1 nan nan 0
-6.315789473684211 2.1052631578947367 0 nan nan 0
-6.315789473684211 2.631578947368421 0 nan nan 0
-6.315789473684211 3.1578947368421053 0 nan nan 0
-6.315789473684211 3.6842105263157894 0 nan nan 0
-6.315789473684211 4.2105263157894735 0 nan nan 0
-6.315789473684211 4.7368421052631575 0 nan nan 0
-6.315789473684211 5.263157894736842 0 nan nan 0
-6.315789473684211 5.789473684210526 0 nan nan 0
-6.315789473684211 6.315789473684211 0 nan nan 0
-6.315789473684211 6.842105263157895 0 nan nan 0
-6.315789473684211 7.368421052631579 0 nan nan 0
-6.315789473684211 7.894736842105263 0 nan nan 0
-6.315789473684211 8.421052631578947 0 nan nan 0
-6.315789473684211 8.947368421052632 0 nan nan 0
-6.315789473684211 9.473684210526315 0 nan nan 0
-4.7368421052631575 -9.473684210526315 0 nan nan 0
-4.7368421052631575 -8.947368421052632 0 nan nan 0
-4.7368421052631575 -8.421052631578947 0 nan nan 0
-4.7368421052631575 -7.894736842105263 0 nan nan 0
-4.7368421052631575 -7.368421052631579 0 nan nan 0
-4.7368421052631575 -6.842105263157895 0 nan nan 0
-4.7368421052631575 -6.315789473684211 0 nan nan 0
-4.7368421052631575 -5.789473684210526 0 nan nan 0
-4.7368421052631575 -5.263157894736842 0 nan nan 0
-4.7368421052631575 -4.7368421052631575 0 nan nan 0
-4.7368421052631575 -4.2105263157894735 0 nan nan 0
-4.7368421052631575 -3.6842105263157894 0 nan nan 0
-4.7368421052631575 -3.1578947368421053 0 nan nan 0
-4.7368421052631575 -2.631578947368421 0 nan nan 0
-4.7368421052631575 -2.1052631578947367 0 nan nan 0
-4.7368421052631575 -1.5789473684210527 1 nan nan 0
-4.7368421052631575 -1.0526315789473684 1 nan nan 0
-4.7368421052631575 -0.5263157894736842 1 nan nan 0
-4.7368421052631575 -0.0 1 nan nan 0
-4.7368421052631575 0.0 1 nan nan 0
-4.7368421052631575 0.5263157894736842 1 nan nan 0
-4.7368421052631575 1.0526315789473684 1 nan nan 0
-4.7368421052631575 1.5789473684210527 1 nan nan 0
-4.7368421052631575 2.1052631578947367 0 nan nan 0
-4.7368421052631575 2.631578947368421 0 nan nan 0
-4.7368421052631575 3.1578947368421053 0 nan nan 0
-4.7368421052631575 3.6842105263157894 0 nan nan 0
-4.7368421052631575 4.2105263157894735 0 nan nan 0
-4.7368421052631575 4.7368421052631575 0 nan nan 0
-4.7368421052631575 5.263157894736842 0 nan nan 0
-4.7368421052631575 5.789473684210526 0 nan nan 0
-4.7368421052631575 6.315789473684211 0 nan nan 0
-4.7368421052631575 6.842105263157895 0 nan nan 0
-4.7368421052631575 7.368421052631579 0 nan nan 0
-4.7368421052631575 7.894736842105263 0 nan nan 0
-4.7368421052631575 8.421052631578947 0 nan nan 0
-4.7368421052631575 8.947368421052632 0 nan nan 0
-4.7368421052631575 9.473684210526315 0 nan nan 0
-3.1578947368421053 -9.473684210526315 0 nan nan 0
-3.1578947368421053 -8.947368421052632 0 nan nan 0
-3.1578947368421053 -8.421052631578947 0 nan nan 0
-3.1578947368421053 -7.894736842105263 0 nan nan 0
-3.1578947368421053 -7.368421052631579 0 nan nan 0
-3.1578947368421053 -6.842105263157895 0 nan nan 0
-3.1578947368421053 -6.315789473684211 0 nan nan 0
-3.1578947368421053 -5.789473684210526 0 nan nan 0
-3.1578947368421053 -5.263157894736842 0 nan nan 0
-3.1578947368421053 -4.7368421052631575 0 nan nan 0
-3.1578947368421053 -4.2105263157894735 0 nan nan 0
-3.1578947368421053 -3.6842105263157894 0 nan nan 0
-3.1578947368421053 -3.1578947368421053 0 nan nan 0
-3.1578947368421053 -2.631578947368421 0 nan nan 0
-3.1578947368421053 -2.1052631578947367 0 nan nan 0
-3.1578947368421053 -1.5789473684210527 1 nan nan 0
-3.1578947368421053 -1.0526315789473684 1 nan nan 0
-3.1578947368421053 -0.5263157894736842 1 nan nan 0
-3.1578947368421053 -0.0 1 nan nan 0
-3.1578947368421053 0.0 1 nan nan 0
-3.1578947368421053 0.5263157894736842 1 nan nan 0
-3.1578947368421053 1.0526315789473684 1 nan nan 0
-3.1578947368421053 1.5789473684210527 1 nan nan 0
-3.1578947368421053 2.1052631578947367 0 nan nan 0
-3.1578947368421053 2.631578947368421 0 nan nan 0
-3.1578947368421053 3.1578947368421053 0 nan nan 0
-3.1578947368421053 3.6842105263157894 0 nan nan 0
-3.1578947368421053 4.2105263157894735 0 nan nan 0
-3.1578947368421053 4.7368421052631575 0 nan nan 0
-3.1578947368421053 5.263157894736842 0 nan nan 0
-3.1578947368421053 5.789473684210526 0 nan nan 0
-3.1578947368421053 6.315789473684211 0 nan nan 0
-3.1578947368421053 6.842105263157895 0 nan nan 0
-3.1578947368421053 7.368421052631579 0 nan nan 0
-3.1578947368421053 7.894736842105263 0 nan nan 0
-3.1578947368421053 8.421052631578947 0 nan nan 0
-3.1578947368421053 8.947368421052632 0 nan nan 0
-3.1578947368421053 9.473684210526315 0 nan nan 0
-1.5789473684210527 -9.473684210526315 0 nan nan 0
-1.5789473684210527 -8.947368421052632 0 nan nan 0
-1.5789473684210527 -8.421052631578947 0 nan nan 0
-1.5789473684210527 -7.894736842105263 0 nan nan 0
-1.5789473684210527 -7.368421052631579 0 nan nan 0
-1.5789473684210527 -6.842105263157895 0 nan nan 0
-1.5789473684210527 -6.315789473684211 0 nan nan 0
-1.5789473684210527 -5.789473684210526 0 nan nan 0
-1.5789473684210527 -5.263157894736842 0 nan nan 0
-1.5789473684210527 -4.7368421052631575 0 nan nan 0
-1.5789473684210527 -4.2105263157894735 0 nan nan 0
-1.5789473684210527 -3.6842105263157894 0 nan nan 0
-1.5789473684210527 -3.1578947368421053 0 nan nan 0
-1.5789473684210527 -2.631578947368421 0 nan nan 0
-1.5789473684210527 -2.1052631578947367 0 nan nan 0
-1.5789473684210527 -1.5789473684210527 1 nan nan 0
-1.5789473684210527 -1.0526315789473684 1 nan nan 0
-1.5789473684210527 -0.5263157894736842 1 nan nan 0
-1.5789473684210527 -0.0 1 nan nan 0
-1.5789473684210527 0.0 1 nan nan 0
-1.5789473684210527 0.5263157894736842 1 nan nan 0
-1.5789473684210527 1.0526315789473684 1 nan nan 0
-1.5789473684210527 1.5789473684210527 1 nan nan 0
-1.5789473684210527 2.1052631578947367 0 nan nan 0
-1.5789473684210527 2.631578947368421 0 nan nan 0
-1.5789473684210527 3.1578947368421053 0 nan nan 0
-1.5789473684210527 3.6842105263157894 0 nan nan 0
-1.5789473684210527 4.2105263157894735 0 nan nan 0
-1.5789473684210527 4.7368421052631575 0 nan nan 0
-1.5789473684210527 5.263157894736842 0 nan nan 0
-1.5789473684210527 5.789473684210526 0 nan nan 0
-1.5789473684210527 6.315789473684211 0 nan nan 0
-1.5789473684210527 6.842105263157895 0 nan nan 0
-1.5789473684210527 7.368421052631579 0 nan nan 0
-1.5789473684210527 7.894736842105263 0 nan nan 0
-1.5789473684210527 8.421052631578947 0 nan nan 0
-1.5789473684210527 8.947368421052632 0 nan nan 0
-1.5789473684210527 9.473684210526315 0 nan nan 0
-0.0 -9.473684210526315 0 nan nan 0
-0.0 -8.947368421052632 0 nan nan 0
-0.0 -8.421052631578947 0 nan nan 0
-0.0 -7.894736842105263 0 nan nan 0
-0.0 -7.368421052631579 0 nan nan 0
-0.0 -6.842105263157895 0 nan nan 0
-0.0 -6.315789473684211 0 nan nan 0
-0.0 -5.789473684210526 0 nan nan 0
-0.0 -5.263157894736842 0 nan nan 0
-0.0 -4.7368421052631575 0 nan nan 0
-0.0 -4.2105263157894735 0 nan nan 0
-0.0 -3.6842105263157894 0 nan nan 0
-0.0 -3.1578947368421053 0 nan nan 0
-0.0 -2.631578947368421 0 nan nan 0
-0.0 -2.1052631578947367 0 nan nan 0
-0.0 -1.5789473684210527 0 nan nan 0
-0.0 -1.0526315789473684 1 nan nan 0
-0.0 -0.5263157894736842 1 nan nan 0
-0.0 -0.0 1 nan nan 0
-0.0 0.0 1 nan nan 0
-0.0 0.5263157894736842 1 nan nan 0
-0.0 1.0526315789473684 1 nan nan 0
-0.0 1.5789473684210527 0 nan nan 0
-0.0 2.1052631578947367 0 nan nan 0
-0.0 2.631578947368421 0 nan nan 0
-0.0 3.1578947368421053 0 nan nan 0
-0.0 3.6842105263157894 0 nan nan 0
-0.0 4.2105263157894735 0 nan nan 0
-0.0 4.7368421052631575 0 nan nan 0
-0.0 5.263157894736842 0 nan nan 0
-0.0 5.789473684210526 0 nan nan 0
-0.0 6.315789473684211 0 nan nan 0
-0.0 6.842105263157895 0 nan nan 0
-0.0 7.368421052631579 0 nan nan 0
-0.0 7.894736842105263 0 nan nan 0
-0.0 8.421052631578947 0 nan nan 0
-0.0 8.947368421052632 0 nan nan 0
-0.0 9.473684210526315 0 nan nan 0
0.0 -9.473684210526315 0 nan nan 0
0.0 -8.947368421052632 0 nan nan 0
0.0 -8.421052631578947 0 nan nan 0
0.0 -7.894736842105263 0 nan nan 0
0.0 -7.368421052631579 0 nan nan 0
0.0 -6.842105263157895 0 nan nan 0
0.0 -6.315789473684211 0 nan nan 0
0.0 -5.789473684210526 0 nan nan 0
0.0 -5.263157894736842 0 nan nan 0
0.0 -4.7368421052631575 0 nan nan 0
0.0 -4.2105263157894735 0 nan nan 0
0.0 -3.6842105263157894 0 nan nan 0
0.0 -3.1578947368421053 0 nan nan 0
0.0 -2.631578947368421 0 nan nan 0
0.0 -2.1052631578947367 0 nan nan 0
0.0 -1.5789473684210527 0 nan nan 0
0.0 -1.0526315789473684 1 nan nan 0
0.0 -0.5263157894736842 1 nan nan 0
0.0 -0.0 1 nan nan 0
0.0 0.0 1 nan nan 0
0.0 0.5263157894736842 1 nan nan 0
0.0 1.0526315789473684 1 nan nan 0
0.0 1.5789473684210527 0 nan nan 0
0.0 2.1052631578947367 0 nan nan 0
0.0 2.631578947368421 0 nan nan 0
0.0 3.1578947368421053 0 nan nan 0
0.0 3.6842105263157894 0 nan nan 0
0.0 4.2105263157894735 0 nan nan 0
0.0 4.7368421052631575 0 nan nan 0
0.0 5.263157894736842 0 nan nan 0
0.0 5.789473684210526 0 nan nan 0
0.0 6.315789473684211 0 nan nan 0
0.0 6.842105263157895 0 nan nan 0
0.0 7.368421052631579 0 nan nan 0
0.0 7.894736842105263 0 nan nan 0
0.0 8.421052631578947 0 nan nan 0
0.0 8.947368421052632 0 nan nan 0
0.0 9.473684210526315 0 nan nan 0
1.5789473684210527 -9.473684210526315 0 nan nan 0
1.5789473684210527 -8.947368421052632 0 nan nan 0
1.5789473684210527 -8.421052631578947 0 nan nan 0
1.5789473684210527 -7.894736842105263 0 nan nan 0
1.5789473684210527 -7.368421052631579 0 nan nan 0
1.5789473684210527 -6.842105263157895 0 nan nan 0
1.5789473684210527 -6.315789473684211 0 nan nan 0
1.5789473684210527 -5.789473684210526 0 nan nan 0
1.5789473684210527 -5.263157894736842 0 nan nan 0
1.5789473684210527 -4.7368421052631575 0 nan nan 0
1.5789473684210527 -4.2105263157894735 0 nan nan 0
1.5789473684210527 -3.6842105263157894 0 nan nan 0
1.5789473684210527 -3.1578947368421053 0 nan nan 0
1.5789473684210527 -2.631578947368421 0 nan nan 0
1.5789473684210527 -2.1052631578947367 0 nan nan 0
1.5789473684210527 -1.5789473684210527 0 nan nan 0
1.5789473684210527 -1.0526315789473684 1 nan nan -0.07943936127560242
1.5789473684210527 -0.5263157894736842 1 nan nan -0.07943936127560242
1.5789473684210527 -0.0 1 nan nan -0.07943936127560242
1.5789473684210527 0.0 1 nan nan -0.07943936127560242
1.5789473684210527 0.5263157894736842 1 nan nan -0.07943936127560242
1.5789473684210527 1.0526315789473684 0 nan nan 0
1.5789473684210527 1.5789473684210527 0 nan nan 0
1.5789473684210527 2.1052631578947367 0 nan nan 0
1.5789473684210527 2.631578947368421 0 nan nan 0
1.5789473684210527 3.1578947368421053 0 nan nan 0
1.5789473684210527 3.6842105263157894 0 nan nan 0
1.5789473684210527 4.2105263157894735 0 nan nan 0
1.5789473684210527 4.7368421052631575 0 nan nan 0
1.5789473684210527 5.263157894736842 0 nan nan 0
1.5789473684210527 5.789473684210526 0 nan nan 0
1.5789473684210527 6.315789473684211 0 nan nan 0
1.5789473684210527 6.842105263157895 0 nan nan 0
1.5789473684210527 7.368421052631579 0 nan nan 0
1.5789473684210527 7.894736842105263 0 nan nan 0
1.5789473684210527 8.421052631578947 0 nan nan 0
1.5789473684210527 8.947368421052632 0 nan nan 0
1.5789473684210527 9.473684210526315 0 nan nan 0
3.1578947368421053 -9.473684210526315 0 nan nan 0
3.1578947368421053 -8.947368421052632 0 nan nan 0
3.1578947368421053 -8.421052631578947 0 nan nan 0
3.1578947368421053 -7.894736842105263 0 nan nan 0
3.1578947368421053 -7.368421052631579 0 nan nan 0
3.1578947368421053 -6.842105263157895 0 nan nan 0
3.1578947368421053 -6.315789473684211 0 nan nan 0
3.1578947368421053 -5.789473684210526 0 nan nan 0
3.1578947368421053 -5.263157894736842 0 nan nan 0
3.1578947368421053 -4.7368421052631575 0 nan nan 0
3.1578947368421053 -4.2105263157894735 0 nan nan 0
3.1578947368421053 -3.6842105263157894 0 nan nan 0
3.1578947368421053 -3.1578947368421053 0 nan nan 0
3.1578947368421053 -2.631578947368421 0 nan nan 0
3.1578947368421053 -2.1052631578947367 0 nan nan 0
3.1578947368421053 -1.5789473684210527 0 nan nan 0
3.1578947368421053 -1.0526315789473684 1 nan nan 0.05813388259828552
3.1578947368421053 -0.5263157894736842 1 nan nan 0.05813388259828552
3.1578947368421053 -0.0 1 nan nan 0.05813388259828552
3.1578947368421053 0.0 1 nan nan 0.05813388259828552
3.1578947368421053 0.5263157894736842 1 nan nan 0.05813388259828552
3.1578947368421053 1.0526315789473684 0 nan nan 0
3.1578947368421053 1.5789473684210527 0 nan nan 0
3.1578947368421053 2.1052631578947367 0 nan nan 0
3.1578947368421053 2.631578947368421 0 nan nan 0
3.1578947368421053 3.1578947368421053 0 nan nan 0
3.1578947368421053 3.6842105263157894 0 nan nan 0
3.1578947368421053 4.2105263157894735 0 nan nan 0
3.1578947368421053 4.7368421052631575 0 nan nan 0
3.1578947368421053 5.263157894736842 0 nan nan 0
3.1578947368421053 5.789473684210526 0 nan nan 0
3.1578947368421053 6.315789473684211 0 nan nan 0
3.1578947368421053 6.842105263157895 0 nan nan 0
3.1578947368421053 7.368421052631579 0 nan nan 0
3.1578947368421053 7.894736842105263 0 nan nan 0
3.1578947368421053 8.421052631578947 0 nan nan 0
3.1578947368421053 8.947368421052632 0 nan nan 0
3.1578947368421053 9.473684210526315 0 nan nan 0
4.7368421052631575 -9.473684210526315 0 nan nan 0
4.7368421052631575 -8.947368421052632 0 nan nan 0
4.7368421052631575 -8.421052631578947 0 nan nan 0
4.7368421052631575 -7.894736842105263 0 nan nan 0
4.7368421052631575 -7.368421052631579 0 nan nan 0
4.7368421052631575 -6.842105263157895 0 nan nan 0
4.7368421052631575 -6.315789473684211 0 nan nan 0
4.7368421052631575 -5.789473684210526 0 nan nan 0
4.7368421052631575 -5.263157894736842 0 nan nan 0
4.7368421052631575 -4.7368421052631575 0 nan nan 0
4.7368421052631575 -4.2105263157894735 0 nan nan 0
4.7368421052631575 -3.6842105263157894 0 nan nan 0
4.7368421052631575 -3.1578947368421053 0 nan nan 0
4.7368421052631575 -2.631578947368421 0 nan nan 0
4.7368421052631575 -2.1052631578947367 0 nan nan 0
4.7368421052631575 -1.5789473684210527 0 nan nan 0
4.7368421052631575 -1.0526315789473684 0 nan nan 0
4.7368421052631575 -0.5263157894736842 1 nan nan 0.03862593169785058
4.7368421052631575 -0.0 1 nan nan 0.03862593169785058
4.7368421052631575 0.0 1 nan nan 0.03862593169785058
4.7368421052631575 0.5263157894736842 1 nan nan 0.03862593169785058
4.7368421052631575 1.0526315789473684 1 nan nan 0.03862593169785058
4.7368421052631575 1.5789473684210527 0 nan nan 0
4.7368421052631575 2.1052631578947367 0 nan nan 0
4.7368421052631575 2.631578947368421 0 nan nan 0
4.7368421052631575 3.1578947368421053 0 nan nan 0
4.7368421052631575 3.6842105263157894 0 nan nan 0
4.7368421052631575 4.2105263157894735 0 nan nan 0
4.7368421052631575 4.7368421052631575 0 nan nan 0
4.7368421052631575 5.263157894736842 0 nan nan 0
4.7368421052631575 5.789473684210526 0 nan nan 0
4.7368421052631575 6.315789473684211 0 nan nan 0
4.7368421052631575 6.842105263157895 0 nan nan 0
4.7368421052631575 7.368421052631579 0 nan nan 0
4.7368421052631575 7.894736842105263 0 nan nan 0
4.7368421052631575 8.421052631578947 0 nan nan 0
4.7368421052631575 8.947368421052632 0 nan nan 0
4.7368421052631575 9.473684210526315 0 nan nan 0
6.315789473684211 -9.473684210526315 0 nan nan 0
6.315789473684211 -8.947368421052632 0 nan nan 0
6.315789473684211 -8.421052631578947 0 nan nan 0
6.315789473684211 -7.894736842105263 0 nan nan 0
6.315789473684211 -7.368421052631579 0 nan nan 0
6.315789473684211 -6.842105263157895 0 nan nan 0
6.315789473684211 -6.315789473684211 0 nan nan 0
6.315789473684211 -5.789473684210526 0 nan nan 0
6.315789473684211 -5.263157894736842 0 nan nan 0
6.315789473684211 -4.7368421052631575 0 nan nan 0
6.315789473684211 -4.2105263157894735 0 nan nan 0
6.315789473684211 -3.6842105263157894 0 nan nan 0
6.315789473684211 -3.1578947368421053 0 nan nan 0
6.315789473684211 -2.631578947368421 0 nan nan 0
6.315789473684211 -2.1052631578947367 0 nan nan 0
6.315789473684211 -1.5789473684210527 0 nan nan 0
6.315789473684211 -1.0526315789473684 0 nan nan 0
6.315789473684211 -0.5263157894736842 0 nan nan 0
6.315789473684211 -0.0 0 nan nan 0
6.315789473684211 0.0 0 nan nan 0
6.315789473684211 0.5263157894736842 1 nan nan -0.5416092697591544
6.315789473684211 1.0526315789473684 1 nan nan -0.5416092697591544
6.315789473684211 1.5789473684210527 1 nan nan -0.5416092697591544
6.315789473684211 2.1052631578947367 0 nan nan 0
6.315789473684211 2.631578947368421 0 nan nan 0
6.315789473684211 3.1578947368421053 0 nan nan 0
6.315789473684211 3.6842105263157894 0 nan nan 0
6.315789473684211 4.2105263157894735 0 nan nan 0
6.315789473684211 4.7368421052631575 0 nan nan 0
6.315789473684211 5.263157894736842 0 nan nan 0
6.315789473684211 5.789473684210526 0 nan nan 0
6.315789473684211 6.315789473684211 0 nan nan 0
6.315789473684211 6.842105263157895 0 nan nan 0
6.315789473684211 7.368421052631579 0 nan nan 0
6.315789473684211 7.894736842105263 0 nan nan 0
6.315789473684211 8.421052631578947 0 nan nan 0
6.315789473684211 8.947368421052632 0 nan nan 0
6.315789473684211 9.473684210526315 0 nan nan 0
7.894736842105264 -9.473684210526315 0 nan nan 0
7.894736842105264 -8.947368421052632 0 nan nan 0
7.894736842105264 -8.421052631578947 0 nan nan 0
7.894736842105264 -7.894736842105263 0 nan nan 0
7.894736842105264 -7.368421052631579 0 nan nan 0
7.894736842105264 -6.842105263157895 0 nan nan 0
7.894736842105264 -6.315789473684211 0 nan nan 0
7.894736842105264 -5.789473684210526 0 nan nan 0
7.894736842105264 -5.263157894736842 0 nan nan 0
7.894736842105264 -4.7368421052631575 0 nan nan 0
7.894736842105264 -4.2105263157894735 0 nan nan 0
7.894736842105264 -3.6842105263157894 0 nan nan 0
7.894736842105264 -3.1578947368421053 0 nan nan 0
7.894736842105264 -2.631578947368421 0 nan nan 0
7.894736842105264 -2.1052631578947367 0 nan nan 0
7.894736842105264 -1.5789473684210527 0 nan nan 0
7.894736842105264 -1.0526315789473684 0 nan nan 0
7.894736842105264 -0.5263157894736842 0 nan nan 0
7.894736842105264 -0.0 0 nan nan 0
7.894736842105264 0.0 0 nan nan 0
7.894736842105264 0.5263157894736842 0 nan nan 0
7.894736842105264 1.0526315789473684 1 nan nan -1.971175804057
7.894736842105264 1.5789473684210527 1 nan nan -1.971175804057
7.894736842105264 2.1052631578947367 1 nan nan -1.971175804057
7.894736842105264 2.631578947368421 1 nan nan -1.971175804057
7.894736842105264 3.1578947368421053 0 nan nan 0
7.894736842105264 3.6842105263157894 0 nan nan 0
7.894736842105264 4.2105263157894735 0 nan nan 0
7.894736842105264 4.7368421052631575 0 nan nan 0
7.894736842105264 5.263157894736842 0 nan nan 0
7.894736842105264 5.789473684210526 0 nan nan 0
7.894736842105264 6.315789473684211 0 nan nan 0
7.894736842105264 6.842105263157895 0 nan nan 0
7.894736842105264 7.368421052631579 0 nan nan 0
7.894736842105264 7.894736842105263 0 nan nan 0
7.894736842105264 8.421052631578947 0 nan nan 0
7.894736842105264 8.947368421052632 0 nan nan 0
7.894736842105264 9.473684210526315 0 nan nan 0
9.473684210526315 -9.473684210526315 0 nan nan 0
9.473684210526315 -8.947368421052632 0 nan nan 0
9.473684210526315 -8.421052631578947 0 nan nan 0
9.473684210526315 -7.894736842105263 0 nan nan 0
9.473684210526315 -7.368421052631579 0 nan nan 0
9.473684210526315 -6.842105263157895 0 nan nan 0
9.473684210526315 -6.315789473684211 0 nan nan 0
9.473684210526315 -5.789473684210526 0 nan nan 0
9.473684210526315 -5.263157894736842 0 nan nan 0
9.473684210526315 -4.7368421052631575 0 nan nan 0
9.473684210526315 -4.2105263157894735 0 nan nan 0
9.473684210526315 -3.6842105263157894 0 nan nan 0
9.473684210526315 -3.1578947368421053 0 nan nan 0
9.473684210526315 -2.631578947368421 0 nan nan 0
9.473684210526315 -2.1052631578947367 0 nan nan 0
9.473684210526315 -1.5789473684210527 0 nan nan 0
9.473684210526315 -1.0526315789473684 0 nan nan 0
9.473684210526315 -0.5263157894736842 0 nan nan 0
9.473684210526315 -0.0 0 nan nan 0
9.473684210526315 0.0 0 nan nan 0
9.473684210526315 0.5263157894736842 0 nan nan 0
9.473684210526315 1.0526315789473684 0 nan nan 0
9.473684210526315 1.5789473684210527 1 nan nan -4.296700991273096
9.473684210526315 2.1052631578947367 1 nan nan -4.296700991273096
9.473684210526315 2.631578947368421 1 nan nan -4.296700991273096
9.473684210526315 3.1578947368421053 0 nan nan -3.8581826479343126
9.473684210526315 3.6842105263157894 0 nan nan -2.8724755595913973
9.473684210526315 4.2105263157894735 0 nan nan 0
9.473684210526315 4.7368421052631575 0 nan nan 0
9.473684210526315 5.263157894736842 0 nan nan 0
9.473684210526315 5.789473684210526 0 nan nan 0
9.473684210526315 6.315789473684211 0 nan nan 0
9.473684210526315 6.842105263157895 0 nan nan 0
9.473684210526315 7.368421052631579 0 nan nan 0
9.473684210526315 7.894736842105263 0 nan nan 0
9.473684210526315 8.421052631578947 0 nan nan 0
9.473684210526315 8.947368421052632 0 nan nan 0
9.473684210526315 9.473684210526315 0 nan nan 0
11.052631578947368 -9.473684210526315 0 nan nan 0
11.052631578947368 -8.947368421052632 0 nan nan 0
11.052631578947368 -8.421052631578947 0 nan nan 0
11.052631578947368 -7.894736842105263 0 nan nan 0
11.052631578947368 -7.368421052631579 0 nan nan 0
11.052631578947368 -6.842105263157895 0 nan nan 0
11.052631578947368 -6.315789473684211 0 nan nan 0
11.052631578947368 -5.789473684210526 0 nan nan 0
11.052631578947368 -5.263157894736842 0 nan nan 0
11.052631578947368 -4.7368421052631575 0 nan nan 0
11.052631578947368 -4.2105263157894735 0 nan nan 0
11.052631578947368 -3.6842105263157894 0 nan nan 0
11.052631578947368 -3.1578947368421053 0 nan nan 0
11.052631578947368 -2.631578947368421 0 nan nan 0
11.052631578947368 -2.1052631578947367 0 nan nan 0
11.052631578947368 -1.5789473684210527 0 nan nan 0
11.052631578947368 -1.0526315789473684 0 nan nan 0
11.052631578947368 -0.5263157894736842 0 nan nan 0
11.052631578947368 -0.0 0 nan nan 0
11.052631578947368 0.0 0 nan nan 0
11.052631578947368 0.5263157894736842 0 nan nan 0
11.052631578947368 1.0526315789473684 1 nan nan -7.244210076443655
11.052631578947368 1.5789473684210527 1 nan nan -7.244210076443655
11.052631578947368 2.1052631578947367 1 nan nan -7.244210076443655
11.052631578947368 2.631578947368421 0 nan nan -7.0218652244577155
11.052631578947368 3.1578947368421053 0 nan nan -6.631425268223841
11.052631578947368 3.6842105263157894 0 nan nan -6.113888834662525
11.052631578947368 4.2105263157894735 0 nan nan -5.42963173579467
11.052631578947368 4.7368421052631575 0 nan nan 0
11.052631578947368 5.263157894736842 0 nan nan 0
11.052631578947368 5.789473684210526 0 nan nan 0
11.052631578947368 6.315789473684211 0 nan nan 0
11.052631578947368 6.842105263157895 0 nan nan 0
11.052631578947368 7.368421052631579 0 nan nan 0
11.052631578947368 7.894736842105263 0 nan nan 0
11.052631578947368 8.421052631578947 0 nan nan 0
11.052631578947368 8.947368421052632 0 nan nan 0
11.052631578947368 9.473684210526315 0 nan nan 0
12.631578947368421 -9.473684210526315 0 nan nan 0
12.631578947368421 -8.947368421052632 0 nan nan 0
12.631578947368421 -8.421052631578947 0 nan nan 0
12.631578947368421 -7.894736842105263 0 nan nan 0
12.631578947368421 -7.368421052631579 0 nan nan 0
12.631578947368421 -6.842105263157895 0 nan nan 0
12.631578947368421 -6.315789473684211 0 nan nan 0
12.631578947368421 -5.789473684210526 0 nan nan 0
12.631578947368421 -5.263157894736842 0 nan nan 0
12.631578947368421 -4.7368421052631575 0 nan nan 0
12.631578947368421 -4.2105263157894735 0 nan nan 0
12.631578947368421 -3.6842105263157894 0 nan nan 0
12.631578947368421 -3.1578947368421053 0 nan nan 0
12.631578947368421 -2.631578947368421 0 nan nan 0
12.631578947368421 -2.1052631578947367 0 nan nan 0
12.631578947368421 -1.5789473684210527 0 nan nan 0
12.631578947368421 -1.0526315789473684 0 nan nan 0
12.631578947368421 -0.5263157894736842 1 nan nan -10.21117063330051
12.631578947368421 -0.0 1 nan nan -10.21117063330051
12.631578947368421 0.0 1 nan nan -10.21117063330051
12.631578947368421 0.5263157894736842 1 nan nan -10.21117063330051
12.631578947368421 1.0526315789473684 0 nan nan -10.21930454238353
12.631578947368421 1.5789473684210527 0 nan nan -10.160931137096403
12.631578947368421 2.1052631578947367 0 nan nan -10.034803180504584
12.631578947368421 2.631578947368421 0 nan nan -9.841761711976469
12.631578947368421 3.1578947368421053 0 nan nan -9.571856614912015
12.631578947368421 3.6842105263157894 0 nan nan -9.219286638741288
12.631578947368421 4.2105263157894735 0 nan nan 0
12.631578947368421 4.7368421052631575 0 nan nan 0
12.631578947368421 5.263157894736842 0 nan nan 0
12.631578947368421 5.789473684210526 0 nan nan 0
12.631578947368421 6.315789473684211 0 nan nan 0
12.631578947368421 6.842105263157895 0 nan nan 0
12.631578947368421 7.368421052631579 0 nan nan 0
12.631578947368421 7.894736842105263 0 nan nan 0
12.631578947368421 8.421052631578947 0 nan nan 0
12.631578947368421 8.947368421052632 0 nan nan 0
12.631578947368421 9.473684210526315 0 nan nan 0
14.210526315789474 -9.473684210526315 0 nan nan 0
14.210526315789474 -8.947368421052632 0 nan nan 0
14.210526315789474 -8.421052631578947 0 nan nan 0
14.210526315789474 -7.894736842105263 0 nan nan 0
14.210526315789474 -7.368421052631579 0 nan nan 0
14.210526315789474 -6.842105263157895 0 nan nan 0
14.210526315789474 -6.315789473684211 0 nan nan 0
14.210526315789474 -5.789473684210526 0 nan nan 0
14.210526315789474 -5.263157894736842 0 nan nan 0
14.210526315789474 -4.7368421052631575 0 nan nan 0
14.210526315789474 -4.2105263157894735 0 nan nan 0
14.210526315789474 -3.6842105263157894 0 nan nan 0
14.210526315789474 -3.1578947368421053 0 nan nan 0
14.210526315789474 -2.631578947368421 0 nan nan 0
14.210526315789474 -2.1052631578947367 0 nan nan 0
14.210526315789474 -1.5789473684210527 0 nan nan 0
14.210526315789474 -1.0526315789473684 0 nan nan 0
14.210526315789474 -0.5263157894736842 0 nan nan 0
14.210526315789474 -0.0 0 nan nan 0
14.210526315789474 0.0 0 nan nan 0
14.210526315789474 0.5263157894736842 0 nan nan 0
14.210526315789474 1.0526315789473684 0 nan nan 0
14.210526315789474 1.5789473684210527 0 nan nan 0
14.210526315789474 2.1052631578947367 0 nan nan 0
14.210526315789474 2.631578947368421 0 nan nan 0
14.210526315789474 3.1578947368421053 0 nan nan 0
14.210526315789474 3.6842105263157894 0 nan nan 0
14.210526315789474 4.2105263157894735 0 nan nan 0
14.210526315789474 4.7368421052631575 0 nan nan 0
14.210526315789474 5.263157894736842 0 nan nan 0
14.210526315789474 5.789473684210526 0 nan nan 0
14.210526315789474 6.315789473684211 0 nan nan 0
14.210526315789474 6.842105263157895 0 nan nan 0
14.210526315789474 7.368421052631579 0 nan nan 0
14.210526315789474 7.894736842105263 0 nan nan 0
14.210526315789474 8.421052631578947 0 nan nan 0
14.210526315789474 8.947368421052632 0 nan nan 0
14.210526315789474 9.473684210526315 0 nan nan 0
15.789473684210527 -9.473684210526315 0 nan nan 0
15.789473684210527 -8.947368421052632 0 nan nan 0
15.789473684210527 -8.421052631578947 0 nan nan 0
15.789473684210527 -7.894736842105263 0 nan nan 0
15.789473684210527 -7.368421052631579 0 nan nan 0
15.789473684210527 -6.842105263157895 0 nan nan 0
15.789473684210527 -6.315789473684211 0 nan nan 0
15.789473684210527 -5.789473684210526 0 nan nan 0
15.789473684210527 -5.263157894736842 0 nan nan 0
15.789473684210527 -4.7368421052631575 0 nan nan 0
15.789473684210527 -4.2105263157894735 0 nan nan 0
15.789473684210527 -3.6842105263157894 0 nan nan 0
15.789473684210527 -3.1578947368421053 0 nan nan 0
15.789473684210527 -2.631578947368421 0 nan nan 0
15.789473684210527 -2.1052631578947367 0 nan nan 0
15.789473684210527 -1.5789473684210527 0 nan nan 0
15.789473684210527 -1.0526315789473684 0 nan nan 0
15.789473684210527 -0.5263157894736842 0 nan nan 0
15.789473684210527 -0.0 0 nan nan 0
15.789473684210527 0.0 0 nan nan 0
15.789473684210527 0.5263157894736842 0 nan nan 0
15.789473684210527 1.0526315789473684 0 nan nan 0
15.789473684210527 1.5789473684210527 0 nan nan 0
15.789473684210527 2.1052631578947367 0 nan nan 0
15.789473684210527 2.631578947368421 0 nan nan 0
15.789473684210527 3.1578947368421053 0 nan nan 0
15.789473684210527 3.6842105263157894 0 nan nan 0
15.789473684210527 4.2105263157894735 0 nan nan 0
15.789473684210527 4.7368421052631575 0 nan nan 0
15.789473684210527 5.263157894736842 0 nan nan 0
15.789473684210527 5.789473684210526 0 nan nan 0
15.789473684210527 6.315789473684211 0 nan nan 0
15.789473684210527 6.842105263157895 0 nan nan 0
15.789473684210527 7.368421052631579 0 nan nan 0
15.789473684210527 7.894736842105263 0 nan nan 0
15.789473684210527 8.421052631578947 0 nan nan 0
15.789473684210527 8.947368421052632 0 nan nan 0
15.789473684210527 9.473684210526315 0 nan nan 0
17.36842105263158 -9.473684210526315 0 nan nan 0
17.36842105263158 -8.947368421052632 0 nan nan 0
17.36842105263158 -8.421052631578947 0 nan nan 0
17.36842105263158 -7.894736842105263 0 nan nan 0
17.36842105263158 -7.368421052631579 0 nan nan 0
17.36842105263158 -6.842105263157895 0 nan nan 0
17.36842105263158 -6.315789473684211 0 nan nan 0
17.36842105263158 -5.789473684210526 0 nan nan 0
17.36842105263158 -5.263157894736842 0 nan nan 0
17.36842105263158 -4.7368421052631575 0 nan nan 0
17.36842105263158 -4.2105263157894735 0 nan nan 0
17.36842105263158 -3.6842105263157894 0 nan nan 0
17.36842105263158 -3.1578947368421053 0 nan nan 0
17.36842105263158 -2.631578947368421 0 nan nan 0
17.36842105263158 -2.1052631578947367 0 nan nan 0
17.36842105263158 -1.5789473684210527 0 nan nan 0
17.36842105263158 -1.0526315789473684 0 nan nan 0
17.36842105263158 -0.5263157894736842 0 nan nan 0
17.36842105263158 -0.0 0 nan nan 0
17.36842105263158 0.0 0 nan nan 0
17.36842105263158 0.5263157894736842 0 nan nan 0
17.36842105263158 1.0526315789473684 0 nan nan 0
17.36842105263158 1.5789473684210527 0 nan nan 0
17.36842105263158 2.1052631578947367 0 nan nan 0
17.36842105263158 2.631578947368421 0 nan nan 0
17.36842105263158 3.1578947368421053 0 nan nan 0
17.36842105263158 3.6842105263157894 0 nan nan 0
17.36842105263158 4.2105263157894735 0 nan nan 0
17.36842105263158 4.7368421052631575 0 nan nan 0
17.36842105263158 5.263157894736842 0 nan nan 0
17.36842105263158 5.789473684210526 0 nan nan 0
17.36842105263158 6.315789473684211 0 nan nan 0
17.36842105263158 6.842105263157895 0 nan nan 0
17.36842105263158 7.368421052631579 0 nan nan 0
17.36842105263158 7.894736842105263 0 nan nan 0
17.36842105263158 8.421052631578947 0 nan nan 0
17.36842105263158 8.947368421052632 0 nan nan 0
17.36842105263158 9.473684210526315 0 nan nan 0
18.94736842105263 -9.473684210526315 0 nan nan 0
18.94736842105263 -8.947368421052632 0 nan nan 0
18.94736842105263 -8.421052631578947 0 nan nan 0
18.94736842105263 -7.894736842105263 0 nan nan 0
18.94736842105263 -7.368421052631579 0 nan nan 0
18.94736842105263 -6.842105263157895 0 nan nan 0
18.94736842105263 -6.315789473684211 0 nan nan 0
18.94736842105263 -5.789473684210526 0 nan nan 0
18.94736842105263 -5.263157894736842 0 nan nan 0
18.94736842105263 -4.7368421052631575 0 nan nan 0
18.94736842105263 -4.2105263157894735 0 nan nan 0
18.94736842105263 -3.6842105263157894 0 nan nan 0
18.94736842105263 -3.1578947368421053 0 nan nan 0
18.94736842105263 -2.631578947368421 0 nan nan 0
18.94736842105263 -2.1052631578947367 0 nan nan 0
18.94736842105263 -1.5789473684210527 0 nan nan 0
18.94736842105263 -1.0526315789473684 0 nan nan 0
18.94736842105263 -0.5263157894736842 0 nan nan 0
18.94736842105263 -0.0 0 nan nan 0
18.94736842105263 0.0 0 nan nan 0
18.94736842105263 0.5263157894736842 0 nan nan 0
18.94736842105263 1.0526315789473684 0 nan nan 0
18.94736842105263 1.5789473684210527 0 nan nan 0
18.94736842105263 2.1052631578947367 0 nan nan 0
18.94736842105263 2.631578947368421 0 nan nan 0
18.94736842105263 3.1578947368421053 0 nan nan 0
18.94736842105263 3.6842105263157894 0 nan nan 0
18.94736842105263 4.2105263157894735 0 nan nan 0
18.94736842105263 4.7368421052631575 0 nan nan 0
18.94736842105263 5.263157894736842 0 nan nan 0
18.94736842105263 5.789473684210526 0 nan nan 0
18.94736842105263 6.315789473684211 0 nan nan 0
18.94736842105263 6.842105263157895 0 nan nan 0
18.94736842105263 7.368421052631579 0 nan nan 0
18.94736842105263 7.894736842105263 0 nan nan 0
18.94736842105263 8.421052631578947 0 nan nan 0
18.94736842105263 8.947368421052632 0 nan nan 0
18.94736842105263 9.473684210526315 0 nan nan 0
20.526315789473685 -9.473684210526315 0 nan nan 0
20.526315789473685 -8.947368421052632 0 nan nan 0
20.526315789473685 -8.421052631578947 0 nan nan 0
20.526315789473685 -7.894736842105263 0 nan nan 0
20.526315789473685 -7.368421052631579 0 nan nan 0
20.526315789473685 -6.842105263157895 0 nan nan 0
20.526315789473685 -6.315789473684211 0 nan nan 0
20.526315789473685 -5.789473684210526 0 nan nan 0
20.526315789473685 -5.263157894736842 0 nan nan 0
20.526315789473685 -4.7368421052631575 0 nan nan 0
20.526315789473685 -4.2105263157894735 0 nan nan 0
20.526315789473685 -3.6842105263157894 0 nan nan 0
20.526315789473685 -3.1578947368421053 0 nan nan 0
20.526315789473685 -2.631578947368421 0 nan nan 0
20.526315789473685 -2.1052631578947367 0 nan nan 0
20.526315789473685 -1.5789473684210527 0 nan nan 0
20.526315789473685 -1.0526315789473684 0 nan nan 0
20.526315789473685 -0.5263157894736842 0 nan nan 0
20.526315789473685 -0.0 0 nan nan 0
20.526315789473685 0.0 0 nan nan 0
20.526315789473685 0.5263157894736842 0 nan nan 0
20.526315789473685 1.0526315789473684 0 nan nan 0
20.526315789473685 1.5789473684210527 0 nan nan 0
20.526315789473685 2.1052631578947367 0 nan nan 0
20.526315789473685 2.631578947368421 0 nan nan 0
20.526315789473685 3.1578947368421053 0 nan nan 0
20.526315789473685 3.6842105263157894 0 nan nan 0
20.526315789473685 4.2105263157894735 0 nan nan 0
20.526315789473685 4.7368421052631575 0 nan nan 0
20.526315789473685 5.263157894736842 0 nan nan 0
20.526315789473685 5.789473684210526 0 nan nan 0
20.526315789473685 6.315789473684211 0 nan nan 0
20.526315789473685 6.842105263157895 0 nan nan 0
20.526315789473685 7.368421052631579 0 nan nan 0
20.526315789473685 7.894736842105263 0 nan nan 0
20.526315789473685 8.421052631578947 0 nan nan 0
20.526315789473685 8.947368421052632 0 nan nan 0
20.526315789473685 9.473684210526315 0 nan nan 0
22.105263157894736 -9.473684210526315 0 nan nan 0
22.105263157894736 -8.947368421052632 0 nan nan 0
22.105263157894736 -8.421052631578947 0 nan nan 0
22.105263157894736 -7.894736842105263 0 nan nan 0
22.105263157894736 -7.368421052631579 0 nan nan 0
22.105263157894736 -6.842105263157895 0 nan nan 0
22.105263157894736 -6.315789473684211 0 nan nan 0
22.105263157894736 -5.789473684210526 0 nan nan 0
22.105263157894736 -5.263157894736842 0 nan nan 0
22.105263157894736 -4.7368421052631575 0 nan nan 0
22.105263157894736 -4.2105263157894735 0 nan nan 0
22.105263157894736 -3.6842105263157894 0 nan nan 0
22.105263157894736 -3.1578947368421053 0 nan nan 0
22.105263157894736 -2.631578947368421 0 nan nan 0
22.105263157894736 -2.1052631578947367 0 nan nan 0
22.105263157894736 -1.5789473684210527 0 nan nan 0
22.105263157894736 -1.0526315789473684 0 nan nan 0
22.105263157894736 -0.5263157894736842 0 nan nan 0
22.105263157894736 -0.0 0 nan nan 0
22.105263157894736 0.0 0 nan nan 0
22.105263157894736 0.5263157894736842 0 nan nan 0
22.105263157894736 1.0526315789473684 0 nan nan 0
22.105263157894736 1.5789473684210527 0 nan nan 0
22.105263157894736 2.1052631578947367 0 nan nan 0
22.105263157894736 2.631578947368421 0 nan nan 0
22.105263157894736 3.1578947368421053 0 nan nan 0
22.105263157894736 3.6842105263157894 0 nan nan 0
22.105263157894736 4.2105263157894735 0 nan nan 0
22.105263157894736 4.7368421052631575 0 nan nan 0
22.105263157894736 5.263157894736842 0 nan nan 0
22.105263157894736 5.789473684210526 0 nan nan 0
22.105263157894736 6.315789473684211 0 nan nan 0
22.105263157894736 6.842105263157895 0 nan nan 0
22.105263157894736 7.368421052631579 0 nan nan 0
22.105263157894736 7.894736842105263 0 nan nan 0
22.105263157894736 8.421052631578947 0 nan nan 0
22.105263157894736 8.947368421052632 0 nan nan 0
22.105263157894736 9.473684210526315 0 nan nan 0
23.68421052631579 -9.473684210526315 0 nan nan 0
23.68421052631579 -8.947368421052632 0 nan nan 0
23.68421052631579 -8.421052631578947 0 nan nan 0
23.68421052631579 -7.894736842105263 0 nan nan 0
23.68421052631579 -7.368421052631579 0 nan nan 0
23.68421052631579 -6.842105263157895 0 nan nan 0
23.68421052631579 -6.315789473684211 0 nan nan 0
23.68421052631579 -5.789473684210526 0 nan nan 0
23.68421052631579 -5.263157894736842 0 nan nan 0
23.68421052631579 -4.7368421052631575 0 nan nan 0
23.68421052631579 -4.2105263157894735 0 nan nan 0
23.68421052631579 -3.6842105263157894 0 nan nan 0
23.68421052631579 -3.1578947368421053 0 nan nan 0
23.68421052631579 -2.631578947368421 0 nan nan 0
23.68421052631579 -2.1052631578947367 0 nan nan 0
23.68421052631579 -1.5789473684210527 0 nan nan 0
23.68421052631579 -1.0526315789473684 0 nan nan 0
23.68421052631579 -0.5263157894736842 0 nan nan 0
23.68421052631579 -0.0 0 nan nan 0
23.68421052631579 0.0 0 nan nan 0
23.68421052631579 0.5263157894736842 0 nan nan 0
23.68421052631579 1.0526315789473684 0 nan nan 0
23.68421052631579 1.5789473684210527 0 nan nan 0
23.68421052631579 2.1052631578947367 0 nan nan 0
23.68421052631579 2.631578947368421 0 nan nan 0
23.68421052631579 3.1578947368421053 0 nan nan 0
23.68421052631579 3.6842105263157894 0 nan nan 0
23.68421052631579 4.2105263157894735 0 nan nan 0
23.68421052631579 4.7368421052631575 0 nan nan 0
23.68421052631579 5.263157894736842 0 nan nan 0
23.68421052631579 5.789473684210526 0 nan nan 0
23.68421052631579 6.315789473684211 0 nan nan 0
23.68421052631579 6.842105263157895 0 nan nan 0
23.68421052631579 7.368421052631579 0 nan nan 0
23.68421052631579 7.894736842105263 0 nan nan 0
23.68421052631579 8.421052631578947 0 nan nan 0
23.68421052631579 8.947368421052632 0 nan nan 0
23.68421052631579 9.473684210526315 0 nan nan 0
25.263157894736842 -9.473684210526315 0 nan nan 0
25.263157894736842 -8.947368421052632 0 nan nan 0
25.263157894736842 -8.421052631578947 0 nan nan 0
25.263157894736842 -7.894736842105263 0 nan nan 0
25.263157894736842 -7.368421052631579 0 nan nan 0
25.263157894736842 -6.842105263157895 0 nan nan 0
25.263157894736842 -6.315789473684211 0 nan nan 0
25.263157894736842 -5.789473684210526 0 nan nan 0
25.263157894736842 -5.263157894736842 0 nan nan 0
25.263157894736842 -4.7368421052631575 0 nan nan 0
25.263157894736842 -4.2105263157894735 0 nan nan 0
25.263157894736842 -3.6842105263157894 0 nan nan 0
25.263157894736842 -3.1578947368421053 0 nan nan 0
25.263157894736842 -2.631578947368421 0 nan nan 0
25.263157894736842 -2.1052631578947367 0 nan nan 0
25.263157894736842 -1.5789473684210527 0 nan nan 0
25.263157894736842 -1.0526315789473684 0 nan nan 0
25.263157894736842 -0.5263157894736842 0 nan nan 0
25.263157894736842 -0.0 0 nan nan 0
25.263157894736842 0.0 0 nan nan 0
25.263157894736842 0.5263157894736842 0 nan nan 0
25.263157894736842 1.0526315789473684 0 nan nan 0
25.263157894736842 1.5789473684210527 0 nan nan 0
25.263157894736842 2.1052631578947367 0 nan nan 0
25.263157894736842 2.631578947368421 0 nan nan 0
25.263157894736842 3.1578947368421053 0 nan nan 0
25.263157894736842 3.6842105263157894 0 nan nan 0
25.263157894736842 4.2105263157894735 0 nan nan 0
25.263157894736842 4.7368421052631575 0 nan nan 0
25.263157894736842 5.263157894736842 0 nan nan 0
25.263157894736842 5.789473684210526 0 nan nan 0
25.263157894736842 6.315789473684211 0 nan nan 0
25.263157894736842 6.842105263157895 0 nan nan 0
25.263157894736842 7.368421052631579 0 nan nan 0
25.263157894736842 7.894736842105263 0 nan nan 0
25.263157894736842 8.421052631578947 0 nan nan 0
25.263157894736842 8.947368421052632 0 nan nan 0
25.263157894736842 9.473684210526315 0 nan nan 0
26.842105263157894 -9.473684210526315 0 nan nan 0
26.842105263157894 -8.947368421052632 0 nan nan 0
26.842105263157894 -8.421052631578947 0 nan nan 0
26.842105263157894 -7.894736842105263 0 nan nan 0
26.842105263157894 -7.368421052631579 0 nan nan 0
26.842105263157894 -6.842105263157895 0 nan nan 0
26.842105263157894 -6.315789473684211 0 nan nan 0
26.842105263157894 -5.789473684210526 0 nan nan 0
26.842105263157894 -5.263157894736842 0 nan nan 0
26.842105263157894 -4.7368421052631575 0 nan nan 0
26.842105263157894 -4.2105263157894735 0 nan nan 0
26.842105263157894 -3.6842105263157894 0 nan nan 0
26.842105263157894 -3.1578947368421053 0 nan nan 0
26.842105263157894 -2.631578947368421 0 nan nan 0
26.842105263157894 -2.1052631578947367 0 nan nan 0
26.842105263157894 -1.5789473684210527 0 nan nan 0
26.842105263157894 -1.0526315789473684 0 nan nan 0
26.842105263157894 -0.5263157894736842 0 nan nan 0
26.842105263157894 -0.0 0 nan nan 0
26.842105263157894 0.0 0 nan nan 0
26.842105263157894 0.5263157894736842 0 nan nan 0
26.842105263157894 1.0526315789473684 0 nan nan 0
26.842105263157894 1.5789473684210527 0 nan nan 0
26.842105263157894 2.1052631578947367 0 nan nan 0
26.842105263157894 2.631578947368421 0 nan nan 0
26.842105263157894 3.1578947368421053 0 nan nan 0
26.842105263157894 3.6842105263157894 0 nan nan 0
26.842105263157894 4.2105263157894735 0 nan nan 0
26.842105263157894 4.7368421052631575 0 nan nan 0
26.842105263157894 5.263157894736842 0 nan nan 0
26.842105263157894 5.789473684210526 0 nan nan 0
26.842105263157894 6.315789473684211 0 nan nan 0
26.842105263157894 6.842105263157895 0 nan nan 0
26.842105263157894 7.368421052631579 0 nan nan 0
26.842105263157894 7.894736842105263 0 nan nan 0
26.842105263157894 8.421052631578947 0 nan nan 0
26.842105263157894 8.947368421052632 0 nan nan 0
26.842105263157894 9.473684210526315 0 nan nan 0
28.42105263157895 -9.473684210526315 0 nan nan 0
28.42105263157895 -8.947368421052632 0 nan nan 0
28.42105263157895 -8.421052631578947 0 nan nan 0
28.42105263157895 -7.894736842105263 0 nan nan 0
28.42105263157895 -7.368421052631579 0 nan nan 0
28.42105263157895 -6.842105263157895 0 nan nan 0
28.42105263157895 -6.315789473684211 0 nan nan 0
28.42105263157895 -5.789473684210526 0 nan nan 0
28.42105263157895 -5.263157894736842 0 nan nan 0
28.42105263157895 -4.7368421052631575 0 nan nan 0
28.42105263157895 -4.2105263157894735 0 nan nan 0
28.42105263157895 -3.6842105263157894 0 nan nan 0
28.42105263157895 -3.1578947368421053 0 nan nan 0
28.42105263157895 -2.631578947368421 0 nan nan 0
28.42105263157895 -2.1052631578947367 0 nan nan 0
28.42105263157895 -1.5789473684210527 0 nan nan 0
28.42105263157895 -1.0526315789473684 0 nan nan 0
28.42105263157895 -0.5263157894736842 0 nan nan 0
28.42105263157895 -0.0 0 nan nan 0
28.42105263157895 0.0 0 nan nan 0
28.42105263157895 0.5263157894736842 0 nan nan 0
28.42105263157895 1.0526315789473684 0 nan nan 0
28.42105263157895 1.5789473684210527 0 nan nan 0
28.42105263157895 2.1052631578947367 0 nan nan 0
28.42105263157895 2.631578947368421 0 nan nan 0
28.42105263157895 3.1578947368421053 0 nan nan 0
28.42105263157895 3.6842105263157894 0 nan nan 0
28.42105263157895 4.2105263157894735 0 nan nan 0
28.42105263157895 4.7368421052631575 0 nan nan 0
28.42105263157895 5.263157894736842 0 nan nan 0
28.42105263157895 5.789473684210526 0 nan nan 0
28.42105263157895 6.315789473684211 0 nan nan 0
28.42105263157895 6.842105263157895 0 nan nan 0
28.42105263157895 7.368421052631579 0 nan nan 0
28.42105263157895 7.894736842105263 0 nan nan 0
28.42105263157895 8.421052631578947 0 nan nan 0
28.42105263157895 8.947368421052632 0 nan nan 0
28.42105263157895 9.473684210526315 0 nan nan 0
