-15.0 -0.7142857142857143 1.0 26 84.43325323694529 0.0 0.0 
-15.0 -0.0 1.0 36 64.41347680940862 0.0 0.0 
-15.0 0.0 1.0 39 113.88290211781379 0.0 0.0 
-15.0 0.7142857142857143 1.0 37 88.03015534494196 0.0 0.0 
-12.857142857142858 -1.4285714285714286 1.0 19 37.70865271243201 0.0 0.0 
-12.857142857142858 -0.7142857142857143 1.0 24 55.75867545829335 0.0 0.0 
-12.857142857142858 -0.0 1.0 34 60.9762931916597 0.0 0.0 
-12.857142857142858 0.0 1.0 33 70.85105587920313 0.0 0.0 
-12.857142857142858 0.7142857142857143 1.0 50 97.7661337890507 0.0 0.0 
-12.857142857142858 1.4285714285714286 1.0 41 100.16351100615864 0.0 0.0 
-10.714285714285714 -1.4285714285714286 1.0 20 46.551114395500335 0.0 0.0 
-10.714285714285714 -0.7142857142857143 1.0 27 46.26080398266929 0.0 0.0 
-10.714285714285714 -0.0 1.0 35 70.45188827097829 0.0 0.0 
-10.714285714285714 0.0 1.0 31 55.06372167469961 0.0 0.0 
-10.714285714285714 0.7142857142857143 1.0 40 75.69260608087208 0.0 0.0 
-10.714285714285714 1.4285714285714286 1.0 56 87.77816595650525 0.0 0.0 
-8.571428571428571 -1.4285714285714286 1.0 28 68.26226103727564 0.0 0.0 
-8.571428571428571 -0.7142857142857143 1.0 38 44.846830325285204 0.0 0.0 
-8.571428571428571 -0.0 1.0 47 87.66009695931957 0.0 0.0 
-8.571428571428571 0.0 1.0 46 55.68048611042077 0.0 0.0 
-8.571428571428571 0.7142857142857143 1.0 52 94.26439531818033 0.0 0.0 
-8.571428571428571 1.4285714285714286 1.0 68 90.28021466805305 0.0 0.0 
-6.428571428571429 -1.4285714285714286 1.0 38 69.67006033747711 0.0 0.0 
-6.428571428571429 -0.7142857142857143 1.0 49 48.17234453014565 0.0 0.0 
-6.428571428571429 -0.0 1.0 55 91.5115168531056 0.0 0.0 
-6.428571428571429 0.0 1.0 54 60.19854275863902 0.0 0.0 
-6.428571428571429 0.7142857142857143 1.0 57 96.4665985509642 0.0 0.0 
-6.428571428571429 1.4285714285714286 1.0 73 92.01144954870712 0.0 0.0 
-4.285714285714286 -1.4285714285714286 1.0 43 64.62129445797466 0.0 0.0 
-4.285714285714286 -0.7142857142857143 1.0 54 46.30469819815545 0.0 0.0 
-4.285714285714286 -0.0 1.0 57 83.14667507414227 0.0 0.0 
-4.285714285714286 0.0 1.0 57 57.43857546539495 0.0 0.0 
-4.285714285714286 0.7142857142857143 1.0 61 91.76799259793148 0.0 0.0 
-4.285714285714286 1.4285714285714286 1.0 77 93.42028149135551 0.0 0.0 
-2.142857142857143 -1.4285714285714286 1.0 47 66.53656779290841 0.0 0.0 
-2.142857142857143 -0.7142857142857143 1.0 57 44.24654162326328 0.0 0.0 
-2.142857142857143 -0.0 1.0 61 85.91385813461773 0.0 0.0 
-2.142857142857143 0.0 1.0 59 55.24834186431554 0.0 0.0 
-2.142857142857143 0.7142857142857143 1.0 64 94.44885911179651 0.0 0.0 
-2.142857142857143 1.4285714285714286 1.0 78 90.93866249222172 0.0 0.0 
-0.0 -1.4285714285714286 1.0 50 69.46133071836036 0.0 0.0 
-0.0 -0.7142857142857143 1.0 61 41.88345162922575 0.0 0.0 
-0.0 -0.0 1.0 61 84.91591753595404 0.0 0.0 
-0.0 0.0 1.0 62 52.561204819931625 0.0 0.0 
-0.0 0.7142857142857143 1.0 67 95.84358232562407 0.0 0.0 
-0.0 1.4285714285714286 1.0 81 89.44762340525926 0.0 0.0 
0.0 -1.4285714285714286 1.0 53 70.76669881655684 0.0 0.0 
0.0 -0.7142857142857143 1.0 64 37.55075857207283 0.0 0.0 
0.0 -0.0 1.0 62 81.98255625481283 0.0 0.0 
0.0 0.0 1.0 65 52.936892429510166 0.0 0.0 
0.0 0.7142857142857143 1.0 68 90.51061985407927 0.0 0.0 
0.0 1.4285714285714286 1.0 81 85.41142904075376 0.0 0.0 
2.142857142857143 -1.4285714285714286 1.0 57 75.85627863118344 0.0 -0.060881092108577915 
2.142857142857143 -0.7142857142857143 1.0 73 33.50886778119545 0.0 -0.060881092108577915 
2.142857142857143 -0.0 1.0 65 84.76488710780005 0.0 -0.060881092108577915 
2.142857142857143 0.0 1.0 70 48.74081650153089 0.0 -0.060881092108577915 
2.142857142857143 0.7142857142857143 1.0 65 80.26057339272393 0.0 -0.060881092108577915 
4.285714285714286 -0.7142857142857143 1.0 64 40.61635559824337 0.0 0.36738329003631387 
4.285714285714286 -0.0 1.0 64 40.185820955818556 0.0 0.36738329003631387 
4.285714285714286 0.0 1.0 78 58.66502448069009 0.0 0.36738329003631387 
4.285714285714286 0.7142857142857143 1.0 89 85.33235772622815 0.0 0.36738329003631387 
6.428571428571429 0.7142857142857143 1.0 85 90.7323408200792 0.0 0.41012924091180797 
6.428571428571429 1.4285714285714286 1.0 72 26.502194787428706 0.0 0.41012924091180797 
8.571428571428571 2.142857142857143 1.0 69 80.3043281322633 0.0 -1.0113240540443837 
8.571428571428571 2.857142857142857 1.0 67 25.631232591634813 0.0 -1.0113240540443837 
10.714285714285714 2.857142857142857 1.0 79 56.19050971086705 0.0 -4.518321434313633 
10.714285714285714 3.5714285714285716 1.0 68 50.142303874858555 0.0 -4.518321434313633 
10.714285714285714 4.285714285714286 1.0 76 77.15353182523477 0.0 -4.518321434313633 
12.857142857142858 2.857142857142857 1.0 58 28.057472039318682 0.0 -9.715111067446475 
12.857142857142858 3.5714285714285716 1.0 60 12.735134960240941 0.0 -9.715111067446475 
