-15.0 -0.7142857142857143 1.0 7 -38.22257790470407 0.0 0.0 
-15.0 -0.0 1.0 7 -33.231891304461456 0.0 0.0 
-15.0 0.0 1.0 8 -34.96219610818177 0.0 0.0 
-15.0 0.7142857142857143 1.0 7 -31.628243132813836 0.0 0.0 
-12.857142857142858 -1.4285714285714286 1.0 7 -32.03675202083638 0.0 0.0 
-12.857142857142858 -0.7142857142857143 1.0 8 -34.21387674232027 0.0 0.0 
-12.857142857142858 -0.0 1.0 8 -30.444281824833133 0.0 0.0 
-12.857142857142858 0.0 1.0 8 -32.85747098873348 0.0 0.0 
-12.857142857142858 0.7142857142857143 1.0 8 -31.42041223359599 0.0 0.0 
-12.857142857142858 1.4285714285714286 1.0 8 -32.931341124630826 0.0 0.0 
-10.714285714285714 -1.4285714285714286 1.0 7 -32.25826785758678 0.0 0.0 
-10.714285714285714 -0.7142857142857143 1.0 8 -34.620784499122195 0.0 0.0 
-10.714285714285714 -0.0 1.0 8 -30.560527539450106 0.0 0.0 
-10.714285714285714 0.0 1.0 9 -32.144122549165516 0.0 0.0 
-10.714285714285714 0.7142857142857143 1.0 8 -29.996987938564807 0.0 0.0 
-10.714285714285714 1.4285714285714286 1.0 8 -32.763684706693745 0.0 0.0 
-8.571428571428571 -1.4285714285714286 1.0 7 -31.979659154676746 0.0 0.0 
-8.571428571428571 -0.7142857142857143 1.0 8 -34.19828713773163 0.0 0.0 
-8.571428571428571 -0.0 1.0 8 -30.815749316129807 0.0 0.0 
-8.571428571428571 0.0 1.0 8 -32.719126004865906 0.0 0.0 
-8.571428571428571 0.7142857142857143 1.0 8 -29.98685211529627 0.0 0.0 
-8.571428571428571 1.4285714285714286 1.0 8 -32.759984472728334 0.0 0.0 
-6.428571428571429 -1.4285714285714286 1.0 7 -32.048708208846804 0.0 0.0 
-6.428571428571429 -0.7142857142857143 1.0 8 -34.02279443374249 0.0 0.0 
-6.428571428571429 -0.0 1.0 8 -30.685324303489487 0.0 0.0 
-6.428571428571429 0.0 1.0 8 -32.60395130121754 0.0 0.0 
-6.428571428571429 0.7142857142857143 1.0 8 -30.03328369670991 0.0 0.0 
-6.428571428571429 1.4285714285714286 1.0 8 -32.75164092939353 0.0 0.0 
-4.285714285714286 -1.4285714285714286 1.0 7 -31.978814036754343 0.0 0.0 
-4.285714285714286 -0.7142857142857143 1.0 8 -33.895318479015415 0.0 0.0 
-4.285714285714286 -0.0 1.0 8 -30.64416418548995 0.0 0.0 
-4.285714285714286 0.0 1.0 8 -32.53109586913273 0.0 0.0 
-4.285714285714286 0.7142857142857143 1.0 8 -30.05965876924003 0.0 0.0 
-4.285714285714286 1.4285714285714286 1.0 8 -32.750933140681724 0.0 0.0 
-2.142857142857143 -1.4285714285714286 1.0 7 -31.854402280831113 0.0 0.0 
-2.142857142857143 -0.7142857142857143 1.0 8 -33.75219760452269 0.0 0.0 
-2.142857142857143 -0.0 1.0 8 -30.578672427169415 0.0 0.0 
-2.142857142857143 0.0 1.0 8 -32.44966981738634 0.0 0.0 
-2.142857142857143 0.7142857142857143 1.0 8 -30.042863019899205 0.0 0.0 
-2.142857142857143 1.4285714285714286 1.0 8 -32.72889276622015 0.0 0.0 
-0.0 -1.4285714285714286 1.0 7 -31.726339714297378 0.0 0.0 
-0.0 -0.7142857142857143 1.0 8 -33.601730673793575 0.0 0.0 
-0.0 -0.0 1.0 8 -30.48719575037671 0.0 0.0 
-0.0 0.0 1.0 8 -32.34716097670877 0.0 0.0 
-0.0 0.7142857142857143 1.0 8 -29.98944997090761 0.0 0.0 
-0.0 1.4285714285714286 1.0 8 -32.67310469813724 0.0 0.0 
0.0 -1.4285714285714286 1.0 7 -31.593721661139927 0.0 0.0 
0.0 -0.7142857142857143 1.0 8 -33.44241501914801 0.0 0.0 
0.0 -0.0 1.0 8 -30.379066044632992 0.0 0.0 
0.0 0.0 1.0 8 -32.225668016039805 0.0 0.0 
0.0 0.7142857142857143 1.0 8 -29.910530371743725 0.0 0.0 
0.0 1.4285714285714286 1.0 8 -32.59001191927328 0.0 0.0 
2.142857142857143 -1.4285714285714286 1.0 7 -31.45468610688351 0.0 -0.06106949802318636 
2.142857142857143 -0.7142857142857143 1.0 8 -33.275014890115585 0.0 -0.06106949802318636 
2.142857142857143 -0.0 1.0 8 -30.264308448057015 0.0 -0.06106949802318636 
2.142857142857143 0.0 1.0 8 -32.096829190638985 0.0 -0.06106949802318636 
2.142857142857143 0.7142857142857143 1.0 8 -29.82581143925932 0.0 -0.06106949802318636 
4.285714285714286 -0.7142857142857143 1.0 7 -34.00600006321235 0.0 0.3703608130452185 
4.285714285714286 -0.0 1.0 8 -30.63700412706334 0.0 0.3703608130452185 
4.285714285714286 0.0 1.0 8 -32.56715641249742 0.0 0.3703608130452185 
4.285714285714286 0.7142857142857143 1.0 8 -31.139070859413046 0.0 0.3703608130452185 
6.428571428571429 0.7142857142857143 1.0 7 -32.45865096153388 0.0 0.4224553240059694 
6.428571428571429 1.4285714285714286 1.0 7 -32.957426066976566 0.0 0.4224553240059694 
8.571428571428571 2.142857142857143 1.0 6 -32.24461882477752 0.0 -0.9860359568764405 
8.571428571428571 2.857142857142857 1.0 7 -31.954843556081798 0.0 -0.9860359568764405 
10.714285714285714 2.857142857142857 1.0 7 -33.14128611389394 0.0 -4.484437791387331 
10.714285714285714 3.5714285714285716 1.0 7 -30.881745631524566 0.0 -4.484437791387331 
10.714285714285714 4.285714285714286 1.0 7 -31.47545412951482 0.0 -4.484437791387331 
12.857142857142858 2.857142857142857 1.0 8 -31.139605583518552 0.0 -9.687676261557488 
12.857142857142858 3.5714285714285716 1.0 8 -29.154912752877348 0.0 -9.687676261557488 
