-15.0 -0.7142857142857143 1.0 -30 -12.911745256946915 0.0 0.0 
-15.0 -0.0 1.0 -25 -0.43547576302660573 0.0 0.0 
-15.0 0.0 1.0 -23 0.7761550661250318 0.0 0.0 
-15.0 0.7142857142857143 1.0 -22 5.286777046762977 0.0 0.0 
-12.857142857142858 -1.4285714285714286 1.0 -26 16.32070121516214 0.0 0.0 
-12.857142857142858 -0.7142857142857143 1.0 -16 23.2993436955319 0.0 0.0 
-12.857142857142858 -0.0 1.0 -13 26.398204977476354 0.0 0.0 
-12.857142857142858 0.0 1.0 -13 21.212904971647937 0.0 0.0 
-12.857142857142858 0.7142857142857143 1.0 -14 8.829598311768601 0.0 0.0 
-12.857142857142858 1.4285714285714286 1.0 -17 5.6351889749965185 0.0 0.0 
-10.714285714285714 -1.4285714285714286 1.0 -27 12.450223435211221 0.0 0.0 
-10.714285714285714 -0.7142857142857143 1.0 -17 16.542797221129092 0.0 0.0 
-10.714285714285714 -0.0 1.0 -11 25.1257254086121 0.0 0.0 
-10.714285714285714 0.0 1.0 -7 27.456530815096897 0.0 0.0 
-10.714285714285714 0.7142857142857143 1.0 -10 24.117429015273864 0.0 0.0 
-10.714285714285714 1.4285714285714286 1.0 -13 7.602784180825449 0.0 0.0 
-8.571428571428571 -1.4285714285714286 1.0 -24 14.958665664293044 0.0 0.0 
-8.571428571428571 -0.7142857142857143 1.0 -15 18.743281863531102 0.0 0.0 
-8.571428571428571 -0.0 1.0 -13 22.724473185628998 0.0 0.0 
-8.571428571428571 0.0 1.0 -10 20.751188123549476 0.0 0.0 
-8.571428571428571 0.7142857142857143 1.0 -8 25.008555163181843 0.0 0.0 
-8.571428571428571 1.4285714285714286 1.0 -12 7.8395479458253945 0.0 0.0 
-6.428571428571429 -1.4285714285714286 1.0 -24 13.645334016069565 0.0 0.0 
-6.428571428571429 -0.7142857142857143 1.0 -15 18.767629229679443 0.0 0.0 
-6.428571428571429 -0.0 1.0 -12 24.011660607820147 0.0 0.0 
-6.428571428571429 0.0 1.0 -10 21.17216412602872 0.0 0.0 
-6.428571428571429 0.7142857142857143 1.0 -8 25.020123024304297 0.0 0.0 
-6.428571428571429 1.4285714285714286 1.0 -12 8.027961679949616 0.0 0.0 
-4.285714285714286 -1.4285714285714286 1.0 -24 13.465902894827407 0.0 0.0 
-4.285714285714286 -0.7142857142857143 1.0 -15 18.531533226992558 0.0 0.0 
-4.285714285714286 -0.0 1.0 -12 23.96811117823959 0.0 0.0 
-4.285714285714286 0.0 1.0 -10 21.151759334177513 0.0 0.0 
-4.285714285714286 0.7142857142857143 1.0 -8 24.89149000158444 0.0 0.0 
-4.285714285714286 1.4285714285714286 1.0 -13 7.989294292470131 0.0 0.0 
-2.142857142857143 -1.4285714285714286 1.0 -24 13.631161050852143 0.0 0.0 
-2.142857142857143 -0.7142857142857143 1.0 -15 18.55237959857547 0.0 0.0 
-2.142857142857143 -0.0 1.0 -12 23.962526829387553 0.0 0.0 
-2.142857142857143 0.0 1.0 -10 21.120848133624506 0.0 0.0 
-2.142857142857143 0.7142857142857143 1.0 -8 24.84398730782109 0.0 0.0 
-2.142857142857143 1.4285714285714286 1.0 -13 7.9186389944575275 0.0 0.0 
-0.0 -1.4285714285714286 1.0 -24 13.750413361623872 0.0 0.0 
-0.0 -0.7142857142857143 1.0 -15 18.61737359019552 0.0 0.0 
-0.0 -0.0 1.0 -12 24.038359904066112 0.0 0.0 
-0.0 0.0 1.0 -10 21.15882661518613 0.0 0.0 
-0.0 0.7142857142857143 1.0 -8 24.883646094705178 0.0 0.0 
-0.0 1.4285714285714286 1.0 -13 7.928535695268547 0.0 0.0 
0.0 -1.4285714285714286 1.0 -24 13.82852674219696 0.0 0.0 
0.0 -0.7142857142857143 1.0 -15 18.700786423417348 0.0 0.0 
0.0 -0.0 1.0 -12 24.107757772484973 0.0 0.0 
0.0 0.0 1.0 -10 21.230100809260144 0.0 0.0 
0.0 0.7142857142857143 1.0 -8 24.9444898986994 0.0 0.0 
0.0 1.4285714285714286 1.0 -13 7.990242479374231 0.0 0.0 
2.142857142857143 -1.4285714285714286 1.0 -24 13.768783828561928 0.0 -0.061111557362088634 
2.142857142857143 -0.7142857142857143 1.0 -15 18.709479957844568 0.0 -0.061111557362088634 
2.142857142857143 -0.0 1.0 -12 24.008230515696585 0.0 -0.061111557362088634 
2.142857142857143 0.0 1.0 -10 21.173860523268594 0.0 -0.061111557362088634 
2.142857142857143 0.7142857142857143 1.0 -8 24.806051850787078 0.0 -0.061111557362088634 
4.285714285714286 -0.7142857142857143 1.0 -21 9.570074885048994 0.0 0.37102874491009363 
4.285714285714286 -0.0 1.0 -15 18.737937245188277 0.0 0.37102874491009363 
4.285714285714286 0.0 1.0 -13 14.899405533172633 0.0 0.37102874491009363 
4.285714285714286 0.7142857142857143 1.0 -11 10.398252538119962 0.0 0.37102874491009363 
6.428571428571429 0.7142857142857143 1.0 -23 -4.237410978032983 0.0 0.425226411602342 
6.428571428571429 1.4285714285714286 1.0 -21 0.7226646733653368 0.0 0.425226411602342 
8.571428571428571 2.142857142857143 1.0 -29 -8.267471369395047 0.0 -0.980340734812075 
8.571428571428571 2.857142857142857 1.0 -24 0.2245776568347626 0.0 -0.980340734812075 
10.714285714285714 2.857142857142857 1.0 -26 -13.987674431707783 0.0 -4.4767895259279555 
10.714285714285714 3.5714285714285716 1.0 -23 -2.76614505418018 0.0 -4.4767895259279555 
10.714285714285714 4.285714285714286 1.0 -22 -6.339947514410026 0.0 -4.4767895259279555 
12.857142857142858 2.857142857142857 1.0 -18 3.0388732593217043 0.0 -9.68145068458759 
12.857142857142858 3.5714285714285716 1.0 -15 11.685480397853311 0.0 -9.68145068458759 
