-27.857142857142858 -9.285714285714286 0.0 26 18.063105482746515 0.0 0.0 
-27.857142857142858 -8.571428571428571 0.0 32 21.20000364404587 0.0 0.0 
-27.857142857142858 -7.857142857142858 0.0 37 33.80076696142692 0.0 0.0 
-27.857142857142858 -7.142857142857143 0.0 41 34.73962599451758 0.0 0.0 
-27.857142857142858 -6.428571428571429 0.0 44 40.7592810908614 0.0 0.0 
-27.857142857142858 -5.714285714285714 0.0 48 39.536159929678945 0.0 0.0 
-27.857142857142858 -5.0 0.0 50 41.04841505157603 0.0 0.0 
-27.857142857142858 -4.285714285714286 0.0 52 38.205603924221705 0.0 0.0 
-27.857142857142858 -3.5714285714285716 0.0 52 36.72559251308872 0.0 0.0 
-27.857142857142858 -2.857142857142857 0.0 52 32.75309235118837 0.0 0.0 
-27.857142857142858 -2.142857142857143 0.0 51 29.951867035863103 0.0 0.0 
-27.857142857142858 -1.4285714285714286 0.0 51 26.503711452278136 0.0 0.0 
-27.857142857142858 -0.7142857142857143 0.0 51 24.740314405763012 0.0 0.0 
-27.857142857142858 -0.0 0.0 51 24.552709893648547 0.0 0.0 
-27.857142857142858 0.0 0.0 53 26.228906093669167 0.0 0.0 
-27.857142857142858 0.7142857142857143 0.0 55 29.284236228145588 0.0 0.0 
-27.857142857142858 1.4285714285714286 0.0 58 33.35345660971442 0.0 0.0 
-27.857142857142858 2.142857142857143 0.0 61 37.59079599183248 0.0 0.0 
-27.857142857142858 2.857142857142857 0.0 64 41.417633646578345 0.0 0.0 
-27.857142857142858 3.5714285714285716 0.0 66 44.76183790836693 0.0 0.0 
-27.857142857142858 4.285714285714286 0.0 68 46.7933019955105 0.0 0.0 
-27.857142857142858 5.0 0.0 70 47.66334312277896 0.0 0.0 
-27.857142857142858 5.714285714285714 0.0 70 47.10555754370427 0.0 0.0 
-27.857142857142858 6.428571428571429 0.0 70 44.99099522151971 0.0 0.0 
-27.857142857142858 7.142857142857143 0.0 69 40.579606990435494 0.0 0.0 
-27.857142857142858 7.857142857142858 0.0 67 31.093050884040338 0.0 0.0 
-27.857142857142858 8.571428571428571 0.0 63 -1.0462888706023676 0.0 0.0 
-27.857142857142858 9.285714285714286 0.0 35 -60.3471802362569 0.0 0.0 
-25.714285714285715 -9.285714285714286 0.0 13 -26.303361429678144 0.0 0.0 
-25.714285714285715 -8.571428571428571 0.0 22 -1.6260727785582123 0.0 0.0 
-25.714285714285715 -7.857142857142858 0.0 24 -10.649951147428268 0.0 0.0 
-25.714285714285715 -7.142857142857143 0.0 31 2.0291606265461013 0.0 0.0 
-25.714285714285715 -6.428571428571429 0.0 32 -8.21161885860666 0.0 0.0 
-25.714285714285715 -5.714285714285714 0.0 35 -1.7326098878870013 0.0 0.0 
-25.714285714285715 -5.0 0.0 35 -11.684553605664547 0.0 0.0 
-25.714285714285715 -4.285714285714286 0.0 37 -9.65501399800035 0.0 0.0 
-25.714285714285715 -3.5714285714285716 0.0 36 -20.09320800228737 0.0 0.0 
-25.714285714285715 -2.857142857142857 0.0 35 -21.646720965011674 0.0 0.0 
-25.714285714285715 -2.142857142857143 0.0 32 -31.465629683794113 0.0 0.0 
-25.714285714285715 -1.4285714285714286 0.0 31 -34.374269144064094 0.0 0.0 
-25.714285714285715 -0.7142857142857143 0.0 29 -41.66333771716192 0.0 0.0 
-25.714285714285715 -0.0 0.0 28 -41.8471876580952 0.0 0.0 
-25.714285714285715 0.0 0.0 29 -43.67580832480347 0.0 0.0 
-25.714285714285715 0.7142857142857143 0.0 31 -39.523989006523614 0.0 0.0 
-25.714285714285715 1.4285714285714286 0.0 34 -37.02668481908776 0.0 0.0 
-25.714285714285715 2.142857142857143 0.0 38 -31.620997985247342 0.0 0.0 
-25.714285714285715 2.857142857142857 0.0 42 -28.94150000319012 0.0 0.0 
-25.714285714285715 3.5714285714285716 0.0 45 -25.642376105173177 0.0 0.0 
-25.714285714285715 4.285714285714286 0.0 47 -25.230790691487073 0.0 0.0 
-25.714285714285715 5.0 0.0 49 -24.679710655573103 0.0 0.0 
-25.714285714285715 5.714285714285714 0.0 50 -26.667274996191786 0.0 0.0 
-25.714285714285715 6.428571428571429 0.0 51 -28.704342336571266 0.0 0.0 
-25.714285714285715 7.142857142857143 0.0 53 -30.670299481916608 0.0 0.0 
-25.714285714285715 7.857142857142858 0.0 56 -22.487914467227533 0.0 0.0 
-25.714285714285715 8.571428571428571 0.0 48 -58.666274933495046 0.0 0.0 
-25.714285714285715 9.285714285714286 0.0 3 -160.54527676383736 0.0 0.0 
-23.57142857142857 -9.285714285714286 0.0 27 -30.514668055633532 0.0 0.0 
-23.57142857142857 -8.571428571428571 0.0 33 4.353241343857322 0.0 0.0 
-23.57142857142857 -7.857142857142858 0.0 36 -11.752477736089272 0.0 0.0 
-23.57142857142857 -7.142857142857143 0.0 40 7.073123889062735 0.0 0.0 
-23.57142857142857 -6.428571428571429 0.0 41 -7.313232959804033 0.0 0.0 
-23.57142857142857 -5.714285714285714 0.0 43 2.9568934574383263 0.0 0.0 
-23.57142857142857 -5.0 0.0 43 -10.270056533322496 0.0 0.0 
-23.57142857142857 -4.285714285714286 0.0 43 -6.851188628053734 0.0 0.0 
-23.57142857142857 -3.5714285714285716 0.0 42 -19.849950921921966 0.0 0.0 
-23.57142857142857 -2.857142857142857 0.0 38 -20.992051420597363 0.0 0.0 
-23.57142857142857 -2.142857142857143 0.0 35 -34.94313271254866 0.0 0.0 
-23.57142857142857 -1.4285714285714286 0.0 30 -39.673735977728704 0.0 0.0 
-23.57142857142857 -0.7142857142857143 0.0 25 -50.04716207378407 0.0 0.0 
-23.57142857142857 -0.0 0.0 23 -50.60062865627954 0.0 0.0 
-23.57142857142857 0.0 0.0 23 -52.14043847280816 0.0 0.0 
-23.57142857142857 0.7142857142857143 0.0 25 -45.76158361824763 0.0 0.0 
-23.57142857142857 1.4285714285714286 0.0 30 -40.91051023953898 0.0 0.0 
-23.57142857142857 2.142857142857143 0.0 35 -33.424769710469306 0.0 0.0 
-23.57142857142857 2.857142857142857 0.0 39 -29.81626821385963 0.0 0.0 
-23.57142857142857 3.5714285714285716 0.0 43 -25.843364551451202 0.0 0.0 
-23.57142857142857 4.285714285714286 0.0 45 -25.186048100686712 0.0 0.0 
-23.57142857142857 5.0 0.0 47 -24.199596973074897 0.0 0.0 
-23.57142857142857 5.714285714285714 0.0 48 -25.645391734942066 0.0 0.0 
-23.57142857142857 6.428571428571429 0.0 48 -28.682080269471804 0.0 0.0 
-23.57142857142857 7.142857142857143 0.0 46 -35.6685984576577 0.0 0.0 
-23.57142857142857 7.857142857142858 0.0 50 -21.34939596996074 0.0 0.0 
-23.57142857142857 8.571428571428571 0.0 44 -47.2067229179208 0.0 0.0 
-23.57142857142857 9.285714285714286 0.0 -14 -182.82972136151832 0.0 0.0 
-21.428571428571427 -9.285714285714286 0.0 33 -44.16174757657118 0.0 0.0 
-21.428571428571427 -8.571428571428571 0.0 37 3.127912670024461 0.0 0.0 
-21.428571428571427 -7.857142857142858 0.0 41 -20.775321709078312 0.0 0.0 
-21.428571428571427 -7.142857142857143 0.0 44 5.1630302258269225 0.0 0.0 
-21.428571428571427 -6.428571428571429 0.0 46 -15.046302904463353 0.0 0.0 
-21.428571428571427 -5.714285714285714 0.0 47 -0.19886127692117128 0.0 0.0 
-21.428571428571427 -5.0 0.0 47 -17.409478388612186 0.0 0.0 
-21.428571428571427 -4.285714285714286 0.0 46 -10.525885318077776 0.0 0.0 
-21.428571428571427 -3.5714285714285716 0.0 43 -26.796879810135003 0.0 0.0 
-21.428571428571427 -2.857142857142857 0.0 39 -28.526912464074094 0.0 0.0 
-21.428571428571427 -2.142857142857143 0.0 33 -47.0378021418565 0.0 0.0 
-21.428571428571427 -1.4285714285714286 0.0 24 -55.43015268203226 0.0 0.0 
-21.428571428571427 -0.7142857142857143 0.0 16 -71.74857374980905 0.0 0.0 
-21.428571428571427 -0.0 0.0 11 -72.84092420959345 0.0 0.0 
-21.428571428571427 0.0 0.0 11 -74.35203299972812 0.0 0.0 
-21.428571428571427 0.7142857142857143 0.0 15 -64.12419998348088 0.0 0.0 
-21.428571428571427 1.4285714285714286 0.0 23 -54.871189272641764 0.0 0.0 
-21.428571428571427 2.142857142857143 0.0 29 -43.22130505617358 0.0 0.0 
-21.428571428571427 2.857142857142857 0.0 35 -38.37640003722607 0.0 0.0 
-21.428571428571427 3.5714285714285716 0.0 39 -33.87247815289543 0.0 0.0 
-21.428571428571427 4.285714285714286 0.0 42 -33.74693103989331 0.0 0.0 
-21.428571428571427 5.0 0.0 44 -32.63118166689634 0.0 0.0 
-21.428571428571427 5.714285714285714 0.0 45 -33.44002566170457 0.0 0.0 
-21.428571428571427 6.428571428571429 0.0 45 -32.798765286231955 0.0 0.0 
-21.428571428571427 7.142857142857143 0.0 43 -41.41714995256711 0.0 0.0 
-21.428571428571427 7.857142857142858 0.0 47 -28.49237987497498 0.0 0.0 
-21.428571428571427 8.571428571428571 0.0 43 -45.604751331663294 0.0 0.0 
-21.428571428571427 9.285714285714286 0.0 -15 -188.3169212074279 0.0 0.0 
-19.285714285714285 -9.285714285714286 0.0 41 -49.20858127960774 0.0 0.0 
-19.285714285714285 -8.571428571428571 0.0 44 5.0014082662782755 0.0 0.0 
-19.285714285714285 -7.857142857142858 0.0 49 -24.718609477478907 0.0 0.0 
-19.285714285714285 -7.142857142857143 0.0 49 6.15473259047527 0.0 0.0 
-19.285714285714285 -6.428571428571429 0.0 52 -18.08946560663074 0.0 0.0 
-19.285714285714285 -5.714285714285714 0.0 52 -0.621523365821858 0.0 0.0 
-19.285714285714285 -5.0 0.0 52 -20.116280210216694 0.0 0.0 
-19.285714285714285 -4.285714285714286 0.0 50 -11.655586842530937 0.0 0.0 
-19.285714285714285 -3.5714285714285716 0.0 48 -30.048854656408068 0.0 0.0 
-19.285714285714285 -2.857142857142857 0.0 42 -32.17074873351408 0.0 0.0 
-19.285714285714285 -2.142857142857143 0.0 33 -56.6201153353629 0.0 0.0 
-19.285714285714285 -1.4285714285714286 0.0 19 -73.32051646319837 0.0 0.0 
-19.285714285714285 -0.7142857142857143 0.0 3 -99.88115222297768 0.0 0.0 
-19.285714285714285 -0.0 0.0 -3 -101.2404407779169 0.0 0.0 
-19.285714285714285 0.0 0.0 -4 -101.70332540224419 0.0 0.0 
-19.285714285714285 0.7142857142857143 0.0 1 -85.49792691272988 0.0 0.0 
-19.285714285714285 1.4285714285714286 0.0 16 -65.41963121336445 0.0 0.0 
-19.285714285714285 2.142857142857143 0.0 27 -48.78147513165572 0.0 0.0 
-19.285714285714285 2.857142857142857 0.0 35 -42.13548203072105 0.0 0.0 
-19.285714285714285 3.5714285714285716 0.0 39 -36.22652531499843 0.0 0.0 
-19.285714285714285 4.285714285714286 0.0 42 -35.07572929283153 0.0 0.0 
-19.285714285714285 5.0 0.0 44 -34.18636300127304 0.0 0.0 
-19.285714285714285 5.714285714285714 0.0 44 -35.79686524900825 0.0 0.0 
-19.285714285714285 6.428571428571429 0.0 44 -34.8528829201493 0.0 0.0 
-19.285714285714285 7.142857142857143 0.0 41 -43.89546010426303 0.0 0.0 
-19.285714285714285 7.857142857142858 0.0 45 -33.294681981000714 0.0 0.0 
-19.285714285714285 8.571428571428571 0.0 43 -43.79745281358561 0.0 0.0 
-19.285714285714285 9.285714285714286 0.0 -16 -191.8167765635834 0.0 0.0 
-17.142857142857142 -9.285714285714286 0.0 49 -52.50677938041963 0.0 0.0 
-17.142857142857142 -8.571428571428571 0.0 49 6.034895807183368 0.0 0.0 
-17.142857142857142 -7.857142857142858 0.0 55 -28.243225292193685 0.0 0.0 
-17.142857142857142 -7.142857142857143 0.0 54 4.562583435270604 0.0 0.0 
-17.142857142857142 -6.428571428571429 0.0 57 -23.071050990136122 0.0 0.0 
-17.142857142857142 -5.714285714285714 0.0 54 -2.885247360307879 0.0 0.0 
-17.142857142857142 -5.0 0.0 56 -24.09456128193431 0.0 0.0 
-17.142857142857142 -4.285714285714286 0.0 54 -13.170069049760407 0.0 0.0 
-17.142857142857142 -3.5714285714285716 0.0 54 -32.10969300370914 0.0 0.0 
-17.142857142857142 -2.857142857142857 0.0 47 -32.994828811516285 0.0 0.0 
-17.142857142857142 -2.142857142857143 0.0 39 -63.32069668265548 0.0 0.0 
-17.142857142857142 -1.4285714285714286 0.0 17 -94.6567500390174 0.0 0.0 
-17.142857142857142 -0.7142857142857143 0.0 4 -112.63966290809755 0.0 0.0 
-17.142857142857142 -0.0 0.0 -2 -111.48271996378688 0.0 0.0 
-17.142857142857142 0.0 0.0 -5 -113.50470729275938 0.0 0.0 
-17.142857142857142 0.7142857142857143 0.0 -1 -88.91186077506798 0.0 0.0 
-17.142857142857142 1.4285714285714286 0.0 10 -72.89824429812718 0.0 0.0 
-17.142857142857142 2.142857142857143 0.0 29 -48.544484230744985 0.0 0.0 
-17.142857142857142 2.857142857142857 0.0 37 -40.57098372010317 0.0 0.0 
-17.142857142857142 3.5714285714285716 0.0 42 -36.227837700826846 0.0 0.0 
-17.142857142857142 4.285714285714286 0.0 43 -35.68016654095082 0.0 0.0 
-17.142857142857142 5.0 0.0 44 -35.47171406701265 0.0 0.0 
-17.142857142857142 5.714285714285714 0.0 43 -37.52165188979801 0.0 0.0 
-17.142857142857142 6.428571428571429 0.0 44 -37.30252483486193 0.0 0.0 
-17.142857142857142 7.142857142857143 0.0 40 -46.25520485164027 0.0 0.0 
-17.142857142857142 7.857142857142858 0.0 43 -38.68742543804841 0.0 0.0 
-17.142857142857142 8.571428571428571 0.0 44 -43.28998908780754 0.0 0.0 
-17.142857142857142 9.285714285714286 0.0 -16 -195.23633604411316 0.0 0.0 
-15.0 -9.285714285714286 0.0 56 -54.72223332027952 0.0 0.0 
-15.0 -8.571428571428571 0.0 55 5.567670241094419 0.0 0.0 
-15.0 -7.857142857142858 0.0 61 -33.3972708002261 0.0 0.0 
-15.0 -7.142857142857143 0.0 58 1.2608719245161453 0.0 0.0 
-15.0 -6.428571428571429 0.0 61 -28.454316487631964 0.0 0.0 
-15.0 -5.714285714285714 0.0 59 -7.302210997626517 0.0 0.0 
-15.0 -5.0 0.0 61 -28.688661074080258 0.0 0.0 
-15.0 -4.285714285714286 0.0 60 -15.013864878707082 0.0 0.0 
-15.0 -3.5714285714285716 0.0 62 -31.202614309192683 0.0 0.0 
-15.0 -2.857142857142857 0.0 59 -26.475102527926524 0.0 0.0 
-15.0 -2.142857142857143 0.0 54 -56.69788362236941 0.0 0.0 
-15.0 -1.4285714285714286 0.0 29 -77.42284890875018 0.0 0.0 
-15.0 1.4285714285714286 0.0 13 -35.61946329902358 0.0 0.0 
-15.0 2.142857142857143 0.0 31 -25.306553307677067 0.0 0.0 
-15.0 2.857142857142857 0.0 39 -2.8197421282625825 0.0 0.0 
-15.0 3.5714285714285716 0.0 42 -12.45885025025472 0.0 0.0 
-15.0 4.285714285714286 0.0 44 -3.799327980642012 0.0 0.0 
-15.0 5.0 0.0 44 -14.364148753272367 0.0 0.0 
-15.0 5.714285714285714 0.0 44 -10.345006265529449 0.0 0.0 
-15.0 6.428571428571429 0.0 44 -16.910040796771113 0.0 0.0 
-15.0 7.142857142857143 0.0 41 -19.26842052054515 0.0 0.0 
-15.0 7.857142857142858 0.0 42 -16.783121963016505 0.0 0.0 
-15.0 8.571428571428571 0.0 45 -9.178491034705807 0.0 0.0 
-15.0 9.285714285714286 0.0 -17 -155.11056394317387 0.0 0.0 
-12.857142857142858 -9.285714285714286 0.0 65 -52.37148212511128 0.0 0.0 
-12.857142857142858 -8.571428571428571 0.0 60 9.72051153723364 0.0 0.0 
-12.857142857142858 -7.857142857142858 0.0 66 -31.99541170544599 0.0 0.0 
-12.857142857142858 -7.142857142857143 0.0 62 4.3059867778591965 0.0 0.0 
-12.857142857142858 -6.428571428571429 0.0 66 -25.717137307286393 0.0 0.0 
-12.857142857142858 -5.714285714285714 0.0 62 -0.12468176544977894 0.0 0.0 
-12.857142857142858 -5.0 0.0 65 -19.17228018076956 0.0 0.0 
-12.857142857142858 -4.285714285714286 0.0 62 0.26252215544505475 0.0 0.0 
-12.857142857142858 -3.5714285714285716 0.0 64 -9.074329298549415 0.0 0.0 
-12.857142857142858 -2.857142857142857 0.0 59 3.5269589083861064 0.0 0.0 
-12.857142857142858 -2.142857142857143 0.0 37 -47.735171378560864 0.0 0.0 
-12.857142857142858 2.142857142857143 0.0 41 -34.880560357800974 0.0 0.0 
-12.857142857142858 2.857142857142857 0.0 45 -25.798317076364057 0.0 0.0 
-12.857142857142858 3.5714285714285716 0.0 47 -20.236558750637293 0.0 0.0 
-12.857142857142858 4.285714285714286 0.0 47 -22.875165572488285 0.0 0.0 
-12.857142857142858 5.0 0.0 46 -22.619263645359908 0.0 0.0 
-12.857142857142858 5.714285714285714 0.0 44 -26.889113411034295 0.0 0.0 
-12.857142857142858 6.428571428571429 0.0 44 -27.371971622948138 0.0 0.0 
-12.857142857142858 7.142857142857143 0.0 40 -36.632428054643796 0.0 0.0 
-12.857142857142858 7.857142857142858 0.0 39 -36.82591841651499 0.0 0.0 
-12.857142857142858 8.571428571428571 0.0 42 -36.21725003672159 0.0 0.0 
-12.857142857142858 9.285714285714286 0.0 -5 -163.0701230417484 0.0 0.0 
-10.714285714285714 -9.285714285714286 0.0 70 -43.611251163603136 0.0 0.0 
-10.714285714285714 -8.571428571428571 0.0 63 15.063411170397814 0.0 0.0 
-10.714285714285714 -7.857142857142858 0.0 67 -27.10293752764325 0.0 0.0 
-10.714285714285714 -7.142857142857143 0.0 59 8.360447203967865 0.0 0.0 
-10.714285714285714 -6.428571428571429 0.0 62 -22.48745699905058 0.0 0.0 
-10.714285714285714 -5.714285714285714 0.0 55 0.06748146961491841 0.0 0.0 
-10.714285714285714 -5.0 0.0 55 -23.306864020828776 0.0 0.0 
-10.714285714285714 -4.285714285714286 0.0 49 -12.749817542214195 0.0 0.0 
-10.714285714285714 -3.5714285714285716 0.0 49 -33.380011147015665 0.0 0.0 
-10.714285714285714 -2.857142857142857 0.0 52 -29.096259681351 0.0 0.0 
-10.714285714285714 -2.142857142857143 0.0 47 -56.87168026277123 0.0 0.0 
-10.714285714285714 2.142857142857143 0.0 42 -52.62699948997731 0.0 0.0 
-10.714285714285714 2.857142857142857 0.0 47 -21.79451237972301 0.0 0.0 
-10.714285714285714 3.5714285714285716 0.0 47 -34.13349522694431 0.0 0.0 
-10.714285714285714 4.285714285714286 0.0 47 -22.635381243727934 0.0 0.0 
-10.714285714285714 5.0 0.0 46 -35.51432895093046 0.0 0.0 
-10.714285714285714 5.714285714285714 0.0 44 -29.262767523253466 0.0 0.0 
-10.714285714285714 6.428571428571429 0.0 44 -38.11551266288768 0.0 0.0 
-10.714285714285714 7.142857142857143 0.0 42 -36.39548582196794 0.0 0.0 
-10.714285714285714 7.857142857142858 0.0 42 -40.443926416049806 0.0 0.0 
-10.714285714285714 8.571428571428571 0.0 45 -34.905767055180576 0.0 0.0 
-10.714285714285714 9.285714285714286 0.0 -11 -179.93361411464457 0.0 0.0 
-8.571428571428571 -9.285714285714286 0.0 70 -40.265464769531775 0.0 0.0 
-8.571428571428571 -8.571428571428571 0.0 60 12.352617855358297 0.0 0.0 
-8.571428571428571 -7.857142857142858 0.0 63 -30.487611421534623 0.0 0.0 
-8.571428571428571 -7.142857142857143 0.0 55 0.3827872331461677 0.0 0.0 
-8.571428571428571 -6.428571428571429 0.0 57 -30.846321427645535 0.0 0.0 
-8.571428571428571 -5.714285714285714 0.0 53 -10.964144510379846 0.0 0.0 
-8.571428571428571 -5.0 0.0 57 -31.26986727887379 0.0 0.0 
-8.571428571428571 -4.285714285714286 0.0 57 -13.535737873362379 0.0 0.0 
-8.571428571428571 -3.5714285714285716 0.0 62 -17.644144433788 0.0 0.0 
-8.571428571428571 -2.857142857142857 0.0 59 -12.533675519534171 0.0 0.0 
-8.571428571428571 -2.142857142857143 0.0 38 -66.5471789976356 0.0 0.0 
-8.571428571428571 2.142857142857143 0.0 44 -57.58056983985833 0.0 0.0 
-8.571428571428571 2.857142857142857 0.0 47 -23.95010187473804 0.0 0.0 
-8.571428571428571 3.5714285714285716 0.0 48 -39.966507298234454 0.0 0.0 
-8.571428571428571 4.285714285714286 0.0 46 -25.459222253320718 0.0 0.0 
-8.571428571428571 5.0 0.0 47 -40.31013490166599 0.0 0.0 
-8.571428571428571 5.714285714285714 0.0 44 -31.99600207703358 0.0 0.0 
-8.571428571428571 6.428571428571429 0.0 44 -42.87517207173177 0.0 0.0 
-8.571428571428571 7.142857142857143 0.0 42 -40.1472879592725 0.0 0.0 
-8.571428571428571 7.857142857142858 0.0 42 -45.73257472227085 0.0 0.0 
-8.571428571428571 8.571428571428571 0.0 46 -35.831655368005904 0.0 0.0 
-8.571428571428571 9.285714285714286 0.0 -13 -186.27879840816377 0.0 0.0 
-6.428571428571429 -9.285714285714286 0.0 69 -43.73825797636372 0.0 0.0 
-6.428571428571429 -8.571428571428571 0.0 60 9.141740237521788 0.0 0.0 
-6.428571428571429 -7.857142857142858 0.0 64 -35.19668637758916 0.0 0.0 
-6.428571428571429 -7.142857142857143 0.0 58 -1.2333491631528943 0.0 0.0 
-6.428571428571429 -6.428571428571429 0.0 61 -31.05232841347363 0.0 0.0 
-6.428571428571429 -5.714285714285714 0.0 57 -5.788495690020369 0.0 0.0 
-6.428571428571429 -5.0 0.0 60 -25.909981225542737 0.0 0.0 
-6.428571428571429 -4.285714285714286 0.0 55 -12.013152669845852 0.0 0.0 
-6.428571428571429 -3.5714285714285716 0.0 57 -22.335521379873754 0.0 0.0 
-6.428571428571429 -2.857142857142857 0.0 55 -16.553713824871224 0.0 0.0 
-6.428571428571429 -2.142857142857143 0.0 42 -59.220367089274006 0.0 0.0 
-6.428571428571429 2.142857142857143 0.0 47 -57.8242546612127 0.0 0.0 
-6.428571428571429 2.857142857142857 0.0 48 -27.724449358718253 0.0 0.0 
-6.428571428571429 3.5714285714285716 0.0 49 -42.09088281446654 0.0 0.0 
-6.428571428571429 4.285714285714286 0.0 46 -30.00945985068997 0.0 0.0 
-6.428571428571429 5.0 0.0 46 -43.02058264746368 0.0 0.0 
-6.428571428571429 5.714285714285714 0.0 44 -35.919115430929246 0.0 0.0 
-6.428571428571429 6.428571428571429 0.0 44 -45.7411242114664 0.0 0.0 
-6.428571428571429 7.142857142857143 0.0 41 -43.3203573987849 0.0 0.0 
-6.428571428571429 7.857142857142858 0.0 41 -48.93935322135576 0.0 0.0 
-6.428571428571429 8.571428571428571 0.0 46 -37.55658107951845 0.0 0.0 
-6.428571428571429 9.285714285714286 0.0 -14 -191.67913650956086 0.0 0.0 
-4.285714285714286 -9.285714285714286 0.0 71 -42.046903777742195 0.0 0.0 
-4.285714285714286 -8.571428571428571 0.0 62 14.63761796932367 0.0 0.0 
-4.285714285714286 -7.857142857142858 0.0 65 -32.056034554713435 0.0 0.0 
-4.285714285714286 -7.142857142857143 0.0 57 4.1298292473658975 0.0 0.0 
-4.285714285714286 -6.428571428571429 0.0 59 -30.041504727818747 0.0 0.0 
-4.285714285714286 -5.714285714285714 0.0 53 -5.205145486453958 0.0 0.0 
-4.285714285714286 -5.0 0.0 54 -27.69249245473879 0.0 0.0 
-4.285714285714286 -4.285714285714286 0.0 52 -12.404473126060779 0.0 0.0 
-4.285714285714286 -3.5714285714285716 0.0 56 -21.619895759845974 0.0 0.0 
-4.285714285714286 -2.857142857142857 0.0 55 -15.40982727229462 0.0 0.0 
-4.285714285714286 -2.142857142857143 0.0 42 -60.62057663054196 0.0 0.0 
-4.285714285714286 2.142857142857143 0.0 48 -57.20375561290608 0.0 0.0 
-4.285714285714286 2.857142857142857 0.0 48 -29.176510095194168 0.0 0.0 
-4.285714285714286 3.5714285714285716 0.0 49 -43.37515871298587 0.0 0.0 
-4.285714285714286 4.285714285714286 0.0 45 -31.812613223138072 0.0 0.0 
-4.285714285714286 5.0 0.0 45 -44.52738255315143 0.0 0.0 
-4.285714285714286 5.714285714285714 0.0 43 -37.57189113113741 0.0 0.0 
-4.285714285714286 6.428571428571429 0.0 43 -46.740018885226064 0.0 0.0 
-4.285714285714286 7.142857142857143 0.0 41 -44.006239139456675 0.0 0.0 
-4.285714285714286 7.857142857142858 0.0 41 -49.39710977994945 0.0 0.0 
-4.285714285714286 8.571428571428571 0.0 46 -36.54232061937158 0.0 0.0 
-4.285714285714286 9.285714285714286 0.0 -15 -192.99338400980253 0.0 0.0 
-2.142857142857143 -9.285714285714286 0.0 70 -38.477529292359186 0.0 0.0 
-2.142857142857143 -8.571428571428571 0.0 60 15.441303154569873 0.0 0.0 
-2.142857142857143 -7.857142857142858 0.0 62 -32.289997683241126 0.0 0.0 
-2.142857142857143 -7.142857142857143 0.0 53 1.9998790678509053 0.0 0.0 
-2.142857142857143 -6.428571428571429 0.0 55 -31.779179047788013 0.0 0.0 
-2.142857142857143 -5.714285714285714 0.0 51 -7.077119031134707 0.0 0.0 
-2.142857142857143 -5.0 0.0 53 -29.229465312207758 0.0 0.0 
-2.142857142857143 -4.285714285714286 0.0 51 -12.987140225287014 0.0 0.0 
-2.142857142857143 -3.5714285714285716 0.0 57 -20.688950968621867 0.0 0.0 
-2.142857142857143 -2.857142857142857 0.0 57 -12.218009661399066 0.0 0.0 
-2.142857142857143 -2.142857142857143 0.0 45 -56.45076439991101 0.0 0.0 
-2.142857142857143 2.142857142857143 0.0 49 -56.47621302395968 0.0 0.0 
-2.142857142857143 2.857142857142857 0.0 47 -30.521958271424886 0.0 0.0 
-2.142857142857143 3.5714285714285716 0.0 47 -45.569072991273835 0.0 0.0 
-2.142857142857143 4.285714285714286 0.0 44 -33.664362323065994 0.0 0.0 
-2.142857142857143 5.0 0.0 43 -46.02850197652552 0.0 0.0 
-2.142857142857143 5.714285714285714 0.0 42 -38.52215231451228 0.0 0.0 
-2.142857142857143 6.428571428571429 0.0 42 -47.35124723724166 0.0 0.0 
-2.142857142857143 7.142857142857143 0.0 40 -44.18568495171184 0.0 0.0 
-2.142857142857143 7.857142857142858 0.0 40 -49.8300995432114 0.0 0.0 
-2.142857142857143 8.571428571428571 0.0 45 -35.78758211948518 0.0 0.0 
-2.142857142857143 9.285714285714286 0.0 -15 -192.0540243834003 0.0 0.0 
-0.0 -9.285714285714286 0.0 68 -39.64775444542689 0.0 0.0 
-0.0 -8.571428571428571 0.0 58 11.639085490056004 0.0 0.0 
-0.0 -7.857142857142858 0.0 60 -34.74048495517315 0.0 0.0 
-0.0 -7.142857142857143 0.0 52 -1.8062283183421073 0.0 0.0 
-0.0 -6.428571428571429 0.0 55 -34.454270025574296 0.0 0.0 
-0.0 -5.714285714285714 0.0 50 -10.390297316044489 0.0 0.0 
-0.0 -5.0 0.0 53 -31.30921489572944 0.0 0.0 
-0.0 -4.285714285714286 0.0 51 -15.594064501776948 0.0 0.0 
-0.0 -3.5714285714285716 0.0 57 -21.798871022616254 0.0 0.0 
-0.0 -2.857142857142857 0.0 58 -10.885278740313609 0.0 0.0 
-0.0 -2.142857142857143 0.0 48 -50.35244816936627 0.0 0.0 
-0.0 2.142857142857143 0.0 50 -58.96834157650532 0.0 0.0 
-0.0 2.857142857142857 0.0 45 -34.93465642448709 0.0 0.0 
-0.0 3.5714285714285716 0.0 45 -50.4692947896984 0.0 0.0 
-0.0 4.285714285714286 0.0 41 -37.42159595139129 0.0 0.0 
-0.0 5.0 0.0 41 -49.23774072787026 0.0 0.0 
-0.0 5.714285714285714 0.0 40 -40.712260054868054 0.0 0.0 
-0.0 6.428571428571429 0.0 41 -49.22818215598646 0.0 0.0 
-0.0 7.142857142857143 0.0 39 -45.32859533606883 0.0 0.0 
-0.0 7.857142857142858 0.0 39 -51.18592167991669 0.0 0.0 
-0.0 8.571428571428571 0.0 45 -36.58975884046023 0.0 0.0 
-0.0 9.285714285714286 0.0 -15 -192.2365108160757 0.0 0.0 
0.0 -9.285714285714286 0.0 67 -41.7430817404138 0.0 0.0 
0.0 -8.571428571428571 0.0 58 9.386239011254034 0.0 0.0 
0.0 -7.857142857142858 0.0 60 -37.28797396862675 0.0 0.0 
0.0 -7.142857142857143 0.0 52 -4.49447428236514 0.0 0.0 
0.0 -6.428571428571429 0.0 54 -37.41718729105793 0.0 0.0 
0.0 -5.714285714285714 0.0 49 -13.800662843374703 0.0 0.0 
0.0 -5.0 0.0 51 -34.75006464127095 0.0 0.0 
0.0 -4.285714285714286 0.0 48 -19.05863942853894 0.0 0.0 
0.0 -3.5714285714285716 0.0 54 -24.4580557601847 0.0 0.0 
0.0 -2.857142857142857 0.0 56 -10.589182622246213 0.0 0.0 
0.0 -2.142857142857143 0.0 50 -42.559125468673805 0.0 0.0 
0.0 2.142857142857143 0.0 46 -69.26644802614008 0.0 0.0 
0.0 2.857142857142857 0.0 41 -42.778818000213896 0.0 0.0 
0.0 3.5714285714285716 0.0 41 -58.54914660239977 0.0 0.0 
0.0 4.285714285714286 0.0 38 -42.12502857570686 0.0 0.0 
0.0 5.0 0.0 40 -54.198567944224926 0.0 0.0 
0.0 5.714285714285714 0.0 38 -43.121702789196284 0.0 0.0 
0.0 6.428571428571429 0.0 40 -51.78775809401666 0.0 0.0 
0.0 7.142857142857143 0.0 38 -46.47186501060972 0.0 0.0 
0.0 7.857142857142858 0.0 39 -52.65902054043471 0.0 0.0 
0.0 8.571428571428571 0.0 45 -37.270956668520974 0.0 0.0 
0.0 9.285714285714286 0.0 -15 -193.36410330414122 0.0 0.0 
2.142857142857143 -9.285714285714286 0.0 68 -43.03461514715869 0.0 0.0 
2.142857142857143 -8.571428571428571 0.0 58 8.7170615762546 0.0 0.0 
2.142857142857143 -7.857142857142858 0.0 59 -39.25948228794417 0.0 0.0 
2.142857142857143 -7.142857142857143 0.0 51 -6.21920535162225 0.0 0.0 
2.142857142857143 -6.428571428571429 0.0 52 -40.22915873283841 0.0 0.0 
2.142857142857143 -5.714285714285714 0.0 46 -16.847800458335925 0.0 0.0 
2.142857142857143 -5.0 0.0 47 -39.17682323873172 0.0 0.0 
2.142857142857143 -4.285714285714286 0.0 43 -24.391106617618192 0.0 0.0 
2.142857142857143 -3.5714285714285716 0.0 48 -31.15680136087787 0.0 0.0 
2.142857142857143 -2.857142857142857 0.0 50 -15.218544472128428 0.0 0.0 
2.142857142857143 -2.142857142857143 0.0 48 -33.4698399040272 0.0 0.0 
2.142857142857143 1.4285714285714286 0.0 32 -77.96567082565142 0.0 0.0 
2.142857142857143 2.142857142857143 0.0 38 -78.66276781273905 0.0 0.0 
2.142857142857143 2.857142857142857 0.0 33 -60.69248571445098 0.0 0.0 
2.142857142857143 3.5714285714285716 0.0 35 -68.34747462313078 0.0 0.0 
2.142857142857143 4.285714285714286 0.0 34 -54.17632360525701 0.0 0.0 
2.142857142857143 5.0 0.0 37 -59.40738732144316 0.0 0.0 
2.142857142857143 5.714285714285714 0.0 37 -50.51264413323695 0.0 0.0 
2.142857142857143 6.428571428571429 0.0 39 -56.03026344312182 0.0 0.0 
2.142857142857143 7.142857142857143 0.0 38 -52.64629060242747 0.0 0.0 
2.142857142857143 7.857142857142858 0.0 39 -56.9200697658063 0.0 0.0 
2.142857142857143 8.571428571428571 0.0 45 -43.23753229293508 0.0 0.0 
2.142857142857143 9.285714285714286 0.0 -16 -200.4405010551658 0.0 0.0 
4.285714285714286 -9.285714285714286 0.0 67 -44.140218061551444 0.0 0.0 
4.285714285714286 -8.571428571428571 0.0 57 7.4941131834825185 0.0 0.0 
4.285714285714286 -7.857142857142858 0.0 57 -41.68094133727435 0.0 0.0 
4.285714285714286 -7.142857142857143 0.0 49 -8.80961879006297 0.0 0.0 
4.285714285714286 -6.428571428571429 0.0 49 -43.99804987799817 0.0 0.0 
4.285714285714286 -5.714285714285714 0.0 43 -21.284409133257434 0.0 0.0 
4.285714285714286 -5.0 0.0 43 -45.525713190474875 0.0 0.0 
4.285714285714286 -4.285714285714286 0.0 38 -33.43607548289343 0.0 0.0 
4.285714285714286 -3.5714285714285716 0.0 40 -46.08865277863287 0.0 0.0 
4.285714285714286 -2.857142857142857 0.0 37 -37.45148671072189 0.0 0.0 
4.285714285714286 -2.142857142857143 0.0 44 -43.78589657717441 0.0 0.0 
4.285714285714286 -1.4285714285714286 0.0 43 -38.79747543857165 0.0 0.0 
4.285714285714286 1.4285714285714286 0.0 38 -70.43740126681605 0.0 0.0 
4.285714285714286 2.142857142857143 0.0 27 -71.73023105848392 0.0 0.0 
4.285714285714286 2.857142857142857 0.0 20 -76.96553915002586 0.0 0.0 
4.285714285714286 3.5714285714285716 0.0 28 -59.30815384548008 0.0 0.0 
4.285714285714286 4.285714285714286 0.0 30 -56.438497501705996 0.0 0.0 
4.285714285714286 5.0 0.0 36 -46.795769698003355 0.0 0.0 
4.285714285714286 5.714285714285714 0.0 37 -48.07813566609096 0.0 0.0 
4.285714285714286 6.428571428571429 0.0 39 -44.50284122079416 0.0 0.0 
4.285714285714286 7.142857142857143 0.0 38 -48.49300626794988 0.0 0.0 
4.285714285714286 7.857142857142858 0.0 39 -45.31190644690643 0.0 0.0 
4.285714285714286 8.571428571428571 0.0 45 -34.88778177226575 0.0 0.0 
4.285714285714286 9.285714285714286 0.0 -17 -188.18623447862288 0.0 0.0 
6.428571428571429 -9.285714285714286 0.0 67 -46.27813718669974 0.0 0.0 
6.428571428571429 -8.571428571428571 0.0 56 5.652177249043177 0.0 0.0 
6.428571428571429 -7.857142857142858 0.0 56 -44.47625418865241 0.0 0.0 
6.428571428571429 -7.142857142857143 0.0 48 -11.304803594974352 0.0 0.0 
6.428571428571429 -6.428571428571429 0.0 47 -46.756688969205634 0.0 0.0 
6.428571428571429 -5.714285714285714 0.0 42 -24.227704636217283 0.0 0.0 
6.428571428571429 -5.0 0.0 42 -49.072088449121004 0.0 0.0 
6.428571428571429 -4.285714285714286 0.0 37 -37.07199836119166 0.0 0.0 
6.428571428571429 -3.5714285714285716 0.0 38 -51.59294941901215 0.0 0.0 
6.428571428571429 -2.857142857142857 0.0 31 -42.425757455705735 0.0 0.0 
6.428571428571429 -2.142857142857143 0.0 29 -64.7237703596048 0.0 0.0 
6.428571428571429 -1.4285714285714286 0.0 27 -64.72116816722594 0.0 0.0 
6.428571428571429 -0.7142857142857143 0.0 39 -55.28259414312632 0.0 0.0 
6.428571428571429 -0.0 0.0 44 -52.93093556591445 0.0 0.0 
6.428571428571429 0.0 0.0 43 -64.62452187384461 0.0 0.0 
6.428571428571429 2.142857142857143 0.0 31 -75.5379585714453 0.0 0.0 
6.428571428571429 2.857142857142857 0.0 19 -75.88118180973088 0.0 0.0 
6.428571428571429 3.5714285714285716 0.0 19 -64.34478830747155 0.0 0.0 
6.428571428571429 4.285714285714286 0.0 26 -58.15321716028015 0.0 0.0 
6.428571428571429 5.0 0.0 36 -40.94625394677807 0.0 0.0 
6.428571428571429 5.714285714285714 0.0 38 -43.5853800018503 0.0 0.0 
6.428571428571429 6.428571428571429 0.0 38 -41.0794454956839 0.0 0.0 
6.428571428571429 7.142857142857143 0.0 37 -47.11031578715363 0.0 0.0 
6.428571428571429 7.857142857142858 0.0 37 -45.39244292418851 0.0 0.0 
6.428571428571429 8.571428571428571 0.0 44 -35.01407458692291 0.0 0.0 
6.428571428571429 9.285714285714286 0.0 -14 -180.70109194589008 0.0 0.0 
8.571428571428571 -9.285714285714286 0.0 66 -48.94331566937819 0.0 0.0 
8.571428571428571 -8.571428571428571 0.0 55 4.471952468592548 0.0 0.0 
8.571428571428571 -7.857142857142858 0.0 56 -46.682169855507496 0.0 0.0 
8.571428571428571 -7.142857142857143 0.0 47 -12.220559243786909 0.0 0.0 
8.571428571428571 -6.428571428571429 0.0 48 -49.06885400883132 0.0 0.0 
8.571428571428571 -5.714285714285714 0.0 42 -24.943286150878606 0.0 0.0 
8.571428571428571 -5.0 0.0 42 -48.858198809681134 0.0 0.0 
8.571428571428571 -4.285714285714286 0.0 37 -35.04989547998033 0.0 0.0 
8.571428571428571 -3.5714285714285716 0.0 37 -55.52859754017223 0.0 0.0 
8.571428571428571 -2.857142857142857 0.0 33 -45.032347232465106 0.0 0.0 
8.571428571428571 -2.142857142857143 0.0 32 -57.676509830731376 0.0 0.0 
8.571428571428571 -1.4285714285714286 0.0 28 -56.32971536011508 0.0 0.0 
8.571428571428571 -0.7142857142857143 0.0 29 -67.02814866169322 0.0 0.0 
8.571428571428571 -0.0 0.0 28 -65.03221130838212 0.0 0.0 
8.571428571428571 0.0 0.0 27 -90.33962901801038 0.0 0.0 
8.571428571428571 0.7142857142857143 0.0 42 -70.72849644506789 0.0 0.0 
8.571428571428571 1.4285714285714286 0.0 49 -67.6077731134094 0.0 0.0 
8.571428571428571 3.5714285714285716 0.0 24 -68.22685887976638 0.0 0.0 
8.571428571428571 4.285714285714286 0.0 36 -50.28522679601475 0.0 0.0 
8.571428571428571 5.0 0.0 39 -36.69656805895685 0.0 0.0 
8.571428571428571 5.714285714285714 0.0 38 -50.85760823034675 0.0 0.0 
8.571428571428571 6.428571428571429 0.0 38 -43.2484724036803 0.0 0.0 
8.571428571428571 7.142857142857143 0.0 36 -55.56695963247001 0.0 0.0 
8.571428571428571 7.857142857142858 0.0 36 -49.96667525302093 0.0 0.0 
8.571428571428571 8.571428571428571 0.0 42 -44.5010233640719 0.0 0.0 
8.571428571428571 9.285714285714286 0.0 -12 -185.16267545878983 0.0 0.0 
10.714285714285714 -9.285714285714286 0.0 66 -51.098155675307616 0.0 0.0 
10.714285714285714 -8.571428571428571 0.0 55 4.361125581818705 0.0 0.0 
10.714285714285714 -7.857142857142858 0.0 56 -48.17837252241079 0.0 0.0 
10.714285714285714 -7.142857142857143 0.0 47 -12.541860282389443 0.0 0.0 
10.714285714285714 -6.428571428571429 0.0 47 -50.81129375927915 0.0 0.0 
10.714285714285714 -5.714285714285714 0.0 41 -27.88773070324048 0.0 0.0 
10.714285714285714 -5.0 0.0 42 -54.82021849880914 0.0 0.0 
10.714285714285714 -4.285714285714286 0.0 38 -36.82622850349386 0.0 0.0 
10.714285714285714 -3.5714285714285716 0.0 39 -53.90761940273876 0.0 0.0 
10.714285714285714 -2.857142857142857 0.0 37 -42.094496535125884 0.0 0.0 
10.714285714285714 -2.142857142857143 0.0 35 -60.15030928308901 0.0 0.0 
10.714285714285714 -1.4285714285714286 0.0 32 -59.256103989714354 0.0 0.0 
10.714285714285714 -0.7142857142857143 0.0 35 -65.38160024709617 0.0 0.0 
10.714285714285714 -0.0 0.0 35 -48.71790000105606 0.0 0.0 
10.714285714285714 0.0 0.0 36 -48.95963495933379 0.0 0.0 
10.714285714285714 0.7142857142857143 0.0 34 -56.59818976358659 0.0 0.0 
10.714285714285714 1.4285714285714286 0.0 29 -88.27616705749047 0.0 0.0 
10.714285714285714 2.142857142857143 0.0 25 -92.43165458258702 0.0 0.0 
10.714285714285714 5.0 0.0 38 -66.49641558107102 0.0 0.0 
10.714285714285714 5.714285714285714 0.0 38 -28.343190328864367 0.0 0.0 
10.714285714285714 6.428571428571429 0.0 36 -57.78015984174714 0.0 0.0 
10.714285714285714 7.142857142857143 0.0 36 -35.16218883187108 0.0 0.0 
10.714285714285714 7.857142857142858 0.0 35 -55.685139260445546 0.0 0.0 
10.714285714285714 8.571428571428571 0.0 42 -20.77302865084215 0.0 0.0 
10.714285714285714 9.285714285714286 0.0 -16 -183.73921520517305 0.0 0.0 
12.857142857142858 -9.285714285714286 0.0 67 -51.7013100074785 0.0 0.0 
12.857142857142858 -8.571428571428571 0.0 55 4.485759486565243 0.0 0.0 
12.857142857142858 -7.857142857142858 0.0 56 -48.60112098318137 0.0 0.0 
12.857142857142858 -7.142857142857143 0.0 47 -12.76152615850691 0.0 0.0 
12.857142857142858 -6.428571428571429 0.0 48 -50.77516442133335 0.0 0.0 
12.857142857142858 -5.714285714285714 0.0 42 -26.25970434501565 0.0 0.0 
12.857142857142858 -5.0 0.0 42 -54.13261022293422 0.0 0.0 
12.857142857142858 -4.285714285714286 0.0 36 -39.37593530211849 0.0 0.0 
12.857142857142858 -3.5714285714285716 0.0 36 -60.87496308897263 0.0 0.0 
12.857142857142858 -2.857142857142857 0.0 34 -47.287374727001364 0.0 0.0 
12.857142857142858 -2.142857142857143 0.0 37 -54.81634675083456 0.0 0.0 
12.857142857142858 -1.4285714285714286 0.0 35 -43.290886346574354 0.0 0.0 
12.857142857142858 -0.7142857142857143 0.0 33 -55.64906036565016 0.0 0.0 
12.857142857142858 -0.0 0.0 26 -60.19867236529044 0.0 0.0 
12.857142857142858 0.0 0.0 27 -62.736599737832734 0.0 0.0 
12.857142857142858 0.7142857142857143 0.0 33 -33.57830164282961 0.0 0.0 
12.857142857142858 1.4285714285714286 0.0 32 -45.996937548523235 0.0 0.0 
12.857142857142858 2.142857142857143 0.0 15 -83.35282581400314 0.0 0.0 
12.857142857142858 4.285714285714286 0.0 35 -77.79314230450949 0.0 0.0 
12.857142857142858 5.0 0.0 38 -79.31273197143182 0.0 0.0 
12.857142857142858 5.714285714285714 0.0 34 -64.79324230980524 0.0 0.0 
12.857142857142858 6.428571428571429 0.0 35 -73.28523014071901 0.0 0.0 
12.857142857142858 7.142857142857143 0.0 32 -65.16286567699706 0.0 0.0 
12.857142857142858 7.857142857142858 0.0 33 -77.79544523540943 0.0 0.0 
12.857142857142858 8.571428571428571 0.0 41 -53.63284741196326 0.0 0.0 
12.857142857142858 9.285714285714286 0.0 -13 -207.58545513124204 0.0 0.0 
15.0 -9.285714285714286 0.0 67 -51.04576807657939 0.0 0.0 
15.0 -8.571428571428571 0.0 55 4.475267137438756 0.0 0.0 
15.0 -7.857142857142858 0.0 56 -48.03411898093047 0.0 0.0 
15.0 -7.142857142857143 0.0 47 -13.26478671841948 0.0 0.0 
15.0 -6.428571428571429 0.0 47 -51.74908424332895 0.0 0.0 
15.0 -5.714285714285714 0.0 41 -27.36563117352692 0.0 0.0 
15.0 -5.0 0.0 42 -52.91101380276465 0.0 0.0 
15.0 -4.285714285714286 0.0 38 -34.52603113260875 0.0 0.0 
15.0 -3.5714285714285716 0.0 38 -53.16723749726545 0.0 0.0 
15.0 -2.857142857142857 0.0 33 -43.349799802737664 0.0 0.0 
15.0 -2.142857142857143 0.0 31 -59.005488433270635 0.0 0.0 
15.0 -1.4285714285714286 0.0 29 -52.773879996774824 0.0 0.0 
15.0 -0.7142857142857143 0.0 30 -58.14067087147521 0.0 0.0 
15.0 -0.0 0.0 28 -54.04765156469717 0.0 0.0 
15.0 0.0 0.0 22 -72.62094722787799 0.0 0.0 
15.0 0.7142857142857143 0.0 20 -70.28195006816995 0.0 0.0 
15.0 1.4285714285714286 0.0 21 -79.65084219372262 0.0 0.0 
15.0 2.142857142857143 0.0 33 -70.15212233890378 0.0 0.0 
15.0 2.857142857142857 0.0 40 -64.00093559709764 0.0 0.0 
15.0 3.5714285714285716 0.0 25 -77.30600541100864 0.0 0.0 
15.0 4.285714285714286 0.0 28 -76.81330060569181 0.0 0.0 
15.0 5.0 0.0 31 -66.29848895471429 0.0 0.0 
15.0 5.714285714285714 0.0 29 -72.88849417633062 0.0 0.0 
15.0 6.428571428571429 0.0 31 -64.59942437125792 0.0 0.0 
15.0 7.142857142857143 0.0 32 -67.95508797866914 0.0 0.0 
15.0 7.857142857142858 0.0 34 -62.16692810274574 0.0 0.0 
15.0 8.571428571428571 0.0 43 -48.08214531958631 0.0 0.0 
15.0 9.285714285714286 0.0 -20 -203.05817122437819 0.0 0.0 
17.142857142857142 -9.285714285714286 0.0 67 -50.9009221443613 0.0 0.0 
17.142857142857142 -8.571428571428571 0.0 55 3.7860339354290105 0.0 0.0 
17.142857142857142 -7.857142857142858 0.0 56 -47.79684844867559 0.0 0.0 
17.142857142857142 -7.142857142857143 0.0 47 -13.276899007033201 0.0 0.0 
17.142857142857142 -6.428571428571429 0.0 47 -50.30161214421261 0.0 0.0 
17.142857142857142 -5.714285714285714 0.0 40 -26.557665182640314 0.0 0.0 
17.142857142857142 -5.0 0.0 41 -53.612605375195976 0.0 0.0 
17.142857142857142 -4.285714285714286 0.0 36 -38.217502976506175 0.0 0.0 
17.142857142857142 -3.5714285714285716 0.0 36 -56.59350747133726 0.0 0.0 
17.142857142857142 -2.857142857142857 0.0 33 -45.93620230287432 0.0 0.0 
17.142857142857142 -2.142857142857143 0.0 32 -59.75048870296612 0.0 0.0 
17.142857142857142 -1.4285714285714286 0.0 29 -55.91068856356774 0.0 0.0 
17.142857142857142 -0.7142857142857143 0.0 29 -68.24072104225152 0.0 0.0 
17.142857142857142 -0.0 0.0 28 -63.747075888650215 0.0 0.0 
17.142857142857142 0.0 0.0 29 -74.57628656426104 0.0 0.0 
17.142857142857142 0.7142857142857143 0.0 30 -68.98723354469847 0.0 0.0 
17.142857142857142 1.4285714285714286 0.0 26 -79.86217741808818 0.0 0.0 
17.142857142857142 2.142857142857143 0.0 24 -81.74827100899412 0.0 0.0 
17.142857142857142 2.857142857142857 0.0 31 -78.64642452049975 0.0 0.0 
17.142857142857142 3.5714285714285716 0.0 30 -74.05376152314996 0.0 0.0 
17.142857142857142 4.285714285714286 0.0 30 -76.52695646559293 0.0 0.0 
17.142857142857142 5.0 0.0 29 -74.60559374495463 0.0 0.0 
17.142857142857142 5.714285714285714 0.0 28 -76.25368124201907 0.0 0.0 
17.142857142857142 6.428571428571429 0.0 28 -74.80850158562637 0.0 0.0 
17.142857142857142 7.142857142857143 0.0 29 -75.21919370063117 0.0 0.0 
17.142857142857142 7.857142857142858 0.0 30 -72.56039176849502 0.0 0.0 
17.142857142857142 8.571428571428571 0.0 41 -53.08822739415012 0.0 0.0 
17.142857142857142 9.285714285714286 0.0 -20 -210.557827646569 0.0 0.0 
19.285714285714285 -9.285714285714286 0.0 67 -49.13815325977954 0.0 0.0 
19.285714285714285 -8.571428571428571 0.0 55 3.946751248256291 0.0 0.0 
19.285714285714285 -7.857142857142858 0.0 55 -47.53840119971466 0.0 0.0 
19.285714285714285 -7.142857142857143 0.0 46 -14.774378171837832 0.0 0.0 
19.285714285714285 -6.428571428571429 0.0 46 -51.908797377778356 0.0 0.0 
19.285714285714285 -5.714285714285714 0.0 41 -29.948015917570196 0.0 0.0 
19.285714285714285 -5.0 0.0 41 -56.18980442309044 0.0 0.0 
19.285714285714285 -4.285714285714286 0.0 36 -41.64101376273103 0.0 0.0 
19.285714285714285 -3.5714285714285716 0.0 37 -61.1293692342771 0.0 0.0 
19.285714285714285 -2.857142857142857 0.0 35 -52.32636626435414 0.0 0.0 
19.285714285714285 -2.142857142857143 0.0 36 -65.9808494078577 0.0 0.0 
19.285714285714285 -1.4285714285714286 0.0 34 -59.249851076702846 0.0 0.0 
19.285714285714285 -0.7142857142857143 0.0 36 -68.36663054189617 0.0 0.0 
19.285714285714285 -0.0 0.0 35 -60.75727222659093 0.0 0.0 
19.285714285714285 0.0 0.0 36 -66.23251673655761 0.0 0.0 
19.285714285714285 0.7142857142857143 0.0 36 -58.94021135380367 0.0 0.0 
19.285714285714285 1.4285714285714286 0.0 33 -66.13034214417648 0.0 0.0 
19.285714285714285 2.142857142857143 0.0 28 -70.55095396880645 0.0 0.0 
19.285714285714285 2.857142857142857 0.0 29 -72.58445795794145 0.0 0.0 
19.285714285714285 3.5714285714285716 0.0 27 -70.74320918421262 0.0 0.0 
19.285714285714285 4.285714285714286 0.0 26 -73.88473967190791 0.0 0.0 
19.285714285714285 5.0 0.0 25 -72.56979338173126 0.0 0.0 
19.285714285714285 5.714285714285714 0.0 25 -73.52673862430896 0.0 0.0 
19.285714285714285 6.428571428571429 0.0 25 -70.88817547526668 0.0 0.0 
19.285714285714285 7.142857142857143 0.0 26 -70.87088619972532 0.0 0.0 
19.285714285714285 7.857142857142858 0.0 28 -68.11210309575053 0.0 0.0 
19.285714285714285 8.571428571428571 0.0 38 -47.908770696278005 0.0 0.0 
19.285714285714285 9.285714285714286 0.0 -22 -203.0777695071548 0.0 0.0 
21.428571428571427 -9.285714285714286 0.0 68 -48.248718416922664 0.0 0.0 
21.428571428571427 -8.571428571428571 0.0 55 2.546393318665146 0.0 0.0 
21.428571428571427 -7.857142857142858 0.0 56 -48.51831825048137 0.0 0.0 
21.428571428571427 -7.142857142857143 0.0 47 -16.668429062132702 0.0 0.0 
21.428571428571427 -6.428571428571429 0.0 49 -53.45778323208371 0.0 0.0 
21.428571428571427 -5.714285714285714 0.0 42 -31.25501054229366 0.0 0.0 
21.428571428571427 -5.0 0.0 44 -56.10326650915804 0.0 0.0 
21.428571428571427 -4.285714285714286 0.0 40 -40.492608926532476 0.0 0.0 
21.428571428571427 -3.5714285714285716 0.0 42 -58.067913198537816 0.0 0.0 
21.428571428571427 -2.857142857142857 0.0 39 -47.00835845824944 0.0 0.0 
21.428571428571427 -2.142857142857143 0.0 40 -58.21237438627716 0.0 0.0 
21.428571428571427 -1.4285714285714286 0.0 38 -50.72431493652405 0.0 0.0 
21.428571428571427 -0.7142857142857143 0.0 36 -59.9729127386784 0.0 0.0 
21.428571428571427 -0.0 0.0 33 -57.184626220682304 0.0 0.0 
21.428571428571427 0.0 0.0 30 -67.34888035041429 0.0 0.0 
21.428571428571427 0.7142857142857143 0.0 28 -64.59356556165314 0.0 0.0 
21.428571428571427 1.4285714285714286 0.0 29 -66.80602651200245 0.0 0.0 
21.428571428571427 2.142857142857143 0.0 27 -65.61837868476475 0.0 0.0 
21.428571428571427 2.857142857142857 0.0 26 -69.48719399399388 0.0 0.0 
21.428571428571427 3.5714285714285716 0.0 24 -68.9713242063935 0.0 0.0 
21.428571428571427 4.285714285714286 0.0 23 -71.95586666111039 0.0 0.0 
21.428571428571427 5.0 0.0 22 -71.64435925294582 0.0 0.0 
21.428571428571427 5.714285714285714 0.0 22 -73.51665303078684 0.0 0.0 
21.428571428571427 6.428571428571429 0.0 21 -72.28609375818039 0.0 0.0 
21.428571428571427 7.142857142857143 0.0 22 -73.03325570211219 0.0 0.0 
21.428571428571427 7.857142857142858 0.0 23 -69.31773391274172 0.0 0.0 
21.428571428571427 8.571428571428571 0.0 35 -46.528665745017754 0.0 0.0 
21.428571428571427 9.285714285714286 0.0 -20 -190.06613997091966 0.0 0.0 
23.57142857142857 -9.285714285714286 0.0 69 -45.14447020791393 0.0 0.0 
23.57142857142857 -8.571428571428571 0.0 56 3.558034889886315 0.0 0.0 
23.57142857142857 -7.857142857142858 0.0 58 -45.808353218478096 0.0 0.0 
23.57142857142857 -7.142857142857143 0.0 49 -14.07411683297012 0.0 0.0 
23.57142857142857 -6.428571428571429 0.0 50 -47.552070635229875 0.0 0.0 
23.57142857142857 -5.714285714285714 0.0 45 -25.20426476299452 0.0 0.0 
23.57142857142857 -5.0 0.0 46 -48.242336054096874 0.0 0.0 
23.57142857142857 -4.285714285714286 0.0 41 -32.99387327970104 0.0 0.0 
23.57142857142857 -3.5714285714285716 0.0 42 -49.76312765102484 0.0 0.0 
23.57142857142857 -2.857142857142857 0.0 38 -40.16429287178541 0.0 0.0 
23.57142857142857 -2.142857142857143 0.0 37 -52.705958179106425 0.0 0.0 
23.57142857142857 -1.4285714285714286 0.0 34 -47.300336549688026 0.0 0.0 
23.57142857142857 -0.7142857142857143 0.0 33 -56.33611919097718 0.0 0.0 
23.57142857142857 -0.0 0.0 32 -52.090302571631256 0.0 0.0 
23.57142857142857 0.0 0.0 31 -58.486914396341255 0.0 0.0 
23.57142857142857 0.7142857142857143 0.0 28 -57.00311085349004 0.0 0.0 
23.57142857142857 1.4285714285714286 0.0 27 -62.187200077852225 0.0 0.0 
23.57142857142857 2.142857142857143 0.0 25 -61.98136046896333 0.0 0.0 
23.57142857142857 2.857142857142857 0.0 23 -66.34977483841999 0.0 0.0 
23.57142857142857 3.5714285714285716 0.0 21 -66.70180924087968 0.0 0.0 
23.57142857142857 4.285714285714286 0.0 20 -70.13391554744798 0.0 0.0 
23.57142857142857 5.0 0.0 19 -70.65399189361447 0.0 0.0 
23.57142857142857 5.714285714285714 0.0 18 -72.99201970597943 0.0 0.0 
23.57142857142857 6.428571428571429 0.0 17 -72.32863462345988 0.0 0.0 
23.57142857142857 7.142857142857143 0.0 17 -73.54736532600252 0.0 0.0 
23.57142857142857 7.857142857142858 0.0 17 -70.43525995052286 0.0 0.0 
23.57142857142857 8.571428571428571 0.0 29 -43.73853738944299 0.0 0.0 
23.57142857142857 9.285714285714286 0.0 -18 -171.54828702346933 0.0 0.0 
25.714285714285715 -9.285714285714286 0.0 68 -38.01449340702618 0.0 0.0 
25.714285714285715 -8.571428571428571 0.0 54 6.424054895421982 0.0 0.0 
25.714285714285715 -7.857142857142858 0.0 57 -34.8249095309636 0.0 0.0 
25.714285714285715 -7.142857142857143 0.0 48 -6.121763419130929 0.0 0.0 
25.714285714285715 -6.428571428571429 0.0 50 -34.582774224133075 0.0 0.0 
25.714285714285715 -5.714285714285714 0.0 44 -15.888247038257681 0.0 0.0 
25.714285714285715 -5.0 0.0 45 -35.65973118550713 0.0 0.0 
25.714285714285715 -4.285714285714286 0.0 40 -24.782626223983407 0.0 0.0 
25.714285714285715 -3.5714285714285716 0.0 40 -38.54671201865171 0.0 0.0 
25.714285714285715 -2.857142857142857 0.0 37 -32.25766699339228 0.0 0.0 
25.714285714285715 -2.142857142857143 0.0 37 -42.45019488724746 0.0 0.0 
25.714285714285715 -1.4285714285714286 0.0 33 -38.79574412905437 0.0 0.0 
25.714285714285715 -0.7142857142857143 0.0 32 -46.56057452462054 0.0 0.0 
25.714285714285715 -0.0 0.0 30 -45.49543668318285 0.0 0.0 
25.714285714285715 0.0 0.0 29 -51.025268689445305 0.0 0.0 
25.714285714285715 0.7142857142857143 0.0 26 -51.39860175537278 0.0 0.0 
25.714285714285715 1.4285714285714286 0.0 25 -56.316827157587404 0.0 0.0 
25.714285714285715 2.142857142857143 0.0 23 -57.49247625472276 0.0 0.0 
25.714285714285715 2.857142857142857 0.0 21 -61.591018625655714 0.0 0.0 
25.714285714285715 3.5714285714285716 0.0 18 -62.785511011876146 0.0 0.0 
25.714285714285715 4.285714285714286 0.0 17 -66.12821082845979 0.0 0.0 
25.714285714285715 5.0 0.0 15 -67.92010021335534 0.0 0.0 
25.714285714285715 5.714285714285714 0.0 13 -70.83631321240689 0.0 0.0 
25.714285714285715 6.428571428571429 0.0 11 -71.83096974933814 0.0 0.0 
25.714285714285715 7.142857142857143 0.0 10 -74.08608225463193 0.0 0.0 
25.714285714285715 7.857142857142858 0.0 8 -73.69263873734963 0.0 0.0 
25.714285714285715 8.571428571428571 0.0 20 -42.70649942608779 0.0 0.0 
25.714285714285715 9.285714285714286 0.0 -17 -146.90379970000185 0.0 0.0 
27.857142857142858 -9.285714285714286 0.0 82 5.668248777731755 0.0 0.0 
27.857142857142858 -8.571428571428571 0.0 65 33.565892970156334 0.0 0.0 
27.857142857142858 -7.857142857142858 0.0 72 14.669231226238217 0.0 0.0 
27.857142857142858 -7.142857142857143 0.0 60 23.670441063510353 0.0 0.0 
27.857142857142858 -6.428571428571429 0.0 64 11.241612669105585 0.0 0.0 
27.857142857142858 -5.714285714285714 0.0 56 12.22154676812196 0.0 0.0 
27.857142857142858 -5.0 0.0 57 4.165697687992193 0.0 0.0 
27.857142857142858 -4.285714285714286 0.0 51 1.8015700506329395 0.0 0.0 
27.857142857142858 -3.5714285714285716 0.0 51 -4.057552798115815 0.0 0.0 
27.857142857142858 -2.857142857142857 0.0 46 -8.069300936917749 0.0 0.0 
27.857142857142858 -2.142857142857143 0.0 45 -12.550648724378043 0.0 0.0 
27.857142857142858 -1.4285714285714286 0.0 42 -17.469679101510984 0.0 0.0 
27.857142857142858 -0.7142857142857143 0.0 40 -21.797916936994696 0.0 0.0 
27.857142857142858 -0.0 0.0 36 -26.873646852819572 0.0 0.0 
27.857142857142858 0.0 0.0 34 -30.625026725109805 0.0 0.0 
27.857142857142858 0.7142857142857143 0.0 31 -35.50753064601003 0.0 0.0 
27.857142857142858 1.4285714285714286 0.0 29 -39.098550338726675 0.0 0.0 
27.857142857142858 2.142857142857143 0.0 25 -43.332604867130684 0.0 0.0 
27.857142857142858 2.857142857142857 0.0 23 -46.40022906191064 0.0 0.0 
27.857142857142858 3.5714285714285716 0.0 20 -50.59663327034947 0.0 0.0 
27.857142857142858 4.285714285714286 0.0 18 -53.964918896255924 0.0 0.0 
27.857142857142858 5.0 0.0 15 -57.98602580043734 0.0 0.0 
27.857142857142858 5.714285714285714 0.0 11 -61.1618199315798 0.0 0.0 
27.857142857142858 6.428571428571429 0.0 8 -64.34952255256187 0.0 0.0 
27.857142857142858 7.142857142857143 0.0 4 -68.27272212468253 0.0 0.0 
27.857142857142858 7.857142857142858 0.0 0 -74.67791610653039 0.0 0.0 
27.857142857142858 8.571428571428571 0.0 9 -42.71822465902127 0.0 0.0 
27.857142857142858 9.285714285714286 0.0 -22 -118.97890773950992 0.0 0.0 
