-27.857142857142858 -9.285714285714286 0.0 3 -39.094581996765065 0.0 0.0 
-27.857142857142858 -8.571428571428571 0.0 -2 -56.65019046836903 0.0 0.0 
-27.857142857142858 -7.857142857142858 0.0 -11 -70.35541301744524 0.0 0.0 
-27.857142857142858 -7.142857142857143 0.0 -16 -74.44544338970316 0.0 0.0 
-27.857142857142858 -6.428571428571429 0.0 -23 -78.98528021308294 0.0 0.0 
-27.857142857142858 -5.714285714285714 0.0 -25 -77.83522669172022 0.0 0.0 
-27.857142857142858 -5.0 0.0 -30 -77.58948913078 0.0 0.0 
-27.857142857142858 -4.285714285714286 0.0 -32 -73.4993776287696 0.0 0.0 
-27.857142857142858 -3.5714285714285716 0.0 -37 -70.89874463517113 0.0 0.0 
-27.857142857142858 -2.857142857142857 0.0 -40 -65.6983381385023 0.0 0.0 
-27.857142857142858 -2.142857142857143 0.0 -43 -61.65260850169619 0.0 0.0 
-27.857142857142858 -1.4285714285714286 0.0 -45 -55.95974592275917 0.0 0.0 
-27.857142857142858 -0.7142857142857143 0.0 -48 -52.04194161390251 0.0 0.0 
-27.857142857142858 -0.0 0.0 -50 -46.655524458310936 0.0 0.0 
-27.857142857142858 0.0 0.0 -53 -42.91958791612774 0.0 0.0 
-27.857142857142858 0.7142857142857143 0.0 -55 -38.50581411309631 0.0 0.0 
-27.857142857142858 1.4285714285714286 0.0 -57 -35.276832726873806 0.0 0.0 
-27.857142857142858 2.142857142857143 0.0 -59 -31.255172746001534 0.0 0.0 
-27.857142857142858 2.857142857142857 0.0 -61 -28.259809501088 0.0 0.0 
-27.857142857142858 3.5714285714285716 0.0 -63 -24.279039249963006 0.0 0.0 
-27.857142857142858 4.285714285714286 0.0 -64 -21.081938025151743 0.0 0.0 
-27.857142857142858 5.0 0.0 -65 -17.328658965749838 0.0 0.0 
-27.857142857142858 5.714285714285714 0.0 -65 -14.269658928983858 0.0 0.0 
-27.857142857142858 6.428571428571429 0.0 -64 -10.51368010659425 0.0 0.0 
-27.857142857142858 7.142857142857143 0.0 -60 -9.737734487402719 0.0 0.0 
-27.857142857142858 7.857142857142858 0.0 -60 12.073488498193683 0.0 0.0 
-27.857142857142858 8.571428571428571 0.0 -39 106.34195589728711 0.0 0.0 
-27.857142857142858 9.285714285714286 0.0 38 201.29597733034328 0.0 0.0 
-25.714285714285715 -9.285714285714286 0.0 -6 -83.41877526551622 0.0 0.0 
-25.714285714285715 -8.571428571428571 0.0 -11 -61.4558817841214 0.0 0.0 
-25.714285714285715 -7.857142857142858 0.0 -23 -112.71741396146427 0.0 0.0 
-25.714285714285715 -7.142857142857143 0.0 -24 -84.75860557886773 0.0 0.0 
-25.714285714285715 -6.428571428571429 0.0 -28 -116.49567578999802 0.0 0.0 
-25.714285714285715 -5.714285714285714 0.0 -28 -89.36728160530583 0.0 0.0 
-25.714285714285715 -5.0 0.0 -30 -108.17315534974321 0.0 0.0 
-25.714285714285715 -4.285714285714286 0.0 -29 -84.21094768971943 0.0 0.0 
-25.714285714285715 -3.5714285714285716 0.0 -30 -94.7505700267602 0.0 0.0 
-25.714285714285715 -2.857142857142857 0.0 -27 -74.82293022845006 0.0 0.0 
-25.714285714285715 -2.142857142857143 0.0 -29 -79.86026562036395 0.0 0.0 
-25.714285714285715 -1.4285714285714286 0.0 -27 -62.94387278997844 0.0 0.0 
-25.714285714285715 -0.7142857142857143 0.0 -27 -65.50745993359448 0.0 0.0 
-25.714285714285715 -0.0 0.0 -26 -51.673881580503796 0.0 0.0 
-25.714285714285715 0.0 0.0 -25 -53.08028925362534 0.0 0.0 
-25.714285714285715 0.7142857142857143 0.0 -25 -42.03379132175101 0.0 0.0 
-25.714285714285715 1.4285714285714286 0.0 -25 -42.16044035609086 0.0 0.0 
-25.714285714285715 2.142857142857143 0.0 -25 -32.995299822640504 0.0 0.0 
-25.714285714285715 2.857142857142857 0.0 -24 -31.682424315257222 0.0 0.0 
-25.714285714285715 3.5714285714285716 0.0 -24 -22.659175716536993 0.0 0.0 
-25.714285714285715 4.285714285714286 0.0 -22 -20.162452496559453 0.0 0.0 
-25.714285714285715 5.0 0.0 -20 -11.282644012309959 0.0 0.0 
-25.714285714285715 5.714285714285714 0.0 -18 -3.5222293934668016 0.0 0.0 
-25.714285714285715 6.428571428571429 0.0 -15 12.51347679235063 0.0 0.0 
-25.714285714285715 7.142857142857143 0.0 -19 -5.154182278327198 0.0 0.0 
-25.714285714285715 7.857142857142858 0.0 -30 -25.30028990640683 0.0 0.0 
-25.714285714285715 8.571428571428571 0.0 16 119.71700521561176 0.0 0.0 
-25.714285714285715 9.285714285714286 0.0 124 280.7141130457925 0.0 0.0 
-23.57142857142857 -9.285714285714286 0.0 7 -72.03391902890166 0.0 0.0 
-23.57142857142857 -8.571428571428571 0.0 -5 -47.48164006184409 0.0 0.0 
-23.57142857142857 -7.857142857142858 0.0 -15 -93.30194030173467 0.0 0.0 
-23.57142857142857 -7.142857142857143 0.0 -19 -63.89908183837046 0.0 0.0 
-23.57142857142857 -6.428571428571429 0.0 -23 -89.8248073817369 0.0 0.0 
-23.57142857142857 -5.714285714285714 0.0 -24 -62.900946003509326 0.0 0.0 
-23.57142857142857 -5.0 0.0 -24 -78.87164749848395 0.0 0.0 
-23.57142857142857 -4.285714285714286 0.0 -24 -55.46213813850992 0.0 0.0 
-23.57142857142857 -3.5714285714285716 0.0 -23 -65.53778827120158 0.0 0.0 
-23.57142857142857 -2.857142857142857 0.0 -23 -45.40381113253883 0.0 0.0 
-23.57142857142857 -2.142857142857143 0.0 -21 -50.97805714474324 0.0 0.0 
-23.57142857142857 -1.4285714285714286 0.0 -21 -34.3439460287366 0.0 0.0 
-23.57142857142857 -0.7142857142857143 0.0 -20 -37.926516913008705 0.0 0.0 
-23.57142857142857 -0.0 0.0 -19 -25.551479017172923 0.0 0.0 
-23.57142857142857 0.0 0.0 -19 -28.27988248003068 0.0 0.0 
-23.57142857142857 0.7142857142857143 0.0 -19 -19.00586308942175 0.0 0.0 
-23.57142857142857 1.4285714285714286 0.0 -18 -21.13212286172508 0.0 0.0 
-23.57142857142857 2.142857142857143 0.0 -18 -12.593714428690447 0.0 0.0 
-23.57142857142857 2.857142857142857 0.0 -17 -11.987226180119364 0.0 0.0 
-23.57142857142857 3.5714285714285716 0.0 -16 -3.4956932370216265 0.0 0.0 
-23.57142857142857 4.285714285714286 0.0 -15 -1.2935965633624136 0.0 0.0 
-23.57142857142857 5.0 0.0 -14 4.1213573921681785 0.0 0.0 
-23.57142857142857 5.714285714285714 0.0 -12 2.7550565980355373 0.0 0.0 
-23.57142857142857 6.428571428571429 0.0 -6 22.07196894386226 0.0 0.0 
-23.57142857142857 7.142857142857143 0.0 -2 17.73353562346537 0.0 0.0 
-23.57142857142857 7.857142857142858 0.0 -20 -15.641129351962064 0.0 0.0 
-23.57142857142857 8.571428571428571 0.0 25 138.24974383987623 0.0 0.0 
-23.57142857142857 9.285714285714286 0.0 115 278.00765190769016 0.0 0.0 
-21.428571428571427 -9.285714285714286 0.0 -4 -81.01458646407129 0.0 0.0 
-21.428571428571427 -8.571428571428571 0.0 -18 -52.70560075532045 0.0 0.0 
-21.428571428571427 -7.857142857142858 0.0 -25 -93.75119662829304 0.0 0.0 
-21.428571428571427 -7.142857142857143 0.0 -28 -61.08481811334842 0.0 0.0 
-21.428571428571427 -6.428571428571429 0.0 -29 -83.76574663613864 0.0 0.0 
-21.428571428571427 -5.714285714285714 0.0 -28 -55.14609788330664 0.0 0.0 
-21.428571428571427 -5.0 0.0 -27 -69.08725447570234 0.0 0.0 
-21.428571428571427 -4.285714285714286 0.0 -26 -45.08479421404152 0.0 0.0 
-21.428571428571427 -3.5714285714285716 0.0 -23 -54.2645640172299 0.0 0.0 
-21.428571428571427 -2.857142857142857 0.0 -22 -33.996212732121776 0.0 0.0 
-21.428571428571427 -2.142857142857143 0.0 -20 -38.956206359149476 0.0 0.0 
-21.428571428571427 -1.4285714285714286 0.0 -18 -23.181647280676557 0.0 0.0 
-21.428571428571427 -0.7142857142857143 0.0 -16 -27.53022949379944 0.0 0.0 
-21.428571428571427 -0.0 0.0 -16 -16.577298049964355 0.0 0.0 
-21.428571428571427 0.0 0.0 -15 -20.721971592702005 0.0 0.0 
-21.428571428571427 0.7142857142857143 0.0 -15 -13.067816342842121 0.0 0.0 
-21.428571428571427 1.4285714285714286 0.0 -14 -16.188752126104177 0.0 0.0 
-21.428571428571427 2.142857142857143 0.0 -14 -9.19920490411441 0.0 0.0 
-21.428571428571427 2.857142857142857 0.0 -11 -10.362377928036324 0.0 0.0 
-21.428571428571427 3.5714285714285716 0.0 -9 -3.2103958340408383 0.0 0.0 
-21.428571428571427 4.285714285714286 0.0 -6 -1.168827708052703 0.0 0.0 
-21.428571428571427 5.0 0.0 -3 7.496660265397622 0.0 0.0 
-21.428571428571427 5.714285714285714 0.0 -1 5.640017558047035 0.0 0.0 
-21.428571428571427 6.428571428571429 0.0 3 24.346061436827753 0.0 0.0 
-21.428571428571427 7.142857142857143 0.0 6 23.82259681185679 0.0 0.0 
-21.428571428571427 7.857142857142858 0.0 -15 -23.362831166002024 0.0 0.0 
-21.428571428571427 8.571428571428571 0.0 34 144.06230463550554 0.0 0.0 
-21.428571428571427 9.285714285714286 0.0 119 275.52988320677537 0.0 0.0 
-19.285714285714285 -9.285714285714286 0.0 -14 -80.46001871758398 0.0 0.0 
-19.285714285714285 -8.571428571428571 0.0 -29 -56.54840278419811 0.0 0.0 
-19.285714285714285 -7.857142857142858 0.0 -32 -85.0736680433183 0.0 0.0 
-19.285714285714285 -7.142857142857143 0.0 -34 -55.33790514759393 0.0 0.0 
-19.285714285714285 -6.428571428571429 0.0 -30 -69.94922880471124 0.0 0.0 
-19.285714285714285 -5.714285714285714 0.0 -30 -45.33849758532595 0.0 0.0 
-19.285714285714285 -5.0 0.0 -27 -52.96036959390377 0.0 0.0 
-19.285714285714285 -4.285714285714286 0.0 -25 -32.94453867245839 0.0 0.0 
-19.285714285714285 -3.5714285714285716 0.0 -21 -37.23665591130646 0.0 0.0 
-19.285714285714285 -2.857142857142857 0.0 -19 -20.776686595622763 0.0 0.0 
-19.285714285714285 -2.142857142857143 0.0 -14 -21.909807528006226 0.0 0.0 
-19.285714285714285 -1.4285714285714286 0.0 -12 -7.911052994857542 0.0 0.0 
-19.285714285714285 -0.7142857142857143 0.0 -10 -12.11707275865146 0.0 0.0 
-19.285714285714285 -0.0 0.0 -11 -3.781011297030318 0.0 0.0 
-19.285714285714285 0.0 0.0 -10 -7.878006764877412 0.0 0.0 
-19.285714285714285 0.7142857142857143 0.0 -10 -3.807545947063659 0.0 0.0 
-19.285714285714285 1.4285714285714286 0.0 -7 -5.661821021699041 0.0 0.0 
-19.285714285714285 2.142857142857143 0.0 -6 0.7853258308553848 0.0 0.0 
-19.285714285714285 2.857142857142857 0.0 -4 2.0019947235244473 0.0 0.0 
-19.285714285714285 3.5714285714285716 0.0 -2 8.439546907749175 0.0 0.0 
-19.285714285714285 4.285714285714286 0.0 0 9.645695146728215 0.0 0.0 
-19.285714285714285 5.0 0.0 2 17.010406716588548 0.0 0.0 
-19.285714285714285 5.714285714285714 0.0 2 14.224543255573536 0.0 0.0 
-19.285714285714285 6.428571428571429 0.0 5 29.935727928858476 0.0 0.0 
-19.285714285714285 7.142857142857143 0.0 8 35.46724185779739 0.0 0.0 
-19.285714285714285 7.857142857142858 0.0 -16 -25.444767855626395 0.0 0.0 
-19.285714285714285 8.571428571428571 0.0 34 148.24104784243875 0.0 0.0 
-19.285714285714285 9.285714285714286 0.0 115 273.84931326512935 0.0 0.0 
-17.142857142857142 -9.285714285714286 0.0 -27 -88.35397103688156 0.0 0.0 
-17.142857142857142 -8.571428571428571 0.0 -40 -65.09150456502876 0.0 0.0 
-17.142857142857142 -7.857142857142858 0.0 -38 -81.78800334416995 0.0 0.0 
-17.142857142857142 -7.142857142857143 0.0 -38 -54.071479469363936 0.0 0.0 
-17.142857142857142 -6.428571428571429 0.0 -32 -60.08883327493171 0.0 0.0 
-17.142857142857142 -5.714285714285714 0.0 -29 -38.14507862462938 0.0 0.0 
-17.142857142857142 -5.0 0.0 -24 -41.07820534842598 0.0 0.0 
-17.142857142857142 -4.285714285714286 0.0 -21 -23.354124579270135 0.0 0.0 
-17.142857142857142 -3.5714285714285716 0.0 -15 -24.455920298168152 0.0 0.0 
-17.142857142857142 -2.857142857142857 0.0 -12 -8.771192242735324 0.0 0.0 
-17.142857142857142 -2.142857142857143 0.0 -5 -3.956777948280177 0.0 0.0 
-17.142857142857142 -1.4285714285714286 0.0 -1 8.967788111413853 0.0 0.0 
-17.142857142857142 -0.7142857142857143 0.0 0 5.1510434092504624 0.0 0.0 
-17.142857142857142 -0.0 0.0 -2 10.662414673027286 0.0 0.0 
-17.142857142857142 0.0 0.0 -2 5.91413500666647 0.0 0.0 
-17.142857142857142 0.7142857142857143 0.0 -6 6.3109087171031035 0.0 0.0 
-17.142857142857142 1.4285714285714286 0.0 -6 4.712316620805495 0.0 0.0 
-17.142857142857142 2.142857142857143 0.0 -4 10.09631622630846 0.0 0.0 
-17.142857142857142 2.857142857142857 0.0 -1 10.681867419521865 0.0 0.0 
-17.142857142857142 3.5714285714285716 0.0 0 15.926523809867092 0.0 0.0 
-17.142857142857142 4.285714285714286 0.0 1 18.27799619067453 0.0 0.0 
-17.142857142857142 5.0 0.0 3 25.656986169580605 0.0 0.0 
-17.142857142857142 5.714285714285714 0.0 2 23.680023888611373 0.0 0.0 
-17.142857142857142 6.428571428571429 0.0 5 35.114038508193254 0.0 0.0 
-17.142857142857142 7.142857142857143 0.0 10 46.13637669089767 0.0 0.0 
-17.142857142857142 7.857142857142858 0.0 -17 -23.63121247038803 0.0 0.0 
-17.142857142857142 8.571428571428571 0.0 33 154.02997890209585 0.0 0.0 
-17.142857142857142 9.285714285714286 0.0 116 276.5638098708415 0.0 0.0 
-15.0 -9.285714285714286 0.0 -37 -97.82335971275513 0.0 0.0 
-15.0 -8.571428571428571 0.0 -46 -70.21253188024545 0.0 0.0 
-15.0 -7.857142857142858 0.0 -40 -77.19359325822826 0.0 0.0 
-15.0 -7.142857142857143 0.0 -36 -48.93723015385737 0.0 0.0 
-15.0 -6.428571428571429 0.0 -30 -49.054422952619205 0.0 0.0 
-15.0 -5.714285714285714 0.0 -25 -29.195607239716438 0.0 0.0 
-15.0 -5.0 0.0 -19 -27.610315050594537 0.0 0.0 
-15.0 -4.285714285714286 0.0 -15 -11.66411030693942 0.0 0.0 
-15.0 -3.5714285714285716 0.0 -9 -8.982045933433739 0.0 0.0 
-15.0 -2.857142857142857 0.0 -5 6.905929611648816 0.0 0.0 
-15.0 -2.142857142857143 0.0 3 17.619377487346313 0.0 0.0 
-15.0 -1.4285714285714286 0.0 1 20.250088741076425 0.0 0.0 
-15.0 1.4285714285714286 0.0 -3 29.22565077072892 0.0 0.0 
-15.0 2.142857142857143 0.0 -2 35.429202018565874 0.0 0.0 
-15.0 2.857142857142857 0.0 0 34.26936039753967 0.0 0.0 
-15.0 3.5714285714285716 0.0 0 41.077578274290126 0.0 0.0 
-15.0 4.285714285714286 0.0 2 40.48274775094963 0.0 0.0 
-15.0 5.0 0.0 4 48.40378536191141 0.0 0.0 
-15.0 5.714285714285714 0.0 4 44.13117298906786 0.0 0.0 
-15.0 6.428571428571429 0.0 5 53.0673678224233 0.0 0.0 
-15.0 7.142857142857143 0.0 10 67.34365640373048 0.0 0.0 
-15.0 7.857142857142858 0.0 -19 -6.256349341187715 0.0 0.0 
-15.0 8.571428571428571 0.0 32 169.37481505908085 0.0 0.0 
-15.0 9.285714285714286 0.0 117 304.7046240827455 0.0 0.0 
-12.857142857142858 -9.285714285714286 0.0 -43 -100.29762518005526 0.0 0.0 
-12.857142857142858 -8.571428571428571 0.0 -49 -68.85297386550005 0.0 0.0 
-12.857142857142858 -7.857142857142858 0.0 -40 -66.83791691940013 0.0 0.0 
-12.857142857142858 -7.142857142857143 0.0 -35 -39.153562928956305 0.0 0.0 
-12.857142857142858 -6.428571428571429 0.0 -27 -34.21835707030081 0.0 0.0 
-12.857142857142858 -5.714285714285714 0.0 -23 -14.678277993484187 0.0 0.0 
-12.857142857142858 -5.0 0.0 -18 -10.023222387474945 0.0 0.0 
-12.857142857142858 -4.285714285714286 0.0 -15 3.9517079205337637 0.0 0.0 
-12.857142857142858 -3.5714285714285716 0.0 -12 7.3290444614157195 0.0 0.0 
-12.857142857142858 -2.857142857142857 0.0 -9 20.650965147088442 0.0 0.0 
-12.857142857142858 -2.142857142857143 0.0 -3 26.582303641095024 0.0 0.0 
-12.857142857142858 2.142857142857143 0.0 4 44.95000380205732 0.0 0.0 
-12.857142857142858 2.857142857142857 0.0 4 53.21088232924852 0.0 0.0 
-12.857142857142858 3.5714285714285716 0.0 3 50.53583357561789 0.0 0.0 
-12.857142857142858 4.285714285714286 0.0 5 57.65328024918601 0.0 0.0 
-12.857142857142858 5.0 0.0 6 56.59016106767771 0.0 0.0 
-12.857142857142858 5.714285714285714 0.0 5 58.96488367770347 0.0 0.0 
-12.857142857142858 6.428571428571429 0.0 4 58.30168548629819 0.0 0.0 
-12.857142857142858 7.142857142857143 0.0 11 79.15970282237626 0.0 0.0 
-12.857142857142858 7.857142857142858 0.0 -19 -1.8162393760188564 0.0 0.0 
-12.857142857142858 8.571428571428571 0.0 30 174.95032443368783 0.0 0.0 
-12.857142857142858 9.285714285714286 0.0 126 328.07946321997343 0.0 0.0 
-10.714285714285714 -9.285714285714286 0.0 -48 -96.30716125832491 0.0 0.0 
-10.714285714285714 -8.571428571428571 0.0 -53 -67.59106909549067 0.0 0.0 
-10.714285714285714 -7.857142857142858 0.0 -42 -56.295537182972 0.0 0.0 
-10.714285714285714 -7.142857142857143 0.0 -38 -33.48906651212181 0.0 0.0 
-10.714285714285714 -6.428571428571429 0.0 -30 -24.151867431277793 0.0 0.0 
-10.714285714285714 -5.714285714285714 0.0 -27 -11.315688144272798 0.0 0.0 
-10.714285714285714 -5.0 0.0 -22 -4.598574882079049 0.0 0.0 
-10.714285714285714 -4.285714285714286 0.0 -19 4.026058087767396 0.0 0.0 
-10.714285714285714 -3.5714285714285716 0.0 -15 8.840638655037566 0.0 0.0 
-10.714285714285714 -2.857142857142857 0.0 -10 25.39048226615759 0.0 0.0 
-10.714285714285714 -2.142857142857143 0.0 -6 32.36299568904995 0.0 0.0 
-10.714285714285714 2.142857142857143 0.0 7 44.96448099238047 0.0 0.0 
-10.714285714285714 2.857142857142857 0.0 5 56.951050485965695 0.0 0.0 
-10.714285714285714 3.5714285714285716 0.0 5 50.79308275004052 0.0 0.0 
-10.714285714285714 4.285714285714286 0.0 6 59.40288607139456 0.0 0.0 
-10.714285714285714 5.0 0.0 7 56.70886024728522 0.0 0.0 
-10.714285714285714 5.714285714285714 0.0 5 61.60473289052538 0.0 0.0 
-10.714285714285714 6.428571428571429 0.0 5 58.05087486291208 0.0 0.0 
-10.714285714285714 7.142857142857143 0.0 12 81.13760323027128 0.0 0.0 
-10.714285714285714 7.857142857142858 0.0 -19 -2.8957231011159195 0.0 0.0 
-10.714285714285714 8.571428571428571 0.0 27 168.97660647523395 0.0 0.0 
-10.714285714285714 9.285714285714286 0.0 131 332.9216943989703 0.0 0.0 
-8.571428571428571 -9.285714285714286 0.0 -54 -97.88479537022488 0.0 0.0 
-8.571428571428571 -8.571428571428571 0.0 -58 -74.74090194862904 0.0 0.0 
-8.571428571428571 -7.857142857142858 0.0 -45 -55.971957882515255 0.0 0.0 
-8.571428571428571 -7.142857142857143 0.0 -40 -39.27909058762225 0.0 0.0 
-8.571428571428571 -6.428571428571429 0.0 -30 -23.786890880425275 0.0 0.0 
-8.571428571428571 -5.714285714285714 0.0 -25 -14.398548130191259 0.0 0.0 
-8.571428571428571 -5.0 0.0 -19 -0.09157572607223585 0.0 0.0 
-8.571428571428571 -4.285714285714286 0.0 -15 7.431781095890017 0.0 0.0 
-8.571428571428571 -3.5714285714285716 0.0 -12 15.677774102318281 0.0 0.0 
-8.571428571428571 -2.857142857142857 0.0 -7 27.905012327086823 0.0 0.0 
-8.571428571428571 -2.142857142857143 0.0 -6 30.416526602872608 0.0 0.0 
-8.571428571428571 2.142857142857143 0.0 8 44.911685910029036 0.0 0.0 
-8.571428571428571 2.857142857142857 0.0 6 56.995532845882984 0.0 0.0 
-8.571428571428571 3.5714285714285716 0.0 6 51.06213931915837 0.0 0.0 
-8.571428571428571 4.285714285714286 0.0 7 60.116504092336044 0.0 0.0 
-8.571428571428571 5.0 0.0 7 56.59283574528423 0.0 0.0 
-8.571428571428571 5.714285714285714 0.0 7 61.48547122968592 0.0 0.0 
-8.571428571428571 6.428571428571429 0.0 6 56.06871004754808 0.0 0.0 
-8.571428571428571 7.142857142857143 0.0 13 80.781070159829 0.0 0.0 
-8.571428571428571 7.857142857142858 0.0 -19 -4.471525571310437 0.0 0.0 
-8.571428571428571 8.571428571428571 0.0 26 165.55010671828217 0.0 0.0 
-8.571428571428571 9.285714285714286 0.0 132 328.3535113067387 0.0 0.0 
-6.428571428571429 -9.285714285714286 0.0 -55 -104.37192545454133 0.0 0.0 
-6.428571428571429 -8.571428571428571 0.0 -56 -78.70486151145369 0.0 0.0 
-6.428571428571429 -7.857142857142858 0.0 -41 -57.17960644912817 0.0 0.0 
-6.428571428571429 -7.142857142857143 0.0 -36 -39.164206871136045 0.0 0.0 
-6.428571428571429 -6.428571428571429 0.0 -27 -21.611992571766464 0.0 0.0 
-6.428571428571429 -5.714285714285714 0.0 -23 -12.324872777652757 0.0 0.0 
-6.428571428571429 -5.0 0.0 -18 0.19833136595153178 0.0 0.0 
-6.428571428571429 -4.285714285714286 0.0 -15 6.05332354015232 0.0 0.0 
-6.428571428571429 -3.5714285714285716 0.0 -12 12.941750366920104 0.0 0.0 
-6.428571428571429 -2.857142857142857 0.0 -6 26.914238934794056 0.0 0.0 
-6.428571428571429 -2.142857142857143 0.0 -5 30.958854279722033 0.0 0.0 
-6.428571428571429 2.142857142857143 0.0 9 44.76758933631883 0.0 0.0 
-6.428571428571429 2.857142857142857 0.0 7 57.14662739761826 0.0 0.0 
-6.428571428571429 3.5714285714285716 0.0 8 50.126490610832256 0.0 0.0 
-6.428571428571429 4.285714285714286 0.0 7 59.43190976111686 0.0 0.0 
-6.428571428571429 5.0 0.0 8 54.357629128727254 0.0 0.0 
-6.428571428571429 5.714285714285714 0.0 7 59.73857612036823 0.0 0.0 
-6.428571428571429 6.428571428571429 0.0 5 52.81916360304928 0.0 0.0 
-6.428571428571429 7.142857142857143 0.0 13 78.39827175360779 0.0 0.0 
-6.428571428571429 7.857142857142858 0.0 -18 -8.145077976143469 0.0 0.0 
-6.428571428571429 8.571428571428571 0.0 27 163.22421005859866 0.0 0.0 
-6.428571428571429 9.285714285714286 0.0 131 321.60438711633947 0.0 0.0 
-4.285714285714286 -9.285714285714286 0.0 -53 -105.74433211400182 0.0 0.0 
-4.285714285714286 -8.571428571428571 0.0 -53 -75.83043186591715 0.0 0.0 
-4.285714285714286 -7.857142857142858 0.0 -41 -56.21710941682777 0.0 0.0 
-4.285714285714286 -7.142857142857143 0.0 -36 -36.74406267161807 0.0 0.0 
-4.285714285714286 -6.428571428571429 0.0 -28 -21.312568862830858 0.0 0.0 
-4.285714285714286 -5.714285714285714 0.0 -23 -10.561762310344221 0.0 0.0 
-4.285714285714286 -5.0 0.0 -17 1.0986097171233666 0.0 0.0 
-4.285714285714286 -4.285714285714286 0.0 -15 8.472628510882899 0.0 0.0 
-4.285714285714286 -3.5714285714285716 0.0 -12 14.226785386838472 0.0 0.0 
-4.285714285714286 -2.857142857142857 0.0 -7 28.070966337199508 0.0 0.0 
-4.285714285714286 -2.142857142857143 0.0 -5 30.925890831544493 0.0 0.0 
-4.285714285714286 2.142857142857143 0.0 10 45.46706034193675 0.0 0.0 
-4.285714285714286 2.857142857142857 0.0 8 57.43573115294 0.0 0.0 
-4.285714285714286 3.5714285714285716 0.0 9 50.226375678390305 0.0 0.0 
-4.285714285714286 4.285714285714286 0.0 8 59.167779315407316 0.0 0.0 
-4.285714285714286 5.0 0.0 9 53.70811961370293 0.0 0.0 
-4.285714285714286 5.714285714285714 0.0 7 59.3117869349893 0.0 0.0 
-4.285714285714286 6.428571428571429 0.0 7 51.02123239228026 0.0 0.0 
-4.285714285714286 7.142857142857143 0.0 14 76.8892663417054 0.0 0.0 
-4.285714285714286 7.857142857142858 0.0 -17 -10.446331381244462 0.0 0.0 
-4.285714285714286 8.571428571428571 0.0 29 162.2460015477481 0.0 0.0 
-4.285714285714286 9.285714285714286 0.0 130 315.6024835088272 0.0 0.0 
-2.142857142857143 -9.285714285714286 0.0 -52 -106.20767032627535 0.0 0.0 
-2.142857142857143 -8.571428571428571 0.0 -54 -75.1460946420921 0.0 0.0 
-2.142857142857143 -7.857142857142858 0.0 -41 -56.28981972129205 0.0 0.0 
-2.142857142857143 -7.142857142857143 0.0 -36 -35.72072436708352 0.0 0.0 
-2.142857142857143 -6.428571428571429 0.0 -27 -20.633897181116936 0.0 0.0 
-2.142857142857143 -5.714285714285714 0.0 -23 -9.827396131728918 0.0 0.0 
-2.142857142857143 -5.0 0.0 -17 1.9664000548499843 0.0 0.0 
-2.142857142857143 -4.285714285714286 0.0 -13 9.483482669502195 0.0 0.0 
-2.142857142857143 -3.5714285714285716 0.0 -11 14.911900945834972 0.0 0.0 
-2.142857142857143 -2.857142857142857 0.0 -6 28.241630747510257 0.0 0.0 
-2.142857142857143 -2.142857142857143 0.0 -5 30.850469497051648 0.0 0.0 
-2.142857142857143 2.142857142857143 0.0 12 46.494053044836264 0.0 0.0 
-2.142857142857143 2.857142857142857 0.0 9 58.588204901361905 0.0 0.0 
-2.142857142857143 3.5714285714285716 0.0 10 50.70249612980325 0.0 0.0 
-2.142857142857143 4.285714285714286 0.0 9 59.40142387787336 0.0 0.0 
-2.142857142857143 5.0 0.0 10 53.1481136337621 0.0 0.0 
-2.142857142857143 5.714285714285714 0.0 9 58.255367455939606 0.0 0.0 
-2.142857142857143 6.428571428571429 0.0 7 49.71483976920099 0.0 0.0 
-2.142857142857143 7.142857142857143 0.0 14 76.58424254814528 0.0 0.0 
-2.142857142857143 7.857142857142858 0.0 -17 -13.098744403968496 0.0 0.0 
-2.142857142857143 8.571428571428571 0.0 28 161.75873827333726 0.0 0.0 
-2.142857142857143 9.285714285714286 0.0 129 310.25130157849065 0.0 0.0 
-0.0 -9.285714285714286 0.0 -52 -108.44362048001804 0.0 0.0 
-0.0 -8.571428571428571 0.0 -54 -75.40913694399987 0.0 0.0 
-0.0 -7.857142857142858 0.0 -40 -57.536091337355856 0.0 0.0 
-0.0 -7.142857142857143 0.0 -35 -35.778255275867465 0.0 0.0 
-0.0 -6.428571428571429 0.0 -26 -21.07893002806165 0.0 0.0 
-0.0 -5.714285714285714 0.0 -22 -9.449905534082859 0.0 0.0 
-0.0 -5.0 0.0 -16 1.262932400557915 0.0 0.0 
-0.0 -4.285714285714286 0.0 -13 9.391212134141341 0.0 0.0 
-0.0 -3.5714285714285716 0.0 -10 14.328304355417814 0.0 0.0 
-0.0 -2.857142857142857 0.0 -5 27.57240356181147 0.0 0.0 
-0.0 -2.142857142857143 0.0 -5 28.813675496744438 0.0 0.0 
-0.0 2.142857142857143 0.0 15 47.0000982446533 0.0 0.0 
-0.0 2.857142857142857 0.0 11 59.72537128975512 0.0 0.0 
-0.0 3.5714285714285716 0.0 12 50.66668401262361 0.0 0.0 
-0.0 4.285714285714286 0.0 10 59.43586725687791 0.0 0.0 
-0.0 5.0 0.0 10 52.172115216225514 0.0 0.0 
-0.0 5.714285714285714 0.0 9 57.729488862939135 0.0 0.0 
-0.0 6.428571428571429 0.0 7 48.3729443403953 0.0 0.0 
-0.0 7.142857142857143 0.0 15 75.19957216675044 0.0 0.0 
-0.0 7.857142857142858 0.0 -17 -15.478998800858399 0.0 0.0 
-0.0 8.571428571428571 0.0 29 160.41299189782967 0.0 0.0 
-0.0 9.285714285714286 0.0 127 305.2372049878925 0.0 0.0 
0.0 -9.285714285714286 0.0 -52 -110.42342147155681 0.0 0.0 
0.0 -8.571428571428571 0.0 -53 -76.43570426238591 0.0 0.0 
0.0 -7.857142857142858 0.0 -39 -58.83334573560214 0.0 0.0 
0.0 -7.142857142857143 0.0 -35 -35.432577507899765 0.0 0.0 
0.0 -6.428571428571429 0.0 -24 -21.720443494570745 0.0 0.0 
0.0 -5.714285714285714 0.0 -21 -9.893119701152898 0.0 0.0 
0.0 -5.0 0.0 -16 1.2347459446880436 0.0 0.0 
0.0 -4.285714285714286 0.0 -12 9.338137110859478 0.0 0.0 
0.0 -3.5714285714285716 0.0 -9 13.921046620941922 0.0 0.0 
0.0 -2.857142857142857 0.0 -5 26.352059099186945 0.0 0.0 
0.0 -2.142857142857143 0.0 -5 26.798176079607543 0.0 0.0 
0.0 2.142857142857143 0.0 17 49.188371863556746 0.0 0.0 
0.0 2.857142857142857 0.0 12 60.53624196176081 0.0 0.0 
0.0 3.5714285714285716 0.0 13 50.307056798609956 0.0 0.0 
0.0 4.285714285714286 0.0 10 58.55390861402234 0.0 0.0 
0.0 5.0 0.0 11 50.41948412433564 0.0 0.0 
0.0 5.714285714285714 0.0 9 55.93027079359677 0.0 0.0 
0.0 6.428571428571429 0.0 8 45.58428613248203 0.0 0.0 
0.0 7.142857142857143 0.0 15 72.65268391180743 0.0 0.0 
0.0 7.857142857142858 0.0 -17 -18.786489864937728 0.0 0.0 
0.0 8.571428571428571 0.0 29 157.72994695589094 0.0 0.0 
0.0 9.285714285714286 0.0 127 299.90104266884595 0.0 0.0 
2.142857142857143 -9.285714285714286 0.0 -52 -112.62890633587463 0.0 0.0 
2.142857142857143 -8.571428571428571 0.0 -53 -77.0732752961751 0.0 0.0 
2.142857142857143 -7.857142857142858 0.0 -38 -59.73311515888204 0.0 0.0 
2.142857142857143 -7.142857142857143 0.0 -33 -35.828671774135216 0.0 0.0 
2.142857142857143 -6.428571428571429 0.0 -24 -22.016765678231806 0.0 0.0 
2.142857142857143 -5.714285714285714 0.0 -20 -9.676780920564696 0.0 0.0 
2.142857142857143 -5.0 0.0 -15 0.9428576943468698 0.0 0.0 
2.142857142857143 -4.285714285714286 0.0 -11 8.994591243683516 0.0 0.0 
2.142857142857143 -3.5714285714285716 0.0 -9 13.064717547924474 0.0 0.0 
2.142857142857143 -2.857142857142857 0.0 -5 23.15741810913744 0.0 0.0 
2.142857142857143 -2.142857142857143 0.0 -8 22.04445436638383 0.0 0.0 
2.142857142857143 1.4285714285714286 0.0 16 42.28114005558744 0.0 0.0 
2.142857142857143 2.142857142857143 0.0 16 54.18270735725765 0.0 0.0 
2.142857142857143 2.857142857142857 0.0 13 44.5583069600772 0.0 0.0 
2.142857142857143 3.5714285714285716 0.0 13 53.3148994924874 0.0 0.0 
2.142857142857143 4.285714285714286 0.0 11 44.01165574715516 0.0 0.0 
2.142857142857143 5.0 0.0 11 50.91088466824034 0.0 0.0 
2.142857142857143 5.714285714285714 0.0 9 43.21375276181408 0.0 0.0 
2.142857142857143 6.428571428571429 0.0 8 44.7553587443313 0.0 0.0 
2.142857142857143 7.142857142857143 0.0 15 61.25564715822505 0.0 0.0 
2.142857142857143 7.857142857142858 0.0 -17 -22.064232899647294 0.0 0.0 
2.142857142857143 8.571428571428571 0.0 29 147.56556705692554 0.0 0.0 
2.142857142857143 9.285714285714286 0.0 126 289.86239396903636 0.0 0.0 
4.285714285714286 -9.285714285714286 0.0 -51 -115.88707672775118 0.0 0.0 
4.285714285714286 -8.571428571428571 0.0 -51 -77.96283894433861 0.0 0.0 
4.285714285714286 -7.857142857142858 0.0 -37 -61.364295246316374 0.0 0.0 
4.285714285714286 -7.142857142857143 0.0 -32 -35.59908667750396 0.0 0.0 
4.285714285714286 -6.428571428571429 0.0 -22 -23.097989235006523 0.0 0.0 
4.285714285714286 -5.714285714285714 0.0 -18 -9.852580361021353 0.0 0.0 
4.285714285714286 -5.0 0.0 -13 -0.7681889872419561 0.0 0.0 
4.285714285714286 -4.285714285714286 0.0 -10 7.164590875529569 0.0 0.0 
4.285714285714286 -3.5714285714285716 0.0 -8 10.64506846092587 0.0 0.0 
4.285714285714286 -2.857142857142857 0.0 -4 16.604564474111527 0.0 0.0 
4.285714285714286 -2.142857142857143 0.0 -7 19.079030498802283 0.0 0.0 
4.285714285714286 -1.4285714285714286 0.0 -5 12.814091706680557 0.0 0.0 
4.285714285714286 1.4285714285714286 0.0 17 42.93683364826225 0.0 0.0 
4.285714285714286 2.142857142857143 0.0 15 47.55464540637057 0.0 0.0 
4.285714285714286 2.857142857142857 0.0 13 43.13354412262136 0.0 0.0 
4.285714285714286 3.5714285714285716 0.0 12 45.320247121402765 0.0 0.0 
4.285714285714286 4.285714285714286 0.0 11 41.75456697370173 0.0 0.0 
4.285714285714286 5.0 0.0 10 42.85000877509332 0.0 0.0 
4.285714285714286 5.714285714285714 0.0 10 40.8899240795939 0.0 0.0 
4.285714285714286 6.428571428571429 0.0 7 37.82971284820838 0.0 0.0 
4.285714285714286 7.142857142857143 0.0 16 59.205812289375416 0.0 0.0 
4.285714285714286 7.857142857142858 0.0 -18 -30.523757946112305 0.0 0.0 
4.285714285714286 8.571428571428571 0.0 30 145.1637776919398 0.0 0.0 
4.285714285714286 9.285714285714286 0.0 121 272.79195636539635 0.0 0.0 
6.428571428571429 -9.285714285714286 0.0 -49 -121.15609658989706 0.0 0.0 
6.428571428571429 -8.571428571428571 0.0 -50 -78.49734121072453 0.0 0.0 
6.428571428571429 -7.857142857142858 0.0 -35 -64.7611832382358 0.0 0.0 
6.428571428571429 -7.142857142857143 0.0 -29 -36.189799696766386 0.0 0.0 
6.428571428571429 -6.428571428571429 0.0 -19 -26.07005729608919 0.0 0.0 
6.428571428571429 -5.714285714285714 0.0 -14 -10.800781339328978 0.0 0.0 
6.428571428571429 -5.0 0.0 -9 -3.693158730819192 0.0 0.0 
6.428571428571429 -4.285714285714286 0.0 -6 6.837044702805628 0.0 0.0 
6.428571428571429 -3.5714285714285716 0.0 -3 11.219585947365644 0.0 0.0 
6.428571428571429 -2.857142857142857 0.0 -1 15.640949287714228 0.0 0.0 
6.428571428571429 -2.142857142857143 0.0 0 21.065386733618226 0.0 0.0 
6.428571428571429 -1.4285714285714286 0.0 -4 10.044166205080948 0.0 0.0 
6.428571428571429 -0.7142857142857143 0.0 1 14.536729857941836 0.0 0.0 
6.428571428571429 -0.0 0.0 7 16.44607928695192 0.0 0.0 
6.428571428571429 0.0 0.0 8 15.640044575552473 0.0 0.0 
6.428571428571429 2.142857142857143 0.0 20 39.44072680736571 0.0 0.0 
6.428571428571429 2.857142857142857 0.0 13 38.75126652566722 0.0 0.0 
6.428571428571429 3.5714285714285716 0.0 10 32.49503784703343 0.0 0.0 
6.428571428571429 4.285714285714286 0.0 9 34.5451618792803 0.0 0.0 
6.428571428571429 5.0 0.0 9 31.181752333447903 0.0 0.0 
6.428571428571429 5.714285714285714 0.0 10 34.45549354376135 0.0 0.0 
6.428571428571429 6.428571428571429 0.0 7 27.01187577029026 0.0 0.0 
6.428571428571429 7.142857142857143 0.0 17 52.34559562606297 0.0 0.0 
6.428571428571429 7.857142857142858 0.0 -17 -41.914705823606724 0.0 0.0 
6.428571428571429 8.571428571428571 0.0 32 139.90145219062038 0.0 0.0 
6.428571428571429 9.285714285714286 0.0 119 251.75987719578956 0.0 0.0 
8.571428571428571 -9.285714285714286 0.0 -48 -126.11211823666582 0.0 0.0 
8.571428571428571 -8.571428571428571 0.0 -47 -77.51318350982874 0.0 0.0 
8.571428571428571 -7.857142857142858 0.0 -30 -68.06325546218892 0.0 0.0 
8.571428571428571 -7.142857142857143 0.0 -25 -35.17219194706577 0.0 0.0 
8.571428571428571 -6.428571428571429 0.0 -15 -27.93054198637364 0.0 0.0 
8.571428571428571 -5.714285714285714 0.0 -10 -9.49292595890688 0.0 0.0 
8.571428571428571 -5.0 0.0 -5 -6.1976972679172775 0.0 0.0 
8.571428571428571 -4.285714285714286 0.0 -2 3.8226485474647802 0.0 0.0 
8.571428571428571 -3.5714285714285716 0.0 0 5.184027156695436 0.0 0.0 
8.571428571428571 -2.857142857142857 0.0 2 12.263819180139045 0.0 0.0 
8.571428571428571 -2.142857142857143 0.0 7 19.393383513759872 0.0 0.0 
8.571428571428571 -1.4285714285714286 0.0 7 22.342276214632165 0.0 0.0 
8.571428571428571 -0.7142857142857143 0.0 6 19.62411530650727 0.0 0.0 
8.571428571428571 -0.0 0.0 8 23.407667181369504 0.0 0.0 
8.571428571428571 0.0 0.0 2 14.294676076808564 0.0 0.0 
8.571428571428571 0.7142857142857143 0.0 6 19.149305553950406 0.0 0.0 
8.571428571428571 1.4285714285714286 0.0 17 30.223209246624144 0.0 0.0 
8.571428571428571 3.5714285714285716 0.0 13 34.24359966342728 0.0 0.0 
8.571428571428571 4.285714285714286 0.0 10 35.328801418548565 0.0 0.0 
8.571428571428571 5.0 0.0 10 31.278160912924903 0.0 0.0 
8.571428571428571 5.714285714285714 0.0 12 35.67967650459603 0.0 0.0 
8.571428571428571 6.428571428571429 0.0 9 27.90865065353784 0.0 0.0 
8.571428571428571 7.142857142857143 0.0 19 53.90640332598436 0.0 0.0 
8.571428571428571 7.857142857142858 0.0 -16 -42.7547498291441 0.0 0.0 
8.571428571428571 8.571428571428571 0.0 33 142.81243504832784 0.0 0.0 
8.571428571428571 9.285714285714286 0.0 113 241.2833333453746 0.0 0.0 
10.714285714285714 -9.285714285714286 0.0 -43 -128.09775864401945 0.0 0.0 
10.714285714285714 -8.571428571428571 0.0 -43 -74.89127175555615 0.0 0.0 
10.714285714285714 -7.857142857142858 0.0 -26 -67.51885734283991 0.0 0.0 
10.714285714285714 -7.142857142857143 0.0 -20 -32.40403049657057 0.0 0.0 
10.714285714285714 -6.428571428571429 0.0 -10 -28.21186302745113 0.0 0.0 
10.714285714285714 -5.714285714285714 0.0 -6 -7.797867374745536 0.0 0.0 
10.714285714285714 -5.0 0.0 0 -5.636274864964506 0.0 0.0 
10.714285714285714 -4.285714285714286 0.0 1 7.077250997899547 0.0 0.0 
10.714285714285714 -3.5714285714285716 0.0 3 8.133054181346147 0.0 0.0 
10.714285714285714 -2.857142857142857 0.0 4 12.497819013576809 0.0 0.0 
10.714285714285714 -2.142857142857143 0.0 6 12.630297480791356 0.0 0.0 
10.714285714285714 -1.4285714285714286 0.0 7 19.5118240664872 0.0 0.0 
10.714285714285714 -0.7142857142857143 0.0 8 22.40246778924857 0.0 0.0 
10.714285714285714 -0.0 0.0 10 30.978691128490908 0.0 0.0 
10.714285714285714 0.0 0.0 9 27.415067797656278 0.0 0.0 
10.714285714285714 0.7142857142857143 0.0 7 23.06333590735406 0.0 0.0 
10.714285714285714 1.4285714285714286 0.0 4 23.257036998271374 0.0 0.0 
10.714285714285714 2.142857142857143 0.0 8 23.002128789874135 0.0 0.0 
10.714285714285714 5.0 0.0 15 30.88513234796881 0.0 0.0 
10.714285714285714 5.714285714285714 0.0 13 48.597935879290354 0.0 0.0 
10.714285714285714 6.428571428571429 0.0 11 25.130415595508666 0.0 0.0 
10.714285714285714 7.142857142857143 0.0 19 63.73651079128227 0.0 0.0 
10.714285714285714 7.857142857142858 0.0 -16 -45.461199861861274 0.0 0.0 
10.714285714285714 8.571428571428571 0.0 35 150.03862567711292 0.0 0.0 
10.714285714285714 9.285714285714286 0.0 114 237.71547976569727 0.0 0.0 
12.857142857142858 -9.285714285714286 0.0 -39 -126.40508243984104 0.0 0.0 
12.857142857142858 -8.571428571428571 0.0 -39 -71.69592785946463 0.0 0.0 
12.857142857142858 -7.857142857142858 0.0 -21 -65.2901424377192 0.0 0.0 
12.857142857142858 -7.142857142857143 0.0 -17 -29.19654821562976 0.0 0.0 
12.857142857142858 -6.428571428571429 0.0 -6 -26.053458517312293 0.0 0.0 
12.857142857142858 -5.714285714285714 0.0 -3 -7.09554430213268 0.0 0.0 
12.857142857142858 -5.0 0.0 0 -6.0922418207941575 0.0 0.0 
12.857142857142858 -4.285714285714286 0.0 2 4.8749052396222226 0.0 0.0 
12.857142857142858 -3.5714285714285716 0.0 5 7.248627732291794 0.0 0.0 
12.857142857142858 -2.857142857142857 0.0 6 15.56321576037383 0.0 0.0 
12.857142857142858 -2.142857142857143 0.0 8 16.537197248311927 0.0 0.0 
12.857142857142858 -1.4285714285714286 0.0 8 19.93083274566768 0.0 0.0 
12.857142857142858 -0.7142857142857143 0.0 6 18.21491044193303 0.0 0.0 
12.857142857142858 -0.0 0.0 8 23.294339999671706 0.0 0.0 
12.857142857142858 0.0 0.0 9 27.59334584488966 0.0 0.0 
12.857142857142858 0.7142857142857143 0.0 9 29.553373080242615 0.0 0.0 
12.857142857142858 1.4285714285714286 0.0 9 32.29654511320565 0.0 0.0 
12.857142857142858 2.142857142857143 0.0 0 15.04733858040516 0.0 0.0 
12.857142857142858 4.285714285714286 0.0 19 33.49567923727625 0.0 0.0 
12.857142857142858 5.0 0.0 18 32.35711017504447 0.0 0.0 
12.857142857142858 5.714285714285714 0.0 15 31.487409524299345 0.0 0.0 
12.857142857142858 6.428571428571429 0.0 13 25.01696569380184 0.0 0.0 
12.857142857142858 7.142857142857143 0.0 21 47.40474945982797 0.0 0.0 
12.857142857142858 7.857142857142858 0.0 -14 -48.93719399541874 0.0 0.0 
12.857142857142858 8.571428571428571 0.0 36 133.02711237052355 0.0 0.0 
12.857142857142858 9.285714285714286 0.0 115 227.781922425469 0.0 0.0 
15.0 -9.285714285714286 0.0 -35 -124.32238647944924 0.0 0.0 
15.0 -8.571428571428571 0.0 -35 -70.24405311575038 0.0 0.0 
15.0 -7.857142857142858 0.0 -17 -63.742829807417465 0.0 0.0 
15.0 -7.142857142857143 0.0 -13 -28.924172297266338 0.0 0.0 
15.0 -6.428571428571429 0.0 -3 -25.09897894069801 0.0 0.0 
15.0 -5.714285714285714 0.0 0 -6.239988450919682 0.0 0.0 
15.0 -5.0 0.0 3 -4.171897985481614 0.0 0.0 
15.0 -4.285714285714286 0.0 4 6.061446808911995 0.0 0.0 
15.0 -3.5714285714285716 0.0 6 6.016335096733442 0.0 0.0 
15.0 -2.857142857142857 0.0 7 11.396169499193938 0.0 0.0 
15.0 -2.142857142857143 0.0 8 13.179938724482255 0.0 0.0 
15.0 -1.4285714285714286 0.0 8 17.811654411429615 0.0 0.0 
15.0 -0.7142857142857143 0.0 9 18.03176143961484 0.0 0.0 
15.0 -0.0 0.0 8 19.013512646600965 0.0 0.0 
15.0 0.0 0.0 8 16.686938080161987 0.0 0.0 
15.0 0.7142857142857143 0.0 7 17.373527540487245 0.0 0.0 
15.0 1.4285714285714286 0.0 10 24.77006008810063 0.0 0.0 
15.0 2.142857142857143 0.0 8 18.437428726060396 0.0 0.0 
15.0 2.857142857142857 0.0 11 16.120755599916933 0.0 0.0 
15.0 3.5714285714285716 0.0 18 20.242107422824915 0.0 0.0 
15.0 4.285714285714286 0.0 16 18.68651571631475 0.0 0.0 
15.0 5.0 0.0 16 21.341326605331584 0.0 0.0 
15.0 5.714285714285714 0.0 15 20.410135851628628 0.0 0.0 
15.0 6.428571428571429 0.0 14 15.921812775300179 0.0 0.0 
15.0 7.142857142857143 0.0 23 39.35378139116612 0.0 0.0 
15.0 7.857142857142858 0.0 -13 -57.89155570941207 0.0 0.0 
15.0 8.571428571428571 0.0 36 120.38946556820962 0.0 0.0 
15.0 9.285714285714286 0.0 105 195.33082667736088 0.0 0.0 
17.142857142857142 -9.285714285714286 0.0 -30 -122.03134761802173 0.0 0.0 
17.142857142857142 -8.571428571428571 0.0 -30 -67.02496051296504 0.0 0.0 
17.142857142857142 -7.857142857142858 0.0 -12 -61.3170746116308 0.0 0.0 
17.142857142857142 -7.142857142857143 0.0 -7 -26.63640001648072 0.0 0.0 
17.142857142857142 -6.428571428571429 0.0 0 -24.644009550850683 0.0 0.0 
17.142857142857142 -5.714285714285714 0.0 2 -6.8471862538621835 0.0 0.0 
17.142857142857142 -5.0 0.0 6 -6.913299261873334 0.0 0.0 
17.142857142857142 -4.285714285714286 0.0 7 2.943007254011391 0.0 0.0 
17.142857142857142 -3.5714285714285716 0.0 9 3.2644960871514996 0.0 0.0 
17.142857142857142 -2.857142857142857 0.0 9 8.567604694173511 0.0 0.0 
17.142857142857142 -2.142857142857143 0.0 10 8.011603107195398 0.0 0.0 
17.142857142857142 -1.4285714285714286 0.0 11 10.435957250538856 0.0 0.0 
17.142857142857142 -0.7142857142857143 0.0 13 11.634176042837048 0.0 0.0 
17.142857142857142 -0.0 0.0 14 15.1399820126476 0.0 0.0 
17.142857142857142 0.0 0.0 15 17.192890184036315 0.0 0.0 
17.142857142857142 0.7142857142857143 0.0 14 17.823475020709434 0.0 0.0 
17.142857142857142 1.4285714285714286 0.0 16 20.888352371300826 0.0 0.0 
17.142857142857142 2.142857142857143 0.0 16 19.91466134698482 0.0 0.0 
17.142857142857142 2.857142857142857 0.0 15 16.835794181511208 0.0 0.0 
17.142857142857142 3.5714285714285716 0.0 15 19.207623039234416 0.0 0.0 
17.142857142857142 4.285714285714286 0.0 15 19.78902098854464 0.0 0.0 
17.142857142857142 5.0 0.0 15 20.806100390097544 0.0 0.0 
17.142857142857142 5.714285714285714 0.0 16 20.815886849327207 0.0 0.0 
17.142857142857142 6.428571428571429 0.0 13 15.177255249914626 0.0 0.0 
17.142857142857142 7.142857142857143 0.0 24 40.75727561625177 0.0 0.0 
17.142857142857142 7.857142857142858 0.0 -10 -56.75084375312216 0.0 0.0 
17.142857142857142 8.571428571428571 0.0 39 120.64607806692436 0.0 0.0 
17.142857142857142 9.285714285714286 0.0 96 174.47050909561443 0.0 0.0 
19.285714285714285 -9.285714285714286 0.0 -23 -117.4916125363803 0.0 0.0 
19.285714285714285 -8.571428571428571 0.0 -23 -61.89184440643426 0.0 0.0 
19.285714285714285 -7.857142857142858 0.0 -6 -58.47358008177389 0.0 0.0 
19.285714285714285 -7.142857142857143 0.0 -2 -24.503156098310427 0.0 0.0 
19.285714285714285 -6.428571428571429 0.0 5 -24.71487826640714 0.0 0.0 
19.285714285714285 -5.714285714285714 0.0 6 -7.181537357283666 0.0 0.0 
19.285714285714285 -5.0 0.0 11 -8.3627636762115 0.0 0.0 
19.285714285714285 -4.285714285714286 0.0 12 1.1294568953859496 0.0 0.0 
19.285714285714285 -3.5714285714285716 0.0 13 0.9221643063970788 0.0 0.0 
19.285714285714285 -2.857142857142857 0.0 14 7.40794930822895 0.0 0.0 
19.285714285714285 -2.142857142857143 0.0 16 8.292983666765242 0.0 0.0 
19.285714285714285 -1.4285714285714286 0.0 16 12.870915553440096 0.0 0.0 
19.285714285714285 -0.7142857142857143 0.0 17 13.868363621642903 0.0 0.0 
19.285714285714285 -0.0 0.0 17 16.326421683389185 0.0 0.0 
19.285714285714285 0.0 0.0 16 16.962118546589192 0.0 0.0 
19.285714285714285 0.7142857142857143 0.0 15 16.347793254407026 0.0 0.0 
19.285714285714285 1.4285714285714286 0.0 16 16.984600323216753 0.0 0.0 
19.285714285714285 2.142857142857143 0.0 17 17.75804518457139 0.0 0.0 
19.285714285714285 2.857142857142857 0.0 17 19.56878747717621 0.0 0.0 
19.285714285714285 3.5714285714285716 0.0 18 19.93619751922097 0.0 0.0 
19.285714285714285 4.285714285714286 0.0 17 21.13508161554558 0.0 0.0 
19.285714285714285 5.0 0.0 17 21.052936687517537 0.0 0.0 
19.285714285714285 5.714285714285714 0.0 17 21.94295545485592 0.0 0.0 
19.285714285714285 6.428571428571429 0.0 15 15.653496932601424 0.0 0.0 
19.285714285714285 7.142857142857143 0.0 26 40.90546655039657 0.0 0.0 
19.285714285714285 7.857142857142858 0.0 -7 -57.23120459865967 0.0 0.0 
19.285714285714285 8.571428571428571 0.0 41 114.98179117070573 0.0 0.0 
19.285714285714285 9.285714285714286 0.0 90 154.65698056204982 0.0 0.0 
21.428571428571427 -9.285714285714286 0.0 -15 -108.24067655391758 0.0 0.0 
21.428571428571427 -8.571428571428571 0.0 -15 -53.81572870519466 0.0 0.0 
21.428571428571427 -7.857142857142858 0.0 0 -52.088168972431255 0.0 0.0 
21.428571428571427 -7.142857142857143 0.0 3 -20.459034491978876 0.0 0.0 
21.428571428571427 -6.428571428571429 0.0 11 -22.15819216770946 0.0 0.0 
21.428571428571427 -5.714285714285714 0.0 11 -5.371923003558194 0.0 0.0 
21.428571428571427 -5.0 0.0 14 -7.010091805738831 0.0 0.0 
21.428571428571427 -4.285714285714286 0.0 15 2.7190685672353325 0.0 0.0 
21.428571428571427 -3.5714285714285716 0.0 17 2.654590221997644 0.0 0.0 
21.428571428571427 -2.857142857142857 0.0 16 8.709806696628288 0.0 0.0 
21.428571428571427 -2.142857142857143 0.0 17 9.037965695393254 0.0 0.0 
21.428571428571427 -1.4285714285714286 0.0 17 10.997831095565676 0.0 0.0 
21.428571428571427 -0.7142857142857143 0.0 18 11.159239989654882 0.0 0.0 
21.428571428571427 -0.0 0.0 18 12.77807463560568 0.0 0.0 
21.428571428571427 0.0 0.0 19 15.164414040673861 0.0 0.0 
21.428571428571427 0.7142857142857143 0.0 21 16.34475964507973 0.0 0.0 
21.428571428571427 1.4285714285714286 0.0 21 17.855472637442595 0.0 0.0 
21.428571428571427 2.142857142857143 0.0 20 18.434155425474174 0.0 0.0 
21.428571428571427 2.857142857142857 0.0 20 19.218735526721126 0.0 0.0 
21.428571428571427 3.5714285714285716 0.0 20 19.033003297656798 0.0 0.0 
21.428571428571427 4.285714285714286 0.0 20 19.10395824111807 0.0 0.0 
21.428571428571427 5.0 0.0 20 17.920613203327527 0.0 0.0 
21.428571428571427 5.714285714285714 0.0 20 19.382316983105866 0.0 0.0 
21.428571428571427 6.428571428571429 0.0 18 13.084921770862646 0.0 0.0 
21.428571428571427 7.142857142857143 0.0 30 39.541730865227045 0.0 0.0 
21.428571428571427 7.857142857142858 0.0 -3 -55.90815756970355 0.0 0.0 
21.428571428571427 8.571428571428571 0.0 43 101.65339152612815 0.0 0.0 
21.428571428571427 9.285714285714286 0.0 81 125.5799162894007 0.0 0.0 
23.57142857142857 -9.285714285714286 0.0 -5 -92.31368491612709 0.0 0.0 
23.57142857142857 -8.571428571428571 0.0 -6 -45.574203591289944 0.0 0.0 
23.57142857142857 -7.857142857142858 0.0 7 -44.12282998797979 0.0 0.0 
23.57142857142857 -7.142857142857143 0.0 7 -18.17654956471533 0.0 0.0 
23.57142857142857 -6.428571428571429 0.0 14 -18.398666890003085 0.0 0.0 
23.57142857142857 -5.714285714285714 0.0 13 -6.069933877527582 0.0 0.0 
23.57142857142857 -5.0 0.0 17 -5.411222563706502 0.0 0.0 
23.57142857142857 -4.285714285714286 0.0 16 1.4655124882237374 0.0 0.0 
23.57142857142857 -3.5714285714285716 0.0 20 2.9892192534165822 0.0 0.0 
23.57142857142857 -2.857142857142857 0.0 20 6.253030593897201 0.0 0.0 
23.57142857142857 -2.142857142857143 0.0 22 8.853105091369553 0.0 0.0 
23.57142857142857 -1.4285714285714286 0.0 23 10.647647812991407 0.0 0.0 
23.57142857142857 -0.7142857142857143 0.0 25 14.742654825703891 0.0 0.0 
23.57142857142857 -0.0 0.0 26 15.057214175191177 0.0 0.0 
23.57142857142857 0.0 0.0 26 18.119158705833446 0.0 0.0 
23.57142857142857 0.7142857142857143 0.0 27 17.467317709164078 0.0 0.0 
23.57142857142857 1.4285714285714286 0.0 26 19.40100158276978 0.0 0.0 
23.57142857142857 2.142857142857143 0.0 26 17.286704131406818 0.0 0.0 
23.57142857142857 2.857142857142857 0.0 26 18.400865401335444 0.0 0.0 
23.57142857142857 3.5714285714285716 0.0 25 16.684459827890493 0.0 0.0 
23.57142857142857 4.285714285714286 0.0 25 17.15998209680038 0.0 0.0 
23.57142857142857 5.0 0.0 25 14.755573091186157 0.0 0.0 
23.57142857142857 5.714285714285714 0.0 25 15.548188082888643 0.0 0.0 
23.57142857142857 6.428571428571429 0.0 22 8.177558429541104 0.0 0.0 
23.57142857142857 7.142857142857143 0.0 33 36.40047725719646 0.0 0.0 
23.57142857142857 7.857142857142858 0.0 3 -54.4634156714324 0.0 0.0 
23.57142857142857 8.571428571428571 0.0 44 82.74222409512619 0.0 0.0 
23.57142857142857 9.285714285714286 0.0 68 83.63144000942314 0.0 0.0 
25.714285714285715 -9.285714285714286 0.0 1 -80.4968698834679 0.0 0.0 
25.714285714285715 -8.571428571428571 0.0 -3 -46.6356299614784 0.0 0.0 
25.714285714285715 -7.857142857142858 0.0 7 -44.2316829503796 0.0 0.0 
25.714285714285715 -7.142857142857143 0.0 7 -26.006992816573103 0.0 0.0 
25.714285714285715 -6.428571428571429 0.0 15 -21.29328530423176 0.0 0.0 
25.714285714285715 -5.714285714285714 0.0 15 -12.811066509905721 0.0 0.0 
25.714285714285715 -5.0 0.0 20 -5.839436725327957 0.0 0.0 
25.714285714285715 -4.285714285714286 0.0 22 -2.576846782977956 0.0 0.0 
25.714285714285715 -3.5714285714285716 0.0 26 5.547427759209601 0.0 0.0 
25.714285714285715 -2.857142857142857 0.0 28 6.553704766743035 0.0 0.0 
25.714285714285715 -2.142857142857143 0.0 31 13.991404890597494 0.0 0.0 
25.714285714285715 -1.4285714285714286 0.0 31 13.482414149768646 0.0 0.0 
25.714285714285715 -0.7142857142857143 0.0 33 19.801586427134424 0.0 0.0 
25.714285714285715 -0.0 0.0 34 17.557171619930045 0.0 0.0 
25.714285714285715 0.0 0.0 35 22.202594645769153 0.0 0.0 
25.714285714285715 0.7142857142857143 0.0 36 18.46410116042232 0.0 0.0 
25.714285714285715 1.4285714285714286 0.0 36 21.614960281559586 0.0 0.0 
25.714285714285715 2.142857142857143 0.0 35 17.825585314360502 0.0 0.0 
25.714285714285715 2.857142857142857 0.0 35 20.188284265613905 0.0 0.0 
25.714285714285715 3.5714285714285716 0.0 34 15.3494816732407 0.0 0.0 
25.714285714285715 4.285714285714286 0.0 33 15.36595287979868 0.0 0.0 
25.714285714285715 5.0 0.0 32 10.186208890574171 0.0 0.0 
25.714285714285715 5.714285714285714 0.0 30 10.379837220917818 0.0 0.0 
25.714285714285715 6.428571428571429 0.0 25 -0.7111064502345457 0.0 0.0 
25.714285714285715 7.142857142857143 0.0 36 28.42879827030339 0.0 0.0 
25.714285714285715 7.857142857142858 0.0 8 -54.86481981179305 0.0 0.0 
25.714285714285715 8.571428571428571 0.0 45 56.762283107463205 0.0 0.0 
25.714285714285715 9.285714285714286 0.0 50 27.517593173595756 0.0 0.0 
27.857142857142858 -9.285714285714286 0.0 38 -26.34413264093858 0.0 0.0 
27.857142857142858 -8.571428571428571 0.0 29 -8.26002618618147 0.0 0.0 
27.857142857142858 -7.857142857142858 0.0 48 18.545183291068362 0.0 0.0 
27.857142857142858 -7.142857142857143 0.0 47 28.119637469303594 0.0 0.0 
27.857142857142858 -6.428571428571429 0.0 59 52.99262583183382 0.0 0.0 
27.857142857142858 -5.714285714285714 0.0 60 55.370782123514836 0.0 0.0 
27.857142857142858 -5.0 0.0 69 75.11655164322534 0.0 0.0 
27.857142857142858 -4.285714285714286 0.0 70 73.2312545392042 0.0 0.0 
27.857142857142858 -3.5714285714285716 0.0 75 87.86016335621895 0.0 0.0 
27.857142857142858 -2.857142857142857 0.0 76 83.24297663115306 0.0 0.0 
27.857142857142858 -2.142857142857143 0.0 78 92.65686839471147 0.0 0.0 
27.857142857142858 -1.4285714285714286 0.0 78 86.37906248737153 0.0 0.0 
27.857142857142858 -0.7142857142857143 0.0 80 90.93177099358671 0.0 0.0 
27.857142857142858 -0.0 0.0 78 83.29511663060639 0.0 0.0 
27.857142857142858 0.0 0.0 78 84.63862566546663 0.0 0.0 
27.857142857142858 0.7142857142857143 0.0 76 76.05650354816304 0.0 0.0 
27.857142857142858 1.4285714285714286 0.0 73 74.6249364449004 0.0 0.0 
27.857142857142858 2.142857142857143 0.0 71 64.67732319003812 0.0 0.0 
27.857142857142858 2.857142857142857 0.0 68 60.31907024235369 0.0 0.0 
27.857142857142858 3.5714285714285716 0.0 64 50.200258231554734 0.0 0.0 
27.857142857142858 4.285714285714286 0.0 59 43.95101983192895 0.0 0.0 
27.857142857142858 5.0 0.0 54 33.31068897583624 0.0 0.0 
27.857142857142858 5.714285714285714 0.0 48 25.74809243217746 0.0 0.0 
27.857142857142858 6.428571428571429 0.0 39 6.368891918367332 0.0 0.0 
27.857142857142858 7.142857142857143 0.0 43 28.216906943104007 0.0 0.0 
27.857142857142858 7.857142857142858 0.0 11 -49.694988517732256 0.0 0.0 
27.857142857142858 8.571428571428571 0.0 42 31.32651814070931 0.0 0.0 
27.857142857142858 9.285714285714286 0.0 18 -32.12763063205126 0.0 0.0 
