-27.857142857142858 -9.285714285714286 0.0 40 85.69129667769165 0.0 0.0 
-27.857142857142858 -8.571428571428571 0.0 75 127.68228589708366 0.0 0.0 
-27.857142857142858 -7.857142857142858 0.0 94 161.75015515218138 0.0 0.0 
-27.857142857142858 -7.142857142857143 0.0 114 174.8282884095081 0.0 0.0 
-27.857142857142858 -6.428571428571429 0.0 124 180.2065206312921 0.0 0.0 
-27.857142857142858 -5.714285714285714 0.0 141 182.8514836771373 0.0 0.0 
-27.857142857142858 -5.0 0.0 148 176.23284761544764 0.0 0.0 
-27.857142857142858 -4.285714285714286 0.0 160 174.89825255162194 0.0 0.0 
-27.857142857142858 -3.5714285714285716 0.0 164 164.12385050052436 0.0 0.0 
-27.857142857142858 -2.857142857142857 0.0 171 160.69277929393033 0.0 0.0 
-27.857142857142858 -2.142857142857143 0.0 175 148.01023250305957 0.0 0.0 
-27.857142857142858 -1.4285714285714286 0.0 181 144.89166390339278 0.0 0.0 
-27.857142857142858 -0.7142857142857143 0.0 184 133.41166793416448 0.0 0.0 
-27.857142857142858 -0.0 0.0 189 131.14155823271105 0.0 0.0 
-27.857142857142858 0.0 0.0 192 121.93355440060236 0.0 0.0 
-27.857142857142858 0.7142857142857143 0.0 196 120.11418045699816 0.0 0.0 
-27.857142857142858 1.4285714285714286 0.0 199 111.35456268112426 0.0 0.0 
-27.857142857142858 2.142857142857143 0.0 202 107.44616216099593 0.0 0.0 
-27.857142857142858 2.857142857142857 0.0 203 96.70090317531145 0.0 0.0 
-27.857142857142858 3.5714285714285716 0.0 204 89.30940391279012 0.0 0.0 
-27.857142857142858 4.285714285714286 0.0 203 76.30714598587883 0.0 0.0 
-27.857142857142858 5.0 0.0 203 65.47451984071245 0.0 0.0 
-27.857142857142858 5.714285714285714 0.0 203 48.53726762960014 0.0 0.0 
-27.857142857142858 6.428571428571429 0.0 194 41.368360374851704 0.0 0.0 
-27.857142857142858 7.142857142857143 0.0 189 31.201184406308528 0.0 0.0 
-27.857142857142858 7.857142857142858 0.0 193 -79.47552670677561 0.0 0.0 
-27.857142857142858 8.571428571428571 0.0 131 -307.619105045871 0.0 0.0 
-27.857142857142858 9.285714285714286 0.0 53 -433.6675636520921 0.0 0.0 
-25.714285714285715 -9.285714285714286 0.0 32 40.95928890012712 0.0 0.0 
-25.714285714285715 -8.571428571428571 0.0 75 106.81664639498862 0.0 0.0 
-25.714285714285715 -7.857142857142858 0.0 78 87.89469633278323 0.0 0.0 
-25.714285714285715 -7.142857142857143 0.0 96 114.76678474606095 0.0 0.0 
-25.714285714285715 -6.428571428571429 0.0 92 68.24578522378978 0.0 0.0 
-25.714285714285715 -5.714285714285714 0.0 99 84.27711025720546 0.0 0.0 
-25.714285714285715 -5.0 0.0 93 32.58188333773239 0.0 0.0 
-25.714285714285715 -4.285714285714286 0.0 96 44.47203580968187 0.0 0.0 
-25.714285714285715 -3.5714285714285716 0.0 90 -3.0420613816439754 0.0 0.0 
-25.714285714285715 -2.857142857142857 0.0 92 3.5152717535361546 0.0 0.0 
-25.714285714285715 -2.142857142857143 0.0 85 -37.99530766427435 0.0 0.0 
-25.714285714285715 -1.4285714285714286 0.0 85 -32.689173389585534 0.0 0.0 
-25.714285714285715 -0.7142857142857143 0.0 81 -66.00131118621974 0.0 0.0 
-25.714285714285715 -0.0 0.0 82 -60.3800812786705 0.0 0.0 
-25.714285714285715 0.0 0.0 81 -85.5361359457836 0.0 0.0 
-25.714285714285715 0.7142857142857143 0.0 82 -80.08472299066071 0.0 0.0 
-25.714285714285715 1.4285714285714286 0.0 82 -99.4185774358804 0.0 0.0 
-25.714285714285715 2.142857142857143 0.0 83 -96.6815437886236 0.0 0.0 
-25.714285714285715 2.857142857142857 0.0 83 -114.3116745242177 0.0 0.0 
-25.714285714285715 3.5714285714285716 0.0 83 -115.02440967331307 0.0 0.0 
-25.714285714285715 4.285714285714286 0.0 83 -129.00901133540972 0.0 0.0 
-25.714285714285715 5.0 0.0 82 -131.83916536817685 0.0 0.0 
-25.714285714285715 5.714285714285714 0.0 77 -167.80348608247857 0.0 0.0 
-25.714285714285715 6.428571428571429 0.0 78 -182.76762033032597 0.0 0.0 
-25.714285714285715 7.142857142857143 0.0 112 -97.2786294666956 0.0 0.0 
-25.714285714285715 7.857142857142858 0.0 128 -101.59527342598594 0.0 0.0 
-25.714285714285715 8.571428571428571 0.0 -12 -386.1662824705818 0.0 0.0 
-25.714285714285715 9.285714285714286 0.0 -166 -764.8952589167043 0.0 0.0 
-23.57142857142857 -9.285714285714286 0.0 72 64.53264161266348 0.0 0.0 
-23.57142857142857 -8.571428571428571 0.0 110 123.40022251393242 0.0 0.0 
-23.57142857142857 -7.857142857142858 0.0 110 105.10760221810736 0.0 0.0 
-23.57142857142857 -7.142857142857143 0.0 119 117.78473802221741 0.0 0.0 
-23.57142857142857 -6.428571428571429 0.0 109 77.59170779830185 0.0 0.0 
-23.57142857142857 -5.714285714285714 0.0 109 78.28160148762404 0.0 0.0 
-23.57142857142857 -5.0 0.0 100 36.15596983529474 0.0 0.0 
-23.57142857142857 -4.285714285714286 0.0 97 33.27273310403538 0.0 0.0 
-23.57142857142857 -3.5714285714285716 0.0 91 -4.523524623151587 0.0 0.0 
-23.57142857142857 -2.857142857142857 0.0 85 -10.453111480213352 0.0 0.0 
-23.57142857142857 -2.142857142857143 0.0 80 -43.46170799835281 0.0 0.0 
-23.57142857142857 -1.4285714285714286 0.0 74 -49.96268891435244 0.0 0.0 
-23.57142857142857 -0.7142857142857143 0.0 71 -74.12719275214877 0.0 0.0 
-23.57142857142857 -0.0 0.0 69 -78.56339639387204 0.0 0.0 
-23.57142857142857 0.0 0.0 68 -93.89009618366146 0.0 0.0 
-23.57142857142857 0.7142857142857143 0.0 69 -94.80766573256545 0.0 0.0 
-23.57142857142857 1.4285714285714286 0.0 71 -105.93675552367353 0.0 0.0 
-23.57142857142857 2.142857142857143 0.0 70 -109.20543271533782 0.0 0.0 
-23.57142857142857 2.857142857142857 0.0 70 -120.73598821170012 0.0 0.0 
-23.57142857142857 3.5714285714285716 0.0 70 -128.62712792450873 0.0 0.0 
-23.57142857142857 4.285714285714286 0.0 71 -139.99023151789496 0.0 0.0 
-23.57142857142857 5.0 0.0 76 -131.2493164326142 0.0 0.0 
-23.57142857142857 5.714285714285714 0.0 79 -137.8695388272164 0.0 0.0 
-23.57142857142857 6.428571428571429 0.0 67 -162.72113077717228 0.0 0.0 
-23.57142857142857 7.142857142857143 0.0 83 -96.36332212914998 0.0 0.0 
-23.57142857142857 7.857142857142858 0.0 89 -140.68680187025043 0.0 0.0 
-23.57142857142857 8.571428571428571 0.0 -15 -370.0198045565867 0.0 0.0 
-23.57142857142857 9.285714285714286 0.0 -174 -758.7326917964544 0.0 0.0 
-21.428571428571427 -9.285714285714286 0.0 91 47.58314501508116 0.0 0.0 
-21.428571428571427 -8.571428571428571 0.0 121 114.88223136821134 0.0 0.0 
-21.428571428571427 -7.857142857142858 0.0 116 62.78184026617967 0.0 0.0 
-21.428571428571427 -7.142857142857143 0.0 118 81.27287694822519 0.0 0.0 
-21.428571428571427 -6.428571428571429 0.0 107 20.990964493414282 0.0 0.0 
-21.428571428571427 -5.714285714285714 0.0 104 28.839280143411486 0.0 0.0 
-21.428571428571427 -5.0 0.0 95 -23.629805736002254 0.0 0.0 
-21.428571428571427 -4.285714285714286 0.0 90 -18.790962304365394 0.0 0.0 
-21.428571428571427 -3.5714285714285716 0.0 84 -62.61146621948296 0.0 0.0 
-21.428571428571427 -2.857142857142857 0.0 78 -62.9156524014999 0.0 0.0 
-21.428571428571427 -2.142857142857143 0.0 71 -100.07527134426951 0.0 0.0 
-21.428571428571427 -1.4285714285714286 0.0 67 -101.19032836395903 0.0 0.0 
-21.428571428571427 -0.7142857142857143 0.0 64 -126.34184445785833 0.0 0.0 
-21.428571428571427 -0.0 0.0 61 -124.38282525523012 0.0 0.0 
-21.428571428571427 0.0 0.0 61 -138.17482449024217 0.0 0.0 
-21.428571428571427 0.7142857142857143 0.0 61 -133.82981616379905 0.0 0.0 
-21.428571428571427 1.4285714285714286 0.0 63 -143.22184347161863 0.0 0.0 
-21.428571428571427 2.142857142857143 0.0 63 -140.91064278536186 0.0 0.0 
-21.428571428571427 2.857142857142857 0.0 65 -147.17581550531293 0.0 0.0 
-21.428571428571427 3.5714285714285716 0.0 66 -144.28660186158749 0.0 0.0 
-21.428571428571427 4.285714285714286 0.0 63 -153.76020124743667 0.0 0.0 
-21.428571428571427 5.0 0.0 62 -149.70141099547763 0.0 0.0 
-21.428571428571427 5.714285714285714 0.0 59 -163.38569095651437 0.0 0.0 
-21.428571428571427 6.428571428571429 0.0 45 -200.32720182186688 0.0 0.0 
-21.428571428571427 7.142857142857143 0.0 78 -105.3337902834632 0.0 0.0 
-21.428571428571427 7.857142857142858 0.0 97 -140.59848586759637 0.0 0.0 
-21.428571428571427 8.571428571428571 0.0 1 -343.1374279534066 0.0 0.0 
-21.428571428571427 9.285714285714286 0.0 -171 -744.0534323837016 0.0 0.0 
-19.285714285714285 -9.285714285714286 0.0 126 52.42213812459542 0.0 0.0 
-19.285714285714285 -8.571428571428571 0.0 143 122.5421769612461 0.0 0.0 
-19.285714285714285 -7.857142857142858 0.0 134 39.43142492737789 0.0 0.0 
-19.285714285714285 -7.142857142857143 0.0 127 61.365348809157354 0.0 0.0 
-19.285714285714285 -6.428571428571429 0.0 116 -16.228259488139003 0.0 0.0 
-19.285714285714285 -5.714285714285714 0.0 106 -0.7544070801762359 0.0 0.0 
-19.285714285714285 -5.0 0.0 98 -60.566545012821706 0.0 0.0 
-19.285714285714285 -4.285714285714286 0.0 91 -49.67838420170813 0.0 0.0 
-19.285714285714285 -3.5714285714285716 0.0 86 -95.19231157739881 0.0 0.0 
-19.285714285714285 -2.857142857142857 0.0 79 -91.21423142154478 0.0 0.0 
-19.285714285714285 -2.142857142857143 0.0 74 -128.6853818440675 0.0 0.0 
-19.285714285714285 -1.4285714285714286 0.0 67 -124.7424014553725 0.0 0.0 
-19.285714285714285 -0.7142857142857143 0.0 63 -150.58107205380804 0.0 0.0 
-19.285714285714285 -0.0 0.0 57 -144.59828845834616 0.0 0.0 
-19.285714285714285 0.0 0.0 56 -156.58485446729134 0.0 0.0 
-19.285714285714285 0.7142857142857143 0.0 55 -147.648427050422 0.0 0.0 
-19.285714285714285 1.4285714285714286 0.0 58 -153.06314378430366 0.0 0.0 
-19.285714285714285 2.142857142857143 0.0 55 -150.02263897023715 0.0 0.0 
-19.285714285714285 2.857142857142857 0.0 53 -159.5224641880074 0.0 0.0 
-19.285714285714285 3.5714285714285716 0.0 50 -160.29414058394403 0.0 0.0 
-19.285714285714285 4.285714285714286 0.0 48 -172.4035481574486 0.0 0.0 
-19.285714285714285 5.0 0.0 51 -165.62570623390437 0.0 0.0 
-19.285714285714285 5.714285714285714 0.0 55 -167.65088506965935 0.0 0.0 
-19.285714285714285 6.428571428571429 0.0 41 -211.3502648428964 0.0 0.0 
-19.285714285714285 7.142857142857143 0.0 77 -107.01633271459879 0.0 0.0 
-19.285714285714285 7.857142857142858 0.0 91 -151.62463157424227 0.0 0.0 
-19.285714285714285 8.571428571428571 0.0 -2 -355.22737030460905 0.0 0.0 
-19.285714285714285 9.285714285714286 0.0 -175 -747.2084308519545 0.0 0.0 
-17.142857142857142 -9.285714285714286 0.0 153 54.256707256533105 0.0 0.0 
-17.142857142857142 -8.571428571428571 0.0 157 132.55769280609445 0.0 0.0 
-17.142857142857142 -7.857142857142858 0.0 145 14.845841873666188 0.0 0.0 
-17.142857142857142 -7.142857142857143 0.0 130 47.72188740865067 0.0 0.0 
-17.142857142857142 -6.428571428571429 0.0 118 -47.83445608488242 0.0 0.0 
-17.142857142857142 -5.714285714285714 0.0 106 -20.225317936485794 0.0 0.0 
-17.142857142857142 -5.0 0.0 99 -90.75988650672068 0.0 0.0 
-17.142857142857142 -4.285714285714286 0.0 89 -67.6328268434194 0.0 0.0 
-17.142857142857142 -3.5714285714285716 0.0 86 -118.68878227244824 0.0 0.0 
-17.142857142857142 -2.857142857142857 0.0 77 -106.09138187135494 0.0 0.0 
-17.142857142857142 -2.142857142857143 0.0 72 -148.07334720313844 0.0 0.0 
-17.142857142857142 -1.4285714285714286 0.0 69 -133.26282579584054 0.0 0.0 
-17.142857142857142 -0.7142857142857143 0.0 64 -163.62795405316325 0.0 0.0 
-17.142857142857142 -0.0 0.0 53 -152.79646879988508 0.0 0.0 
-17.142857142857142 0.0 0.0 50 -172.51158574166206 0.0 0.0 
-17.142857142857142 0.7142857142857143 0.0 41 -165.74612946027497 0.0 0.0 
-17.142857142857142 1.4285714285714286 0.0 41 -175.74612440180033 0.0 0.0 
-17.142857142857142 2.142857142857143 0.0 42 -170.006251438907 0.0 0.0 
-17.142857142857142 2.857142857142857 0.0 45 -180.12173769274187 0.0 0.0 
-17.142857142857142 3.5714285714285716 0.0 46 -176.3802430851244 0.0 0.0 
-17.142857142857142 4.285714285714286 0.0 46 -187.20414908996588 0.0 0.0 
-17.142857142857142 5.0 0.0 50 -180.65850555822038 0.0 0.0 
-17.142857142857142 5.714285714285714 0.0 56 -176.00077892390482 0.0 0.0 
-17.142857142857142 6.428571428571429 0.0 42 -224.51917617887165 0.0 0.0 
-17.142857142857142 7.142857142857143 0.0 82 -111.40026587131875 0.0 0.0 
-17.142857142857142 7.857142857142858 0.0 96 -150.0441904566031 0.0 0.0 
-17.142857142857142 8.571428571428571 0.0 1 -361.05219375666894 0.0 0.0 
-17.142857142857142 9.285714285714286 0.0 -180 -768.5090460314219 0.0 0.0 
-15.0 -9.285714285714286 0.0 176 72.98213102139636 0.0 0.0 
-15.0 -8.571428571428571 0.0 166 148.32615692427464 0.0 0.0 
-15.0 -7.857142857142858 0.0 150 8.022609802347063 0.0 0.0 
-15.0 -7.142857142857143 0.0 128 43.634228607357926 0.0 0.0 
-15.0 -6.428571428571429 0.0 115 -61.7855858692769 0.0 0.0 
-15.0 -5.714285714285714 0.0 100 -27.767836809887513 0.0 0.0 
-15.0 -5.0 0.0 93 -104.02889523187986 0.0 0.0 
-15.0 -4.285714285714286 0.0 81 -75.60746057637294 0.0 0.0 
-15.0 -3.5714285714285716 0.0 79 -131.58857237661022 0.0 0.0 
-15.0 -2.857142857142857 0.0 65 -120.8352067974054 0.0 0.0 
-15.0 -2.142857142857143 0.0 65 -155.37959682148457 0.0 0.0 
-15.0 -1.4285714285714286 0.0 57 -145.96385150980112 0.0 0.0 
-15.0 1.4285714285714286 0.0 43 -183.86951266513415 0.0 0.0 
-15.0 2.142857142857143 0.0 45 -172.1483515051566 0.0 0.0 
-15.0 2.857142857142857 0.0 47 -187.58192091623792 0.0 0.0 
-15.0 3.5714285714285716 0.0 47 -180.47017425165703 0.0 0.0 
-15.0 4.285714285714286 0.0 48 -193.28928366905282 0.0 0.0 
-15.0 5.0 0.0 51 -187.56814603013748 0.0 0.0 
-15.0 5.714285714285714 0.0 59 -179.8776564026482 0.0 0.0 
-15.0 6.428571428571429 0.0 42 -232.30715772182845 0.0 0.0 
-15.0 7.142857142857143 0.0 82 -117.67013682764572 0.0 0.0 
-15.0 7.857142857142858 0.0 98 -145.69547351709926 0.0 0.0 
-15.0 8.571428571428571 0.0 5 -371.71135951929017 0.0 0.0 
-15.0 9.285714285714286 0.0 -185 -786.2701863009722 0.0 0.0 
-12.857142857142858 -9.285714285714286 0.0 184 94.64332134767474 0.0 0.0 
-12.857142857142858 -8.571428571428571 0.0 161 150.24925840462242 0.0 0.0 
-12.857142857142858 -7.857142857142858 0.0 143 4.815625680988887 0.0 0.0 
-12.857142857142858 -7.142857142857143 0.0 117 33.0567077158654 0.0 0.0 
-12.857142857142858 -6.428571428571429 0.0 106 -71.58311956154375 0.0 0.0 
-12.857142857142858 -5.714285714285714 0.0 87 -43.255342784062975 0.0 0.0 
-12.857142857142858 -5.0 0.0 81 -118.70138717782328 0.0 0.0 
-12.857142857142858 -4.285714285714286 0.0 68 -93.89099891747493 0.0 0.0 
-12.857142857142858 -3.5714285714285716 0.0 68 -149.62692196560346 0.0 0.0 
-12.857142857142858 -2.857142857142857 0.0 56 -137.855497078435 0.0 0.0 
-12.857142857142858 -2.142857142857143 0.0 64 -173.3016810533162 0.0 0.0 
-12.857142857142858 2.142857142857143 0.0 48 -190.8737894831969 0.0 0.0 
-12.857142857142858 2.857142857142857 0.0 50 -203.07875540830798 0.0 0.0 
-12.857142857142858 3.5714285714285716 0.0 47 -196.65688331834565 0.0 0.0 
-12.857142857142858 4.285714285714286 0.0 50 -207.89274768612748 0.0 0.0 
-12.857142857142858 5.0 0.0 51 -203.73028475209148 0.0 0.0 
-12.857142857142858 5.714285714285714 0.0 61 -191.01350847016525 0.0 0.0 
-12.857142857142858 6.428571428571429 0.0 42 -243.91623507880269 0.0 0.0 
-12.857142857142858 7.142857142857143 0.0 84 -129.41908817973342 0.0 0.0 
-12.857142857142858 7.857142857142858 0.0 105 -139.50993620870437 0.0 0.0 
-12.857142857142858 8.571428571428571 0.0 8 -378.7938905891604 0.0 0.0 
-12.857142857142858 9.285714285714286 0.0 -185 -802.3358339326951 0.0 0.0 
-10.714285714285714 -9.285714285714286 0.0 179 95.60181570655033 0.0 0.0 
-10.714285714285714 -8.571428571428571 0.0 149 132.45469257207043 0.0 0.0 
-10.714285714285714 -7.857142857142858 0.0 135 -12.600391053010696 0.0 0.0 
-10.714285714285714 -7.142857142857143 0.0 107 6.989525137629528 0.0 0.0 
-10.714285714285714 -6.428571428571429 0.0 101 -93.8044686994902 0.0 0.0 
-10.714285714285714 -5.714285714285714 0.0 84 -68.50373580220253 0.0 0.0 
-10.714285714285714 -5.0 0.0 84 -137.49740649711117 0.0 0.0 
-10.714285714285714 -4.285714285714286 0.0 75 -108.66384451862368 0.0 0.0 
-10.714285714285714 -3.5714285714285716 0.0 76 -160.49282425281007 0.0 0.0 
-10.714285714285714 -2.857142857142857 0.0 65 -144.3114854196288 0.0 0.0 
-10.714285714285714 -2.142857142857143 0.0 67 -180.34808413752017 0.0 0.0 
-10.714285714285714 2.142857142857143 0.0 47 -213.73176552531322 0.0 0.0 
-10.714285714285714 2.857142857142857 0.0 48 -219.99085797405792 0.0 0.0 
-10.714285714285714 3.5714285714285716 0.0 47 -214.1398428619392 0.0 0.0 
-10.714285714285714 4.285714285714286 0.0 51 -219.92346601423023 0.0 0.0 
-10.714285714285714 5.0 0.0 51 -215.59249105672922 0.0 0.0 
-10.714285714285714 5.714285714285714 0.0 61 -198.29925909966343 0.0 0.0 
-10.714285714285714 6.428571428571429 0.0 43 -251.6806876253366 0.0 0.0 
-10.714285714285714 7.142857142857143 0.0 82 -142.32279669545116 0.0 0.0 
-10.714285714285714 7.857142857142858 0.0 107 -140.64992810145412 0.0 0.0 
-10.714285714285714 8.571428571428571 0.0 4 -383.3935754741455 0.0 0.0 
-10.714285714285714 9.285714285714286 0.0 -189 -815.7241765164451 0.0 0.0 
-8.571428571428571 -9.285714285714286 0.0 177 78.14101261463526 0.0 0.0 
-8.571428571428571 -8.571428571428571 0.0 149 122.78543320902943 0.0 0.0 
-8.571428571428571 -7.857142857142858 0.0 139 -29.127855872047917 0.0 0.0 
-8.571428571428571 -7.142857142857143 0.0 114 1.9709819433891766 0.0 0.0 
-8.571428571428571 -6.428571428571429 0.0 110 -101.52538307918871 0.0 0.0 
-8.571428571428571 -5.714285714285714 0.0 92 -67.58484177535092 0.0 0.0 
-8.571428571428571 -5.0 0.0 88 -144.18258075258004 0.0 0.0 
-8.571428571428571 -4.285714285714286 0.0 75 -113.88650797724932 0.0 0.0 
-8.571428571428571 -3.5714285714285716 0.0 72 -177.90246490472137 0.0 0.0 
-8.571428571428571 -2.857142857142857 0.0 61 -157.7984186650129 0.0 0.0 
-8.571428571428571 -2.142857142857143 0.0 64 -195.2215948861574 0.0 0.0 
-8.571428571428571 2.142857142857143 0.0 46 -218.76114899577993 0.0 0.0 
-8.571428571428571 2.857142857142857 0.0 47 -227.67607235019705 0.0 0.0 
-8.571428571428571 3.5714285714285716 0.0 46 -218.29992298261482 0.0 0.0 
-8.571428571428571 4.285714285714286 0.0 49 -226.44646602911044 0.0 0.0 
-8.571428571428571 5.0 0.0 48 -219.49032357659675 0.0 0.0 
-8.571428571428571 5.714285714285714 0.0 60 -203.29247006445985 0.0 0.0 
-8.571428571428571 6.428571428571429 0.0 42 -252.48198851815857 0.0 0.0 
-8.571428571428571 7.142857142857143 0.0 79 -146.59130851002695 0.0 0.0 
-8.571428571428571 7.857142857142858 0.0 105 -140.8552264048409 0.0 0.0 
-8.571428571428571 8.571428571428571 0.0 2 -380.973506524738 0.0 0.0 
-8.571428571428571 9.285714285714286 0.0 -190 -816.9522236314365 0.0 0.0 
-6.428571428571429 -9.285714285714286 0.0 185 78.91498345302057 0.0 0.0 
-6.428571428571429 -8.571428571428571 0.0 155 134.297122553631 0.0 0.0 
-6.428571428571429 -7.857142857142858 0.0 143 -30.775296350203746 0.0 0.0 
-6.428571428571429 -7.142857142857143 0.0 113 5.406730282878073 0.0 0.0 
-6.428571428571429 -6.428571428571429 0.0 104 -112.57258031854232 0.0 0.0 
-6.428571428571429 -5.714285714285714 0.0 85 -74.96038890711705 0.0 0.0 
-6.428571428571429 -5.0 0.0 81 -159.4650741730566 0.0 0.0 
-6.428571428571429 -4.285714285714286 0.0 72 -117.38639912386982 0.0 0.0 
-6.428571428571429 -3.5714285714285716 0.0 71 -183.38357658560335 0.0 0.0 
-6.428571428571429 -2.857142857142857 0.0 61 -154.96346101215386 0.0 0.0 
-6.428571428571429 -2.142857142857143 0.0 62 -198.66681386583804 0.0 0.0 
-6.428571428571429 2.142857142857143 0.0 43 -217.84272274854754 0.0 0.0 
-6.428571428571429 2.857142857142857 0.0 44 -227.9274416663483 0.0 0.0 
-6.428571428571429 3.5714285714285716 0.0 44 -217.53392040463245 0.0 0.0 
-6.428571428571429 4.285714285714286 0.0 46 -224.0959035528811 0.0 0.0 
-6.428571428571429 5.0 0.0 46 -217.064601640429 0.0 0.0 
-6.428571428571429 5.714285714285714 0.0 58 -199.35541077098412 0.0 0.0 
-6.428571428571429 6.428571428571429 0.0 39 -247.416436389574 0.0 0.0 
-6.428571428571429 7.142857142857143 0.0 77 -140.72346546358455 0.0 0.0 
-6.428571428571429 7.857142857142858 0.0 104 -136.89431917811967 0.0 0.0 
-6.428571428571429 8.571428571428571 0.0 1 -370.18526429688364 0.0 0.0 
-6.428571428571429 9.285714285714286 0.0 -190 -801.9187293090476 0.0 0.0 
-4.285714285714286 -9.285714285714286 0.0 185 80.00961420064192 0.0 0.0 
-4.285714285714286 -8.571428571428571 0.0 150 126.69554857817258 0.0 0.0 
-4.285714285714286 -7.857142857142858 0.0 137 -38.83458862585218 0.0 0.0 
-4.285714285714286 -7.142857142857143 0.0 108 -4.327267421892145 0.0 0.0 
-4.285714285714286 -6.428571428571429 0.0 101 -117.96579827207896 0.0 0.0 
-4.285714285714286 -5.714285714285714 0.0 84 -78.81679492989767 0.0 0.0 
-4.285714285714286 -5.0 0.0 81 -162.1465329768375 0.0 0.0 
-4.285714285714286 -4.285714285714286 0.0 69 -121.48289810832202 0.0 0.0 
-4.285714285714286 -3.5714285714285716 0.0 67 -188.19373485595145 0.0 0.0 
-4.285714285714286 -2.857142857142857 0.0 58 -158.9315733248755 0.0 0.0 
-4.285714285714286 -2.142857142857143 0.0 61 -198.94028218178613 0.0 0.0 
-4.285714285714286 2.142857142857143 0.0 40 -217.84202793569665 0.0 0.0 
-4.285714285714286 2.857142857142857 0.0 41 -227.09152802726828 0.0 0.0 
-4.285714285714286 3.5714285714285716 0.0 41 -216.086380258495 0.0 0.0 
-4.285714285714286 4.285714285714286 0.0 44 -221.08140434100275 0.0 0.0 
-4.285714285714286 5.0 0.0 44 -214.09539005087237 0.0 0.0 
-4.285714285714286 5.714285714285714 0.0 55 -194.88703409843265 0.0 0.0 
-4.285714285714286 6.428571428571429 0.0 38 -245.01476743238342 0.0 0.0 
-4.285714285714286 7.142857142857143 0.0 75 -136.60152695632252 0.0 0.0 
-4.285714285714286 7.857142857142858 0.0 101 -138.16763682558175 0.0 0.0 
-4.285714285714286 8.571428571428571 0.0 0 -368.386352456048 0.0 0.0 
-4.285714285714286 9.285714285714286 0.0 -186 -788.0123822923229 0.0 0.0 
-2.142857142857143 -9.285714285714286 0.0 184 71.87571168552574 0.0 0.0 
-2.142857142857143 -8.571428571428571 0.0 149 120.59805126147359 0.0 0.0 
-2.142857142857143 -7.857142857142858 0.0 137 -44.8945334418666 0.0 0.0 
-2.142857142857143 -7.142857142857143 0.0 108 -10.214106778754626 0.0 0.0 
-2.142857142857143 -6.428571428571429 0.0 100 -124.92241263015455 0.0 0.0 
-2.142857142857143 -5.714285714285714 0.0 81 -85.6662564445883 0.0 0.0 
-2.142857142857143 -5.0 0.0 78 -168.2385073405671 0.0 0.0 
-2.142857142857143 -4.285714285714286 0.0 67 -127.63338639980101 0.0 0.0 
-2.142857142857143 -3.5714285714285716 0.0 65 -191.01530688867 0.0 0.0 
-2.142857142857143 -2.857142857142857 0.0 55 -161.50579702959735 0.0 0.0 
-2.142857142857143 -2.142857142857143 0.0 58 -199.66281497823775 0.0 0.0 
-2.142857142857143 2.142857142857143 0.0 38 -219.68349271839824 0.0 0.0 
-2.142857142857143 2.857142857142857 0.0 38 -227.91103895375278 0.0 0.0 
-2.142857142857143 3.5714285714285716 0.0 38 -216.59481987666737 0.0 0.0 
-2.142857142857143 4.285714285714286 0.0 41 -221.37401152427452 0.0 0.0 
-2.142857142857143 5.0 0.0 42 -214.29960638817448 0.0 0.0 
-2.142857142857143 5.714285714285714 0.0 54 -195.48429156027458 0.0 0.0 
-2.142857142857143 6.428571428571429 0.0 36 -245.3346200590408 0.0 0.0 
-2.142857142857143 7.142857142857143 0.0 73 -134.9732576182221 0.0 0.0 
-2.142857142857143 7.857142857142858 0.0 100 -138.13868306311963 0.0 0.0 
-2.142857142857143 8.571428571428571 0.0 -1 -365.6537278417946 0.0 0.0 
-2.142857142857143 9.285714285714286 0.0 -182 -777.690276178445 0.0 0.0 
-0.0 -9.285714285714286 0.0 184 67.05018047203481 0.0 0.0 
-0.0 -8.571428571428571 0.0 149 119.44330398242246 0.0 0.0 
-0.0 -7.857142857142858 0.0 136 -51.392410733514055 0.0 0.0 
-0.0 -7.142857142857143 0.0 105 -12.657094791380104 0.0 0.0 
-0.0 -6.428571428571429 0.0 97 -130.6292380409288 0.0 0.0 
-0.0 -5.714285714285714 0.0 77 -88.31931469652625 0.0 0.0 
-0.0 -5.0 0.0 73 -173.695535348985 0.0 0.0 
-0.0 -4.285714285714286 0.0 61 -129.70416021180404 0.0 0.0 
-0.0 -3.5714285714285716 0.0 60 -194.99493858891924 0.0 0.0 
-0.0 -2.857142857142857 0.0 51 -161.81525543457496 0.0 0.0 
-0.0 -2.142857142857143 0.0 54 -199.7652498177747 0.0 0.0 
-0.0 2.142857142857143 0.0 37 -220.86878189933438 0.0 0.0 
-0.0 2.857142857142857 0.0 36 -228.1359505207417 0.0 0.0 
-0.0 3.5714285714285716 0.0 37 -216.92446266446018 0.0 0.0 
-0.0 4.285714285714286 0.0 40 -220.40349797228643 0.0 0.0 
-0.0 5.0 0.0 40 -212.8260657497966 0.0 0.0 
-0.0 5.714285714285714 0.0 53 -193.35926846497912 0.0 0.0 
-0.0 6.428571428571429 0.0 34 -243.67866113033617 0.0 0.0 
-0.0 7.142857142857143 0.0 73 -131.9942660889683 0.0 0.0 
-0.0 7.857142857142858 0.0 98 -136.13564813508262 0.0 0.0 
-0.0 8.571428571428571 0.0 -2 -360.85939180389437 0.0 0.0 
-0.0 9.285714285714286 0.0 -180 -763.4284469721092 0.0 0.0 
0.0 -9.285714285714286 0.0 183 64.80304602067679 0.0 0.0 
0.0 -8.571428571428571 0.0 146 118.21944642974108 0.0 0.0 
0.0 -7.857142857142858 0.0 131 -54.869957278480115 0.0 0.0 
0.0 -7.142857142857143 0.0 99 -14.836463500657288 0.0 0.0 
0.0 -6.428571428571429 0.0 93 -133.70705382001086 0.0 0.0 
0.0 -5.714285714285714 0.0 72 -89.75624850668203 0.0 0.0 
0.0 -5.0 0.0 67 -175.57469584304448 0.0 0.0 
0.0 -4.285714285714286 0.0 56 -132.01783553989935 0.0 0.0 
0.0 -3.5714285714285716 0.0 54 -197.03715170497347 0.0 0.0 
0.0 -2.857142857142857 0.0 46 -160.84574445976546 0.0 0.0 
0.0 -2.142857142857143 0.0 49 -199.45335086349996 0.0 0.0 
0.0 2.142857142857143 0.0 36 -220.84981496766014 0.0 0.0 
0.0 2.857142857142857 0.0 34 -225.83774165674305 0.0 0.0 
0.0 3.5714285714285716 0.0 37 -213.8838228224177 0.0 0.0 
0.0 4.285714285714286 0.0 38 -216.7994620831679 0.0 0.0 
0.0 5.0 0.0 40 -209.52381668864265 0.0 0.0 
0.0 5.714285714285714 0.0 51 -190.52159982030696 0.0 0.0 
0.0 6.428571428571429 0.0 33 -240.92975327396752 0.0 0.0 
0.0 7.142857142857143 0.0 71 -128.39851506222638 0.0 0.0 
0.0 7.857142857142858 0.0 96 -133.89662433012805 0.0 0.0 
0.0 8.571428571428571 0.0 -5 -354.85635969969474 0.0 0.0 
0.0 9.285714285714286 0.0 -174 -743.6062377937701 0.0 0.0 
2.142857142857143 -9.285714285714286 0.0 178 62.81199477683191 0.0 0.0 
2.142857142857143 -8.571428571428571 0.0 140 115.37965566545938 0.0 0.0 
2.142857142857143 -7.857142857142858 0.0 126 -57.32674688830966 0.0 0.0 
2.142857142857143 -7.142857142857143 0.0 95 -18.24380839347836 0.0 0.0 
2.142857142857143 -6.428571428571429 0.0 86 -135.425287759498 0.0 0.0 
2.142857142857143 -5.714285714285714 0.0 67 -92.48396490939632 0.0 0.0 
2.142857142857143 -5.0 0.0 62 -177.35087306409577 0.0 0.0 
2.142857142857143 -4.285714285714286 0.0 51 -136.0920140423408 0.0 0.0 
2.142857142857143 -3.5714285714285716 0.0 47 -199.70710533253646 0.0 0.0 
2.142857142857143 -2.857142857142857 0.0 41 -163.81936628498102 0.0 0.0 
2.142857142857143 -2.142857142857143 0.0 38 -204.97556669759373 0.0 0.0 
2.142857142857143 1.4285714285714286 0.0 30 -231.69083540802916 0.0 0.0 
2.142857142857143 2.142857142857143 0.0 33 -219.52292245320365 0.0 0.0 
2.142857142857143 2.857142857142857 0.0 32 -223.30782841059676 0.0 0.0 
2.142857142857143 3.5714285714285716 0.0 35 -212.1292056443396 0.0 0.0 
2.142857142857143 4.285714285714286 0.0 37 -212.4906686110562 0.0 0.0 
2.142857142857143 5.0 0.0 38 -207.41313046415416 0.0 0.0 
2.142857142857143 5.714285714285714 0.0 48 -185.48626340503463 0.0 0.0 
2.142857142857143 6.428571428571429 0.0 30 -239.41340409896117 0.0 0.0 
2.142857142857143 7.142857142857143 0.0 67 -121.98490160755826 0.0 0.0 
2.142857142857143 7.857142857142858 0.0 92 -135.42104675854475 0.0 0.0 
2.142857142857143 8.571428571428571 0.0 -9 -343.8538737054027 0.0 0.0 
2.142857142857143 9.285714285714286 0.0 -169 -722.828324774903 0.0 0.0 
4.285714285714286 -9.285714285714286 0.0 173 58.02096318269861 0.0 0.0 
4.285714285714286 -8.571428571428571 0.0 136 110.09767468893148 0.0 0.0 
4.285714285714286 -7.857142857142858 0.0 120 -61.718150391430896 0.0 0.0 
4.285714285714286 -7.142857142857143 0.0 90 -22.273696829372398 0.0 0.0 
4.285714285714286 -6.428571428571429 0.0 82 -139.2438529872215 0.0 0.0 
4.285714285714286 -5.714285714285714 0.0 63 -95.71613598852798 0.0 0.0 
4.285714285714286 -5.0 0.0 59 -178.9822658485441 0.0 0.0 
4.285714285714286 -4.285714285714286 0.0 48 -137.58681927863296 0.0 0.0 
4.285714285714286 -3.5714285714285716 0.0 46 -197.79148056648407 0.0 0.0 
4.285714285714286 -2.857142857142857 0.0 39 -170.0220885968953 0.0 0.0 
4.285714285714286 -2.142857142857143 0.0 34 -202.72823660417123 0.0 0.0 
4.285714285714286 -1.4285714285714286 0.0 25 -187.37912315614858 0.0 0.0 
4.285714285714286 1.4285714285714286 0.0 31 -228.4380363451541 0.0 0.0 
4.285714285714286 2.142857142857143 0.0 30 -206.94590265438472 0.0 0.0 
4.285714285714286 2.857142857142857 0.0 29 -222.15326086688972 0.0 0.0 
4.285714285714286 3.5714285714285716 0.0 31 -202.71972661425102 0.0 0.0 
4.285714285714286 4.285714285714286 0.0 34 -208.41541262534946 0.0 0.0 
4.285714285714286 5.0 0.0 33 -200.37212727877179 0.0 0.0 
4.285714285714286 5.714285714285714 0.0 45 -181.43913002708936 0.0 0.0 
4.285714285714286 6.428571428571429 0.0 25 -234.00960367649247 0.0 0.0 
4.285714285714286 7.142857142857143 0.0 64 -115.51314304821231 0.0 0.0 
4.285714285714286 7.857142857142858 0.0 85 -136.61772333516254 0.0 0.0 
4.285714285714286 8.571428571428571 0.0 -14 -338.019805241731 0.0 0.0 
4.285714285714286 9.285714285714286 0.0 -164 -695.6229553322191 0.0 0.0 
6.428571428571429 -9.285714285714286 0.0 168 51.81241827004942 0.0 0.0 
6.428571428571429 -8.571428571428571 0.0 131 106.38338485507734 0.0 0.0 
6.428571428571429 -7.857142857142858 0.0 115 -66.89842714853125 0.0 0.0 
6.428571428571429 -7.142857142857143 0.0 86 -24.9108103527127 0.0 0.0 
6.428571428571429 -6.428571428571429 0.0 79 -142.081630662017 0.0 0.0 
6.428571428571429 -5.714285714285714 0.0 61 -95.30603718836154 0.0 0.0 
6.428571428571429 -5.0 0.0 57 -176.11648416431325 0.0 0.0 
6.428571428571429 -4.285714285714286 0.0 45 -133.4563078005238 0.0 0.0 
6.428571428571429 -3.5714285714285716 0.0 45 -189.76945342014412 0.0 0.0 
6.428571428571429 -2.857142857142857 0.0 34 -163.97746301576387 0.0 0.0 
6.428571428571429 -2.142857142857143 0.0 34 -203.01365768251515 0.0 0.0 
6.428571428571429 -1.4285714285714286 0.0 22 -185.54939064757258 0.0 0.0 
6.428571428571429 -0.7142857142857143 0.0 23 -218.5237269777217 0.0 0.0 
6.428571428571429 -0.0 0.0 24 -193.47186160877794 0.0 0.0 
6.428571428571429 0.0 0.0 26 -214.97739400416705 0.0 0.0 
6.428571428571429 2.142857142857143 0.0 38 -199.37517070100725 0.0 0.0 
6.428571428571429 2.857142857142857 0.0 28 -216.24362382690893 0.0 0.0 
6.428571428571429 3.5714285714285716 0.0 26 -200.43173540185848 0.0 0.0 
6.428571428571429 4.285714285714286 0.0 29 -206.04445741438673 0.0 0.0 
6.428571428571429 5.0 0.0 28 -199.05474059603787 0.0 0.0 
6.428571428571429 5.714285714285714 0.0 41 -179.19586875099614 0.0 0.0 
6.428571428571429 6.428571428571429 0.0 20 -231.8525444115159 0.0 0.0 
6.428571428571429 7.142857142857143 0.0 63 -108.74512294869183 0.0 0.0 
6.428571428571429 7.857142857142858 0.0 82 -136.05345206174601 0.0 0.0 
6.428571428571429 8.571428571428571 0.0 -16 -327.21109354411175 0.0 0.0 
6.428571428571429 9.285714285714286 0.0 -159 -670.9453869785873 0.0 0.0 
8.571428571428571 -9.285714285714286 0.0 162 49.83705240034192 0.0 0.0 
8.571428571428571 -8.571428571428571 0.0 126 103.74768076495434 0.0 0.0 
8.571428571428571 -7.857142857142858 0.0 111 -68.99210507766756 0.0 0.0 
8.571428571428571 -7.142857142857143 0.0 80 -25.328504873475254 0.0 0.0 
8.571428571428571 -6.428571428571429 0.0 72 -142.7962186801905 0.0 0.0 
8.571428571428571 -5.714285714285714 0.0 55 -95.89259838462384 0.0 0.0 
8.571428571428571 -5.0 0.0 52 -176.9223723941027 0.0 0.0 
8.571428571428571 -4.285714285714286 0.0 42 -134.38333751599617 0.0 0.0 
8.571428571428571 -3.5714285714285716 0.0 42 -185.65909385643565 0.0 0.0 
8.571428571428571 -2.857142857142857 0.0 33 -151.9986689259889 0.0 0.0 
8.571428571428571 -2.142857142857143 0.0 37 -190.1304796355927 0.0 0.0 
8.571428571428571 -1.4285714285714286 0.0 29 -166.15698625788062 0.0 0.0 
8.571428571428571 -0.7142857142857143 0.0 24 -209.2672582331699 0.0 0.0 
8.571428571428571 -0.0 0.0 23 -187.67240865654688 0.0 0.0 
8.571428571428571 0.0 0.0 20 -207.95862168543758 0.0 0.0 
8.571428571428571 0.7142857142857143 0.0 19 -187.43741836678666 0.0 0.0 
8.571428571428571 1.4285714285714286 0.0 28 -209.6000792625749 0.0 0.0 
8.571428571428571 3.5714285714285716 0.0 29 -192.01792768633652 0.0 0.0 
8.571428571428571 4.285714285714286 0.0 26 -198.11185456503873 0.0 0.0 
8.571428571428571 5.0 0.0 23 -194.4805334346632 0.0 0.0 
8.571428571428571 5.714285714285714 0.0 38 -171.03647666469448 0.0 0.0 
8.571428571428571 6.428571428571429 0.0 16 -228.20782263941868 0.0 0.0 
8.571428571428571 7.142857142857143 0.0 60 -99.80987043356629 0.0 0.0 
8.571428571428571 7.857142857142858 0.0 75 -136.57186129523856 0.0 0.0 
8.571428571428571 8.571428571428571 0.0 -19 -319.38340246175335 0.0 0.0 
8.571428571428571 9.285714285714286 0.0 -157 -644.5959240469823 0.0 0.0 
10.714285714285714 -9.285714285714286 0.0 156 48.045497720724086 0.0 0.0 
10.714285714285714 -8.571428571428571 0.0 119 96.27714453531078 0.0 0.0 
10.714285714285714 -7.857142857142858 0.0 102 -70.77329864291457 0.0 0.0 
10.714285714285714 -7.142857142857143 0.0 74 -29.96695062620651 0.0 0.0 
10.714285714285714 -6.428571428571429 0.0 67 -139.8449274781363 0.0 0.0 
10.714285714285714 -5.714285714285714 0.0 51 -92.61750463123654 0.0 0.0 
10.714285714285714 -5.0 0.0 49 -167.46541623951913 0.0 0.0 
10.714285714285714 -4.285714285714286 0.0 37 -129.05180247716055 0.0 0.0 
10.714285714285714 -3.5714285714285716 0.0 37 -184.08544007349496 0.0 0.0 
10.714285714285714 -2.857142857142857 0.0 29 -154.55637728490893 0.0 0.0 
10.714285714285714 -2.142857142857143 0.0 32 -190.71553748043522 0.0 0.0 
10.714285714285714 -1.4285714285714286 0.0 30 -159.02401162771886 0.0 0.0 
10.714285714285714 -0.7142857142857143 0.0 29 -190.02306998391956 0.0 0.0 
10.714285714285714 -0.0 0.0 26 -172.4854701942826 0.0 0.0 
10.714285714285714 0.0 0.0 24 -198.5564425288373 0.0 0.0 
10.714285714285714 0.7142857142857143 0.0 19 -193.2613220689979 0.0 0.0 
10.714285714285714 1.4285714285714286 0.0 19 -192.49289082419176 0.0 0.0 
10.714285714285714 2.142857142857143 0.0 22 -182.48376683327095 0.0 0.0 
10.714285714285714 5.0 0.0 24 -188.03371151685954 0.0 0.0 
10.714285714285714 5.714285714285714 0.0 34 -165.26267086580813 0.0 0.0 
10.714285714285714 6.428571428571429 0.0 13 -222.57582210621788 0.0 0.0 
10.714285714285714 7.142857142857143 0.0 56 -92.36514578012509 0.0 0.0 
10.714285714285714 7.857142857142858 0.0 73 -127.08964521022197 0.0 0.0 
10.714285714285714 8.571428571428571 0.0 -20 -308.627366998022 0.0 0.0 
10.714285714285714 9.285714285714286 0.0 -141 -603.9310231912833 0.0 0.0 
12.857142857142858 -9.285714285714286 0.0 147 42.54176920407917 0.0 0.0 
12.857142857142858 -8.571428571428571 0.0 110 85.31146729978511 0.0 0.0 
12.857142857142858 -7.857142857142858 0.0 95 -73.83961412514418 0.0 0.0 
12.857142857142858 -7.142857142857143 0.0 67 -36.135769278004574 0.0 0.0 
12.857142857142858 -6.428571428571429 0.0 62 -140.31963103959032 0.0 0.0 
12.857142857142858 -5.714285714285714 0.0 47 -97.65895078475391 0.0 0.0 
12.857142857142858 -5.0 0.0 46 -164.01888841215808 0.0 0.0 
12.857142857142858 -4.285714285714286 0.0 38 -124.20828413726059 0.0 0.0 
12.857142857142858 -3.5714285714285716 0.0 40 -171.25498970457735 0.0 0.0 
12.857142857142858 -2.857142857142857 0.0 31 -143.49378217642908 0.0 0.0 
12.857142857142858 -2.142857142857143 0.0 32 -184.4921661119507 0.0 0.0 
12.857142857142858 -1.4285714285714286 0.0 27 -161.80991541986842 0.0 0.0 
12.857142857142858 -0.7142857142857143 0.0 26 -187.46019266426714 0.0 0.0 
12.857142857142858 -0.0 0.0 24 -167.08201593495727 0.0 0.0 
12.857142857142858 0.0 0.0 26 -181.69268369650186 0.0 0.0 
12.857142857142858 0.7142857142857143 0.0 18 -182.41869906898523 0.0 0.0 
12.857142857142858 1.4285714285714286 0.0 18 -191.46412140260685 0.0 0.0 
12.857142857142858 2.142857142857143 0.0 11 -188.14269978630446 0.0 0.0 
12.857142857142858 4.285714285714286 0.0 23 -190.25734048504825 0.0 0.0 
12.857142857142858 5.0 0.0 21 -190.45193279909066 0.0 0.0 
12.857142857142858 5.714285714285714 0.0 31 -162.58048237497744 0.0 0.0 
12.857142857142858 6.428571428571429 0.0 10 -223.06767292411283 0.0 0.0 
12.857142857142858 7.142857142857143 0.0 52 -89.91009401254092 0.0 0.0 
12.857142857142858 7.857142857142858 0.0 68 -126.40040038535668 0.0 0.0 
12.857142857142858 8.571428571428571 0.0 -25 -291.99946173283524 0.0 0.0 
12.857142857142858 9.285714285714286 0.0 -130 -565.7428504874501 0.0 0.0 
15.0 -9.285714285714286 0.0 139 31.906971751093977 0.0 0.0 
15.0 -8.571428571428571 0.0 103 73.2962902460716 0.0 0.0 
15.0 -7.857142857142858 0.0 90 -78.80678156226637 0.0 0.0 
15.0 -7.142857142857143 0.0 65 -38.76806650028878 0.0 0.0 
15.0 -6.428571428571429 0.0 61 -134.834941519012 0.0 0.0 
15.0 -5.714285714285714 0.0 47 -91.97040603848338 0.0 0.0 
15.0 -5.0 0.0 45 -157.09171254958028 0.0 0.0 
15.0 -4.285714285714286 0.0 36 -122.1912847347822 0.0 0.0 
15.0 -3.5714285714285716 0.0 37 -168.06455222568124 0.0 0.0 
15.0 -2.857142857142857 0.0 33 -137.30086112806237 0.0 0.0 
15.0 -2.142857142857143 0.0 33 -170.82138709798684 0.0 0.0 
15.0 -1.4285714285714286 0.0 28 -148.53269703103825 0.0 0.0 
15.0 -0.7142857142857143 0.0 27 -179.06850705603654 0.0 0.0 
15.0 -0.0 0.0 21 -165.0783858129523 0.0 0.0 
15.0 0.0 0.0 25 -177.92067305080482 0.0 0.0 
15.0 0.7142857142857143 0.0 19 -167.43449444786972 0.0 0.0 
15.0 1.4285714285714286 0.0 22 -174.5281047711186 0.0 0.0 
15.0 2.142857142857143 0.0 16 -166.06592785964034 0.0 0.0 
15.0 2.857142857142857 0.0 10 -184.06659020684003 0.0 0.0 
15.0 3.5714285714285716 0.0 12 -182.84103731086583 0.0 0.0 
15.0 4.285714285714286 0.0 13 -187.56042056404846 0.0 0.0 
15.0 5.0 0.0 13 -178.2537574059674 0.0 0.0 
15.0 5.714285714285714 0.0 23 -156.00544893346247 0.0 0.0 
15.0 6.428571428571429 0.0 3 -213.4222298339478 0.0 0.0 
15.0 7.142857142857143 0.0 43 -84.29752350721847 0.0 0.0 
15.0 7.857142857142858 0.0 57 -128.01296304415328 0.0 0.0 
15.0 8.571428571428571 0.0 -31 -272.99034223161544 0.0 0.0 
15.0 9.285714285714286 0.0 -123 -520.077048262651 0.0 0.0 
17.142857142857142 -9.285714285714286 0.0 133 25.284460782311726 0.0 0.0 
17.142857142857142 -8.571428571428571 0.0 98 68.06105681413044 0.0 0.0 
17.142857142857142 -7.857142857142858 0.0 85 -78.38647884791874 0.0 0.0 
17.142857142857142 -7.142857142857143 0.0 62 -38.50019813093826 0.0 0.0 
17.142857142857142 -6.428571428571429 0.0 57 -129.95862399328325 0.0 0.0 
17.142857142857142 -5.714285714285714 0.0 45 -85.12141005879616 0.0 0.0 
17.142857142857142 -5.0 0.0 46 -145.36121860924456 0.0 0.0 
17.142857142857142 -4.285714285714286 0.0 38 -107.6420810721973 0.0 0.0 
17.142857142857142 -3.5714285714285716 0.0 39 -152.78646191506485 0.0 0.0 
17.142857142857142 -2.857142857142857 0.0 32 -124.91864713163754 0.0 0.0 
17.142857142857142 -2.142857142857143 0.0 32 -157.49443648534282 0.0 0.0 
17.142857142857142 -1.4285714285714286 0.0 29 -132.6767200935827 0.0 0.0 
17.142857142857142 -0.7142857142857143 0.0 29 -155.37733245111792 0.0 0.0 
17.142857142857142 -0.0 0.0 23 -139.87073855764194 0.0 0.0 
17.142857142857142 0.0 0.0 20 -158.83779056628114 0.0 0.0 
17.142857142857142 0.7142857142857143 0.0 11 -151.67625980634384 0.0 0.0 
17.142857142857142 1.4285714285714286 0.0 11 -166.61381006555752 0.0 0.0 
17.142857142857142 2.142857142857143 0.0 8 -157.18944962797713 0.0 0.0 
17.142857142857142 2.857142857142857 0.0 6 -170.7818121013097 0.0 0.0 
17.142857142857142 3.5714285714285716 0.0 7 -159.89941764722107 0.0 0.0 
17.142857142857142 4.285714285714286 0.0 8 -164.7208164381751 0.0 0.0 
17.142857142857142 5.0 0.0 5 -162.81599946728588 0.0 0.0 
17.142857142857142 5.714285714285714 0.0 17 -139.92774364932242 0.0 0.0 
17.142857142857142 6.428571428571429 0.0 -6 -199.63893064389742 0.0 0.0 
17.142857142857142 7.142857142857143 0.0 36 -66.51909611184107 0.0 0.0 
17.142857142857142 7.857142857142858 0.0 47 -119.94316116130868 0.0 0.0 
17.142857142857142 8.571428571428571 0.0 -31 -241.79027324642965 0.0 0.0 
17.142857142857142 9.285714285714286 0.0 -108 -453.46920336263787 0.0 0.0 
19.285714285714285 -9.285714285714286 0.0 125 21.279936998245915 0.0 0.0 
19.285714285714285 -8.571428571428571 0.0 90 60.61789480298222 0.0 0.0 
19.285714285714285 -7.857142857142858 0.0 79 -73.38964265102973 0.0 0.0 
19.285714285714285 -7.142857142857143 0.0 58 -31.659092783260675 0.0 0.0 
19.285714285714285 -6.428571428571429 0.0 55 -114.70080662602057 0.0 0.0 
19.285714285714285 -5.714285714285714 0.0 43 -71.20787349420121 0.0 0.0 
19.285714285714285 -5.0 0.0 44 -128.19358006394862 0.0 0.0 
19.285714285714285 -4.285714285714286 0.0 36 -92.39937232337738 0.0 0.0 
19.285714285714285 -3.5714285714285716 0.0 35 -132.2688759812948 0.0 0.0 
19.285714285714285 -2.857142857142857 0.0 28 -104.97674763038083 0.0 0.0 
19.285714285714285 -2.142857142857143 0.0 27 -137.33939021976013 0.0 0.0 
19.285714285714285 -1.4285714285714286 0.0 18 -119.76389911405312 0.0 0.0 
19.285714285714285 -0.7142857142857143 0.0 16 -146.2142739745229 0.0 0.0 
19.285714285714285 -0.0 0.0 11 -134.08058582108703 0.0 0.0 
19.285714285714285 0.0 0.0 10 -150.4105746745514 0.0 0.0 
19.285714285714285 0.7142857142857143 0.0 6 -139.24416440444887 0.0 0.0 
19.285714285714285 1.4285714285714286 0.0 8 -151.24633908223635 0.0 0.0 
19.285714285714285 2.142857142857143 0.0 8 -140.11160520222955 0.0 0.0 
19.285714285714285 2.857142857142857 0.0 6 -150.35030237034363 0.0 0.0 
19.285714285714285 3.5714285714285716 0.0 5 -143.83944618471276 0.0 0.0 
19.285714285714285 4.285714285714286 0.0 4 -147.80904651521138 0.0 0.0 
19.285714285714285 5.0 0.0 0 -148.25213463916367 0.0 0.0 
19.285714285714285 5.714285714285714 0.0 10 -124.73251638084832 0.0 0.0 
19.285714285714285 6.428571428571429 0.0 -13 -189.14373046627966 0.0 0.0 
19.285714285714285 7.142857142857143 0.0 27 -56.277462526895604 0.0 0.0 
19.285714285714285 7.857142857142858 0.0 36 -111.49661346975296 0.0 0.0 
19.285714285714285 8.571428571428571 0.0 -31 -207.01977858758065 0.0 0.0 
19.285714285714285 9.285714285714286 0.0 -85 -375.5442120885232 0.0 0.0 
21.428571428571427 -9.285714285714286 0.0 115 22.00951715556718 0.0 0.0 
21.428571428571427 -8.571428571428571 0.0 80 54.83608358783775 0.0 0.0 
21.428571428571427 -7.857142857142858 0.0 71 -61.363285610095616 0.0 0.0 
21.428571428571427 -7.142857142857143 0.0 51 -23.79327297784424 0.0 0.0 
21.428571428571427 -6.428571428571429 0.0 50 -95.85837056009295 0.0 0.0 
21.428571428571427 -5.714285714285714 0.0 37 -59.053044683460584 0.0 0.0 
21.428571428571427 -5.0 0.0 36 -109.41466219592112 0.0 0.0 
21.428571428571427 -4.285714285714286 0.0 27 -80.92548459234266 0.0 0.0 
21.428571428571427 -3.5714285714285716 0.0 26 -119.9274170186631 0.0 0.0 
21.428571428571427 -2.857142857142857 0.0 18 -99.5421019026195 0.0 0.0 
21.428571428571427 -2.142857142857143 0.0 18 -127.91682833593802 0.0 0.0 
21.428571428571427 -1.4285714285714286 0.0 14 -111.24089076292549 0.0 0.0 
21.428571428571427 -0.7142857142857143 0.0 15 -130.0351786397261 0.0 0.0 
21.428571428571427 -0.0 0.0 11 -116.13906263191244 0.0 0.0 
21.428571428571427 0.0 0.0 11 -129.67637772632455 0.0 0.0 
21.428571428571427 0.7142857142857143 0.0 8 -121.01459086573244 0.0 0.0 
21.428571428571427 1.4285714285714286 0.0 6 -132.8033692316795 0.0 0.0 
21.428571428571427 2.142857142857143 0.0 2 -125.35813866082108 0.0 0.0 
21.428571428571427 2.857142857142857 0.0 1 -133.72477269676517 0.0 0.0 
21.428571428571427 3.5714285714285716 0.0 -1 -127.64944092737039 0.0 0.0 
21.428571428571427 4.285714285714286 0.0 -1 -130.51213598262342 0.0 0.0 
21.428571428571427 5.0 0.0 -5 -130.94124797710154 0.0 0.0 
21.428571428571427 5.714285714285714 0.0 4 -105.84633400840096 0.0 0.0 
21.428571428571427 6.428571428571429 0.0 -20 -171.1141091306836 0.0 0.0 
21.428571428571427 7.142857142857143 0.0 17 -45.842444073813645 0.0 0.0 
21.428571428571427 7.857142857142858 0.0 21 -101.10663547029876 0.0 0.0 
21.428571428571427 8.571428571428571 0.0 -32 -164.56934620736334 0.0 0.0 
21.428571428571427 9.285714285714286 0.0 -58 -281.93821801000615 0.0 0.0 
23.57142857142857 -9.285714285714286 0.0 102 22.721778801542 0.0 0.0 
23.57142857142857 -8.571428571428571 0.0 70 45.00353680693756 0.0 0.0 
23.57142857142857 -7.857142857142858 0.0 63 -47.12211462435991 0.0 0.0 
23.57142857142857 -7.142857142857143 0.0 43 -21.15391450030971 0.0 0.0 
23.57142857142857 -6.428571428571429 0.0 43 -79.39740880180037 0.0 0.0 
23.57142857142857 -5.714285714285714 0.0 30 -54.01899918248154 0.0 0.0 
23.57142857142857 -5.0 0.0 31 -94.88028197765496 0.0 0.0 
23.57142857142857 -4.285714285714286 0.0 22 -74.34221404505699 0.0 0.0 
23.57142857142857 -3.5714285714285716 0.0 25 -103.1432098797596 0.0 0.0 
23.57142857142857 -2.857142857142857 0.0 18 -86.42291200813509 0.0 0.0 
23.57142857142857 -2.142857142857143 0.0 19 -106.04303010547048 0.0 0.0 
23.57142857142857 -1.4285714285714286 0.0 12 -94.3357827249259 0.0 0.0 
23.57142857142857 -0.7142857142857143 0.0 11 -109.97852505985068 0.0 0.0 
23.57142857142857 -0.0 0.0 5 -102.83599056435568 0.0 0.0 
23.57142857142857 0.0 0.0 3 -113.34325052747833 0.0 0.0 
23.57142857142857 0.7142857142857143 0.0 0 -106.42128662468264 0.0 0.0 
23.57142857142857 1.4285714285714286 0.0 0 -112.54115964956269 0.0 0.0 
23.57142857142857 2.142857142857143 0.0 -2 -105.65509275578438 0.0 0.0 
23.57142857142857 2.857142857142857 0.0 -3 -109.70561559838828 0.0 0.0 
23.57142857142857 3.5714285714285716 0.0 -6 -103.74739418340444 0.0 0.0 
23.57142857142857 4.285714285714286 0.0 -6 -104.22309940009323 0.0 0.0 
23.57142857142857 5.0 0.0 -10 -106.58518913214529 0.0 0.0 
23.57142857142857 5.714285714285714 0.0 -1 -79.1034468162213 0.0 0.0 
23.57142857142857 6.428571428571429 0.0 -26 -144.19032556059227 0.0 0.0 
23.57142857142857 7.142857142857143 0.0 6 -29.681872237864667 0.0 0.0 
23.57142857142857 7.857142857142858 0.0 4 -86.6176518682009 0.0 0.0 
23.57142857142857 8.571428571428571 0.0 -32 -109.47944206549273 0.0 0.0 
23.57142857142857 9.285714285714286 0.0 -27 -170.43368358991682 0.0 0.0 
25.714285714285715 -9.285714285714286 0.0 79 8.816677060945906 0.0 0.0 
25.714285714285715 -8.571428571428571 0.0 48 18.481214181597274 0.0 0.0 
25.714285714285715 -7.857142857142858 0.0 41 -54.40856225618939 0.0 0.0 
25.714285714285715 -7.142857142857143 0.0 24 -41.72133858523833 0.0 0.0 
25.714285714285715 -6.428571428571429 0.0 24 -85.42598517719331 0.0 0.0 
25.714285714285715 -5.714285714285714 0.0 12 -73.00012899831711 0.0 0.0 
25.714285714285715 -5.0 0.0 12 -100.61132094842533 0.0 0.0 
25.714285714285715 -4.285714285714286 0.0 3 -91.76275381649961 0.0 0.0 
25.714285714285715 -3.5714285714285716 0.0 3 -109.55232192255077 0.0 0.0 
25.714285714285715 -2.857142857142857 0.0 -4 -103.15466967183895 0.0 0.0 
25.714285714285715 -2.142857142857143 0.0 -5 -114.60587458705996 0.0 0.0 
25.714285714285715 -1.4285714285714286 0.0 -11 -108.70601877635409 0.0 0.0 
25.714285714285715 -0.7142857142857143 0.0 -11 -113.92032354218168 0.0 0.0 
25.714285714285715 -0.0 0.0 -13 -107.46927503938927 0.0 0.0 
25.714285714285715 0.0 0.0 -12 -108.13726631282059 0.0 0.0 
25.714285714285715 0.7142857142857143 0.0 -13 -101.16534497487841 0.0 0.0 
25.714285714285715 1.4285714285714286 0.0 -12 -98.86656319103176 0.0 0.0 
25.714285714285715 2.142857142857143 0.0 -14 -92.36790334893752 0.0 0.0 
25.714285714285715 2.857142857142857 0.0 -14 -89.78460140369067 0.0 0.0 
25.714285714285715 3.5714285714285716 0.0 -15 -83.64937098814507 0.0 0.0 
25.714285714285715 4.285714285714286 0.0 -13 -77.38144807312696 0.0 0.0 
25.714285714285715 5.0 0.0 -16 -78.92319479883014 0.0 0.0 
25.714285714285715 5.714285714285714 0.0 -6 -44.662233443561334 0.0 0.0 
25.714285714285715 6.428571428571429 0.0 -29 -104.33686866085189 0.0 0.0 
25.714285714285715 7.142857142857143 0.0 2 -3.8145383280779157 0.0 0.0 
25.714285714285715 7.857142857142858 0.0 -8 -65.50085647011973 0.0 0.0 
25.714285714285715 8.571428571428571 0.0 -27 -46.9036887830014 0.0 0.0 
25.714285714285715 9.285714285714286 0.0 3 -56.222093831192716 0.0 0.0 
27.857142857142858 -9.285714285714286 0.0 91 29.42724910671967 0.0 0.0 
27.857142857142858 -8.571428571428571 0.0 56 23.6523949855965 0.0 0.0 
27.857142857142858 -7.857142857142858 0.0 65 8.898257335555492 0.0 0.0 
27.857142857142858 -7.142857142857143 0.0 46 1.0418153179368281 0.0 0.0 
27.857142857142858 -6.428571428571429 0.0 52 2.931286274486812 0.0 0.0 
27.857142857142858 -5.714285714285714 0.0 40 0.5982604862421752 0.0 0.0 
27.857142857142858 -5.0 0.0 46 9.568688571858978 0.0 0.0 
27.857142857142858 -4.285714285714286 0.0 39 11.654065512334583 0.0 0.0 
27.857142857142858 -3.5714285714285716 0.0 43 24.38673772027451 0.0 0.0 
27.857142857142858 -2.857142857142857 0.0 41 30.771339947240918 0.0 0.0 
27.857142857142858 -2.142857142857143 0.0 45 45.437267532137746 0.0 0.0 
27.857142857142858 -1.4285714285714286 0.0 45 54.29854524104025 0.0 0.0 
27.857142857142858 -0.7142857142857143 0.0 51 68.55489089745488 0.0 0.0 
27.857142857142858 -0.0 0.0 51 78.27370078904679 0.0 0.0 
27.857142857142858 0.0 0.0 55 91.20956234794718 0.0 0.0 
27.857142857142858 0.7142857142857143 0.0 56 99.21927510859565 0.0 0.0 
27.857142857142858 1.4285714285714286 0.0 57 109.84779889190519 0.0 0.0 
27.857142857142858 2.142857142857143 0.0 59 115.60887930638268 0.0 0.0 
27.857142857142858 2.857142857142857 0.0 61 123.3803544847574 0.0 0.0 
27.857142857142858 3.5714285714285716 0.0 60 126.82718365386297 0.0 0.0 
27.857142857142858 4.285714285714286 0.0 60 132.3104137870493 0.0 0.0 
27.857142857142858 5.0 0.0 55 122.87697670922772 0.0 0.0 
27.857142857142858 5.714285714285714 0.0 63 151.4855702777072 0.0 0.0 
27.857142857142858 6.428571428571429 0.0 35 86.91198641215672 0.0 0.0 
27.857142857142858 7.142857142857143 0.0 61 165.42188172446532 0.0 0.0 
27.857142857142858 7.857142857142858 0.0 24 60.83074649797716 0.0 0.0 
27.857142857142858 8.571428571428571 0.0 26 112.01082158245656 0.0 0.0 
27.857142857142858 9.285714285714286 0.0 33 78.93835956999692 0.0 0.0 
