-27.857142857142858 -9.285714285714286 0.0 26 19.049468855726644 0.0 0.0 
-27.857142857142858 -8.571428571428571 0.0 33 22.79538478672441 0.0 0.0 
-27.857142857142858 -7.857142857142858 0.0 38 36.86489973851658 0.0 0.0 
-27.857142857142858 -7.142857142857143 0.0 43 39.1174100453985 0.0 0.0 
-27.857142857142858 -6.428571428571429 0.0 47 47.35801323353396 0.0 0.0 
-27.857142857142858 -5.714285714285714 0.0 52 48.42329255039726 0.0 0.0 
-27.857142857142858 -5.0 0.0 55 53.11955603241723 0.0 0.0 
-27.857142857142858 -4.285714285714286 0.0 59 53.689502461337426 0.0 0.0 
-27.857142857142858 -3.5714285714285716 0.0 61 56.35073533698261 0.0 0.0 
-27.857142857142858 -2.857142857142857 0.0 63 56.5728259702005 0.0 0.0 
-27.857142857142858 -2.142857142857143 0.0 65 58.05034102010929 0.0 0.0 
-27.857142857142858 -1.4285714285714286 0.0 67 58.110796447970536 0.0 0.0 
-27.857142857142858 -0.7142857142857143 0.0 69 58.74155990361075 0.0 0.0 
-27.857142857142858 -0.0 0.0 70 59.12096832063042 0.0 0.0 
-27.857142857142858 0.0 0.0 71 59.61225034613345 0.0 0.0 
-27.857142857142858 0.7142857142857143 0.0 73 59.80633478932941 0.0 0.0 
-27.857142857142858 1.4285714285714286 0.0 74 60.01414579988566 0.0 0.0 
-27.857142857142858 2.142857142857143 0.0 75 59.92859010232198 0.0 0.0 
-27.857142857142858 2.857142857142857 0.0 76 59.586161055310484 0.0 0.0 
-27.857142857142858 3.5714285714285716 0.0 76 59.132975562500974 0.0 0.0 
-27.857142857142858 4.285714285714286 0.0 76 57.929310109663156 0.0 0.0 
-27.857142857142858 5.0 0.0 76 56.068830246160424 0.0 0.0 
-27.857142857142858 5.714285714285714 0.0 76 53.27866665303992 0.0 0.0 
-27.857142857142858 6.428571428571429 0.0 74 49.31679562276826 0.0 0.0 
-27.857142857142858 7.142857142857143 0.0 72 43.39744711396435 0.0 0.0 
-27.857142857142858 7.857142857142858 0.0 70 32.66249850986334 0.0 0.0 
-27.857142857142858 8.571428571428571 0.0 65 -0.5167838790050467 0.0 0.0 
-27.857142857142858 9.285714285714286 0.0 36 -61.91468024060221 0.0 0.0 
-25.714285714285715 -9.285714285714286 0.0 13 -25.376381831569294 0.0 0.0 
-25.714285714285715 -8.571428571428571 0.0 22 -0.21548956090168225 0.0 0.0 
-25.714285714285715 -7.857142857142858 0.0 24 -8.03404512389259 0.0 0.0 
-25.714285714285715 -7.142857142857143 0.0 30 6.567930437932084 0.0 0.0 
-25.714285714285715 -6.428571428571429 0.0 33 -2.3845620420775795 0.0 0.0 
-25.714285714285715 -5.714285714285714 0.0 37 6.511088571507472 0.0 0.0 
-25.714285714285715 -5.0 0.0 38 -1.0092715563773567 0.0 0.0 
-25.714285714285715 -4.285714285714286 0.0 41 4.696353945363107 0.0 0.0 
-25.714285714285715 -3.5714285714285716 0.0 42 -2.1302397689952457 0.0 0.0 
-25.714285714285715 -2.857142857142857 0.0 45 1.1901972189104484 0.0 0.0 
-25.714285714285715 -2.142857142857143 0.0 44 -4.2119726363677685 0.0 0.0 
-25.714285714285715 -1.4285714285714286 0.0 46 -2.430239151764468 0.0 0.0 
-25.714285714285715 -0.7142857142857143 0.0 47 -6.981856728343651 0.0 0.0 
-25.714285714285715 -0.0 0.0 48 -6.011518313570242 0.0 0.0 
-25.714285714285715 0.0 0.0 49 -9.664065879890146 0.0 0.0 
-25.714285714285715 0.7142857142857143 0.0 50 -8.968922159824757 0.0 0.0 
-25.714285714285715 1.4285714285714286 0.0 51 -11.715927351091793 0.0 0.0 
-25.714285714285715 2.142857142857143 0.0 52 -11.419750058429003 0.0 0.0 
-25.714285714285715 2.857142857142857 0.0 53 -13.75065822391636 0.0 0.0 
-25.714285714285715 3.5714285714285716 0.0 53 -14.374692439969849 0.0 0.0 
-25.714285714285715 4.285714285714286 0.0 54 -17.35033677186769 0.0 0.0 
-25.714285714285715 5.0 0.0 54 -19.209698294040827 0.0 0.0 
-25.714285714285715 5.714285714285714 0.0 54 -23.233930238849425 0.0 0.0 
-25.714285714285715 6.428571428571429 0.0 54 -26.699105515312013 0.0 0.0 
-25.714285714285715 7.142857142857143 0.0 55 -29.949113725304294 0.0 0.0 
-25.714285714285715 7.857142857142858 0.0 57 -22.726053289346297 0.0 0.0 
-25.714285714285715 8.571428571428571 0.0 49 -59.17237420614088 0.0 0.0 
-25.714285714285715 9.285714285714286 0.0 3 -165.86855729319373 0.0 0.0 
-23.57142857142857 -9.285714285714286 0.0 26 -28.770851815096684 0.0 0.0 
-23.57142857142857 -8.571428571428571 0.0 32 6.232617392434239 0.0 0.0 
-23.57142857142857 -7.857142857142858 0.0 35 -8.17205944735106 0.0 0.0 
-23.57142857142857 -7.142857142857143 0.0 39 11.671189839933831 0.0 0.0 
-23.57142857142857 -6.428571428571429 0.0 40 -1.3555843420710119 0.0 0.0 
-23.57142857142857 -5.714285714285714 0.0 43 11.401536340027508 0.0 0.0 
-23.57142857142857 -5.0 0.0 44 0.23042525362976818 0.0 0.0 
-23.57142857142857 -4.285714285714286 0.0 46 7.730982063523982 0.0 0.0 
-23.57142857142857 -3.5714285714285716 0.0 47 -1.483457410703842 0.0 0.0 
-23.57142857142857 -2.857142857142857 0.0 47 3.658973938294018 0.0 0.0 
-23.57142857142857 -2.142857142857143 0.0 48 -4.424693614083239 0.0 0.0 
-23.57142857142857 -1.4285714285714286 0.0 48 -1.8888383328686373 0.0 0.0 
-23.57142857142857 -0.7142857142857143 0.0 48 -7.924994708901259 0.0 0.0 
-23.57142857142857 -0.0 0.0 49 -6.471657249602643 0.0 0.0 
-23.57142857142857 0.0 0.0 49 -10.854046953651363 0.0 0.0 
-23.57142857142857 0.7142857142857143 0.0 50 -9.713392754255473 0.0 0.0 
-23.57142857142857 1.4285714285714286 0.0 51 -12.964965136407827 0.0 0.0 
-23.57142857142857 2.142857142857143 0.0 51 -12.648173346051983 0.0 0.0 
-23.57142857142857 2.857142857142857 0.0 52 -15.712515846123509 0.0 0.0 
-23.57142857142857 3.5714285714285716 0.0 52 -16.383083022444048 0.0 0.0 
-23.57142857142857 4.285714285714286 0.0 52 -19.669699362091997 0.0 0.0 
-23.57142857142857 5.0 0.0 52 -21.19706774141929 0.0 0.0 
-23.57142857142857 5.714285714285714 0.0 52 -24.846526288696893 0.0 0.0 
-23.57142857142857 6.428571428571429 0.0 51 -29.256046801259444 0.0 0.0 
-23.57142857142857 7.142857142857143 0.0 49 -38.10244698094287 0.0 0.0 
-23.57142857142857 7.857142857142858 0.0 51 -24.387397258275698 0.0 0.0 
-23.57142857142857 8.571428571428571 0.0 45 -48.49671857161195 0.0 0.0 
-23.57142857142857 9.285714285714286 0.0 -13 -191.20868964927166 0.0 0.0 
-21.428571428571427 -9.285714285714286 0.0 30 -41.83244689345724 0.0 0.0 
-21.428571428571427 -8.571428571428571 0.0 35 4.045232142435671 0.0 0.0 
-21.428571428571427 -7.857142857142858 0.0 39 -17.93753290547416 0.0 0.0 
-21.428571428571427 -7.142857142857143 0.0 42 9.050514407306373 0.0 0.0 
-21.428571428571427 -6.428571428571429 0.0 43 -9.778762671614324 0.0 0.0 
-21.428571428571427 -5.714285714285714 0.0 45 7.113922841656759 0.0 0.0 
-21.428571428571427 -5.0 0.0 46 -8.285453258918494 0.0 0.0 
-21.428571428571427 -4.285714285714286 0.0 46 2.6672695898338077 0.0 0.0 
-21.428571428571427 -3.5714285714285716 0.0 48 -9.983240371745886 0.0 0.0 
-21.428571428571427 -2.857142857142857 0.0 47 -3.4910507660796313 0.0 0.0 
-21.428571428571427 -2.142857142857143 0.0 47 -13.328124383761306 0.0 0.0 
-21.428571428571427 -1.4285714285714286 0.0 47 -10.148625544770326 0.0 0.0 
-21.428571428571427 -0.7142857142857143 0.0 46 -18.367238007356377 0.0 0.0 
-21.428571428571427 -0.0 0.0 46 -16.304071052252006 0.0 0.0 
-21.428571428571427 0.0 0.0 46 -21.843472006083097 0.0 0.0 
-21.428571428571427 0.7142857142857143 0.0 46 -20.016149514004688 0.0 0.0 
-21.428571428571427 1.4285714285714286 0.0 47 -23.65723801412559 0.0 0.0 
-21.428571428571427 2.142857142857143 0.0 47 -22.323711640970807 0.0 0.0 
-21.428571428571427 2.857142857142857 0.0 48 -25.86564915647554 0.0 0.0 
-21.428571428571427 3.5714285714285716 0.0 48 -26.58644520249917 0.0 0.0 
-21.428571428571427 4.285714285714286 0.0 48 -30.51995981660481 0.0 0.0 
-21.428571428571427 5.0 0.0 48 -31.676649682302326 0.0 0.0 
-21.428571428571427 5.714285714285714 0.0 48 -34.37682054713692 0.0 0.0 
-21.428571428571427 6.428571428571429 0.0 47 -34.73569848806617 0.0 0.0 
-21.428571428571427 7.142857142857143 0.0 44 -44.00565255843779 0.0 0.0 
-21.428571428571427 7.857142857142858 0.0 47 -32.1529875253741 0.0 0.0 
-21.428571428571427 8.571428571428571 0.0 45 -46.04066634891315 0.0 0.0 
-21.428571428571427 9.285714285714286 0.0 -16 -197.18566495688526 0.0 0.0 
-19.285714285714285 -9.285714285714286 0.0 37 -47.69437844133945 0.0 0.0 
-19.285714285714285 -8.571428571428571 0.0 39 4.888739364543959 0.0 0.0 
-19.285714285714285 -7.857142857142858 0.0 44 -22.453178634278096 0.0 0.0 
-19.285714285714285 -7.142857142857143 0.0 45 7.937308478779293 0.0 0.0 
-19.285714285714285 -6.428571428571429 0.0 48 -15.455423173517659 0.0 0.0 
-19.285714285714285 -5.714285714285714 0.0 48 3.965380261749864 0.0 0.0 
-19.285714285714285 -5.0 0.0 48 -14.098014153694926 0.0 0.0 
-19.285714285714285 -4.285714285714286 0.0 48 -2.055284996065538 0.0 0.0 
-19.285714285714285 -3.5714285714285716 0.0 48 -15.973379493904034 0.0 0.0 
-19.285714285714285 -2.857142857142857 0.0 47 -8.856407679533731 0.0 0.0 
-19.285714285714285 -2.142857142857143 0.0 47 -20.827452059488692 0.0 0.0 
-19.285714285714285 -1.4285714285714286 0.0 45 -18.334349200034097 0.0 0.0 
-19.285714285714285 -0.7142857142857143 0.0 44 -28.544926203614665 0.0 0.0 
-19.285714285714285 -0.0 0.0 42 -26.110761360453075 0.0 0.0 
-19.285714285714285 0.0 0.0 42 -32.0500902953506 0.0 0.0 
-19.285714285714285 0.7142857142857143 0.0 43 -29.611692778023084 0.0 0.0 
-19.285714285714285 1.4285714285714286 0.0 45 -32.198271517013126 0.0 0.0 
-19.285714285714285 2.142857142857143 0.0 45 -30.15015380312814 0.0 0.0 
-19.285714285714285 2.857142857142857 0.0 46 -33.13935565036349 0.0 0.0 
-19.285714285714285 3.5714285714285716 0.0 46 -32.319548450608195 0.0 0.0 
-19.285714285714285 4.285714285714286 0.0 47 -34.68545283471765 0.0 0.0 
-19.285714285714285 5.0 0.0 47 -35.32600325163269 0.0 0.0 
-19.285714285714285 5.714285714285714 0.0 46 -38.09392930775793 0.0 0.0 
-19.285714285714285 6.428571428571429 0.0 45 -37.606154431249195 0.0 0.0 
-19.285714285714285 7.142857142857143 0.0 41 -46.934724856438606 0.0 0.0 
-19.285714285714285 7.857142857142858 0.0 45 -37.6217105293355 0.0 0.0 
-19.285714285714285 8.571428571428571 0.0 45 -43.87124465981279 0.0 0.0 
-19.285714285714285 9.285714285714286 0.0 -18 -199.20345454627866 0.0 0.0 
-17.142857142857142 -9.285714285714286 0.0 44 -52.26504034081408 0.0 0.0 
-17.142857142857142 -8.571428571428571 0.0 44 4.299397102730449 0.0 0.0 
-17.142857142857142 -7.857142857142858 0.0 49 -28.098152366643276 0.0 0.0 
-17.142857142857142 -7.142857142857143 0.0 48 4.409834849054107 0.0 0.0 
-17.142857142857142 -6.428571428571429 0.0 50 -22.247630033056573 0.0 0.0 
-17.142857142857142 -5.714285714285714 0.0 49 -1.6986782421788718 0.0 0.0 
-17.142857142857142 -5.0 0.0 50 -21.855191682010535 0.0 0.0 
-17.142857142857142 -4.285714285714286 0.0 48 -8.499521310368792 0.0 0.0 
-17.142857142857142 -3.5714285714285716 0.0 50 -24.301032493345225 0.0 0.0 
-17.142857142857142 -2.857142857142857 0.0 48 -16.87459079066923 0.0 0.0 
-17.142857142857142 -2.142857142857143 0.0 47 -30.25891192243806 0.0 0.0 
-17.142857142857142 -1.4285714285714286 0.0 44 -28.59525369922011 0.0 0.0 
-17.142857142857142 -0.7142857142857143 0.0 44 -37.910426071191736 0.0 0.0 
-17.142857142857142 -0.0 0.0 42 -34.90420766685806 0.0 0.0 
-17.142857142857142 0.0 0.0 42 -40.775234361511664 0.0 0.0 
-17.142857142857142 0.7142857142857143 0.0 42 -36.50885693108607 0.0 0.0 
-17.142857142857142 1.4285714285714286 0.0 43 -38.62531441891213 0.0 0.0 
-17.142857142857142 2.142857142857143 0.0 45 -35.33957116104476 0.0 0.0 
-17.142857142857142 2.857142857142857 0.0 46 -37.427489864796065 0.0 0.0 
-17.142857142857142 3.5714285714285716 0.0 46 -36.90770244593517 0.0 0.0 
-17.142857142857142 4.285714285714286 0.0 45 -38.82675565989821 0.0 0.0 
-17.142857142857142 5.0 0.0 44 -39.100466885818605 0.0 0.0 
-17.142857142857142 5.714285714285714 0.0 43 -41.65555883445789 0.0 0.0 
-17.142857142857142 6.428571428571429 0.0 43 -41.03084749742333 0.0 0.0 
-17.142857142857142 7.142857142857143 0.0 40 -49.613762665800095 0.0 0.0 
-17.142857142857142 7.857142857142858 0.0 43 -43.071286426168264 0.0 0.0 
-17.142857142857142 8.571428571428571 0.0 44 -43.04157773718018 0.0 0.0 
-17.142857142857142 9.285714285714286 0.0 -17 -201.31842510274458 0.0 0.0 
-15.0 -9.285714285714286 0.0 51 -56.46937704239623 0.0 0.0 
-15.0 -8.571428571428571 0.0 48 2.7396874019742867 0.0 0.0 
-15.0 -7.857142857142858 0.0 53 -34.836755218042 0.0 0.0 
-15.0 -7.142857142857143 0.0 51 -0.9812049501843632 0.0 0.0 
-15.0 -6.428571428571429 0.0 52 -30.52752417608187 0.0 0.0 
-15.0 -5.714285714285714 0.0 51 -8.70042817204488 0.0 0.0 
-15.0 -5.0 0.0 52 -30.665403371121087 0.0 0.0 
-15.0 -4.285714285714286 0.0 50 -16.383916616095412 0.0 0.0 
-15.0 -3.5714285714285716 0.0 51 -32.87395128505955 0.0 0.0 
-15.0 -2.857142857142857 0.0 49 -23.511499188779048 0.0 0.0 
-15.0 -2.142857142857143 0.0 50 -37.350067716104014 0.0 0.0 
-15.0 -1.4285714285714286 0.0 46 -33.833307175260714 0.0 0.0 
-15.0 1.4285714285714286 0.0 44 -35.02060727523518 0.0 0.0 
-15.0 2.142857142857143 0.0 44 -31.045301579798036 0.0 0.0 
-15.0 2.857142857142857 0.0 44 -34.893248862550955 0.0 0.0 
-15.0 3.5714285714285716 0.0 43 -33.00205268112088 0.0 0.0 
-15.0 4.285714285714286 0.0 43 -36.46057507001001 0.0 0.0 
-15.0 5.0 0.0 42 -36.32696547605039 0.0 0.0 
-15.0 5.714285714285714 0.0 42 -39.803393439556004 0.0 0.0 
-15.0 6.428571428571429 0.0 42 -38.537370498851 0.0 0.0 
-15.0 7.142857142857143 0.0 39 -46.08046459637406 0.0 0.0 
-15.0 7.857142857142858 0.0 41 -41.376553411315214 0.0 0.0 
-15.0 8.571428571428571 0.0 45 -36.49819670937815 0.0 0.0 
-15.0 9.285714285714286 0.0 -18 -194.4478596860775 0.0 0.0 
-12.857142857142858 -9.285714285714286 0.0 57 -59.498804423604035 0.0 0.0 
-12.857142857142858 -8.571428571428571 0.0 53 1.5931814499148018 0.0 0.0 
-12.857142857142858 -7.857142857142858 0.0 57 -40.995169662971 0.0 0.0 
-12.857142857142858 -7.142857142857143 0.0 54 -4.2345877125872065 0.0 0.0 
-12.857142857142858 -6.428571428571429 0.0 56 -37.1461178698242 0.0 0.0 
-12.857142857142858 -5.714285714285714 0.0 52 -12.317287455864054 0.0 0.0 
-12.857142857142858 -5.0 0.0 54 -35.12574767487392 0.0 0.0 
-12.857142857142858 -4.285714285714286 0.0 51 -17.980132360954748 0.0 0.0 
-12.857142857142858 -3.5714285714285716 0.0 52 -33.991937357102906 0.0 0.0 
-12.857142857142858 -2.857142857142857 0.0 50 -22.32933803731087 0.0 0.0 
-12.857142857142858 -2.142857142857143 0.0 47 -37.56425725852728 0.0 0.0 
-12.857142857142858 2.142857142857143 0.0 45 -33.4850038937452 0.0 0.0 
-12.857142857142858 2.857142857142857 0.0 44 -32.79110221072352 0.0 0.0 
-12.857142857142858 3.5714285714285716 0.0 42 -35.496600035895945 0.0 0.0 
-12.857142857142858 4.285714285714286 0.0 42 -35.54558739392985 0.0 0.0 
-12.857142857142858 5.0 0.0 42 -38.16502371397465 0.0 0.0 
-12.857142857142858 5.714285714285714 0.0 41 -39.076690626521255 0.0 0.0 
-12.857142857142858 6.428571428571429 0.0 41 -40.23417328035881 0.0 0.0 
-12.857142857142858 7.142857142857143 0.0 39 -45.135846795669046 0.0 0.0 
-12.857142857142858 7.857142857142858 0.0 40 -44.77958569488612 0.0 0.0 
-12.857142857142858 8.571428571428571 0.0 45 -35.80394754924027 0.0 0.0 
-12.857142857142858 9.285714285714286 0.0 -16 -190.89985870678848 0.0 0.0 
-10.714285714285714 -9.285714285714286 0.0 63 -59.62146312278584 0.0 0.0 
-10.714285714285714 -8.571428571428571 0.0 56 4.573397136728296 0.0 0.0 
-10.714285714285714 -7.857142857142858 0.0 60 -42.82230092204325 0.0 0.0 
-10.714285714285714 -7.142857142857143 0.0 55 -3.429176085751358 0.0 0.0 
-10.714285714285714 -6.428571428571429 0.0 57 -38.56697421970951 0.0 0.0 
-10.714285714285714 -5.714285714285714 0.0 52 -11.254844913108144 0.0 0.0 
-10.714285714285714 -5.0 0.0 53 -36.64206107699646 0.0 0.0 
-10.714285714285714 -4.285714285714286 0.0 49 -18.546988340293794 0.0 0.0 
-10.714285714285714 -3.5714285714285716 0.0 48 -36.864389534958164 0.0 0.0 
-10.714285714285714 -2.857142857142857 0.0 44 -26.028042271868337 0.0 0.0 
-10.714285714285714 -2.142857142857143 0.0 40 -46.736409356381586 0.0 0.0 
-10.714285714285714 2.142857142857143 0.0 45 -37.56321037576251 0.0 0.0 
-10.714285714285714 2.857142857142857 0.0 43 -37.297389450471655 0.0 0.0 
-10.714285714285714 3.5714285714285716 0.0 42 -39.68259005264644 0.0 0.0 
-10.714285714285714 4.285714285714286 0.0 42 -40.04597721296634 0.0 0.0 
-10.714285714285714 5.0 0.0 41 -42.35410529303813 0.0 0.0 
-10.714285714285714 5.714285714285714 0.0 40 -43.28520442507418 0.0 0.0 
-10.714285714285714 6.428571428571429 0.0 40 -44.37517372855288 0.0 0.0 
-10.714285714285714 7.142857142857143 0.0 39 -48.1461320936491 0.0 0.0 
-10.714285714285714 7.857142857142858 0.0 39 -48.956956903194985 0.0 0.0 
-10.714285714285714 8.571428571428571 0.0 45 -39.168290779770075 0.0 0.0 
-10.714285714285714 9.285714285714286 0.0 -16 -194.15152820952198 0.0 0.0 
-8.571428571428571 -9.285714285714286 0.0 66 -56.77010214384432 0.0 0.0 
-8.571428571428571 -8.571428571428571 0.0 57 7.564077135882528 0.0 0.0 
-8.571428571428571 -7.857142857142858 0.0 60 -42.7588498190321 0.0 0.0 
-8.571428571428571 -7.142857142857143 0.0 53 -2.5268373375738875 0.0 0.0 
-8.571428571428571 -6.428571428571429 0.0 55 -40.08252445645997 0.0 0.0 
-8.571428571428571 -5.714285714285714 0.0 50 -12.873759533066334 0.0 0.0 
-8.571428571428571 -5.0 0.0 50 -39.86815611451458 0.0 0.0 
-8.571428571428571 -4.285714285714286 0.0 46 -20.783080654216946 0.0 0.0 
-8.571428571428571 -3.5714285714285716 0.0 47 -40.13269229854243 0.0 0.0 
-8.571428571428571 -2.857142857142857 0.0 44 -27.25320136129382 0.0 0.0 
-8.571428571428571 -2.142857142857143 0.0 41 -49.47837584703592 0.0 0.0 
-8.571428571428571 2.142857142857143 0.0 45 -40.70023501401404 0.0 0.0 
-8.571428571428571 2.857142857142857 0.0 43 -41.09975062755199 0.0 0.0 
-8.571428571428571 3.5714285714285716 0.0 41 -42.863746594399856 0.0 0.0 
-8.571428571428571 4.285714285714286 0.0 41 -43.65094750019774 0.0 0.0 
-8.571428571428571 5.0 0.0 40 -45.38931803227107 0.0 0.0 
-8.571428571428571 5.714285714285714 0.0 40 -46.41424295745652 0.0 0.0 
-8.571428571428571 6.428571428571429 0.0 40 -47.2226283099835 0.0 0.0 
-8.571428571428571 7.142857142857143 0.0 39 -50.33502772969516 0.0 0.0 
-8.571428571428571 7.857142857142858 0.0 39 -50.94711401858012 0.0 0.0 
-8.571428571428571 8.571428571428571 0.0 45 -39.875712732198004 0.0 0.0 
-8.571428571428571 9.285714285714286 0.0 -16 -197.9925544795494 0.0 0.0 
-6.428571428571429 -9.285714285714286 0.0 67 -55.34553313575058 0.0 0.0 
-6.428571428571429 -8.571428571428571 0.0 57 7.443864826149245 0.0 0.0 
-6.428571428571429 -7.857142857142858 0.0 60 -44.20501541665733 0.0 0.0 
-6.428571428571429 -7.142857142857143 0.0 52 -4.074818013445359 0.0 0.0 
-6.428571428571429 -6.428571428571429 0.0 54 -42.3511486840323 0.0 0.0 
-6.428571428571429 -5.714285714285714 0.0 48 -14.036762824409415 0.0 0.0 
-6.428571428571429 -5.0 0.0 50 -41.835877489671326 0.0 0.0 
-6.428571428571429 -4.285714285714286 0.0 45 -22.815860184400748 0.0 0.0 
-6.428571428571429 -3.5714285714285716 0.0 47 -43.098525559676325 0.0 0.0 
-6.428571428571429 -2.857142857142857 0.0 44 -30.311302834104687 0.0 0.0 
-6.428571428571429 -2.142857142857143 0.0 41 -52.36856873649769 0.0 0.0 
-6.428571428571429 2.142857142857143 0.0 44 -43.046531365236405 0.0 0.0 
-6.428571428571429 2.857142857142857 0.0 42 -43.683141781535795 0.0 0.0 
-6.428571428571429 3.5714285714285716 0.0 41 -45.17124132203002 0.0 0.0 
-6.428571428571429 4.285714285714286 0.0 40 -45.984016420618985 0.0 0.0 
-6.428571428571429 5.0 0.0 40 -47.39490887399387 0.0 0.0 
-6.428571428571429 5.714285714285714 0.0 39 -48.223849724919944 0.0 0.0 
-6.428571428571429 6.428571428571429 0.0 39 -48.894459329299984 0.0 0.0 
-6.428571428571429 7.142857142857143 0.0 38 -51.741078911215304 0.0 0.0 
-6.428571428571429 7.857142857142858 0.0 39 -52.622905802127114 0.0 0.0 
-6.428571428571429 8.571428571428571 0.0 45 -39.97158381237148 0.0 0.0 
-6.428571428571429 9.285714285714286 0.0 -17 -200.04246327648306 0.0 0.0 
-4.285714285714286 -9.285714285714286 0.0 67 -55.42584693879441 0.0 0.0 
-4.285714285714286 -8.571428571428571 0.0 57 7.16297562883431 0.0 0.0 
-4.285714285714286 -7.857142857142858 0.0 59 -45.152566871914175 0.0 0.0 
-4.285714285714286 -7.142857142857143 0.0 52 -4.71549243334681 0.0 0.0 
-4.285714285714286 -6.428571428571429 0.0 53 -43.59441363030734 0.0 0.0 
-4.285714285714286 -5.714285714285714 0.0 48 -15.776646512244184 0.0 0.0 
-4.285714285714286 -5.0 0.0 50 -44.18030170992572 0.0 0.0 
-4.285714285714286 -4.285714285714286 0.0 45 -24.822447962383798 0.0 0.0 
-4.285714285714286 -3.5714285714285716 0.0 46 -45.273941314088646 0.0 0.0 
-4.285714285714286 -2.857142857142857 0.0 43 -32.22355023515987 0.0 0.0 
-4.285714285714286 -2.142857142857143 0.0 40 -54.529650211014115 0.0 0.0 
-4.285714285714286 2.142857142857143 0.0 43 -44.911315007518276 0.0 0.0 
-4.285714285714286 2.857142857142857 0.0 41 -45.749933756730364 0.0 0.0 
-4.285714285714286 3.5714285714285716 0.0 40 -47.04575675840191 0.0 0.0 
-4.285714285714286 4.285714285714286 0.0 39 -47.88404586874533 0.0 0.0 
-4.285714285714286 5.0 0.0 39 -49.07336514188571 0.0 0.0 
-4.285714285714286 5.714285714285714 0.0 38 -49.78104974254123 0.0 0.0 
-4.285714285714286 6.428571428571429 0.0 39 -50.24404994383942 0.0 0.0 
-4.285714285714286 7.142857142857143 0.0 38 -52.77800855618196 0.0 0.0 
-4.285714285714286 7.857142857142858 0.0 38 -53.95878029054888 0.0 0.0 
-4.285714285714286 8.571428571428571 0.0 46 -40.724284267174134 0.0 0.0 
-4.285714285714286 9.285714285714286 0.0 -17 -201.34581499105687 0.0 0.0 
-2.142857142857143 -9.285714285714286 0.0 68 -55.3741786600764 0.0 0.0 
-2.142857142857143 -8.571428571428571 0.0 57 6.969571187010004 0.0 0.0 
-2.142857142857143 -7.857142857142858 0.0 59 -46.20377850175117 0.0 0.0 
-2.142857142857143 -7.142857142857143 0.0 52 -5.879940921082714 0.0 0.0 
-2.142857142857143 -6.428571428571429 0.0 53 -45.38548126866483 0.0 0.0 
-2.142857142857143 -5.714285714285714 0.0 48 -17.516889853656124 0.0 0.0 
-2.142857142857143 -5.0 0.0 49 -46.23157406117673 0.0 0.0 
-2.142857142857143 -4.285714285714286 0.0 45 -26.726417818050912 0.0 0.0 
-2.142857142857143 -3.5714285714285716 0.0 46 -47.246424375282665 0.0 0.0 
-2.142857142857143 -2.857142857142857 0.0 43 -33.83529764682818 0.0 0.0 
-2.142857142857143 -2.142857142857143 0.0 39 -55.55944176278434 0.0 0.0 
-2.142857142857143 2.142857142857143 0.0 42 -46.538266128248466 0.0 0.0 
-2.142857142857143 2.857142857142857 0.0 40 -47.60250337676753 0.0 0.0 
-2.142857142857143 3.5714285714285716 0.0 39 -48.82055092083987 0.0 0.0 
-2.142857142857143 4.285714285714286 0.0 38 -49.612699755587954 0.0 0.0 
-2.142857142857143 5.0 0.0 38 -50.62080657916639 0.0 0.0 
-2.142857142857143 5.714285714285714 0.0 38 -51.19587825755222 0.0 0.0 
-2.142857142857143 6.428571428571429 0.0 38 -51.49976789915155 0.0 0.0 
-2.142857142857143 7.142857142857143 0.0 37 -53.769497814437585 0.0 0.0 
-2.142857142857143 7.857142857142858 0.0 38 -55.269274641092665 0.0 0.0 
-2.142857142857143 8.571428571428571 0.0 45 -41.011023840263526 0.0 0.0 
-2.142857142857143 9.285714285714286 0.0 -17 -202.0750448322713 0.0 0.0 
-0.0 -9.285714285714286 0.0 69 -56.179397804571245 0.0 0.0 
-0.0 -8.571428571428571 0.0 57 6.26250335460842 0.0 0.0 
-0.0 -7.857142857142858 0.0 60 -47.73152712231913 0.0 0.0 
-0.0 -7.142857142857143 0.0 52 -7.063173116916161 0.0 0.0 
-0.0 -6.428571428571429 0.0 53 -47.16054598959544 0.0 0.0 
-0.0 -5.714285714285714 0.0 47 -19.04133766001101 0.0 0.0 
-0.0 -5.0 0.0 49 -48.11486251879834 0.0 0.0 
-0.0 -4.285714285714286 0.0 44 -28.310063943097063 0.0 0.0 
-0.0 -3.5714285714285716 0.0 45 -48.938715294909365 0.0 0.0 
-0.0 -2.857142857142857 0.0 42 -34.94717051249262 0.0 0.0 
-0.0 -2.142857142857143 0.0 39 -56.7022786020073 0.0 0.0 
-0.0 2.142857142857143 0.0 42 -48.35168576982525 0.0 0.0 
-0.0 2.857142857142857 0.0 39 -49.61545096573027 0.0 0.0 
-0.0 3.5714285714285716 0.0 38 -50.76964055000553 0.0 0.0 
-0.0 4.285714285714286 0.0 37 -51.401819039102584 0.0 0.0 
-0.0 5.0 0.0 37 -52.20977248524767 0.0 0.0 
-0.0 5.714285714285714 0.0 37 -52.559278494105776 0.0 0.0 
-0.0 6.428571428571429 0.0 37 -52.663965604309524 0.0 0.0 
-0.0 7.142857142857143 0.0 37 -54.526871866073414 0.0 0.0 
-0.0 7.857142857142858 0.0 37 -56.22702392902557 0.0 0.0 
-0.0 8.571428571428571 0.0 45 -41.33090863335831 0.0 0.0 
-0.0 9.285714285714286 0.0 -18 -202.6427366914089 0.0 0.0 
0.0 -9.285714285714286 0.0 69 -56.627670838776424 0.0 0.0 
0.0 -8.571428571428571 0.0 58 5.979958344371994 0.0 0.0 
0.0 -7.857142857142858 0.0 60 -48.88418305163564 0.0 0.0 
0.0 -7.142857142857143 0.0 51 -7.994103711767451 0.0 0.0 
0.0 -6.428571428571429 0.0 53 -48.707763807426694 0.0 0.0 
0.0 -5.714285714285714 0.0 47 -20.370463619551167 0.0 0.0 
0.0 -5.0 0.0 47 -49.37783201262157 0.0 0.0 
0.0 -4.285714285714286 0.0 43 -29.829630115983292 0.0 0.0 
0.0 -3.5714285714285716 0.0 44 -50.83124247091694 0.0 0.0 
0.0 -2.857142857142857 0.0 41 -36.23969926121795 0.0 0.0 
0.0 -2.142857142857143 0.0 38 -57.49854535793499 0.0 0.0 
0.0 2.142857142857143 0.0 40 -50.78136509808766 0.0 0.0 
0.0 2.857142857142857 0.0 38 -51.84466811810414 0.0 0.0 
0.0 3.5714285714285716 0.0 37 -52.86676100484743 0.0 0.0 
0.0 4.285714285714286 0.0 36 -53.12625864372185 0.0 0.0 
0.0 5.0 0.0 36 -53.75640921757429 0.0 0.0 
0.0 5.714285714285714 0.0 36 -53.80036045521333 0.0 0.0 
0.0 6.428571428571429 0.0 37 -53.83136681895973 0.0 0.0 
0.0 7.142857142857143 0.0 37 -55.832899569019126 0.0 0.0 
0.0 7.857142857142858 0.0 37 -57.161837458269424 0.0 0.0 
0.0 8.571428571428571 0.0 45 -41.61717141531224 0.0 0.0 
0.0 9.285714285714286 0.0 -18 -202.97009390319647 0.0 0.0 
2.142857142857143 -9.285714285714286 0.0 69 -56.398172318154 0.0 0.0 
2.142857142857143 -8.571428571428571 0.0 58 5.896585888279226 0.0 0.0 
2.142857142857143 -7.857142857142858 0.0 60 -49.77922702281331 0.0 0.0 
2.142857142857143 -7.142857142857143 0.0 51 -8.793102694763377 0.0 0.0 
2.142857142857143 -6.428571428571429 0.0 52 -49.970827115597245 0.0 0.0 
2.142857142857143 -5.714285714285714 0.0 46 -21.41656673938912 0.0 0.0 
2.142857142857143 -5.0 0.0 46 -51.068839693687615 0.0 0.0 
2.142857142857143 -4.285714285714286 0.0 42 -31.554814626479192 0.0 0.0 
2.142857142857143 -3.5714285714285716 0.0 43 -52.88620595286173 0.0 0.0 
2.142857142857143 -2.857142857142857 0.0 40 -38.03067143340437 0.0 0.0 
2.142857142857143 -2.142857142857143 0.0 37 -57.99851903858615 0.0 0.0 
2.142857142857143 1.4285714285714286 0.0 40 -60.33830188979553 0.0 0.0 
2.142857142857143 2.142857142857143 0.0 38 -50.42804629617617 0.0 0.0 
2.142857142857143 2.857142857142857 0.0 36 -61.092862541354066 0.0 0.0 
2.142857142857143 3.5714285714285716 0.0 35 -53.1917216313742 0.0 0.0 
2.142857142857143 4.285714285714286 0.0 35 -60.07946687156855 0.0 0.0 
2.142857142857143 5.0 0.0 35 -54.22115292537868 0.0 0.0 
2.142857142857143 5.714285714285714 0.0 35 -59.18677163862259 0.0 0.0 
2.142857142857143 6.428571428571429 0.0 36 -54.74916202871215 0.0 0.0 
2.142857142857143 7.142857142857143 0.0 36 -60.04856583775415 0.0 0.0 
2.142857142857143 7.857142857142858 0.0 36 -58.11909225940511 0.0 0.0 
2.142857142857143 8.571428571428571 0.0 45 -45.05121923646738 0.0 0.0 
2.142857142857143 9.285714285714286 0.0 -18 -204.89943232551195 0.0 0.0 
4.285714285714286 -9.285714285714286 0.0 69 -56.529760437275115 0.0 0.0 
4.285714285714286 -8.571428571428571 0.0 58 5.287027006585305 0.0 0.0 
4.285714285714286 -7.857142857142858 0.0 59 -50.76897350459034 0.0 0.0 
4.285714285714286 -7.142857142857143 0.0 50 -10.130569628801247 0.0 0.0 
4.285714285714286 -6.428571428571429 0.0 51 -51.67376308860111 0.0 0.0 
4.285714285714286 -5.714285714285714 0.0 45 -23.215222517414034 0.0 0.0 
4.285714285714286 -5.0 0.0 45 -53.21884277781579 0.0 0.0 
4.285714285714286 -4.285714285714286 0.0 41 -34.11463733789312 0.0 0.0 
4.285714285714286 -3.5714285714285716 0.0 41 -56.15815956262014 0.0 0.0 
4.285714285714286 -2.857142857142857 0.0 38 -42.176543208188185 0.0 0.0 
4.285714285714286 -2.142857142857143 0.0 36 -61.169047403499405 0.0 0.0 
4.285714285714286 -1.4285714285714286 0.0 35 -54.01944581209499 0.0 0.0 
4.285714285714286 1.4285714285714286 0.0 39 -60.20892338785378 0.0 0.0 
4.285714285714286 2.142857142857143 0.0 35 -57.82928973758704 0.0 0.0 
4.285714285714286 2.857142857142857 0.0 34 -63.582223557424726 0.0 0.0 
4.285714285714286 3.5714285714285716 0.0 33 -58.595130658040716 0.0 0.0 
4.285714285714286 4.285714285714286 0.0 34 -61.57783776908097 0.0 0.0 
4.285714285714286 5.0 0.0 34 -58.03600574460573 0.0 0.0 
4.285714285714286 5.714285714285714 0.0 35 -60.30383511018308 0.0 0.0 
4.285714285714286 6.428571428571429 0.0 35 -57.84135624125928 0.0 0.0 
4.285714285714286 7.142857142857143 0.0 36 -61.11752497680125 0.0 0.0 
4.285714285714286 7.857142857142858 0.0 36 -60.35480835379348 0.0 0.0 
4.285714285714286 8.571428571428571 0.0 45 -45.470852078040345 0.0 0.0 
4.285714285714286 9.285714285714286 0.0 -20 -208.1050073214947 0.0 0.0 
6.428571428571429 -9.285714285714286 0.0 70 -57.608896881968356 0.0 0.0 
6.428571428571429 -8.571428571428571 0.0 58 4.210461143799073 0.0 0.0 
6.428571428571429 -7.857142857142858 0.0 59 -52.772048817858774 0.0 0.0 
6.428571428571429 -7.142857142857143 0.0 50 -12.113106609614263 0.0 0.0 
6.428571428571429 -6.428571428571429 0.0 51 -54.400391783141096 0.0 0.0 
6.428571428571429 -5.714285714285714 0.0 45 -26.02712782069515 0.0 0.0 
6.428571428571429 -5.0 0.0 45 -56.64128179181083 0.0 0.0 
6.428571428571429 -4.285714285714286 0.0 40 -37.74630842472957 0.0 0.0 
6.428571428571429 -3.5714285714285716 0.0 41 -60.46704383003944 0.0 0.0 
6.428571428571429 -2.857142857142857 0.0 38 -45.794148691027786 0.0 0.0 
6.428571428571429 -2.142857142857143 0.0 38 -61.30518591139262 0.0 0.0 
6.428571428571429 -1.4285714285714286 0.0 34 -57.06776330355478 0.0 0.0 
6.428571428571429 -0.7142857142857143 0.0 36 -68.1173277016027 0.0 0.0 
6.428571428571429 -0.0 0.0 37 -61.36393277846118 0.0 0.0 
6.428571428571429 0.0 0.0 37 -70.54923708217659 0.0 0.0 
6.428571428571429 2.142857142857143 0.0 34 -64.09273897101923 0.0 0.0 
6.428571428571429 2.857142857142857 0.0 33 -66.2251956900283 0.0 0.0 
6.428571428571429 3.5714285714285716 0.0 31 -64.97443718026307 0.0 0.0 
6.428571428571429 4.285714285714286 0.0 32 -64.88586163368659 0.0 0.0 
6.428571428571429 5.0 0.0 33 -62.80420121686433 0.0 0.0 
6.428571428571429 5.714285714285714 0.0 34 -63.10963317621677 0.0 0.0 
6.428571428571429 6.428571428571429 0.0 34 -62.259320513684116 0.0 0.0 
6.428571428571429 7.142857142857143 0.0 35 -64.11483696345466 0.0 0.0 
6.428571428571429 7.857142857142858 0.0 35 -64.52316285594007 0.0 0.0 
6.428571428571429 8.571428571428571 0.0 45 -47.912471097701946 0.0 0.0 
6.428571428571429 9.285714285714286 0.0 -20 -213.5103149771355 0.0 0.0 
8.571428571428571 -9.285714285714286 0.0 70 -59.48633763686028 0.0 0.0 
8.571428571428571 -8.571428571428571 0.0 58 2.878249350687952 0.0 0.0 
8.571428571428571 -7.857142857142858 0.0 60 -55.630567568741206 0.0 0.0 
8.571428571428571 -7.142857142857143 0.0 50 -14.477512714051308 0.0 0.0 
8.571428571428571 -6.428571428571429 0.0 51 -57.75502709099709 0.0 0.0 
8.571428571428571 -5.714285714285714 0.0 45 -28.842657921160253 0.0 0.0 
8.571428571428571 -5.0 0.0 46 -60.31332103152381 0.0 0.0 
8.571428571428571 -4.285714285714286 0.0 41 -40.208053043215756 0.0 0.0 
8.571428571428571 -3.5714285714285716 0.0 42 -63.79036594119413 0.0 0.0 
8.571428571428571 -2.857142857142857 0.0 38 -50.26678554602613 0.0 0.0 
8.571428571428571 -2.142857142857143 0.0 39 -65.78597218979549 0.0 0.0 
8.571428571428571 -1.4285714285714286 0.0 37 -55.32119468181143 0.0 0.0 
8.571428571428571 -0.7142857142857143 0.0 37 -65.90531868647724 0.0 0.0 
8.571428571428571 -0.0 0.0 35 -58.320827589578585 0.0 0.0 
8.571428571428571 0.0 0.0 32 -71.73314620819488 0.0 0.0 
8.571428571428571 0.7142857142857143 0.0 33 -66.95297084312898 0.0 0.0 
8.571428571428571 1.4285714285714286 0.0 36 -68.71111309160725 0.0 0.0 
8.571428571428571 3.5714285714285716 0.0 32 -65.20003704348585 0.0 0.0 
8.571428571428571 4.285714285714286 0.0 33 -64.64148042952621 0.0 0.0 
8.571428571428571 5.0 0.0 33 -63.30315198635102 0.0 0.0 
8.571428571428571 5.714285714285714 0.0 34 -64.9078055996224 0.0 0.0 
8.571428571428571 6.428571428571429 0.0 34 -63.91350430492401 0.0 0.0 
8.571428571428571 7.142857142857143 0.0 35 -65.36284414027102 0.0 0.0 
8.571428571428571 7.857142857142858 0.0 35 -65.131217008357 0.0 0.0 
8.571428571428571 8.571428571428571 0.0 44 -47.216932080674844 0.0 0.0 
8.571428571428571 9.285714285714286 0.0 -21 -214.68511894694524 0.0 0.0 
10.714285714285714 -9.285714285714286 0.0 72 -61.07935594597724 0.0 0.0 
10.714285714285714 -8.571428571428571 0.0 59 2.478638055175388 0.0 0.0 
10.714285714285714 -7.857142857142858 0.0 60 -57.722720778007115 0.0 0.0 
10.714285714285714 -7.142857142857143 0.0 51 -15.547294771988653 0.0 0.0 
10.714285714285714 -6.428571428571429 0.0 52 -59.93509899022372 0.0 0.0 
10.714285714285714 -5.714285714285714 0.0 45 -30.33758137949919 0.0 0.0 
10.714285714285714 -5.0 0.0 47 -62.34263075020154 0.0 0.0 
10.714285714285714 -4.285714285714286 0.0 42 -41.31074064925806 0.0 0.0 
10.714285714285714 -3.5714285714285716 0.0 42 -63.57023462533536 0.0 0.0 
10.714285714285714 -2.857142857142857 0.0 39 -48.318388425927694 0.0 0.0 
10.714285714285714 -2.142857142857143 0.0 39 -65.57465675000887 0.0 0.0 
10.714285714285714 -1.4285714285714286 0.0 35 -56.07465617707471 0.0 0.0 
10.714285714285714 -0.7142857142857143 0.0 35 -68.34509454178504 0.0 0.0 
10.714285714285714 -0.0 0.0 33 -59.1533922947522 0.0 0.0 
10.714285714285714 0.0 0.0 34 -65.82581682269497 0.0 0.0 
10.714285714285714 0.7142857142857143 0.0 32 -61.747188590332115 0.0 0.0 
10.714285714285714 1.4285714285714286 0.0 30 -72.68560832529448 0.0 0.0 
10.714285714285714 2.142857142857143 0.0 29 -71.83655320663567 0.0 0.0 
10.714285714285714 5.0 0.0 33 -66.37052353943457 0.0 0.0 
10.714285714285714 5.714285714285714 0.0 33 -61.75451577334469 0.0 0.0 
10.714285714285714 6.428571428571429 0.0 33 -65.8370806864784 0.0 0.0 
10.714285714285714 7.142857142857143 0.0 33 -62.63795044107146 0.0 0.0 
10.714285714285714 7.857142857142858 0.0 33 -66.41280871274483 0.0 0.0 
10.714285714285714 8.571428571428571 0.0 44 -43.653217965948336 0.0 0.0 
10.714285714285714 9.285714285714286 0.0 -21 -212.82141755340055 0.0 0.0 
12.857142857142858 -9.285714285714286 0.0 73 -60.87492561442976 0.0 0.0 
12.857142857142858 -8.571428571428571 0.0 60 3.4089991539865565 0.0 0.0 
12.857142857142858 -7.857142857142858 0.0 61 -57.770714682986174 0.0 0.0 
12.857142857142858 -7.142857142857143 0.0 51 -14.836202987459536 0.0 0.0 
12.857142857142858 -6.428571428571429 0.0 52 -59.666841899330905 0.0 0.0 
12.857142857142858 -5.714285714285714 0.0 46 -30.00631133556287 0.0 0.0 
12.857142857142858 -5.0 0.0 46 -62.19878394650361 0.0 0.0 
12.857142857142858 -4.285714285714286 0.0 41 -40.936336086013235 0.0 0.0 
12.857142857142858 -3.5714285714285716 0.0 41 -64.13229459288063 0.0 0.0 
12.857142857142858 -2.857142857142857 0.0 37 -48.8774814341518 0.0 0.0 
12.857142857142858 -2.142857142857143 0.0 38 -65.29650993197535 0.0 0.0 
12.857142857142858 -1.4285714285714286 0.0 35 -54.01666556460647 0.0 0.0 
12.857142857142858 -0.7142857142857143 0.0 34 -66.32535781065515 0.0 0.0 
12.857142857142858 -0.0 0.0 32 -60.515322929083396 0.0 0.0 
12.857142857142858 0.0 0.0 31 -69.17020408466712 0.0 0.0 
12.857142857142858 0.7142857142857143 0.0 31 -61.47455171421283 0.0 0.0 
12.857142857142858 1.4285714285714286 0.0 31 -66.57818492591593 0.0 0.0 
12.857142857142858 2.142857142857143 0.0 27 -68.36369825785694 0.0 0.0 
12.857142857142858 4.285714285714286 0.0 33 -69.50712060795752 0.0 0.0 
12.857142857142858 5.0 0.0 32 -66.2548166920377 0.0 0.0 
12.857142857142858 5.714285714285714 0.0 31 -69.31509762658852 0.0 0.0 
12.857142857142858 6.428571428571429 0.0 32 -66.13442702692137 0.0 0.0 
12.857142857142858 7.142857142857143 0.0 32 -68.20417992433548 0.0 0.0 
12.857142857142858 7.857142857142858 0.0 32 -67.39736095281012 0.0 0.0 
12.857142857142858 8.571428571428571 0.0 43 -48.317076383198675 0.0 0.0 
12.857142857142858 9.285714285714286 0.0 -20 -211.9226906648206 0.0 0.0 
15.0 -9.285714285714286 0.0 74 -58.97440177213868 0.0 0.0 
15.0 -8.571428571428571 0.0 60 4.642589324529261 0.0 0.0 
15.0 -7.857142857142858 0.0 61 -56.42819941793829 0.0 0.0 
15.0 -7.142857142857143 0.0 51 -14.596092931558687 0.0 0.0 
15.0 -6.428571428571429 0.0 51 -59.595590250716675 0.0 0.0 
15.0 -5.714285714285714 0.0 44 -29.506509994908455 0.0 0.0 
15.0 -5.0 0.0 44 -61.374356707914664 0.0 0.0 
15.0 -4.285714285714286 0.0 39 -39.915234113265086 0.0 0.0 
15.0 -3.5714285714285716 0.0 40 -62.621637911509495 0.0 0.0 
15.0 -2.857142857142857 0.0 36 -48.390813153739835 0.0 0.0 
15.0 -2.142857142857143 0.0 36 -65.06391971580112 0.0 0.0 
15.0 -1.4285714285714286 0.0 33 -54.40508677169336 0.0 0.0 
15.0 -0.7142857142857143 0.0 34 -66.35883757150867 0.0 0.0 
15.0 -0.0 0.0 31 -59.04428475240452 0.0 0.0 
15.0 0.0 0.0 31 -69.44754075875684 0.0 0.0 
15.0 0.7142857142857143 0.0 28 -64.73321004854807 0.0 0.0 
15.0 1.4285714285714286 0.0 27 -72.04053929922148 0.0 0.0 
15.0 2.142857142857143 0.0 26 -71.54162902681524 0.0 0.0 
15.0 2.857142857142857 0.0 29 -76.0234140911584 0.0 0.0 
15.0 3.5714285714285716 0.0 30 -70.25888411593269 0.0 0.0 
15.0 4.285714285714286 0.0 30 -73.3709768673904 0.0 0.0 
15.0 5.0 0.0 29 -70.94136507628798 0.0 0.0 
15.0 5.714285714285714 0.0 29 -72.99200397723277 0.0 0.0 
15.0 6.428571428571429 0.0 30 -69.84954905132552 0.0 0.0 
15.0 7.142857142857143 0.0 31 -70.74903107582159 0.0 0.0 
15.0 7.857142857142858 0.0 31 -69.24050335992261 0.0 0.0 
15.0 8.571428571428571 0.0 42 -49.658801072992865 0.0 0.0 
15.0 9.285714285714286 0.0 -22 -213.2339671313463 0.0 0.0 
17.142857142857142 -9.285714285714286 0.0 73 -56.6360444616582 0.0 0.0 
17.142857142857142 -8.571428571428571 0.0 59 5.002106550345452 0.0 0.0 
17.142857142857142 -7.857142857142858 0.0 60 -55.13320619095589 0.0 0.0 
17.142857142857142 -7.142857142857143 0.0 50 -14.445335883402677 0.0 0.0 
17.142857142857142 -6.428571428571429 0.0 50 -58.361125671383874 0.0 0.0 
17.142857142857142 -5.714285714285714 0.0 43 -29.061484578012376 0.0 0.0 
17.142857142857142 -5.0 0.0 43 -60.29143429584274 0.0 0.0 
17.142857142857142 -4.285714285714286 0.0 38 -39.69529718669438 0.0 0.0 
17.142857142857142 -3.5714285714285716 0.0 39 -62.59000852621446 0.0 0.0 
17.142857142857142 -2.857142857142857 0.0 35 -48.18683900554967 0.0 0.0 
17.142857142857142 -2.142857142857143 0.0 35 -64.38422445542538 0.0 0.0 
17.142857142857142 -1.4285714285714286 0.0 33 -55.28767142253941 0.0 0.0 
17.142857142857142 -0.7142857142857143 0.0 33 -67.52526154896654 0.0 0.0 
17.142857142857142 -0.0 0.0 31 -61.51989194912821 0.0 0.0 
17.142857142857142 0.0 0.0 31 -71.10311090624388 0.0 0.0 
17.142857142857142 0.7142857142857143 0.0 29 -66.53035698152621 0.0 0.0 
17.142857142857142 1.4285714285714286 0.0 29 -72.944200143124 0.0 0.0 
17.142857142857142 2.142857142857143 0.0 29 -68.79630832503821 0.0 0.0 
17.142857142857142 2.857142857142857 0.0 30 -73.40711138819474 0.0 0.0 
17.142857142857142 3.5714285714285716 0.0 27 -71.02099001971196 0.0 0.0 
17.142857142857142 4.285714285714286 0.0 27 -74.10498946024688 0.0 0.0 
17.142857142857142 5.0 0.0 26 -72.09003041750978 0.0 0.0 
17.142857142857142 5.714285714285714 0.0 27 -73.68481806215597 0.0 0.0 
17.142857142857142 6.428571428571429 0.0 27 -71.00898598063223 0.0 0.0 
17.142857142857142 7.142857142857143 0.0 28 -71.31857464966689 0.0 0.0 
17.142857142857142 7.857142857142858 0.0 29 -69.16806974035975 0.0 0.0 
17.142857142857142 8.571428571428571 0.0 41 -47.68170806079 0.0 0.0 
17.142857142857142 9.285714285714286 0.0 -22 -209.17138017011445 0.0 0.0 
19.285714285714285 -9.285714285714286 0.0 73 -53.959054940350576 0.0 0.0 
19.285714285714285 -8.571428571428571 0.0 58 5.336267008041034 0.0 0.0 
19.285714285714285 -7.857142857142858 0.0 59 -53.295217599081454 0.0 0.0 
19.285714285714285 -7.142857142857143 0.0 49 -14.336733746212303 0.0 0.0 
19.285714285714285 -6.428571428571429 0.0 49 -56.836162649765726 0.0 0.0 
19.285714285714285 -5.714285714285714 0.0 42 -28.606393019449108 0.0 0.0 
19.285714285714285 -5.0 0.0 43 -59.28108635540698 0.0 0.0 
19.285714285714285 -4.285714285714286 0.0 39 -39.74897076981483 0.0 0.0 
19.285714285714285 -3.5714285714285716 0.0 39 -61.44380617913124 0.0 0.0 
19.285714285714285 -2.857142857142857 0.0 35 -47.63125175747802 0.0 0.0 
19.285714285714285 -2.142857142857143 0.0 36 -63.88373318130908 0.0 0.0 
19.285714285714285 -1.4285714285714286 0.0 33 -54.4765056843874 0.0 0.0 
19.285714285714285 -0.7142857142857143 0.0 34 -65.85786906648843 0.0 0.0 
19.285714285714285 -0.0 0.0 32 -59.3016350616806 0.0 0.0 
19.285714285714285 0.0 0.0 32 -67.11915230798333 0.0 0.0 
19.285714285714285 0.7142857142857143 0.0 30 -62.62324494513463 0.0 0.0 
19.285714285714285 1.4285714285714286 0.0 29 -69.3426664788095 0.0 0.0 
19.285714285714285 2.142857142857143 0.0 28 -67.46766932885642 0.0 0.0 
19.285714285714285 2.857142857142857 0.0 27 -71.97098967046927 0.0 0.0 
19.285714285714285 3.5714285714285716 0.0 26 -70.28961071277641 0.0 0.0 
19.285714285714285 4.285714285714286 0.0 25 -73.62880013234007 0.0 0.0 
19.285714285714285 5.0 0.0 24 -71.52126995992651 0.0 0.0 
19.285714285714285 5.714285714285714 0.0 24 -73.08507872933257 0.0 0.0 
19.285714285714285 6.428571428571429 0.0 24 -70.54659882934573 0.0 0.0 
19.285714285714285 7.142857142857143 0.0 25 -70.89777868232504 0.0 0.0 
19.285714285714285 7.857142857142858 0.0 27 -69.09258885702583 0.0 0.0 
19.285714285714285 8.571428571428571 0.0 38 -45.59714296040714 0.0 0.0 
19.285714285714285 9.285714285714286 0.0 -21 -200.7543067517264 0.0 0.0 
21.428571428571427 -9.285714285714286 0.0 72 -50.519848639058715 0.0 0.0 
21.428571428571427 -8.571428571428571 0.0 57 5.641442411226507 0.0 0.0 
21.428571428571427 -7.857142857142858 0.0 57 -50.521929369131335 0.0 0.0 
21.428571428571427 -7.142857142857143 0.0 48 -13.374494058005595 0.0 0.0 
21.428571428571427 -6.428571428571429 0.0 49 -54.21967654999298 0.0 0.0 
21.428571428571427 -5.714285714285714 0.0 42 -27.41639912561505 0.0 0.0 
21.428571428571427 -5.0 0.0 43 -55.75641976859495 0.0 0.0 
21.428571428571427 -4.285714285714286 0.0 39 -36.70883594297616 0.0 0.0 
21.428571428571427 -3.5714285714285716 0.0 40 -57.48207078670757 0.0 0.0 
21.428571428571427 -2.857142857142857 0.0 36 -44.325068296198936 0.0 0.0 
21.428571428571427 -2.142857142857143 0.0 36 -58.908706664910426 0.0 0.0 
21.428571428571427 -1.4285714285714286 0.0 34 -50.08942845879463 0.0 0.0 
21.428571428571427 -0.7142857142857143 0.0 34 -61.25661167236147 0.0 0.0 
21.428571428571427 -0.0 0.0 31 -55.852645706155855 0.0 0.0 
21.428571428571427 0.0 0.0 30 -64.46069837561497 0.0 0.0 
21.428571428571427 0.7142857142857143 0.0 29 -61.047600708143094 0.0 0.0 
21.428571428571427 1.4285714285714286 0.0 28 -67.25696870649519 0.0 0.0 
21.428571428571427 2.142857142857143 0.0 25 -64.94646922506868 0.0 0.0 
21.428571428571427 2.857142857142857 0.0 25 -69.6298362601421 0.0 0.0 
21.428571428571427 3.5714285714285716 0.0 23 -68.3810487123833 0.0 0.0 
21.428571428571427 4.285714285714286 0.0 23 -71.68071071188189 0.0 0.0 
21.428571428571427 5.0 0.0 22 -70.77370687296494 0.0 0.0 
21.428571428571427 5.714285714285714 0.0 21 -72.95916935863036 0.0 0.0 
21.428571428571427 6.428571428571429 0.0 21 -71.15502830249545 0.0 0.0 
21.428571428571427 7.142857142857143 0.0 22 -71.77786278373844 0.0 0.0 
21.428571428571427 7.857142857142858 0.0 22 -69.15341994805738 0.0 0.0 
21.428571428571427 8.571428571428571 0.0 35 -44.03946582324989 0.0 0.0 
21.428571428571427 9.285714285714286 0.0 -19 -187.79433800535782 0.0 0.0 
23.57142857142857 -9.285714285714286 0.0 70 -44.92599646498136 0.0 0.0 
23.57142857142857 -8.571428571428571 0.0 56 6.612699278974745 0.0 0.0 
23.57142857142857 -7.857142857142858 0.0 57 -45.575900447912296 0.0 0.0 
23.57142857142857 -7.142857142857143 0.0 47 -11.061047954994038 0.0 0.0 
23.57142857142857 -6.428571428571429 0.0 48 -47.35262197062483 0.0 0.0 
23.57142857142857 -5.714285714285714 0.0 42 -22.72656434367717 0.0 0.0 
23.57142857142857 -5.0 0.0 43 -48.566931939414864 0.0 0.0 
23.57142857142857 -4.285714285714286 0.0 38 -31.489330632963735 0.0 0.0 
23.57142857142857 -3.5714285714285716 0.0 40 -50.41236532552917 0.0 0.0 
23.57142857142857 -2.857142857142857 0.0 36 -38.90645627585816 0.0 0.0 
23.57142857142857 -2.142857142857143 0.0 36 -52.75437961704431 0.0 0.0 
23.57142857142857 -1.4285714285714286 0.0 33 -45.53563444320656 0.0 0.0 
23.57142857142857 -0.7142857142857143 0.0 32 -55.954737495755765 0.0 0.0 
23.57142857142857 -0.0 0.0 30 -51.536158825867865 0.0 0.0 
23.57142857142857 0.0 0.0 29 -59.46504360886871 0.0 0.0 
23.57142857142857 0.7142857142857143 0.0 27 -57.00396878928805 0.0 0.0 
23.57142857142857 1.4285714285714286 0.0 26 -62.859809111365124 0.0 0.0 
23.57142857142857 2.142857142857143 0.0 24 -61.235151483684916 0.0 0.0 
23.57142857142857 2.857142857142857 0.0 23 -66.03263914213744 0.0 0.0 
23.57142857142857 3.5714285714285716 0.0 21 -65.84976451176225 0.0 0.0 
23.57142857142857 4.285714285714286 0.0 20 -69.62709421394065 0.0 0.0 
23.57142857142857 5.0 0.0 19 -69.65176448613802 0.0 0.0 
23.57142857142857 5.714285714285714 0.0 18 -72.27781377639641 0.0 0.0 
23.57142857142857 6.428571428571429 0.0 17 -71.33214817314169 0.0 0.0 
23.57142857142857 7.142857142857143 0.0 17 -72.35101570974933 0.0 0.0 
23.57142857142857 7.857142857142858 0.0 17 -70.26259733627941 0.0 0.0 
23.57142857142857 8.571428571428571 0.0 29 -41.58568644563877 0.0 0.0 
23.57142857142857 9.285714285714286 0.0 -17 -168.89562378446595 0.0 0.0 
25.714285714285715 -9.285714285714286 0.0 68 -38.028477676792605 0.0 0.0 
25.714285714285715 -8.571428571428571 0.0 53 7.169250215537339 0.0 0.0 
25.714285714285715 -7.857142857142858 0.0 54 -35.01319293384599 0.0 0.0 
25.714285714285715 -7.142857142857143 0.0 46 -5.981984338414023 0.0 0.0 
25.714285714285715 -6.428571428571429 0.0 48 -35.37464284587347 0.0 0.0 
25.714285714285715 -5.714285714285714 0.0 42 -16.037613686688317 0.0 0.0 
25.714285714285715 -5.0 0.0 43 -36.53046618430932 0.0 0.0 
25.714285714285715 -4.285714285714286 0.0 39 -24.423550016102354 0.0 0.0 
25.714285714285715 -3.5714285714285716 0.0 39 -39.06697151529954 0.0 0.0 
25.714285714285715 -2.857142857142857 0.0 36 -31.85149967647214 0.0 0.0 
25.714285714285715 -2.142857142857143 0.0 36 -42.920717865076305 0.0 0.0 
25.714285714285715 -1.4285714285714286 0.0 32 -38.55753323331655 0.0 0.0 
25.714285714285715 -0.7142857142857143 0.0 31 -46.80208536097901 0.0 0.0 
25.714285714285715 -0.0 0.0 29 -45.08174434856734 0.0 0.0 
25.714285714285715 0.0 0.0 28 -51.564287186016585 0.0 0.0 
25.714285714285715 0.7142857142857143 0.0 26 -51.41481471022706 0.0 0.0 
25.714285714285715 1.4285714285714286 0.0 25 -56.35344269381354 0.0 0.0 
25.714285714285715 2.142857142857143 0.0 22 -57.056861030463914 0.0 0.0 
25.714285714285715 2.857142857142857 0.0 20 -60.86779289345571 0.0 0.0 
25.714285714285715 3.5714285714285716 0.0 18 -62.07154900528315 0.0 0.0 
25.714285714285715 4.285714285714286 0.0 17 -65.65742630249035 0.0 0.0 
25.714285714285715 5.0 0.0 15 -67.21275967869427 0.0 0.0 
25.714285714285715 5.714285714285714 0.0 13 -70.23550705497985 0.0 0.0 
25.714285714285715 6.428571428571429 0.0 11 -71.14127146689346 0.0 0.0 
25.714285714285715 7.142857142857143 0.0 10 -73.04528212017692 0.0 0.0 
25.714285714285715 7.857142857142858 0.0 8 -73.60268065013956 0.0 0.0 
25.714285714285715 8.571428571428571 0.0 20 -40.974790582602736 0.0 0.0 
25.714285714285715 9.285714285714286 0.0 -16 -144.6367668079694 0.0 0.0 
27.857142857142858 -9.285714285714286 0.0 81 4.428620512873678 0.0 0.0 
27.857142857142858 -8.571428571428571 0.0 63 32.435150800332934 0.0 0.0 
27.857142857142858 -7.857142857142858 0.0 70 13.01045898269399 0.0 0.0 
27.857142857142858 -7.142857142857143 0.0 59 22.263966783051103 0.0 0.0 
27.857142857142858 -6.428571428571429 0.0 62 9.481029185168005 0.0 0.0 
27.857142857142858 -5.714285714285714 0.0 54 11.068678254332326 0.0 0.0 
27.857142857142858 -5.0 0.0 56 2.797152781689917 0.0 0.0 
27.857142857142858 -4.285714285714286 0.0 50 0.28026534391282354 0.0 0.0 
27.857142857142858 -3.5714285714285716 0.0 50 -5.97599592141345 0.0 0.0 
27.857142857142858 -2.857142857142857 0.0 45 -10.043318834374787 0.0 0.0 
27.857142857142858 -2.142857142857143 0.0 44 -14.755383268724223 0.0 0.0 
27.857142857142858 -1.4285714285714286 0.0 40 -19.46978050495855 0.0 0.0 
27.857142857142858 -0.7142857142857143 0.0 39 -23.63478446753141 0.0 0.0 
27.857142857142858 -0.0 0.0 35 -28.406837622692045 0.0 0.0 
27.857142857142858 0.0 0.0 33 -32.06454605509872 0.0 0.0 
27.857142857142858 0.7142857142857143 0.0 30 -37.00036697788371 0.0 0.0 
27.857142857142858 1.4285714285714286 0.0 27 -40.06178002240007 0.0 0.0 
27.857142857142858 2.142857142857143 0.0 25 -44.26125354706812 0.0 0.0 
27.857142857142858 2.857142857142857 0.0 23 -47.46741163105078 0.0 0.0 
27.857142857142858 3.5714285714285716 0.0 20 -51.734210196970636 0.0 0.0 
27.857142857142858 4.285714285714286 0.0 17 -54.95814656366068 0.0 0.0 
27.857142857142858 5.0 0.0 14 -58.65496077880894 0.0 0.0 
27.857142857142858 5.714285714285714 0.0 11 -61.75724702065154 0.0 0.0 
27.857142857142858 6.428571428571429 0.0 8 -65.0853113007511 0.0 0.0 
27.857142857142858 7.142857142857143 0.0 4 -68.44487456372845 0.0 0.0 
27.857142857142858 7.857142857142858 0.0 0 -75.71391790991818 0.0 0.0 
27.857142857142858 8.571428571428571 0.0 10 -42.3334192765908 0.0 0.0 
27.857142857142858 9.285714285714286 0.0 -21 -118.24378270118001 0.0 0.0 
