-27.857142857142858 -9.285714285714286 0.0 -71 -244.1031849071511 0.0 0.0 
-27.857142857142858 -8.571428571428571 0.0 -126 -327.87157192706593 0.0 0.0 
-27.857142857142858 -7.857142857142858 0.0 -170 -408.8708681360282 0.0 0.0 
-27.857142857142858 -7.142857142857143 0.0 -187 -397.69616184814896 0.0 0.0 
-27.857142857142858 -6.428571428571429 0.0 -200 -402.2744579690499 0.0 0.0 
-27.857142857142858 -5.714285714285714 0.0 -198 -363.32335057251856 0.0 0.0 
-27.857142857142858 -5.0 0.0 -202 -343.4607564920049 0.0 0.0 
-27.857142857142858 -4.285714285714286 0.0 -199 -301.8629874526856 0.0 0.0 
-27.857142857142858 -3.5714285714285716 0.0 -205 -275.4989648250641 0.0 0.0 
-27.857142857142858 -2.857142857142857 0.0 -207 -235.89558344575283 0.0 0.0 
-27.857142857142858 -2.142857142857143 0.0 -213 -211.29102994543967 0.0 0.0 
-27.857142857142858 -1.4285714285714286 0.0 -217 -178.95679083567774 0.0 0.0 
-27.857142857142858 -0.7142857142857143 0.0 -226 -159.62617533701382 0.0 0.0 
-27.857142857142858 -0.0 0.0 -233 -135.32376476550075 0.0 0.0 
-27.857142857142858 0.0 0.0 -243 -121.81073490951269 0.0 0.0 
-27.857142857142858 0.7142857142857143 0.0 -253 -102.65328885505198 0.0 0.0 
-27.857142857142858 1.4285714285714286 0.0 -262 -90.73810942721025 0.0 0.0 
-27.857142857142858 2.142857142857143 0.0 -269 -72.94386522733043 0.0 0.0 
-27.857142857142858 2.857142857142857 0.0 -276 -60.75240430590043 0.0 0.0 
-27.857142857142858 3.5714285714285716 0.0 -280 -45.259840780413356 0.0 0.0 
-27.857142857142858 4.285714285714286 0.0 -284 -35.8165457764984 0.0 0.0 
-27.857142857142858 5.0 0.0 -291 -19.370897802826107 0.0 0.0 
-27.857142857142858 5.714285714285714 0.0 -290 -13.205905407525165 0.0 0.0 
-27.857142857142858 6.428571428571429 0.0 -282 -48.11850019365954 0.0 0.0 
-27.857142857142858 7.142857142857143 0.0 -297 -28.230800645709678 0.0 0.0 
-27.857142857142858 7.857142857142858 0.0 -232 181.0910869534132 0.0 0.0 
-27.857142857142858 8.571428571428571 0.0 -110 351.93690498280637 0.0 0.0 
-27.857142857142858 9.285714285714286 0.0 98 572.8656533540511 0.0 0.0 
-25.714285714285715 -9.285714285714286 0.0 -54 -281.2771085797081 0.0 0.0 
-25.714285714285715 -8.571428571428571 0.0 -108 -253.3167687753393 0.0 0.0 
-25.714285714285715 -7.857142857142858 0.0 -141 -346.6573860769188 0.0 0.0 
-25.714285714285715 -7.142857142857143 0.0 -148 -249.1681916283785 0.0 0.0 
-25.714285714285715 -6.428571428571429 0.0 -146 -272.3457972995816 0.0 0.0 
-25.714285714285715 -5.714285714285714 0.0 -141 -182.21484265761737 0.0 0.0 
-25.714285714285715 -5.0 0.0 -134 -186.45740495948718 0.0 0.0 
-25.714285714285715 -4.285714285714286 0.0 -128 -115.14774226631033 0.0 0.0 
-25.714285714285715 -3.5714285714285716 0.0 -121 -113.74261341679806 0.0 0.0 
-25.714285714285715 -2.857142857142857 0.0 -113 -57.04763244270973 0.0 0.0 
-25.714285714285715 -2.142857142857143 0.0 -108 -57.62039890345025 0.0 0.0 
-25.714285714285715 -1.4285714285714286 0.0 -102 -13.590477491200403 0.0 0.0 
-25.714285714285715 -0.7142857142857143 0.0 -97 -19.057320106943138 0.0 0.0 
-25.714285714285715 -0.0 0.0 -93 14.18243298197109 0.0 0.0 
-25.714285714285715 0.0 0.0 -90 4.051470135455531 0.0 0.0 
-25.714285714285715 0.7142857142857143 0.0 -87 30.467051365930132 0.0 0.0 
-25.714285714285715 1.4285714285714286 0.0 -84 19.148718716530567 0.0 0.0 
-25.714285714285715 2.142857142857143 0.0 -81 41.35882921377524 0.0 0.0 
-25.714285714285715 2.857142857142857 0.0 -77 30.134346075255536 0.0 0.0 
-25.714285714285715 3.5714285714285716 0.0 -74 45.97026682055443 0.0 0.0 
-25.714285714285715 4.285714285714286 0.0 -71 17.135358173737018 0.0 0.0 
-25.714285714285715 5.0 0.0 -63 31.50191042460247 0.0 0.0 
-25.714285714285715 5.714285714285714 0.0 -35 73.7884784957466 0.0 0.0 
-25.714285714285715 6.428571428571429 0.0 -39 31.598468803507217 0.0 0.0 
-25.714285714285715 7.142857142857143 0.0 -127 -122.10503861238712 0.0 0.0 
-25.714285714285715 7.857142857142858 0.0 -56 -29.635613130787164 0.0 0.0 
-25.714285714285715 8.571428571428571 0.0 93 264.4415447811141 0.0 0.0 
-25.714285714285715 9.285714285714286 0.0 260 576.4748957359814 0.0 0.0 
-23.57142857142857 -9.285714285714286 0.0 -76 -262.586497073274 0.0 0.0 
-23.57142857142857 -8.571428571428571 0.0 -149 -231.96334644441032 0.0 0.0 
-23.57142857142857 -7.857142857142858 0.0 -168 -269.7521778231593 0.0 0.0 
-23.57142857142857 -7.142857142857143 0.0 -168 -166.69661394546642 0.0 0.0 
-23.57142857142857 -6.428571428571429 0.0 -153 -164.86137230645954 0.0 0.0 
-23.57142857142857 -5.714285714285714 0.0 -139 -76.53190718228203 0.0 0.0 
-23.57142857142857 -5.0 0.0 -122 -75.95275320229925 0.0 0.0 
-23.57142857142857 -4.285714285714286 0.0 -110 -9.529661996265531 0.0 0.0 
-23.57142857142857 -3.5714285714285716 0.0 -95 -13.017396454841759 0.0 0.0 
-23.57142857142857 -2.857142857142857 0.0 -85 38.00759054919746 0.0 0.0 
-23.57142857142857 -2.142857142857143 0.0 -74 30.362504968117435 0.0 0.0 
-23.57142857142857 -1.4285714285714286 0.0 -69 64.02155796476512 0.0 0.0 
-23.57142857142857 -0.7142857142857143 0.0 -63 49.34521411889324 0.0 0.0 
-23.57142857142857 -0.0 0.0 -59 68.99957901665368 0.0 0.0 
-23.57142857142857 0.0 0.0 -58 50.9146069945229 0.0 0.0 
-23.57142857142857 0.7142857142857143 0.0 -55 61.63515366476736 0.0 0.0 
-23.57142857142857 1.4285714285714286 0.0 -51 44.184272135308134 0.0 0.0 
-23.57142857142857 2.142857142857143 0.0 -48 50.09969598811614 0.0 0.0 
-23.57142857142857 2.857142857142857 0.0 -41 34.39025851579501 0.0 0.0 
-23.57142857142857 3.5714285714285716 0.0 -32 46.73947376642937 0.0 0.0 
-23.57142857142857 4.285714285714286 0.0 -27 28.585644453772915 0.0 0.0 
-23.57142857142857 5.0 0.0 -34 9.699019450194754 0.0 0.0 
-23.57142857142857 5.714285714285714 0.0 -20 17.82411277830306 0.0 0.0 
-23.57142857142857 6.428571428571429 0.0 -10 -61.95685786375003 0.0 0.0 
-23.57142857142857 7.142857142857143 0.0 -33 -109.90416069363134 0.0 0.0 
-23.57142857142857 7.857142857142858 0.0 96 154.4910648394673 0.0 0.0 
-23.57142857142857 8.571428571428571 0.0 184 538.8902897075671 0.0 0.0 
-23.57142857142857 9.285714285714286 0.0 99 354.5170011245863 0.0 0.0 
-21.428571428571427 -9.285714285714286 0.0 -153 -288.2426315431767 0.0 0.0 
-21.428571428571427 -8.571428571428571 0.0 -217 -237.9302719566281 0.0 0.0 
-21.428571428571427 -7.857142857142858 0.0 -205 -226.84093041036977 0.0 0.0 
-21.428571428571427 -7.142857142857143 0.0 -186 -124.34362431142688 0.0 0.0 
-21.428571428571427 -6.428571428571429 0.0 -151 -106.84005470587442 0.0 0.0 
-21.428571428571427 -5.714285714285714 0.0 -128 -29.721533758115584 0.0 0.0 
-21.428571428571427 -5.0 0.0 -102 -26.61188470481858 0.0 0.0 
-21.428571428571427 -4.285714285714286 0.0 -86 28.37324430845962 0.0 0.0 
-21.428571428571427 -3.5714285714285716 0.0 -67 22.622444429930795 0.0 0.0 
-21.428571428571427 -2.857142857142857 0.0 -54 65.61240611667213 0.0 0.0 
-21.428571428571427 -2.142857142857143 0.0 -42 51.735752555387364 0.0 0.0 
-21.428571428571427 -1.4285714285714286 0.0 -36 76.08530740072888 0.0 0.0 
-21.428571428571427 -0.7142857142857143 0.0 -31 53.63672418471003 0.0 0.0 
-21.428571428571427 -0.0 0.0 -29 67.7060951887317 0.0 0.0 
-21.428571428571427 0.0 0.0 -26 40.56051639805861 0.0 0.0 
-21.428571428571427 0.7142857142857143 0.0 -23 49.9626684785909 0.0 0.0 
-21.428571428571427 1.4285714285714286 0.0 -16 29.203525843208496 0.0 0.0 
-21.428571428571427 2.142857142857143 0.0 -12 38.28353294770017 0.0 0.0 
-21.428571428571427 2.857142857142857 0.0 -8 13.030986721671269 0.0 0.0 
-21.428571428571427 3.5714285714285716 0.0 -5 14.20830991046789 0.0 0.0 
-21.428571428571427 4.285714285714286 0.0 0 -18.540075056609822 0.0 0.0 
-21.428571428571427 5.0 0.0 5 -28.579102215546087 0.0 0.0 
-21.428571428571427 5.714285714285714 0.0 45 44.86837733490699 0.0 0.0 
-21.428571428571427 6.428571428571429 0.0 52 1.9823025721979555 0.0 0.0 
-21.428571428571427 7.142857142857143 0.0 -7 -69.46471629349968 0.0 0.0 
-21.428571428571427 7.857142857142858 0.0 86 132.90172840228925 0.0 0.0 
-21.428571428571427 8.571428571428571 0.0 245 667.4378683176815 0.0 0.0 
-21.428571428571427 9.285714285714286 0.0 97 386.7931377881164 0.0 0.0 
-19.285714285714285 -9.285714285714286 0.0 -210 -307.3209432135412 0.0 0.0 
-19.285714285714285 -8.571428571428571 0.0 -256 -258.6733769542473 0.0 0.0 
-19.285714285714285 -7.857142857142858 0.0 -210 -192.68160535140504 0.0 0.0 
-19.285714285714285 -7.142857142857143 0.0 -173 -110.05747909764881 0.0 0.0 
-19.285714285714285 -6.428571428571429 0.0 -126 -67.10656952796472 0.0 0.0 
-19.285714285714285 -5.714285714285714 0.0 -100 -13.474748774934483 0.0 0.0 
-19.285714285714285 -5.0 0.0 -71 5.233529696433379 0.0 0.0 
-19.285714285714285 -4.285714285714286 0.0 -53 38.81274550174234 0.0 0.0 
-19.285714285714285 -3.5714285714285716 0.0 -35 45.22566396767695 0.0 0.0 
-19.285714285714285 -2.857142857142857 0.0 -21 71.87595080418805 0.0 0.0 
-19.285714285714285 -2.142857142857143 0.0 -12 62.532327799174425 0.0 0.0 
-19.285714285714285 -1.4285714285714286 0.0 -12 70.48363389750179 0.0 0.0 
-19.285714285714285 -0.7142857142857143 0.0 -8 54.17152217754381 0.0 0.0 
-19.285714285714285 -0.0 0.0 -8 59.19594102352231 0.0 0.0 
-19.285714285714285 0.0 0.0 -5 41.20628031315046 0.0 0.0 
-19.285714285714285 0.7142857142857143 0.0 -2 42.26096750354333 0.0 0.0 
-19.285714285714285 1.4285714285714286 0.0 4 26.187566684958256 0.0 0.0 
-19.285714285714285 2.142857142857143 0.0 9 26.80279278236418 0.0 0.0 
-19.285714285714285 2.857142857142857 0.0 17 15.518229981528151 0.0 0.0 
-19.285714285714285 3.5714285714285716 0.0 29 33.844031810126765 0.0 0.0 
-19.285714285714285 4.285714285714286 0.0 39 37.28861494972594 0.0 0.0 
-19.285714285714285 5.0 0.0 33 21.82846937325054 0.0 0.0 
-19.285714285714285 5.714285714285714 0.0 53 97.50495625649913 0.0 0.0 
-19.285714285714285 6.428571428571429 0.0 38 10.101409551884554 0.0 0.0 
-19.285714285714285 7.142857142857143 0.0 -28 -69.9184702669797 0.0 0.0 
-19.285714285714285 7.857142857142858 0.0 52 76.7315872968339 0.0 0.0 
-19.285714285714285 8.571428571428571 0.0 263 713.1749429958345 0.0 0.0 
-19.285714285714285 9.285714285714286 0.0 118 442.788112942555 0.0 0.0 
-17.142857142857142 -9.285714285714286 0.0 -242 -355.6806439882245 0.0 0.0 
-17.142857142857142 -8.571428571428571 0.0 -268 -292.75915373573173 0.0 0.0 
-17.142857142857142 -7.857142857142858 0.0 -193 -202.75447083298948 0.0 0.0 
-17.142857142857142 -7.142857142857143 0.0 -149 -131.73504162381843 0.0 0.0 
-17.142857142857142 -6.428571428571429 0.0 -98 -75.2678521286123 0.0 0.0 
-17.142857142857142 -5.714285714285714 0.0 -71 -38.45833199447017 0.0 0.0 
-17.142857142857142 -5.0 0.0 -44 -9.312850780407416 0.0 0.0 
-17.142857142857142 -4.285714285714286 0.0 -29 7.237376233972839 0.0 0.0 
-17.142857142857142 -3.5714285714285716 0.0 -12 26.385076747759655 0.0 0.0 
-17.142857142857142 -2.857142857142857 0.0 3 40.49309985066871 0.0 0.0 
-17.142857142857142 -2.142857142857143 0.0 8 37.5972118964571 0.0 0.0 
-17.142857142857142 -1.4285714285714286 0.0 13 42.66551779407747 0.0 0.0 
-17.142857142857142 -0.7142857142857143 0.0 17 38.76104018218486 0.0 0.0 
-17.142857142857142 -0.0 0.0 14 40.209973739942896 0.0 0.0 
-17.142857142857142 0.0 0.0 20 36.20483116367056 0.0 0.0 
-17.142857142857142 0.7142857142857143 0.0 20 34.52439151555431 0.0 0.0 
-17.142857142857142 1.4285714285714286 0.0 30 40.55445190170839 0.0 0.0 
-17.142857142857142 2.142857142857143 0.0 39 47.623023115249616 0.0 0.0 
-17.142857142857142 2.857142857142857 0.0 42 48.306490170611475 0.0 0.0 
-17.142857142857142 3.5714285714285716 0.0 43 55.09456830396759 0.0 0.0 
-17.142857142857142 4.285714285714286 0.0 41 56.05452897185086 0.0 0.0 
-17.142857142857142 5.0 0.0 26 17.066266685508843 0.0 0.0 
-17.142857142857142 5.714285714285714 0.0 52 107.11359677375408 0.0 0.0 
-17.142857142857142 6.428571428571429 0.0 44 14.679229918361957 0.0 0.0 
-17.142857142857142 7.142857142857143 0.0 -12 -43.680878006375494 0.0 0.0 
-17.142857142857142 7.857142857142858 0.0 48 66.98702082818922 0.0 0.0 
-17.142857142857142 8.571428571428571 0.0 270 733.7146683941397 0.0 0.0 
-17.142857142857142 9.285714285714286 0.0 131 465.9263605907706 0.0 0.0 
-15.0 -9.285714285714286 0.0 -236 -406.71208797283714 0.0 0.0 
-15.0 -8.571428571428571 0.0 -254 -333.92338278127363 0.0 0.0 
-15.0 -7.857142857142858 0.0 -164 -240.11250361653822 0.0 0.0 
-15.0 -7.142857142857143 0.0 -121 -174.7377865883883 0.0 0.0 
-15.0 -6.428571428571429 0.0 -70 -111.1061664683561 0.0 0.0 
-15.0 -5.714285714285714 0.0 -45 -85.0049466729848 0.0 0.0 
-15.0 -5.0 0.0 -20 -45.293448444828186 0.0 0.0 
-15.0 -4.285714285714286 0.0 -8 -40.88512512910637 0.0 0.0 
-15.0 -3.5714285714285716 0.0 10 -3.0330327993046495 0.0 0.0 
-15.0 -2.857142857142857 0.0 23 -4.2610793181127775 0.0 0.0 
-15.0 -2.142857142857143 0.0 28 19.78504347198838 0.0 0.0 
-15.0 -1.4285714285714286 0.0 36 16.5231140815781 0.0 0.0 
-15.0 1.4285714285714286 0.0 49 87.53922788617297 0.0 0.0 
-15.0 2.142857142857143 0.0 47 82.71590156724974 0.0 0.0 
-15.0 2.857142857142857 0.0 42 74.41139441315065 0.0 0.0 
-15.0 3.5714285714285716 0.0 40 72.30301010961547 0.0 0.0 
-15.0 4.285714285714286 0.0 41 75.55717105431715 0.0 0.0 
-15.0 5.0 0.0 26 24.646078187725323 0.0 0.0 
-15.0 5.714285714285714 0.0 56 121.30276795998458 0.0 0.0 
-15.0 6.428571428571429 0.0 47 20.162358837367684 0.0 0.0 
-15.0 7.142857142857143 0.0 -4 -34.49957166690369 0.0 0.0 
-15.0 7.857142857142858 0.0 52 72.47910489857182 0.0 0.0 
-15.0 8.571428571428571 0.0 285 760.4084700747512 0.0 0.0 
-15.0 9.285714285714286 0.0 136 479.2225290787918 0.0 0.0 
-12.857142857142858 -9.285714285714286 0.0 -207 -463.8859169194098 0.0 0.0 
-12.857142857142858 -8.571428571428571 0.0 -222 -361.90682140874674 0.0 0.0 
-12.857142857142858 -7.857142857142858 0.0 -129 -285.55128473522905 0.0 0.0 
-12.857142857142858 -7.142857142857143 0.0 -89 -204.47356850236253 0.0 0.0 
-12.857142857142858 -6.428571428571429 0.0 -40 -147.92919168692728 0.0 0.0 
-12.857142857142858 -5.714285714285714 0.0 -18 -107.95416382700837 0.0 0.0 
-12.857142857142858 -5.0 0.0 6 -66.10937600961947 0.0 0.0 
-12.857142857142858 -4.285714285714286 0.0 18 -49.58163942880431 0.0 0.0 
-12.857142857142858 -3.5714285714285716 0.0 38 -2.4484527739053163 0.0 0.0 
-12.857142857142858 -2.857142857142857 0.0 43 -0.38890244870403734 0.0 0.0 
-12.857142857142858 -2.142857142857143 0.0 43 29.619465148197072 0.0 0.0 
-12.857142857142858 2.142857142857143 0.0 54 60.93978052993686 0.0 0.0 
-12.857142857142858 2.857142857142857 0.0 50 76.52214515844992 0.0 0.0 
-12.857142857142858 3.5714285714285716 0.0 47 46.73171811671616 0.0 0.0 
-12.857142857142858 4.285714285714286 0.0 54 78.78784766316102 0.0 0.0 
-12.857142857142858 5.0 0.0 37 0.1280819916742466 0.0 0.0 
-12.857142857142858 5.714285714285714 0.0 69 123.99689234492963 0.0 0.0 
-12.857142857142858 6.428571428571429 0.0 58 5.277582735320818 0.0 0.0 
-12.857142857142858 7.142857142857143 0.0 5 -40.78339983695746 0.0 0.0 
-12.857142857142858 7.857142857142858 0.0 64 56.61259852111054 0.0 0.0 
-12.857142857142858 8.571428571428571 0.0 302 771.8103566910504 0.0 0.0 
-12.857142857142858 9.285714285714286 0.0 137 457.82719141064337 0.0 0.0 
-10.714285714285714 -9.285714285714286 0.0 -163 -500.35545259579783 0.0 0.0 
-10.714285714285714 -8.571428571428571 0.0 -178 -340.0473710336221 0.0 0.0 
-10.714285714285714 -7.857142857142858 0.0 -88 -302.5994656123129 0.0 0.0 
-10.714285714285714 -7.142857142857143 0.0 -56 -175.80787018689134 0.0 0.0 
-10.714285714285714 -6.428571428571429 0.0 -9 -147.01701821328396 0.0 0.0 
-10.714285714285714 -5.714285714285714 0.0 6 -68.15904551267391 0.0 0.0 
-10.714285714285714 -5.0 0.0 25 -54.247047775301695 0.0 0.0 
-10.714285714285714 -4.285714285714286 0.0 27 -11.026989250546833 0.0 0.0 
-10.714285714285714 -3.5714285714285716 0.0 37 3.3326192743327283 0.0 0.0 
-10.714285714285714 -2.857142857142857 0.0 31 14.005612911657543 0.0 0.0 
-10.714285714285714 -2.142857142857143 0.0 23 2.9902703409360782 0.0 0.0 
-10.714285714285714 2.142857142857143 0.0 66 55.59919684776571 0.0 0.0 
-10.714285714285714 2.857142857142857 0.0 61 65.30081038382563 0.0 0.0 
-10.714285714285714 3.5714285714285716 0.0 58 40.2056166764368 0.0 0.0 
-10.714285714285714 4.285714285714286 0.0 64 68.01835881464775 0.0 0.0 
-10.714285714285714 5.0 0.0 43 -9.928557213433498 0.0 0.0 
-10.714285714285714 5.714285714285714 0.0 73 106.3730342859518 0.0 0.0 
-10.714285714285714 6.428571428571429 0.0 65 -4.080270972766325 0.0 0.0 
-10.714285714285714 7.142857142857143 0.0 7 -65.1195444090611 0.0 0.0 
-10.714285714285714 7.857142857142858 0.0 73 45.74883303576636 0.0 0.0 
-10.714285714285714 8.571428571428571 0.0 310 772.9988235660742 0.0 0.0 
-10.714285714285714 9.285714285714286 0.0 126 429.9186131632854 0.0 0.0 
-8.571428571428571 -9.285714285714286 0.0 -125 -486.85963924628294 0.0 0.0 
-8.571428571428571 -8.571428571428571 0.0 -153 -283.8578317073704 0.0 0.0 
-8.571428571428571 -7.857142857142858 0.0 -70 -280.45963185266135 0.0 0.0 
-8.571428571428571 -7.142857142857143 0.0 -53 -122.24160840256984 0.0 0.0 
-8.571428571428571 -6.428571428571429 0.0 -13 -132.78088659386452 0.0 0.0 
-8.571428571428571 -5.714285714285714 0.0 -7 -34.10757410083198 0.0 0.0 
-8.571428571428571 -5.0 0.0 9 -62.349354429719085 0.0 0.0 
-8.571428571428571 -4.285714285714286 0.0 11 3.276040342166638 0.0 0.0 
-8.571428571428571 -3.5714285714285716 0.0 31 -10.358074925563656 0.0 0.0 
-8.571428571428571 -2.857142857142857 0.0 34 33.911592073588054 0.0 0.0 
-8.571428571428571 -2.142857142857143 0.0 32 1.4734353466858536 0.0 0.0 
-8.571428571428571 2.142857142857143 0.0 74 72.19588697552395 0.0 0.0 
-8.571428571428571 2.857142857142857 0.0 66 60.673332325867165 0.0 0.0 
-8.571428571428571 3.5714285714285716 0.0 61 47.97760810716744 0.0 0.0 
-8.571428571428571 4.285714285714286 0.0 67 59.05771733078128 0.0 0.0 
-8.571428571428571 5.0 0.0 45 -2.5925271010785167 0.0 0.0 
-8.571428571428571 5.714285714285714 0.0 77 95.93992289929723 0.0 0.0 
-8.571428571428571 6.428571428571429 0.0 72 9.43414293171788 0.0 0.0 
-8.571428571428571 7.142857142857143 0.0 10 -70.98277594305904 0.0 0.0 
-8.571428571428571 7.857142857142858 0.0 78 57.86253485141201 0.0 0.0 
-8.571428571428571 8.571428571428571 0.0 319 781.9330369059289 0.0 0.0 
-8.571428571428571 9.285714285714286 0.0 111 415.2638735829244 0.0 0.0 
-6.428571428571429 -9.285714285714286 0.0 -126 -469.60654140363704 0.0 0.0 
-6.428571428571429 -8.571428571428571 0.0 -172 -292.2374221650239 0.0 0.0 
-6.428571428571429 -7.857142857142858 0.0 -84 -285.6756161079389 0.0 0.0 
-6.428571428571429 -7.142857142857143 0.0 -67 -138.01849332755393 0.0 0.0 
-6.428571428571429 -6.428571428571429 0.0 -16 -140.04620219518208 0.0 0.0 
-6.428571428571429 -5.714285714285714 0.0 -1 -37.03986110843212 0.0 0.0 
-6.428571428571429 -5.0 0.0 24 -53.75015724571013 0.0 0.0 
-6.428571428571429 -4.285714285714286 0.0 31 15.819712024956956 0.0 0.0 
-6.428571428571429 -3.5714285714285716 0.0 49 -1.0588502525257297 0.0 0.0 
-6.428571428571429 -2.857142857142857 0.0 48 39.155481246405685 0.0 0.0 
-6.428571428571429 -2.142857142857143 0.0 44 2.397880616229209 0.0 0.0 
-6.428571428571429 2.142857142857143 0.0 77 75.09674322780177 0.0 0.0 
-6.428571428571429 2.857142857142857 0.0 71 63.54592012268715 0.0 0.0 
-6.428571428571429 3.5714285714285716 0.0 66 51.365507546338144 0.0 0.0 
-6.428571428571429 4.285714285714286 0.0 70 63.63738485978035 0.0 0.0 
-6.428571428571429 5.0 0.0 49 1.3296424062897096 0.0 0.0 
-6.428571428571429 5.714285714285714 0.0 78 98.86541939085959 0.0 0.0 
-6.428571428571429 6.428571428571429 0.0 73 14.571465099359557 0.0 0.0 
-6.428571428571429 7.142857142857143 0.0 11 -66.01399964869157 0.0 0.0 
-6.428571428571429 7.857142857142858 0.0 78 59.702391220418335 0.0 0.0 
-6.428571428571429 8.571428571428571 0.0 324 792.195620183166 0.0 0.0 
-6.428571428571429 9.285714285714286 0.0 104 410.55647171413733 0.0 0.0 
-4.285714285714286 -9.285714285714286 0.0 -132 -490.2827104302147 0.0 0.0 
-4.285714285714286 -8.571428571428571 0.0 -167 -308.24778873782805 0.0 0.0 
-4.285714285714286 -7.857142857142858 0.0 -69 -283.957899224976 0.0 0.0 
-4.285714285714286 -7.142857142857143 0.0 -45 -133.36789606642972 0.0 0.0 
-4.285714285714286 -6.428571428571429 0.0 4 -128.71626014956715 0.0 0.0 
-4.285714285714286 -5.714285714285714 0.0 17 -33.27978384885158 0.0 0.0 
-4.285714285714286 -5.0 0.0 38 -53.06607532735477 0.0 0.0 
-4.285714285714286 -4.285714285714286 0.0 42 11.38583691491295 0.0 0.0 
-4.285714285714286 -3.5714285714285716 0.0 58 -1.8011516424809635 0.0 0.0 
-4.285714285714286 -2.857142857142857 0.0 57 37.31476965971937 0.0 0.0 
-4.285714285714286 -2.142857142857143 0.0 52 4.311293233923875 0.0 0.0 
-4.285714285714286 2.142857142857143 0.0 81 72.78917503810482 0.0 0.0 
-4.285714285714286 2.857142857142857 0.0 73 65.09446334188415 0.0 0.0 
-4.285714285714286 3.5714285714285716 0.0 66 47.31925324538325 0.0 0.0 
-4.285714285714286 4.285714285714286 0.0 71 63.17505647094371 0.0 0.0 
-4.285714285714286 5.0 0.0 48 -4.502842401404756 0.0 0.0 
-4.285714285714286 5.714285714285714 0.0 77 97.33086869755672 0.0 0.0 
-4.285714285714286 6.428571428571429 0.0 73 5.882284183109775 0.0 0.0 
-4.285714285714286 7.142857142857143 0.0 10 -69.51949303905769 0.0 0.0 
-4.285714285714286 7.857142857142858 0.0 76 44.4544312945737 0.0 0.0 
-4.285714285714286 8.571428571428571 0.0 324 780.7278046189833 0.0 0.0 
-4.285714285714286 9.285714285714286 0.0 108 401.46411862333207 0.0 0.0 
-2.142857142857143 -9.285714285714286 0.0 -116 -489.5813610049867 0.0 0.0 
-2.142857142857143 -8.571428571428571 0.0 -148 -287.1339839891687 0.0 0.0 
-2.142857142857143 -7.857142857142858 0.0 -52 -278.74017174349825 0.0 0.0 
-2.142857142857143 -7.142857142857143 0.0 -31 -118.83773339959879 0.0 0.0 
-2.142857142857143 -6.428571428571429 0.0 14 -128.30911850500323 0.0 0.0 
-2.142857142857143 -5.714285714285714 0.0 26 -20.84716872289225 0.0 0.0 
-2.142857142857143 -5.0 0.0 46 -49.881044708152544 0.0 0.0 
-2.142857142857143 -4.285714285714286 0.0 50 23.160672628375337 0.0 0.0 
-2.142857142857143 -3.5714285714285716 0.0 62 -2.637957597075861 0.0 0.0 
-2.142857142857143 -2.857142857142857 0.0 59 39.62160301568758 0.0 0.0 
-2.142857142857143 -2.142857142857143 0.0 54 -0.3598339390646714 0.0 0.0 
-2.142857142857143 2.142857142857143 0.0 81 71.68575003694986 0.0 0.0 
-2.142857142857143 2.857142857142857 0.0 72 59.24246259534553 0.0 0.0 
-2.142857142857143 3.5714285714285716 0.0 65 42.71371519478799 0.0 0.0 
-2.142857142857143 4.285714285714286 0.0 70 55.67192372233304 0.0 0.0 
-2.142857142857143 5.0 0.0 49 -8.67877113713455 0.0 0.0 
-2.142857142857143 5.714285714285714 0.0 79 92.40450075724083 0.0 0.0 
-2.142857142857143 6.428571428571429 0.0 75 4.383354364887033 0.0 0.0 
-2.142857142857143 7.142857142857143 0.0 13 -68.82536083561055 0.0 0.0 
-2.142857142857143 7.857142857142858 0.0 78 41.17405262443876 0.0 0.0 
-2.142857142857143 8.571428571428571 0.0 319 757.9382177749837 0.0 0.0 
-2.142857142857143 9.285714285714286 0.0 106 385.1087855804125 0.0 0.0 
-0.0 -9.285714285714286 0.0 -106 -484.6395325075853 0.0 0.0 
-0.0 -8.571428571428571 0.0 -137 -275.90158368527136 0.0 0.0 
-0.0 -7.857142857142858 0.0 -40 -272.59082373904005 0.0 0.0 
-0.0 -7.142857142857143 0.0 -20 -105.21468125038753 0.0 0.0 
-0.0 -6.428571428571429 0.0 23 -122.68681027588804 0.0 0.0 
-0.0 -5.714285714285714 0.0 34 -10.391994737024717 0.0 0.0 
-0.0 -5.0 0.0 52 -47.34187069630699 0.0 0.0 
-0.0 -4.285714285714286 0.0 54 30.310032401388213 0.0 0.0 
-0.0 -3.5714285714285716 0.0 66 -3.2533152005518717 0.0 0.0 
-0.0 -2.857142857142857 0.0 63 44.14914740078913 0.0 0.0 
-0.0 -2.142857142857143 0.0 57 -1.0827433594780693 0.0 0.0 
-0.0 2.142857142857143 0.0 83 67.36697232191564 0.0 0.0 
-0.0 2.857142857142857 0.0 74 56.24052184199584 0.0 0.0 
-0.0 3.5714285714285716 0.0 66 39.08287590641725 0.0 0.0 
-0.0 4.285714285714286 0.0 72 53.7797654702758 0.0 0.0 
-0.0 5.0 0.0 50 -10.354471119906497 0.0 0.0 
-0.0 5.714285714285714 0.0 81 91.20172040653335 0.0 0.0 
-0.0 6.428571428571429 0.0 75 1.2762180062727566 0.0 0.0 
-0.0 7.142857142857143 0.0 15 -69.72099284270428 0.0 0.0 
-0.0 7.857142857142858 0.0 80 41.24427785962175 0.0 0.0 
-0.0 8.571428571428571 0.0 313 736.9816648079529 0.0 0.0 
-0.0 9.285714285714286 0.0 99 364.51602449052547 0.0 0.0 
0.0 -9.285714285714286 0.0 -96 -478.9304931710702 0.0 0.0 
0.0 -8.571428571428571 0.0 -124 -265.6766069014813 0.0 0.0 
0.0 -7.857142857142858 0.0 -29 -263.3827515557473 0.0 0.0 
0.0 -7.142857142857143 0.0 -9 -93.37099416805096 0.0 0.0 
0.0 -6.428571428571429 0.0 34 -114.86654083237367 0.0 0.0 
0.0 -5.714285714285714 0.0 43 -0.8743702857022981 0.0 0.0 
0.0 -5.0 0.0 57 -42.537896681218385 0.0 0.0 
0.0 -4.285714285714286 0.0 60 36.51188389912242 0.0 0.0 
0.0 -3.5714285714285716 0.0 69 -3.246391258008037 0.0 0.0 
0.0 -2.857142857142857 0.0 65 47.25352298554985 0.0 0.0 
0.0 -2.142857142857143 0.0 61 -2.390509559270569 0.0 0.0 
0.0 2.142857142857143 0.0 84 58.78695130989409 0.0 0.0 
0.0 2.857142857142857 0.0 73 54.39573660764502 0.0 0.0 
0.0 3.5714285714285716 0.0 67 32.60414404172122 0.0 0.0 
0.0 4.285714285714286 0.0 70 51.923598671848254 0.0 0.0 
0.0 5.0 0.0 51 -14.850589497620348 0.0 0.0 
0.0 5.714285714285714 0.0 82 90.44996465673296 0.0 0.0 
0.0 6.428571428571429 0.0 76 -3.810030300114434 0.0 0.0 
0.0 7.142857142857143 0.0 15 -71.59509906423416 0.0 0.0 
0.0 7.857142857142858 0.0 84 41.31406134513105 0.0 0.0 
0.0 8.571428571428571 0.0 307 712.7905349194706 0.0 0.0 
0.0 9.285714285714286 0.0 95 342.48618364486225 0.0 0.0 
2.142857142857143 -9.285714285714286 0.0 -85 -467.95637068484314 0.0 0.0 
2.142857142857143 -8.571428571428571 0.0 -110 -248.6567971225572 0.0 0.0 
2.142857142857143 -7.857142857142858 0.0 -15 -250.3210404273086 0.0 0.0 
2.142857142857143 -7.142857142857143 0.0 3 -78.19515230018348 0.0 0.0 
2.142857142857143 -6.428571428571429 0.0 42 -104.19551489336214 0.0 0.0 
2.142857142857143 -5.714285714285714 0.0 51 10.34874044688349 0.0 0.0 
2.142857142857143 -5.0 0.0 63 -36.63386766468246 0.0 0.0 
2.142857142857143 -4.285714285714286 0.0 65 42.37309404660705 0.0 0.0 
2.142857142857143 -3.5714285714285716 0.0 68 -4.39785755999641 0.0 0.0 
2.142857142857143 -2.857142857142857 0.0 67 52.85445429864464 0.0 0.0 
2.142857142857143 -2.142857142857143 0.0 58 -8.409952167189939 0.0 0.0 
2.142857142857143 1.4285714285714286 0.0 90 27.057110300004595 0.0 0.0 
2.142857142857143 2.142857142857143 0.0 79 78.70582212034172 0.0 0.0 
2.142857142857143 2.857142857142857 0.0 69 7.539692487540478 0.0 0.0 
2.142857142857143 3.5714285714285716 0.0 67 52.7091317402568 0.0 0.0 
2.142857142857143 4.285714285714286 0.0 70 13.906221834894865 0.0 0.0 
2.142857142857143 5.0 0.0 53 5.687997125040734 0.0 0.0 
2.142857142857143 5.714285714285714 0.0 83 60.9984565039631 0.0 0.0 
2.142857142857143 6.428571428571429 0.0 77 12.416948766749684 0.0 0.0 
2.142857142857143 7.142857142857143 0.0 14 -96.21710777674095 0.0 0.0 
2.142857142857143 7.857142857142858 0.0 87 54.3417690529687 0.0 0.0 
2.142857142857143 8.571428571428571 0.0 298 661.733121866441 0.0 0.0 
2.142857142857143 9.285714285714286 0.0 89 330.12778343895286 0.0 0.0 
4.285714285714286 -9.285714285714286 0.0 -73 -453.2437817508686 0.0 0.0 
4.285714285714286 -8.571428571428571 0.0 -93 -228.6549182247638 0.0 0.0 
4.285714285714286 -7.857142857142858 0.0 -3 -235.33265115552737 0.0 0.0 
4.285714285714286 -7.142857142857143 0.0 15 -60.28086111003941 0.0 0.0 
4.285714285714286 -6.428571428571429 0.0 52 -93.64709788706061 0.0 0.0 
4.285714285714286 -5.714285714285714 0.0 60 23.20138293854037 0.0 0.0 
4.285714285714286 -5.0 0.0 70 -29.650099213429556 0.0 0.0 
4.285714285714286 -4.285714285714286 0.0 71 49.45325110373521 0.0 0.0 
4.285714285714286 -3.5714285714285716 0.0 71 -3.753899194197814 0.0 0.0 
4.285714285714286 -2.857142857142857 0.0 68 52.02604052909549 0.0 0.0 
4.285714285714286 -2.142857142857143 0.0 53 -16.383550085395033 0.0 0.0 
4.285714285714286 -1.4285714285714286 0.0 55 26.55623675070978 0.0 0.0 
4.285714285714286 1.4285714285714286 0.0 81 34.23232777568688 0.0 0.0 
4.285714285714286 2.142857142857143 0.0 71 56.9832372837742 0.0 0.0 
4.285714285714286 2.857142857142857 0.0 68 15.953807939373341 0.0 0.0 
4.285714285714286 3.5714285714285716 0.0 63 38.648134910759886 0.0 0.0 
4.285714285714286 4.285714285714286 0.0 72 26.683109644357955 0.0 0.0 
4.285714285714286 5.0 0.0 52 -3.7979557871532776 0.0 0.0 
4.285714285714286 5.714285714285714 0.0 86 73.16889508571866 0.0 0.0 
4.285714285714286 6.428571428571429 0.0 75 -1.9429506674355395 0.0 0.0 
4.285714285714286 7.142857142857143 0.0 17 -86.53813140214505 0.0 0.0 
4.285714285714286 7.857142857142858 0.0 86 45.85230242612455 0.0 0.0 
4.285714285714286 8.571428571428571 0.0 284 631.9100323887355 0.0 0.0 
4.285714285714286 9.285714285714286 0.0 75 277.58578840722964 0.0 0.0 
6.428571428571429 -9.285714285714286 0.0 -60 -434.5934226575012 0.0 0.0 
6.428571428571429 -8.571428571428571 0.0 -78 -207.00839979017934 0.0 0.0 
6.428571428571429 -7.857142857142858 0.0 8 -220.7344436683499 0.0 0.0 
6.428571428571429 -7.142857142857143 0.0 26 -43.99939771918305 0.0 0.0 
6.428571428571429 -6.428571428571429 0.0 60 -86.36243326035964 0.0 0.0 
6.428571428571429 -5.714285714285714 0.0 65 29.56001597444032 0.0 0.0 
6.428571428571429 -5.0 0.0 73 -29.14645168995353 0.0 0.0 
6.428571428571429 -4.285714285714286 0.0 73 48.37108879291758 0.0 0.0 
6.428571428571429 -3.5714285714285716 0.0 78 -7.454391169158754 0.0 0.0 
6.428571428571429 -2.857142857142857 0.0 76 55.06123488118561 0.0 0.0 
6.428571428571429 -2.142857142857143 0.0 73 3.6824176246833815 0.0 0.0 
6.428571428571429 -1.4285714285714286 0.0 50 19.392867287042705 0.0 0.0 
6.428571428571429 -0.7142857142857143 0.0 64 -19.270483152914352 0.0 0.0 
6.428571428571429 -0.0 0.0 66 12.398930019963792 0.0 0.0 
6.428571428571429 0.0 0.0 73 -17.770713699046837 0.0 0.0 
6.428571428571429 2.142857142857143 0.0 81 43.55879652497582 0.0 0.0 
6.428571428571429 2.857142857142857 0.0 67 12.279702543588513 0.0 0.0 
6.428571428571429 3.5714285714285716 0.0 62 27.77736539429491 0.0 0.0 
6.428571428571429 4.285714285714286 0.0 75 25.934866351207887 0.0 0.0 
6.428571428571429 5.0 0.0 55 -12.838805118205457 0.0 0.0 
6.428571428571429 5.714285714285714 0.0 89 72.37242611867634 0.0 0.0 
6.428571428571429 6.428571428571429 0.0 75 -14.960768665766949 0.0 0.0 
6.428571428571429 7.142857142857143 0.0 18 -91.15315733548994 0.0 0.0 
6.428571428571429 7.857142857142858 0.0 87 30.862913240959045 0.0 0.0 
6.428571428571429 8.571428571428571 0.0 272 592.5536042436561 0.0 0.0 
6.428571428571429 9.285714285714286 0.0 69 233.96563851106072 0.0 0.0 
8.571428571428571 -9.285714285714286 0.0 -49 -414.414457366129 0.0 0.0 
8.571428571428571 -8.571428571428571 0.0 -63 -190.38914793538007 0.0 0.0 
8.571428571428571 -7.857142857142858 0.0 20 -209.72928891590198 0.0 0.0 
8.571428571428571 -7.142857142857143 0.0 34 -38.67381794496986 0.0 0.0 
8.571428571428571 -6.428571428571429 0.0 66 -87.31393431867782 0.0 0.0 
8.571428571428571 -5.714285714285714 0.0 71 23.412343075037747 0.0 0.0 
8.571428571428571 -5.0 0.0 80 -34.871218039261635 0.0 0.0 
8.571428571428571 -4.285714285714286 0.0 80 43.94263130810155 0.0 0.0 
8.571428571428571 -3.5714285714285716 0.0 82 -8.207201295197024 0.0 0.0 
8.571428571428571 -2.857142857142857 0.0 80 51.48752567650044 0.0 0.0 
8.571428571428571 -2.142857142857143 0.0 88 6.530914950469622 0.0 0.0 
8.571428571428571 -1.4285714285714286 0.0 83 57.045099161358365 0.0 0.0 
8.571428571428571 -0.7142857142857143 0.0 77 12.52877967187844 0.0 0.0 
8.571428571428571 -0.0 0.0 68 52.17555384894263 0.0 0.0 
8.571428571428571 0.0 0.0 43 -29.526574939246423 0.0 0.0 
8.571428571428571 0.7142857142857143 0.0 60 10.268289335532046 0.0 0.0 
8.571428571428571 1.4285714285714286 0.0 84 1.095653638944185 0.0 0.0 
8.571428571428571 3.5714285714285716 0.0 74 42.65114332537645 0.0 0.0 
8.571428571428571 4.285714285714286 0.0 80 37.927639254471984 0.0 0.0 
8.571428571428571 5.0 0.0 55 -8.46112188914757 0.0 0.0 
8.571428571428571 5.714285714285714 0.0 90 74.06336395106294 0.0 0.0 
8.571428571428571 6.428571428571429 0.0 74 -21.027252750525378 0.0 0.0 
8.571428571428571 7.142857142857143 0.0 20 -92.1400877221422 0.0 0.0 
8.571428571428571 7.857142857142858 0.0 87 26.28885111467415 0.0 0.0 
8.571428571428571 8.571428571428571 0.0 261 559.6786951911749 0.0 0.0 
8.571428571428571 9.285714285714286 0.0 57 193.27450219591537 0.0 0.0 
10.714285714285714 -9.285714285714286 0.0 -35 -397.61599697590685 0.0 0.0 
10.714285714285714 -8.571428571428571 0.0 -43 -174.17057854666587 0.0 0.0 
10.714285714285714 -7.857142857142858 0.0 34 -194.7179826351624 0.0 0.0 
10.714285714285714 -7.142857142857143 0.0 49 -23.686366152130283 0.0 0.0 
10.714285714285714 -6.428571428571429 0.0 76 -74.69174019718231 0.0 0.0 
10.714285714285714 -5.714285714285714 0.0 78 32.62617830166506 0.0 0.0 
10.714285714285714 -5.0 0.0 84 -31.804033888336114 0.0 0.0 
10.714285714285714 -4.285714285714286 0.0 80 42.25923872838781 0.0 0.0 
10.714285714285714 -3.5714285714285716 0.0 84 -12.731429510030082 0.0 0.0 
10.714285714285714 -2.857142857142857 0.0 81 51.133895048625845 0.0 0.0 
10.714285714285714 -2.142857142857143 0.0 83 4.425971189769442 0.0 0.0 
10.714285714285714 -1.4285714285714286 0.0 81 57.401307678277874 0.0 0.0 
10.714285714285714 -0.7142857142857143 0.0 77 5.9011120397005214 0.0 0.0 
10.714285714285714 -0.0 0.0 80 51.66343410219933 0.0 0.0 
10.714285714285714 0.0 0.0 76 19.45281149628657 0.0 0.0 
10.714285714285714 0.7142857142857143 0.0 66 42.59833555719463 0.0 0.0 
10.714285714285714 1.4285714285714286 0.0 47 -24.94594067260949 0.0 0.0 
10.714285714285714 2.142857142857143 0.0 61 5.202907391293188 0.0 0.0 
10.714285714285714 5.0 0.0 62 -36.11057781075623 0.0 0.0 
10.714285714285714 5.714285714285714 0.0 94 107.96082872368325 0.0 0.0 
10.714285714285714 6.428571428571429 0.0 77 -39.72784947613168 0.0 0.0 
10.714285714285714 7.142857142857143 0.0 26 -59.37679778451211 0.0 0.0 
10.714285714285714 7.857142857142858 0.0 95 18.99050080298132 0.0 0.0 
10.714285714285714 8.571428571428571 0.0 253 547.1781179956652 0.0 0.0 
10.714285714285714 9.285714285714286 0.0 53 148.7286852634261 0.0 0.0 
12.857142857142858 -9.285714285714286 0.0 -19 -370.9580710216459 0.0 0.0 
12.857142857142858 -8.571428571428571 0.0 -23 -143.24083244166627 0.0 0.0 
12.857142857142858 -7.857142857142858 0.0 47 -174.8225741187154 0.0 0.0 
12.857142857142858 -7.142857142857143 0.0 58 -7.482440490396318 0.0 0.0 
12.857142857142858 -6.428571428571429 0.0 82 -67.4676405962644 0.0 0.0 
12.857142857142858 -5.714285714285714 0.0 84 45.065014324720416 0.0 0.0 
12.857142857142858 -5.0 0.0 89 -17.536883658245365 0.0 0.0 
12.857142857142858 -4.285714285714286 0.0 86 62.019366985207995 0.0 0.0 
12.857142857142858 -3.5714285714285716 0.0 86 -2.058186474467334 0.0 0.0 
12.857142857142858 -2.857142857142857 0.0 80 57.03402055893197 0.0 0.0 
12.857142857142858 -2.142857142857143 0.0 80 -0.6260518820596559 0.0 0.0 
12.857142857142858 -1.4285714285714286 0.0 80 58.4151793809846 0.0 0.0 
12.857142857142858 -0.7142857142857143 0.0 79 15.614246734100632 0.0 0.0 
12.857142857142858 -0.0 0.0 77 53.32607664688334 0.0 0.0 
12.857142857142858 0.0 0.0 78 18.912941901015245 0.0 0.0 
12.857142857142858 0.7142857142857143 0.0 75 47.55157131599974 0.0 0.0 
12.857142857142858 1.4285714285714286 0.0 72 18.264844636139884 0.0 0.0 
12.857142857142858 2.142857142857143 0.0 50 12.816573430940068 0.0 0.0 
12.857142857142858 4.285714285714286 0.0 95 30.327771670616713 0.0 0.0 
12.857142857142858 5.0 0.0 64 -22.22900164523719 0.0 0.0 
12.857142857142858 5.714285714285714 0.0 95 72.38204040241132 0.0 0.0 
12.857142857142858 6.428571428571429 0.0 79 -27.929326730060197 0.0 0.0 
12.857142857142858 7.142857142857143 0.0 22 -90.3148371927777 0.0 0.0 
12.857142857142858 7.857142857142858 0.0 98 24.505263290628527 0.0 0.0 
12.857142857142858 8.571428571428571 0.0 237 470.41122424994984 0.0 0.0 
12.857142857142858 9.285714285714286 0.0 50 136.1243102147825 0.0 0.0 
15.0 -9.285714285714286 0.0 -2 -333.89442315005533 0.0 0.0 
15.0 -8.571428571428571 0.0 -3 -105.28908360084668 0.0 0.0 
15.0 -7.857142857142858 0.0 59 -142.05208205077463 0.0 0.0 
15.0 -7.142857142857143 0.0 67 21.629443951686085 0.0 0.0 
15.0 -6.428571428571429 0.0 84 -48.02041023788519 0.0 0.0 
15.0 -5.714285714285714 0.0 81 56.236896666231345 0.0 0.0 
15.0 -5.0 0.0 85 -16.201073374208384 0.0 0.0 
15.0 -4.285714285714286 0.0 83 65.7212708625907 0.0 0.0 
15.0 -3.5714285714285716 0.0 88 6.881468935049682 0.0 0.0 
15.0 -2.857142857142857 0.0 88 74.55043006071094 0.0 0.0 
15.0 -2.142857142857143 0.0 86 14.75719750433106 0.0 0.0 
15.0 -1.4285714285714286 0.0 84 65.21986433617074 0.0 0.0 
15.0 -0.7142857142857143 0.0 85 18.267140432514566 0.0 0.0 
15.0 -0.0 0.0 81 59.44749201608917 0.0 0.0 
15.0 0.0 0.0 87 28.672258394326605 0.0 0.0 
15.0 0.7142857142857143 0.0 78 57.13431922019238 0.0 0.0 
15.0 1.4285714285714286 0.0 75 19.567485315332263 0.0 0.0 
15.0 2.142857142857143 0.0 59 10.858773920254464 0.0 0.0 
15.0 2.857142857142857 0.0 71 -11.030088084257102 0.0 0.0 
15.0 3.5714285714285716 0.0 83 24.84793692254759 0.0 0.0 
15.0 4.285714285714286 0.0 83 20.436972535571144 0.0 0.0 
15.0 5.0 0.0 58 -27.961820479364064 0.0 0.0 
15.0 5.714285714285714 0.0 90 62.903933569251066 0.0 0.0 
15.0 6.428571428571429 0.0 76 -34.31886558358812 0.0 0.0 
15.0 7.142857142857143 0.0 24 -90.08289004111506 0.0 0.0 
15.0 7.857142857142858 0.0 97 19.889186067080914 0.0 0.0 
15.0 8.571428571428571 0.0 211 405.1769336099254 0.0 0.0 
15.0 9.285714285714286 0.0 26 68.0474750840375 0.0 0.0 
17.142857142857142 -9.285714285714286 0.0 9 -286.00611033179234 0.0 0.0 
17.142857142857142 -8.571428571428571 0.0 8 -79.2994162663992 0.0 0.0 
17.142857142857142 -7.857142857142858 0.0 63 -116.02962023761023 0.0 0.0 
17.142857142857142 -7.142857142857143 0.0 70 29.46818659983682 0.0 0.0 
17.142857142857142 -6.428571428571429 0.0 86 -31.385343597156 0.0 0.0 
17.142857142857142 -5.714285714285714 0.0 86 66.67325793854477 0.0 0.0 
17.142857142857142 -5.0 0.0 92 1.9627036177334105 0.0 0.0 
17.142857142857142 -4.285714285714286 0.0 89 72.4231458415788 0.0 0.0 
17.142857142857142 -3.5714285714285716 0.0 92 13.464856667258857 0.0 0.0 
17.142857142857142 -2.857142857142857 0.0 91 74.3488147732631 0.0 0.0 
17.142857142857142 -2.142857142857143 0.0 93 27.90521602672743 0.0 0.0 
17.142857142857142 -1.4285714285714286 0.0 92 76.44066332521783 0.0 0.0 
17.142857142857142 -0.7142857142857143 0.0 92 32.906444451309184 0.0 0.0 
17.142857142857142 -0.0 0.0 84 58.1762736474072 0.0 0.0 
17.142857142857142 0.0 0.0 84 20.597626806613917 0.0 0.0 
17.142857142857142 0.7142857142857143 0.0 81 45.51014806832944 0.0 0.0 
17.142857142857142 1.4285714285714286 0.0 91 26.02405728750979 0.0 0.0 
17.142857142857142 2.142857142857143 0.0 92 57.25678337395209 0.0 0.0 
17.142857142857142 2.857142857142857 0.0 85 27.57956499765855 0.0 0.0 
17.142857142857142 3.5714285714285716 0.0 76 32.806935565112354 0.0 0.0 
17.142857142857142 4.285714285714286 0.0 80 28.6065686954513 0.0 0.0 
17.142857142857142 5.0 0.0 55 -22.135347124720766 0.0 0.0 
17.142857142857142 5.714285714285714 0.0 91 76.01187432573396 0.0 0.0 
17.142857142857142 6.428571428571429 0.0 73 -26.697549424569914 0.0 0.0 
17.142857142857142 7.142857142857143 0.0 30 -67.61653276931324 0.0 0.0 
17.142857142857142 7.857142857142858 0.0 97 23.963274549775136 0.0 0.0 
17.142857142857142 8.571428571428571 0.0 192 357.3754966265555 0.0 0.0 
17.142857142857142 9.285714285714286 0.0 7 16.4007046529222 0.0 0.0 
19.285714285714285 -9.285714285714286 0.0 21 -240.6916311015654 0.0 0.0 
19.285714285714285 -8.571428571428571 0.0 24 -56.18589565318169 0.0 0.0 
19.285714285714285 -7.857142857142858 0.0 72 -85.53637686604034 0.0 0.0 
19.285714285714285 -7.142857142857143 0.0 75 37.91767131163391 0.0 0.0 
19.285714285714285 -6.428571428571429 0.0 89 -18.02598710381767 0.0 0.0 
19.285714285714285 -5.714285714285714 0.0 87 62.93668182851999 0.0 0.0 
19.285714285714285 -5.0 0.0 96 10.575908504756853 0.0 0.0 
19.285714285714285 -4.285714285714286 0.0 94 73.51630700258471 0.0 0.0 
19.285714285714285 -3.5714285714285716 0.0 97 26.952703428563026 0.0 0.0 
19.285714285714285 -2.857142857142857 0.0 95 71.30437874063196 0.0 0.0 
19.285714285714285 -2.142857142857143 0.0 97 27.198220268133284 0.0 0.0 
19.285714285714285 -1.4285714285714286 0.0 96 63.28135677793067 0.0 0.0 
19.285714285714285 -0.7142857142857143 0.0 104 36.539237794044425 0.0 0.0 
19.285714285714285 -0.0 0.0 105 67.69277205466838 0.0 0.0 
19.285714285714285 0.0 0.0 108 47.80410608878529 0.0 0.0 
19.285714285714285 0.7142857142857143 0.0 102 67.04917505558223 0.0 0.0 
19.285714285714285 1.4285714285714286 0.0 98 39.67921209909369 0.0 0.0 
19.285714285714285 2.142857142857143 0.0 92 52.576211575678855 0.0 0.0 
19.285714285714285 2.857142857142857 0.0 85 27.648083256929667 0.0 0.0 
19.285714285714285 3.5714285714285716 0.0 77 27.42194787448048 0.0 0.0 
19.285714285714285 4.285714285714286 0.0 82 33.035056050661495 0.0 0.0 
19.285714285714285 5.0 0.0 56 -27.928895104687797 0.0 0.0 
19.285714285714285 5.714285714285714 0.0 89 75.02445668140248 0.0 0.0 
19.285714285714285 6.428571428571429 0.0 68 -34.194537695925135 0.0 0.0 
19.285714285714285 7.142857142857143 0.0 31 -57.96746431396442 0.0 0.0 
19.285714285714285 7.857142857142858 0.0 94 9.836895128418405 0.0 0.0 
19.285714285714285 8.571428571428571 0.0 167 281.0116438051843 0.0 0.0 
19.285714285714285 9.285714285714286 0.0 -4 -38.64422155521294 0.0 0.0 
21.428571428571427 -9.285714285714286 0.0 35 -193.95737703915998 0.0 0.0 
21.428571428571427 -8.571428571428571 0.0 37 -41.165241135240265 0.0 0.0 
21.428571428571427 -7.857142857142858 0.0 78 -64.77321077076151 0.0 0.0 
21.428571428571427 -7.142857142857143 0.0 81 36.62302268498163 0.0 0.0 
21.428571428571427 -6.428571428571429 0.0 97 -5.472367742341653 0.0 0.0 
21.428571428571427 -5.714285714285714 0.0 96 60.68448125350833 0.0 0.0 
21.428571428571427 -5.0 0.0 105 20.92087073140685 0.0 0.0 
21.428571428571427 -4.285714285714286 0.0 106 69.11024983586712 0.0 0.0 
21.428571428571427 -3.5714285714285716 0.0 115 38.8427404899482 0.0 0.0 
21.428571428571427 -2.857142857142857 0.0 117 79.70615236726454 0.0 0.0 
21.428571428571427 -2.142857142857143 0.0 123 58.31508232401943 0.0 0.0 
21.428571428571427 -1.4285714285714286 0.0 122 87.81197032244177 0.0 0.0 
21.428571428571427 -0.7142857142857143 0.0 122 65.28250054057143 0.0 0.0 
21.428571428571427 -0.0 0.0 113 79.07363734523535 0.0 0.0 
21.428571428571427 0.0 0.0 109 55.0988324510799 0.0 0.0 
21.428571428571427 0.7142857142857143 0.0 101 61.37808949450124 0.0 0.0 
21.428571428571427 1.4285714285714286 0.0 95 38.058655067452264 0.0 0.0 
21.428571428571427 2.142857142857143 0.0 89 44.083034120058386 0.0 0.0 
21.428571428571427 2.857142857142857 0.0 87 28.131804989964166 0.0 0.0 
21.428571428571427 3.5714285714285716 0.0 78 20.342398554740953 0.0 0.0 
21.428571428571427 4.285714285714286 0.0 84 31.80437176930444 0.0 0.0 
21.428571428571427 5.0 0.0 55 -37.79765770445016 0.0 0.0 
21.428571428571427 5.714285714285714 0.0 84 64.60530723377587 0.0 0.0 
21.428571428571427 6.428571428571429 0.0 59 -45.79921040631923 0.0 0.0 
21.428571428571427 7.142857142857143 0.0 31 -53.669466260623274 0.0 0.0 
21.428571428571427 7.857142857142858 0.0 87 -7.1748771435655385 0.0 0.0 
21.428571428571427 8.571428571428571 0.0 131 182.74984318355706 0.0 0.0 
21.428571428571427 9.285714285714286 0.0 -24 -111.46946161952513 0.0 0.0 
23.57142857142857 -9.285714285714286 0.0 55 -146.92776371447553 0.0 0.0 
23.57142857142857 -8.571428571428571 0.0 62 -15.323291275392073 0.0 0.0 
23.57142857142857 -7.857142857142858 0.0 98 -30.905276433610446 0.0 0.0 
23.57142857142857 -7.142857142857143 0.0 101 55.715364019804625 0.0 0.0 
23.57142857142857 -6.428571428571429 0.0 120 28.14597119003156 0.0 0.0 
23.57142857142857 -5.714285714285714 0.0 121 87.26976945287254 0.0 0.0 
23.57142857142857 -5.0 0.0 133 63.658053066331775 0.0 0.0 
23.57142857142857 -4.285714285714286 0.0 132 106.78472391590081 0.0 0.0 
23.57142857142857 -3.5714285714285716 0.0 139 83.53501516166891 0.0 0.0 
23.57142857142857 -2.857142857142857 0.0 132 108.28635403181025 0.0 0.0 
23.57142857142857 -2.142857142857143 0.0 131 82.75199108143943 0.0 0.0 
23.57142857142857 -1.4285714285714286 0.0 122 93.68347347506145 0.0 0.0 
23.57142857142857 -0.7142857142857143 0.0 121 71.9892225958158 0.0 0.0 
23.57142857142857 -0.0 0.0 113 76.92875145861909 0.0 0.0 
23.57142857142857 0.0 0.0 112 60.309650446595754 0.0 0.0 
23.57142857142857 0.7142857142857143 0.0 107 61.20294265318765 0.0 0.0 
23.57142857142857 1.4285714285714286 0.0 104 44.27941282312041 0.0 0.0 
23.57142857142857 2.142857142857143 0.0 97 39.42115773140665 0.0 0.0 
23.57142857142857 2.857142857142857 0.0 92 25.883031761527306 0.0 0.0 
23.57142857142857 3.5714285714285716 0.0 79 7.890986676928037 0.0 0.0 
23.57142857142857 4.285714285714286 0.0 82 20.58333247054 0.0 0.0 
23.57142857142857 5.0 0.0 52 -56.74307861528729 0.0 0.0 
23.57142857142857 5.714285714285714 0.0 77 37.5590087846943 0.0 0.0 
23.57142857142857 6.428571428571429 0.0 47 -67.45589706600822 0.0 0.0 
23.57142857142857 7.142857142857143 0.0 25 -59.759182842145165 0.0 0.0 
23.57142857142857 7.857142857142858 0.0 73 -31.003191470343737 0.0 0.0 
23.57142857142857 8.571428571428571 0.0 89 68.05491968784278 0.0 0.0 
23.57142857142857 9.285714285714286 0.0 -49 -196.807394903548 0.0 0.0 
25.714285714285715 -9.285714285714286 0.0 72 -87.67147892524012 0.0 0.0 
25.714285714285715 -8.571428571428571 0.0 76 22.345136493966876 0.0 0.0 
25.714285714285715 -7.857142857142858 0.0 101 4.522140295596245 0.0 0.0 
25.714285714285715 -7.142857142857143 0.0 101 70.3903954078051 0.0 0.0 
25.714285714285715 -6.428571428571429 0.0 115 44.39866047930006 0.0 0.0 
25.714285714285715 -5.714285714285714 0.0 110 79.93029344594028 0.0 0.0 
25.714285714285715 -5.0 0.0 115 52.85772226497889 0.0 0.0 
25.714285714285715 -4.285714285714286 0.0 107 66.75789673340708 0.0 0.0 
25.714285714285715 -3.5714285714285716 0.0 110 41.552625814446046 0.0 0.0 
25.714285714285715 -2.857142857142857 0.0 103 42.746484329808794 0.0 0.0 
25.714285714285715 -2.142857142857143 0.0 105 24.97973363381675 0.0 0.0 
25.714285714285715 -1.4285714285714286 0.0 98 20.654085191149534 0.0 0.0 
25.714285714285715 -0.7142857142857143 0.0 97 6.661628835646752 0.0 0.0 
25.714285714285715 -0.0 0.0 90 -5.164614427741668 0.0 0.0 
25.714285714285715 0.0 0.0 85 -19.387193290424364 0.0 0.0 
25.714285714285715 0.7142857142857143 0.0 77 -35.737421993067755 0.0 0.0 
25.714285714285715 1.4285714285714286 0.0 70 -48.671874814700516 0.0 0.0 
25.714285714285715 2.142857142857143 0.0 60 -65.52997991540771 0.0 0.0 
25.714285714285715 2.857142857142857 0.0 54 -72.79457507456202 0.0 0.0 
25.714285714285715 3.5714285714285716 0.0 42 -98.00988545400809 0.0 0.0 
25.714285714285715 4.285714285714286 0.0 45 -77.5211271472435 0.0 0.0 
25.714285714285715 5.0 0.0 15 -154.8407878008275 0.0 0.0 
25.714285714285715 5.714285714285714 0.0 36 -70.62701811003954 0.0 0.0 
25.714285714285715 6.428571428571429 0.0 6 -161.80712064647983 0.0 0.0 
25.714285714285715 7.142857142857143 0.0 -9 -143.29496116512095 0.0 0.0 
25.714285714285715 7.857142857142858 0.0 35 -108.34216311768694 0.0 0.0 
25.714285714285715 8.571428571428571 0.0 27 -92.9850568322729 0.0 0.0 
25.714285714285715 9.285714285714286 0.0 -81 -305.6993432092418 0.0 0.0 
27.857142857142858 -9.285714285714286 0.0 118 20.74905260527209 0.0 0.0 
27.857142857142858 -8.571428571428571 0.0 108 73.92291897235198 0.0 0.0 
27.857142857142858 -7.857142857142858 0.0 147 105.5747213533167 0.0 0.0 
27.857142857142858 -7.142857142857143 0.0 139 121.02063132745357 0.0 0.0 
27.857142857142858 -6.428571428571429 0.0 160 141.82225529106586 0.0 0.0 
27.857142857142858 -5.714285714285714 0.0 152 137.62631047621767 0.0 0.0 
27.857142857142858 -5.0 0.0 166 154.5178583482705 0.0 0.0 
27.857142857142858 -4.285714285714286 0.0 160 142.95685702246908 0.0 0.0 
27.857142857142858 -3.5714285714285716 0.0 167 157.65146468515272 0.0 0.0 
27.857142857142858 -2.857142857142857 0.0 161 143.59598768578127 0.0 0.0 
27.857142857142858 -2.142857142857143 0.0 161 153.7882424275825 0.0 0.0 
27.857142857142858 -1.4285714285714286 0.0 153 139.4682374845089 0.0 0.0 
27.857142857142858 -0.7142857142857143 0.0 153 145.78154444783826 0.0 0.0 
27.857142857142858 -0.0 0.0 144 133.78976860227198 0.0 0.0 
27.857142857142858 0.0 0.0 141 138.79663373711531 0.0 0.0 
27.857142857142858 0.7142857142857143 0.0 135 129.99817578253595 0.0 0.0 
27.857142857142858 1.4285714285714286 0.0 129 135.27240249730147 0.0 0.0 
27.857142857142858 2.142857142857143 0.0 124 129.44790551487023 0.0 0.0 
27.857142857142858 2.857142857142857 0.0 120 134.8730506020354 0.0 0.0 
27.857142857142858 3.5714285714285716 0.0 109 119.60365677725113 0.0 0.0 
27.857142857142858 4.285714285714286 0.0 113 150.07567734285556 0.0 0.0 
27.857142857142858 5.0 0.0 85 90.36568927082484 0.0 0.0 
27.857142857142858 5.714285714285714 0.0 109 172.45172128778063 0.0 0.0 
27.857142857142858 6.428571428571429 0.0 69 76.08212587954327 0.0 0.0 
27.857142857142858 7.142857142857143 0.0 77 150.8837504559894 0.0 0.0 
27.857142857142858 7.857142857142858 0.0 81 131.67566122076596 0.0 0.0 
27.857142857142858 8.571428571428571 0.0 58 133.04535616731266 0.0 0.0 
27.857142857142858 9.285714285714286 0.0 -41 -9.761675234481771 0.0 0.0 
