0.000000 0.000000
0.000000 0.222222
0.000000 0.444444
0.000000 0.666667
0.000000 0.888889
0.000000 1.111111
0.000000 1.333333
0.000000 1.555556
0.000000 1.777778
0.000000 2.000000
0.666667 0.000000
0.666667 0.222222
0.666667 0.444444
0.666667 0.666667
0.666667 0.888889
0.666667 1.111111
0.666667 1.333333
0.666667 1.555556
0.666667 1.777778
0.666667 2.000000
1.333333 0.000000
1.333333 0.222222
1.333333 0.444444
1.333333 0.666667
1.333333 0.888889
1.333333 1.111111
1.333333 1.333333
1.333333 1.555556
1.333333 1.777778
1.333333 2.000000
2.000000 0.000000
2.000000 0.222222
2.000000 0.444444
2.000000 0.666667
2.000000 0.888889
2.000000 1.111111
2.000000 1.333333
2.000000 1.555556
2.000000 1.777778
2.000000 2.000000
2.666667 0.000000
2.666667 0.222222
2.666667 0.444444
2.666667 0.666667
2.666667 0.888889
2.666667 1.111111
2.666667 1.333333
2.666667 1.555556
2.666667 1.777778
2.666667 2.000000
3.333333 0.000000
3.333333 0.222222
3.333333 0.444444
3.333333 0.666667
3.333333 0.888889
3.333333 1.111111
3.333333 1.333333
3.333333 1.555556
3.333333 1.777778
3.333333 2.000000
4.000000 0.000000
4.000000 0.222222
4.000000 0.444444
4.000000 0.666667
4.000000 0.888889
4.000000 1.111111
4.000000 1.333333
4.000000 1.555556
4.000000 1.777778
4.000000 2.000000
4.666667 0.000000
4.666667 0.222222
4.666667 0.444444
4.666667 0.666667
4.666667 0.888889
4.666667 1.111111
4.666667 1.333333
4.666667 1.555556
4.666667 1.777778
4.666667 2.000000
5.333333 0.000000
5.333333 0.222222
5.333333 0.444444
5.333333 0.666667
5.333333 0.888889
5.333333 1.111111
5.333333 1.333333
5.333333 1.555556
5.333333 1.777778
5.333333 2.000000
6.000000 0.000000
6.000000 0.222222
6.000000 0.444444
6.000000 0.666667
6.000000 0.888889
6.000000 1.111111
6.000000 1.333333
6.000000 1.555556
6.000000 1.777778
6.000000 2.000000
