-16.25 -0.5 1.0 -30 -3.9818044861609527 0.0 0.0 
-16.25 -0.0 1.0 -24 3.8796843352147468 0.0 0.0 
-16.25 0.0 1.0 -22 7.252615137256653 0.0 0.0 
-16.25 0.5 1.0 -21 9.239389831893169 0.0 0.0 
-15.0 -1.0 1.0 -25 16.63092152733995 0.0 0.0 
-15.0 -0.5 1.0 -16 25.95663759313338 0.0 0.0 
-15.0 -0.0 1.0 -12 24.019689245204713 0.0 0.0 
-15.0 0.0 1.0 -12 21.81548020948832 0.0 0.0 
-15.0 0.5 1.0 -13 9.226288214945543 0.0 0.0 
-15.0 1.0 1.0 -16 7.497249458866074 0.0 0.0 
-13.75 -1.0 1.0 -24 15.360267833894738 0.0 0.0 
-13.75 -0.5 1.0 -16 18.343090870485675 0.0 0.0 
-13.75 -0.0 1.0 -11 22.716404781666842 0.0 0.0 
-13.75 0.0 1.0 -9 24.10234990792584 0.0 0.0 
-13.75 0.5 1.0 -11 19.894237802093613 0.0 0.0 
-13.75 1.0 1.0 -12 8.618900824032849 0.0 0.0 
-12.5 -1.5 1.0 -28 13.433742565444168 0.0 0.0 
-12.5 -1.0 1.0 -18 22.141699950440078 0.0 0.0 
-12.5 -0.5 1.0 -14 21.247348413514146 0.0 0.0 
-12.5 -0.0 1.0 -12 21.78653608266798 0.0 0.0 
-12.5 0.0 1.0 -11 20.487801003954978 0.0 0.0 
-12.5 0.5 1.0 -10 20.16352145834385 0.0 0.0 
-12.5 1.0 1.0 -13 7.259480299960842 0.0 0.0 
-12.5 1.5 1.0 -16 5.932882270182024 0.0 0.0 
-11.25 -1.5 1.0 -24 16.416247736738683 0.0 0.0 
-11.25 -1.0 1.0 -16 19.407877227265303 0.0 0.0 
-11.25 -0.5 1.0 -12 22.926961958873555 0.0 0.0 
-11.25 -0.0 1.0 -11 21.84665972704021 0.0 0.0 
-11.25 0.0 1.0 -9 22.650872371040474 0.0 0.0 
-11.25 0.5 1.0 -8 24.170488525085602 0.0 0.0 
-11.25 1.0 1.0 -10 19.080320529491946 0.0 0.0 
-11.25 1.5 1.0 -12 7.949604008812711 0.0 0.0 
-10.0 -1.5 1.0 -25 15.71147034457146 0.0 0.0 
-10.0 -1.0 1.0 -16 19.765003847223397 0.0 0.0 
-10.0 -0.5 1.0 -13 22.67934223550703 0.0 0.0 
-10.0 -0.0 1.0 -12 21.601376861240208 0.0 0.0 
-10.0 0.0 1.0 -11 20.782149546580918 0.0 0.0 
-10.0 0.5 1.0 -10 19.899003333504897 0.0 0.0 
-10.0 1.0 1.0 -9 19.126472914785047 0.0 0.0 
-10.0 1.5 1.0 -13 6.45771660117774 0.0 0.0 
-8.75 -1.5 1.0 -25 15.609538767920169 0.0 0.0 
-8.75 -1.0 1.0 -16 19.599546287735173 0.0 0.0 
-8.75 -0.5 1.0 -13 22.368595185561574 0.0 0.0 
-8.75 -0.0 1.0 -11 21.504990952788436 0.0 0.0 
-8.75 0.0 1.0 -11 21.14678536225797 0.0 0.0 
-8.75 0.5 1.0 -10 19.543663100692484 0.0 0.0 
-8.75 1.0 1.0 -9 19.021412635779193 0.0 0.0 
-8.75 1.5 1.0 -13 6.151659213468196 0.0 0.0 
-7.5 -1.5 1.0 -25 15.490603893976841 0.0 0.0 
-7.5 -1.0 1.0 -16 19.518083243656708 0.0 0.0 
-7.5 -0.5 1.0 -13 22.186368367287372 0.0 0.0 
-7.5 -0.0 1.0 -12 21.27267080158614 0.0 0.0 
-7.5 0.0 1.0 -11 21.057809518678695 0.0 0.0 
-7.5 0.5 1.0 -10 19.329667839253297 0.0 0.0 
-7.5 1.0 1.0 -9 18.89890778977792 0.0 0.0 
-7.5 1.5 1.0 -13 5.943796843850201 0.0 0.0 
-6.25 -1.5 1.0 -25 15.457082305899391 0.0 0.0 
-6.25 -1.0 1.0 -16 19.50154490999214 0.0 0.0 
-6.25 -0.5 1.0 -13 22.163948060758827 0.0 0.0 
-6.25 -0.0 1.0 -12 21.20978500521739 0.0 0.0 
-6.25 0.0 1.0 -11 21.007004091008156 0.0 0.0 
-6.25 0.5 1.0 -10 19.24018502775306 0.0 0.0 
-6.25 1.0 1.0 -9 18.816191527655032 0.0 0.0 
-6.25 1.5 1.0 -13 5.83238034851764 0.0 0.0 
-5.0 -1.5 1.0 -25 15.449244827640596 0.0 0.0 
-5.0 -1.0 1.0 -16 19.485527063567087 0.0 0.0 
-5.0 -0.5 1.0 -13 22.141538794674595 0.0 0.0 
-5.0 -0.0 1.0 -12 21.1717504238236 0.0 0.0 
-5.0 0.0 1.0 -11 20.965787229659345 0.0 0.0 
-5.0 0.5 1.0 -10 19.183427676569803 0.0 0.0 
-5.0 1.0 1.0 -9 18.756212837024975 0.0 0.0 
-5.0 1.5 1.0 -13 5.759155873971308 0.0 0.0 
-3.75 -1.5 1.0 -25 15.45249856984753 0.0 0.0 
-3.75 -1.0 1.0 -16 19.480396064323834 0.0 0.0 
-3.75 -0.5 1.0 -13 22.129842649153147 0.0 0.0 
-3.75 -0.0 1.0 -12 21.150982220722383 0.0 0.0 
-3.75 0.0 1.0 -11 20.939380916957504 0.0 0.0 
-3.75 0.5 1.0 -10 19.14835195891505 0.0 0.0 
-3.75 1.0 1.0 -9 18.715812636142008 0.0 0.0 
-3.75 1.5 1.0 -13 5.710934348164695 0.0 0.0 
-2.5 -1.5 1.0 -25 15.459272745609388 0.0 0.0 
-2.5 -1.0 1.0 -17 19.48100732756209 0.0 0.0 
-2.5 -0.5 1.0 -13 22.12521053998909 0.0 0.0 
-2.5 -0.0 1.0 -12 21.14010221183218 0.0 0.0 
-2.5 0.0 1.0 -11 20.923377090754347 0.0 0.0 
-2.5 0.5 1.0 -10 19.126468110172308 0.0 0.0 
-2.5 1.0 1.0 -9 18.68909555101003 0.0 0.0 
-2.5 1.5 1.0 -13 5.6787388131971355 0.0 0.0 
-1.25 -1.5 1.0 -25 15.469370760605102 0.0 0.0 
-1.25 -1.0 1.0 -17 19.486897430445048 0.0 0.0 
-1.25 -0.5 1.0 -14 22.12630744149198 0.0 0.0 
-1.25 -0.0 1.0 -12 21.136572235194134 0.0 0.0 
-1.25 0.0 1.0 -11 20.915434262242364 0.0 0.0 
-1.25 0.5 1.0 -10 19.113953222938168 0.0 0.0 
-1.25 1.0 1.0 -9 18.672442800846646 0.0 0.0 
-1.25 1.5 1.0 -13 5.657809449731175 0.0 0.0 
-0.0 -1.5 1.0 -25 15.482520963748911 0.0 0.0 
-0.0 -1.0 1.0 -17 19.496124677496653 0.0 0.0 
-0.0 -0.5 1.0 -14 22.132342018471967 0.0 0.0 
-0.0 -0.0 1.0 -12 21.138541615829354 0.0 0.0 
-0.0 0.0 1.0 -11 20.913604739857625 0.0 0.0 
-0.0 0.5 1.0 -10 19.108476414862913 0.0 0.0 
-0.0 1.0 1.0 -9 18.663365571572758 0.0 0.0 
-0.0 1.5 1.0 -13 5.6451726610884325 0.0 0.0 
0.0 -1.5 1.0 -25 15.498320430694022 0.0 0.0 
0.0 -1.0 1.0 -17 19.508937974455485 0.0 0.0 
0.0 -0.5 1.0 -14 22.14201004903625 0.0 0.0 
0.0 -0.0 1.0 -12 21.14493722978255 0.0 0.0 
0.0 0.0 1.0 -11 20.91702429721918 0.0 0.0 
0.0 0.5 1.0 -10 19.10870529188238 0.0 0.0 
0.0 1.0 1.0 -9 18.660564958655883 0.0 0.0 
0.0 1.5 1.0 -13 5.639275722419219 0.0 0.0 
1.25 -1.0 1.0 -23 12.190645666719629 0.0 -0.12465970147987704 
1.25 -0.5 1.0 -16 19.349289108407575 0.0 -0.12465970147987704 
1.25 -0.0 1.0 -13 19.62692981427306 0.0 -0.12465970147987704 
1.25 0.0 1.0 -11 19.98347385739025 0.0 -0.12465970147987704 
1.25 0.5 1.0 -11 18.347560416057327 0.0 -0.12465970147987704 
2.5 -1.0 1.0 -25 13.952053824534698 0.0 -0.006632244174704696 
2.5 -0.5 1.0 -18 16.440772894745947 0.0 -0.006632244174704696 
2.5 -0.0 1.0 -15 17.775916573996657 0.0 -0.006632244174704696 
2.5 0.0 1.0 -14 12.696767356314151 0.0 -0.006632244174704696 
2.5 0.5 1.0 -15 2.095280570609674 0.0 -0.006632244174704696 
3.75 -1.0 1.0 -25 13.506487200096377 0.0 0.2560126114697642 
3.75 -0.5 1.0 -16 16.897178333350645 0.0 0.2560126114697642 
3.75 -0.0 1.0 -13 19.90158959450286 0.0 0.2560126114697642 
3.75 0.0 1.0 -10 18.865708121209195 0.0 0.2560126114697642 
3.75 0.5 1.0 -14 6.523882449794604 0.0 0.2560126114697642 
3.75 1.0 1.0 -17 4.796379478314224 0.0 0.2560126114697642 
5.0 -0.5 1.0 -22 11.80544788145695 0.0 0.4863165703938937 
5.0 -0.0 1.0 -15 19.088345224015153 0.0 0.4863165703938937 
5.0 0.0 1.0 -11 22.721697890927096 0.0 0.4863165703938937 
5.0 0.5 1.0 -12 18.469415989027816 0.0 0.4863165703938937 
5.0 1.0 1.0 -13 7.9085989146444895 0.0 0.4863165703938937 
6.25 0.5 1.0 -21 7.412150894792996 0.0 0.4626669605729524 
6.25 1.0 1.0 -18 2.399295577406523 0.0 0.4626669605729524 
6.25 1.5 1.0 -19 3.1531438614097933 0.0 0.4626669605729524 
6.25 2.0 1.0 -20 7.117181714878312 0.0 0.4626669605729524 
7.5 1.0 1.0 -22 12.042370992500102 0.0 -0.03731653417375707 
7.5 1.5 1.0 -16 16.461032853020342 0.0 -0.03731653417375707 
7.5 2.0 1.0 -16 5.793543669230596 0.0 -0.03731653417375707 
7.5 2.5 1.0 -18 5.0658505130763185 0.0 -0.03731653417375707 
8.75 2.0 1.0 -22 7.108756283781558 0.0 -1.1892468624205894 
8.75 2.5 1.0 -18 2.2103991185212095 0.0 -1.1892468624205894 
8.75 3.0 1.0 -19 1.1451856374373506 0.0 -1.1892468624205894 
8.75 3.5 1.0 -20 5.154663870457515 0.0 -1.1892468624205894 
10.0 2.5 1.0 -21 9.226929654523712 0.0 -3.077452935911137 
10.0 3.0 1.0 -16 15.166777096106063 0.0 -3.077452935911137 
10.0 3.5 1.0 -17 0.08317743477747896 0.0 -3.077452935911137 
10.0 4.0 1.0 -19 -0.7527337531696574 0.0 -3.077452935911137 
11.25 3.0 1.0 -19 7.180448988984746 0.0 -5.660035390707885 
11.25 3.5 1.0 -16 13.23190114231923 0.0 -5.660035390707885 
11.25 4.0 1.0 -18 -5.15735392560682 0.0 -5.660035390707885 
12.5 3.0 1.0 -21 4.472633375351263 0.0 -8.749156967827616 
12.5 3.5 1.0 -15 10.649344356221745 0.0 -8.749156967827616 
13.75 1.5 1.0 -30 -24.056841022759848 0.0 -12.010636329453524 
13.75 2.0 1.0 -24 -10.444650241765858 0.0 -12.010636329453524 
13.75 2.5 1.0 -14 0.6374388662170816 0.0 -12.010636329453524 
